Date,Floor,User-Group,User-Count,WiFi-Conn,Duration-Sec,Traffic-In-Byte,Traffic-Out-Byte,Traffic-Both-Byte
2014-06-01,1,Staff,4,26,163457,310620332,214135524,524755856
2014-06-01,1,TPG,5,11,27481,1564845285,100287455,1665132740
2014-06-01,1,RPG,5,15,41760,1930735226,142003652,2072738878
2014-06-01,1,UG,10,24,82333,573757795,62549759,636307554
2014-06-01,1,Alumni,3,6,1448,21141827,718670,21860497
2014-06-01,1,Others(HKUST),0,0,0,0,0,0
2014-06-01,1,Non-HKUST,3,4,2396,10118652,2759544,12878196
2014-06-01,1,Total,30,86,318875,4411219117,522454604,4933673721
2014-06-01,G,Staff,24,121,181946,3940715313,326748977,4267464290
2014-06-01,G,TPG,52,248,361240,6817790638,1151509448,7969300086
2014-06-01,G,RPG,51,189,221224,5811783642,1796265046,7608048688
2014-06-01,G,UG,106,438,448297,6056093220,858002856,6914096076
2014-06-01,G,Alumni,15,62,90264,4915322864,559827611,5475150475
2014-06-01,G,Others(HKUST),4,13,37566,310390434,36342473,346732907
2014-06-01,G,Non-HKUST,12,30,14285,149056093,27010709,176066802
2014-06-01,G,Total,264,1101,1354822,28001152204,4755707120,32756859324
2014-06-01,LG1,Staff,22,61,50889,1568514008,3175177874,4743691882
2014-06-01,LG1,TPG,108,832,1240782,18470320218,1876862156,20347182374
2014-06-01,LG1,RPG,69,405,574657,8131160590,532564862,8663725452
2014-06-01,LG1,UG,158,1048,1449038,33669319792,6380098865,40049418657
2014-06-01,LG1,Alumni,21,89,171039,944774127,73599594,1018373721
2014-06-01,LG1,Others(HKUST),6,39,76859,1720514903,110062455,1830577358
2014-06-01,LG1,Non-HKUST,11,53,34928,256663554,426538905,683202459
2014-06-01,LG1,Total,395,2527,3598192,64761267192,12574904711,77336171903
2014-06-01,LG3,Staff,31,63,45664,89318511,5975957,95294468
2014-06-01,LG3,TPG,66,188,187104,7833793622,797256200,8631049822
2014-06-01,LG3,RPG,70,135,115486,10397215466,1208873350,11606088816
2014-06-01,LG3,UG,103,185,139404,3181111954,1195718242,4376830196
2014-06-01,LG3,Alumni,18,111,156860,3863270659,213709837,4076980496
2014-06-01,LG3,Others(HKUST),3,4,358,39375,530561,569936
2014-06-01,LG3,Non-HKUST,9,36,82426,3172715332,214576779,3387292111
2014-06-01,LG3,Total,300,722,727302,28537464919,3636640926,32174105845
2014-06-01,LG4,Staff,17,45,22795,1036120443,30603312,1066723755
2014-06-01,LG4,TPG,46,222,293801,26585960011,4035820062,30621780073
2014-06-01,LG4,RPG,59,234,217771,6141258747,1798473046,7939731793
2014-06-01,LG4,UG,123,441,410767,5756552316,348145753,6104698069
2014-06-01,LG4,Alumni,13,146,199948,2071018161,151195782,2222213943
2014-06-01,LG4,Others(HKUST),4,30,100680,3925596555,234988235,4160584790
2014-06-01,LG4,Non-HKUST,6,39,51597,28484248,63059266,91543514
2014-06-01,LG4,Total,268,1157,1297359,45544990481,6662285456,52207275937
2014-06-01,All-Floors,Staff,68,316,464751,6945288607,3752641644,10697930251
2014-06-01,All-Floors,TPG,173,1501,2110408,61272709774,7961735321,69234445095
2014-06-01,All-Floors,RPG,172,978,1170898,32412153671,5478179956,37890333627
2014-06-01,All-Floors,UG,355,2136,2529839,49236835077,8844515475,58081350552
2014-06-01,All-Floors,Alumni,42,414,619559,11815527638,999051494,12814579132
2014-06-01,All-Floors,Others(HKUST),11,86,215463,5956541267,381923724,6338464991
2014-06-01,All-Floors,Non-HKUST,19,162,185632,3617037879,733945203,4350983082
2014-06-01,All-Floors,Total,840,5593,7296550,171256093913,28151992817,199408086730
2014-06-02,1,Staff,5,14,157954,98267583,171350414,269617997
2014-06-02,1,TPG,1,1,0,0,0,0
2014-06-02,1,RPG,2,2,237,19791,23390,43181
2014-06-02,1,UG,2,2,0,34892,16465,51357
2014-06-02,1,Alumni,0,0,0,0,0,0
2014-06-02,1,Others(HKUST),0,0,0,0,0,0
2014-06-02,1,Non-HKUST,0,0,0,0,0,0
2014-06-02,1,Total,10,19,158191,98322266,171390269,269712535
2014-06-02,G,Staff,5,9,120,85798,63155,148953
2014-06-02,G,TPG,0,0,0,0,0,0
2014-06-02,G,RPG,1,1,0,0,0,0
2014-06-02,G,UG,4,4,120,4749,1731,6480
2014-06-02,G,Alumni,0,0,0,0,0,0
2014-06-02,G,Others(HKUST),0,0,0,0,0,0
2014-06-02,G,Non-HKUST,0,0,0,0,0,0
2014-06-02,G,Total,10,14,240,90547,64886,155433
2014-06-02,LG1,Staff,7,10,839,50176,56184,106360
2014-06-02,LG1,TPG,3,3,0,0,0,0
2014-06-02,LG1,RPG,9,9,0,104855,57322,162177
2014-06-02,LG1,UG,18,18,717,155456,106606,262062
2014-06-02,LG1,Alumni,0,0,0,0,0,0
2014-06-02,LG1,Others(HKUST),1,9,68727,1195096,830663,2025759
2014-06-02,LG1,Non-HKUST,0,0,0,0,0,0
2014-06-02,LG1,Total,38,49,70283,1505583,1050775,2556358
2014-06-02,LG3,Staff,19,21,1081,506263,277942,784205
2014-06-02,LG3,TPG,12,17,8278,75999451,11359291,87358742
2014-06-02,LG3,RPG,39,43,1202,822140,318275,1140415
2014-06-02,LG3,UG,91,98,6243,26178131,7535421,33713552
2014-06-02,LG3,Alumni,2,2,0,5136,1649,6785
2014-06-02,LG3,Others(HKUST),1,2,0,5237,5569,10806
2014-06-02,LG3,Non-HKUST,3,7,3596,366747,516895,883642
2014-06-02,LG3,Total,167,190,20400,103883105,20015042,123898147
2014-06-02,LG4,Staff,14,19,6118,110511286,8496484,119007770
2014-06-02,LG4,TPG,7,7,1679,296700,139691,436391
2014-06-02,LG4,RPG,34,55,7794,3258071,1159443,4417514
2014-06-02,LG4,UG,74,134,16686,248550856,21938293,270489149
2014-06-02,LG4,Alumni,3,3,0,71858,89841,161699
2014-06-02,LG4,Others(HKUST),2,43,146998,7421097460,285222043,7706319503
2014-06-02,LG4,Non-HKUST,2,2,0,4786,2708,7494
2014-06-02,LG4,Total,136,263,179275,7783791017,317048503,8100839520
2014-06-02,All-Floors,Staff,39,73,166112,209421106,180244179,389665285
2014-06-02,All-Floors,TPG,21,28,9957,76296151,11498982,87795133
2014-06-02,All-Floors,RPG,78,110,9233,4204857,1558430,5763287
2014-06-02,All-Floors,UG,177,256,23766,274924084,29598516,304522600
2014-06-02,All-Floors,Alumni,5,5,0,76994,91490,168484
2014-06-02,All-Floors,Others(HKUST),4,54,215725,7422297793,286058275,7708356068
2014-06-02,All-Floors,Non-HKUST,4,9,3596,371533,519603,891136
2014-06-02,All-Floors,Total,328,535,428389,7987592518,509569475,8497161993
2014-06-03,1,Staff,50,332,717889,7226141977,1361422652,8587564629
2014-06-03,1,TPG,17,135,196054,2623131987,6219075684,8842207671
2014-06-03,1,RPG,12,65,137330,4616541415,661941283,5278482698
2014-06-03,1,UG,50,267,341195,12119187070,1758448110,13877635180
2014-06-03,1,Alumni,6,71,100627,935275829,95809485,1031085314
2014-06-03,1,Others(HKUST),1,4,5622,23542109,3625130,27167239
2014-06-03,1,Non-HKUST,0,0,0,0,0,0
2014-06-03,1,Total,136,874,1498717,27543820387,10100322344,37644142731
2014-06-03,G,Staff,115,633,624033,4357335737,666161818,5023497555
2014-06-03,G,TPG,117,681,617358,18265485870,6166870285,24432356155
2014-06-03,G,RPG,139,788,657472,15923783282,2115012997,18038796279
2014-06-03,G,UG,365,1331,982261,16391313150,2240296421,18631609571
2014-06-03,G,Alumni,14,61,40689,152838402,19051870,171890272
2014-06-03,G,Others(HKUST),12,61,151032,3059919477,179423059,3239342536
2014-06-03,G,Non-HKUST,12,39,27354,780534358,57345538,837879896
2014-06-03,G,Total,774,3594,3100199,58931210276,11444161988,70375372264
2014-06-03,LG1,Staff,94,354,378834,4342767071,2571790227,6914557298
2014-06-03,LG1,TPG,182,1745,2509139,71015742227,8417222046,79432964273
2014-06-03,LG1,RPG,137,799,1171905,22450849414,1635570271,24086419685
2014-06-03,LG1,UG,408,2315,2720286,25804346325,3848364781,29652711106
2014-06-03,LG1,Alumni,24,165,211535,10421154491,5189740628,15610895119
2014-06-03,LG1,Others(HKUST),10,50,124178,852574661,41973469,894548130
2014-06-03,LG1,Non-HKUST,10,56,61420,46462184,38924406,85386590
2014-06-03,LG1,Total,865,5484,7177297,134933896373,21743585828,156677482201
2014-06-03,LG3,Staff,110,232,136346,3956886948,211258934,4168145882
2014-06-03,LG3,TPG,83,421,751396,29523352180,6038356345,35561708525
2014-06-03,LG3,RPG,150,536,584434,17973703861,7753096260,25726800121
2014-06-03,LG3,UG,334,677,455019,10101015097,1051899309,11152914406
2014-06-03,LG3,Alumni,21,196,274153,1781553707,290858246,2072411953
2014-06-03,LG3,Others(HKUST),8,22,10802,16675668,2851205,19526873
2014-06-03,LG3,Non-HKUST,10,29,45349,470358028,130559672,600917700
2014-06-03,LG3,Total,716,2113,2257499,63823545489,15478879971,79302425460
2014-06-03,LG4,Staff,76,174,101343,468569353,49457398,518026751
2014-06-03,LG4,TPG,77,482,690326,52894379830,10973723005,63868102835
2014-06-03,LG4,RPG,100,540,828700,48779393292,4623403689,53402796981
2014-06-03,LG4,UG,253,664,491980,9285322929,1397558187,10682881116
2014-06-03,LG4,Alumni,17,311,432517,7631628181,602207918,8233836099
2014-06-03,LG4,Others(HKUST),7,142,217488,16461122105,668089188,17129211293
2014-06-03,LG4,Non-HKUST,10,61,87000,1820496628,647864402,2468361030
2014-06-03,LG4,Total,540,2374,2849354,137340912318,18962303787,156303216105
2014-06-03,All-Floors,Staff,285,1725,1958445,20351701086,4860091029,25211792115
2014-06-03,All-Floors,TPG,259,3464,4764273,174322092094,37815247365,212137339459
2014-06-03,All-Floors,RPG,339,2728,3379841,109744271264,16789024500,126533295764
2014-06-03,All-Floors,UG,932,5254,4990741,73701184571,10296566808,83997751379
2014-06-03,All-Floors,Alumni,38,804,1059521,20922450610,6197668147,27120118757
2014-06-03,All-Floors,Others(HKUST),20,279,509122,20413834020,895962051,21309796071
2014-06-03,All-Floors,Non-HKUST,25,185,221123,3117851198,874694018,3992545216
2014-06-03,All-Floors,Total,1898,14439,16883066,422573384843,77729253918,500302638761
2014-06-04,1,Staff,47,427,777274,2055607989,1131829807,3187437796
2014-06-04,1,TPG,13,168,253599,4398117315,639644137,5037761452
2014-06-04,1,RPG,20,76,167457,4703347790,1075174990,5778522780
2014-06-04,1,UG,47,293,483391,21305015515,2197837481,23502852996
2014-06-04,1,Alumni,2,53,58786,199582293,53065049,252647342
2014-06-04,1,Others(HKUST),1,5,8642,22981770,2942455,25924225
2014-06-04,1,Non-HKUST,3,4,602,478667,231688,710355
2014-06-04,1,Total,133,1026,1749751,32685131339,5100725607,37785856946
2014-06-04,G,Staff,116,671,802658,9687299110,3520559843,13207858953
2014-06-04,G,TPG,95,362,315068,3770016183,523578600,4293594783
2014-06-04,G,RPG,128,605,647789,10951311608,5147222334,16098533942
2014-06-04,G,UG,267,1102,960759,15468914915,5393413366,20862328281
2014-06-04,G,Alumni,13,36,54825,147715833,28923318,176639151
2014-06-04,G,Others(HKUST),10,38,141596,278796209,30531907,309328116
2014-06-04,G,Non-HKUST,10,36,12964,135732430,24598056,160330486
2014-06-04,G,Total,639,2850,2935659,40439786288,14668827424,55108613712
2014-06-04,LG1,Staff,103,364,278092,889609306,198369744,1087979050
2014-06-04,LG1,TPG,193,2326,3323550,68950182996,10084789147,79034972143
2014-06-04,LG1,RPG,152,1078,1684223,21178191829,2092986968,23271178797
2014-06-04,LG1,UG,307,1899,2363812,64046147871,5907273330,69953421201
2014-06-04,LG1,Alumni,23,163,181788,3085040576,242691732,3327732308
2014-06-04,LG1,Others(HKUST),8,137,83142,1552395519,119657198,1672052717
2014-06-04,LG1,Non-HKUST,11,77,57789,196401546,23867628,220269174
2014-06-04,LG1,Total,797,6044,7972396,159897969643,18669635747,178567605390
2014-06-04,LG3,Staff,130,291,132676,4804422702,326708049,5131130751
2014-06-04,LG3,TPG,75,480,695996,24026284222,5710398726,29736682948
2014-06-04,LG3,RPG,143,456,586674,6360573332,1291137933,7651711265
2014-06-04,LG3,UG,198,464,311570,4092837741,391215050,4484052791
2014-06-04,LG3,Alumni,19,171,270538,3287068462,439964251,3727032713
2014-06-04,LG3,Others(HKUST),12,12,1070,137000,98855,235855
2014-06-04,LG3,Non-HKUST,6,41,59721,150884446,83427539,234311985
2014-06-04,LG3,Total,583,1915,2058245,42722207905,8242950403,50965158308
2014-06-04,LG4,Staff,107,425,447622,10454638844,1270928759,11725567603
2014-06-04,LG4,TPG,56,333,477615,22651468773,3631369498,26282838271
2014-06-04,LG4,RPG,119,489,773297,13245014684,7914547080,21159561764
2014-06-04,LG4,UG,167,641,503297,10844986230,778064233,11623050463
2014-06-04,LG4,Alumni,24,247,368251,6676786015,521867552,7198653567
2014-06-04,LG4,Others(HKUST),7,131,231730,10188203841,435048844,10623252685
2014-06-04,LG4,Non-HKUST,6,27,35237,62758059,14380268,77138327
2014-06-04,LG4,Total,486,2293,2837049,74123856446,14566206234,88690062680
2014-06-04,All-Floors,Staff,308,2178,2438322,27891577951,6448396202,34339974153
2014-06-04,All-Floors,TPG,239,3669,5065828,123796069489,20589780108,144385849597
2014-06-04,All-Floors,RPG,341,2704,3859440,56438439243,17521069305,73959508548
2014-06-04,All-Floors,UG,636,4399,4622829,115757902272,14667803460,130425705732
2014-06-04,All-Floors,Alumni,38,670,934188,13396193179,1286511902,14682705081
2014-06-04,All-Floors,Others(HKUST),22,323,466180,12042514339,588279259,12630793598
2014-06-04,All-Floors,Non-HKUST,19,185,166313,546255148,146505179,692760327
2014-06-04,All-Floors,Total,1603,14128,17553100,349868951621,61248345415,411117297036
2014-06-05,1,Staff,46,375,695422,2751448429,894184602,3645633031
2014-06-05,1,TPG,8,75,102829,3018152615,159348419,3177501034
2014-06-05,1,RPG,14,49,111257,51054831288,3729698148,54784529436
2014-06-05,1,UG,42,279,486994,33821879588,2426554902,36248434490
2014-06-05,1,Alumni,4,94,117478,774911257,89942255,864853512
2014-06-05,1,Others(HKUST),1,9,11175,198549099,17498442,216047541
2014-06-05,1,Non-HKUST,2,3,5883,19107456,3779010,22886466
2014-06-05,1,Total,117,884,1531038,91638879732,7321005778,98959885510
2014-06-05,G,Staff,112,709,689083,3818329497,927228234,4745557731
2014-06-05,G,TPG,75,423,453742,9862081768,1614968777,11477050545
2014-06-05,G,RPG,122,676,738938,18580017493,3497291293,22077308786
2014-06-05,G,UG,222,963,852701,9299723057,1878470484,11178193541
2014-06-05,G,Alumni,14,30,9598,579565523,31841183,611406706
2014-06-05,G,Others(HKUST),13,61,197929,1651169737,251042528,1902212265
2014-06-05,G,Non-HKUST,6,44,24582,238287032,48217826,286504858
2014-06-05,G,Total,564,2906,2966573,44029174107,8249060325,52278234432
2014-06-05,LG1,Staff,112,484,330837,6414576111,1591390718,8005966829
2014-06-05,LG1,TPG,153,1549,2209363,27284357046,9211736671,36496093717
2014-06-05,LG1,RPG,147,1165,1745634,100380945786,6033904215,106414850001
2014-06-05,LG1,UG,308,2211,3074494,58388942478,8990702386,67379644864
2014-06-05,LG1,Alumni,23,156,216460,1925154110,130628796,2055782906
2014-06-05,LG1,Others(HKUST),11,128,79375,2534528701,85344867,2619873568
2014-06-05,LG1,Non-HKUST,14,47,73430,1398619178,80892689,1479511867
2014-06-05,LG1,Total,768,5740,7729593,198327123410,26124600342,224451723752
2014-06-05,LG3,Staff,136,291,185065,8804166795,680286762,9484453557
2014-06-05,LG3,TPG,50,397,565706,10346398463,2450775751,12797174214
2014-06-05,LG3,RPG,151,450,659620,7092594033,1016292730,8108886763
2014-06-05,LG3,UG,171,375,293027,2860194948,552439213,3412634161
2014-06-05,LG3,Alumni,20,108,208411,514608960,76158144,590767104
2014-06-05,LG3,Others(HKUST),6,8,602,216899,956218,1173117
2014-06-05,LG3,Non-HKUST,8,47,45874,523468011,61392917,584860928
2014-06-05,LG3,Total,542,1676,1958305,30141648109,4838301735,34979949844
2014-06-05,LG4,Staff,97,284,236460,4346928870,240114780,4587043650
2014-06-05,LG4,TPG,54,370,432332,4046860236,922801401,4969661637
2014-06-05,LG4,RPG,125,617,847147,29658204466,3504294306,33162498772
2014-06-05,LG4,UG,157,669,906334,22112426083,1174956102,23287382185
2014-06-05,LG4,Alumni,18,226,396063,6223417964,296852312,6520270276
2014-06-05,LG4,Others(HKUST),8,101,103969,339037809,41792147,380829956
2014-06-05,LG4,Non-HKUST,5,35,31555,292345741,56158599,348504340
2014-06-05,LG4,Total,464,2302,2953860,67019221169,6236969647,73256190816
2014-06-05,All-Floors,Staff,335,2143,2136867,26135449702,4333205096,30468654798
2014-06-05,All-Floors,TPG,199,2814,3763972,54557850128,14359631019,68917481147
2014-06-05,All-Floors,RPG,360,2957,4102596,206766593066,17781480692,224548073758
2014-06-05,All-Floors,UG,557,4497,5613550,126483166154,15023123087,141506289241
2014-06-05,All-Floors,Alumni,38,614,948010,10017657814,625422690,10643080504
2014-06-05,All-Floors,Others(HKUST),28,307,393050,4723502245,396634202,5120136447
2014-06-05,All-Floors,Non-HKUST,20,176,181324,2471827418,250441041,2722268459
2014-06-05,All-Floors,Total,1537,13508,17139369,431156046527,52769937827,483925984354
2014-06-06,1,Staff,59,397,631638,3787740836,1146376494,4934117330
2014-06-06,1,TPG,8,54,137512,13212487362,1005674641,14218162003
2014-06-06,1,RPG,8,39,114576,1023348319,144941355,1168289674
2014-06-06,1,UG,39,235,329214,37351460689,2388984936,39740445625
2014-06-06,1,Alumni,3,76,100610,751729802,71995707,823725509
2014-06-06,1,Others(HKUST),3,4,12709,55888155,8314301,64202456
2014-06-06,1,Non-HKUST,1,1,243,4338,3531,7869
2014-06-06,1,Total,121,806,1326502,56182659501,4766290965,60948950466
2014-06-06,G,Staff,111,715,735197,2269902735,606931979,2876834714
2014-06-06,G,TPG,81,495,478606,26894466533,2048702764,28943169297
2014-06-06,G,RPG,116,579,539203,6988767104,755273688,7744040792
2014-06-06,G,UG,216,1050,1032567,37829622826,3455797862,41285420688
2014-06-06,G,Alumni,13,35,8276,6344506,1814049,8158555
2014-06-06,G,Others(HKUST),12,83,177083,1719920067,115998753,1835918820
2014-06-06,G,Non-HKUST,10,55,53968,469054885,37110782,506165667
2014-06-06,G,Total,559,3012,3024900,76178078656,7021629877,83199708533
2014-06-06,LG1,Staff,87,464,326022,7778152684,761802309,8539954993
2014-06-06,LG1,TPG,155,1776,2577582,88125438729,13379792199,101505230928
2014-06-06,LG1,RPG,155,922,1230291,14720952270,2250715260,16971667530
2014-06-06,LG1,UG,307,2314,3457486,42791272753,13153394864,55944667617
2014-06-06,LG1,Alumni,21,130,131511,28269979977,14460022417,42730002394
2014-06-06,LG1,Others(HKUST),13,169,80594,152597567,239920513,392518080
2014-06-06,LG1,Non-HKUST,12,45,58209,1597003943,64181367,1661185310
2014-06-06,LG1,Total,750,5820,7861695,183435397923,44309828929,227745226852
2014-06-06,LG3,Staff,129,285,204527,4577053034,391649023,4968702057
2014-06-06,LG3,TPG,65,404,540544,12929501317,2209854288,15139355605
2014-06-06,LG3,RPG,123,451,719900,23519804841,5625726144,29145530985
2014-06-06,LG3,UG,144,307,189707,2816185944,248991743,3065177687
2014-06-06,LG3,Alumni,16,137,157164,1191288892,155538022,1346826914
2014-06-06,LG3,Others(HKUST),9,57,40824,9326381,3791477,13117858
2014-06-06,LG3,Non-HKUST,6,44,107033,984140075,37357999,1021498074
2014-06-06,LG3,Total,492,1685,1959699,46027300484,8672908696,54700209180
2014-06-06,LG4,Staff,82,215,94011,780550174,121004627,901554801
2014-06-06,LG4,TPG,58,293,362631,19260503160,2894568221,22155071381
2014-06-06,LG4,RPG,113,451,522364,8259546913,1899384054,10158930967
2014-06-06,LG4,UG,166,653,765743,9036188445,1296505540,10332693985
2014-06-06,LG4,Alumni,19,318,391604,13232005405,565285217,13797290622
2014-06-06,LG4,Others(HKUST),6,111,197446,12389366017,485831017,12875197034
2014-06-06,LG4,Non-HKUST,9,124,62941,261976843,33850681,295827524
2014-06-06,LG4,Total,453,2165,2396740,63220136957,7296429357,70516566314
2014-06-06,All-Floors,Staff,313,2076,1991395,19193399463,3027764432,22221163895
2014-06-06,All-Floors,TPG,207,3022,4096875,160422397101,21538592113,181960989214
2014-06-06,All-Floors,RPG,329,2442,3126334,54512419447,10676040501,65188459948
2014-06-06,All-Floors,UG,554,4559,5774717,129824730657,20543674945,150368405602
2014-06-06,All-Floors,Alumni,37,696,789165,43451348582,15254655412,58706003994
2014-06-06,All-Floors,Others(HKUST),27,424,508656,14327098187,853856061,15180954248
2014-06-06,All-Floors,Non-HKUST,21,269,282394,3312180084,172504360,3484684444
2014-06-06,All-Floors,Total,1488,13488,16569536,425043573521,72067087824,497110661345
2014-06-07,1,Staff,17,155,161389,4878352644,586145978,5464498622
2014-06-07,1,TPG,6,30,40538,1087194086,73047360,1160241446
2014-06-07,1,RPG,8,32,50043,2611337674,131770764,2743108438
2014-06-07,1,UG,14,85,172361,3491050296,1110537333,4601587629
2014-06-07,1,Alumni,2,23,21123,85955309,11477400,97432709
2014-06-07,1,Others(HKUST),0,0,0,0,0,0
2014-06-07,1,Non-HKUST,3,28,12332,2790562453,135152767,2925715220
2014-06-07,1,Total,50,353,457786,14944452462,2048131602,16992584064
2014-06-07,G,Staff,51,226,210985,5138279243,252579674,5390858917
2014-06-07,G,TPG,53,248,214237,5563133897,775541562,6338675459
2014-06-07,G,RPG,64,367,439046,20098533732,1382538274,21481072006
2014-06-07,G,UG,96,504,508787,5918053369,1399737826,7317791195
2014-06-07,G,Alumni,12,48,91070,1844404858,525114079,2369518937
2014-06-07,G,Others(HKUST),7,44,130078,59615153,26673972,86289125
2014-06-07,G,Non-HKUST,9,50,36248,3902402299,169934547,4072336846
2014-06-07,G,Total,292,1487,1630451,42524422551,4532119934,47056542485
2014-06-07,LG1,Staff,53,263,284810,23794156735,15711927442,39506084177
2014-06-07,LG1,TPG,99,671,1227023,69258098297,14147582115,83405680412
2014-06-07,LG1,RPG,98,599,889410,28871804823,13661166493,42532971316
2014-06-07,LG1,UG,146,1060,1864135,40197507137,5528260217,45725767354
2014-06-07,LG1,Alumni,20,113,192324,10543402290,268142773,10811545063
2014-06-07,LG1,Others(HKUST),6,109,41066,95971552,4031117,100002669
2014-06-07,LG1,Non-HKUST,8,25,17036,26912214,4632185,31544399
2014-06-07,LG1,Total,430,2840,4515804,172787853048,49325742342,222113595390
2014-06-07,LG3,Staff,62,156,196214,8488260849,487836682,8976097531
2014-06-07,LG3,TPG,45,239,398613,44534167224,18389941946,62924109170
2014-06-07,LG3,RPG,81,274,259729,6332688730,1587305270,7919994000
2014-06-07,LG3,UG,95,177,144409,958174841,222267116,1180441957
2014-06-07,LG3,Alumni,15,77,119741,212366774,30643644,243010418
2014-06-07,LG3,Others(HKUST),2,3,0,22182,13302,35484
2014-06-07,LG3,Non-HKUST,8,26,83404,1103638337,58346665,1161985002
2014-06-07,LG3,Total,308,952,1202110,61629318937,20776354625,82405673562
2014-06-07,LG4,Staff,34,108,44543,91903193,22422718,114325911
2014-06-07,LG4,TPG,48,343,478413,23336556336,3815504076,27152060412
2014-06-07,LG4,RPG,80,344,528678,10557087670,1899884935,12456972605
2014-06-07,LG4,UG,87,227,149945,1213851072,441083480,1654934552
2014-06-07,LG4,Alumni,15,169,237787,3622192569,696879260,4319071829
2014-06-07,LG4,Others(HKUST),4,140,296312,9399898847,490632411,9890531258
2014-06-07,LG4,Non-HKUST,15,56,124911,580027016,58902629,638929645
2014-06-07,LG4,Total,283,1387,1860589,48801516703,7425309509,56226826212
2014-06-07,All-Floors,Staff,141,908,897941,42390952664,17060912494,59451865158
2014-06-07,All-Floors,TPG,148,1531,2358824,143779149840,37201617059,180980766899
2014-06-07,All-Floors,RPG,228,1616,2166906,68471452629,18662665736,87134118365
2014-06-07,All-Floors,UG,297,2053,2839637,51778636715,8701885972,60480522687
2014-06-07,All-Floors,Alumni,36,430,662045,16308321800,1532257156,17840578956
2014-06-07,All-Floors,Others(HKUST),15,296,467456,9555507734,521350802,10076858536
2014-06-07,All-Floors,Non-HKUST,23,185,273931,8403542319,426968793,8830511112
2014-06-07,All-Floors,Total,888,7019,9666740,340687563701,84107658012,424795221713
2014-06-08,1,Staff,8,107,155344,1093585185,278282760,1371867945
2014-06-08,1,TPG,3,17,42940,261189515,35760423,296949938
2014-06-08,1,RPG,7,41,88895,3893794921,287180087,4180975008
2014-06-08,1,UG,13,54,120127,4216469003,352817385,4569286388
2014-06-08,1,Alumni,2,8,15360,93032686,37510862,130543548
2014-06-08,1,Others(HKUST),0,0,0,0,0,0
2014-06-08,1,Non-HKUST,1,6,12491,121085441,23853093,144938534
2014-06-08,1,Total,34,233,435157,9679156751,1015404610,10694561361
2014-06-08,G,Staff,35,126,164438,1008322087,72098807,1080420894
2014-06-08,G,TPG,41,181,194329,995022940,316790485,1311813425
2014-06-08,G,RPG,63,238,177820,2603300844,194664932,2797965776
2014-06-08,G,UG,72,323,282438,18837884736,1418785490,20256670226
2014-06-08,G,Alumni,15,25,13202,340716431,24352072,365068503
2014-06-08,G,Others(HKUST),5,29,108149,1215951955,67024058,1282976013
2014-06-08,G,Non-HKUST,8,24,15726,169932072,21516972,191449044
2014-06-08,G,Total,239,946,956102,25171131065,2115232816,27286363881
2014-06-08,LG1,Staff,33,114,154784,3841933328,254697830,4096631158
2014-06-08,LG1,TPG,101,836,1236699,16437201070,3485525114,19922726184
2014-06-08,LG1,RPG,70,388,661027,9788289891,1078585073,10866874964
2014-06-08,LG1,UG,86,456,825829,8937642115,1222719847,10160361962
2014-06-08,LG1,Alumni,28,170,252603,4352207256,417239129,4769446385
2014-06-08,LG1,Others(HKUST),5,110,36361,5429880,8685330,14115210
2014-06-08,LG1,Non-HKUST,10,53,60496,2396994328,116593876,2513588204
2014-06-08,LG1,Total,333,2127,3227799,45759697868,6584046199,52343744067
2014-06-08,LG3,Staff,36,79,43110,3829508400,243589282,4073097682
2014-06-08,LG3,TPG,47,176,197358,6573215980,5899590804,12472806784
2014-06-08,LG3,RPG,65,210,188391,4623455510,805285624,5428741134
2014-06-08,LG3,UG,72,134,155941,12847528108,418870630,13266398738
2014-06-08,LG3,Alumni,15,65,58187,927725376,76824600,1004549976
2014-06-08,LG3,Others(HKUST),5,12,15237,121923,46905,168828
2014-06-08,LG3,Non-HKUST,10,29,49544,2130441462,519729595,2650171057
2014-06-08,LG3,Total,250,705,707768,30931996759,7963937440,38895934199
2014-06-08,LG4,Staff,28,246,249467,17610685777,1067031787,18677717564
2014-06-08,LG4,TPG,35,164,187942,4425583460,444629905,4870213365
2014-06-08,LG4,RPG,73,187,213222,7738083128,956847907,8694931035
2014-06-08,LG4,UG,67,186,82124,1089311676,87171452,1176483128
2014-06-08,LG4,Alumni,19,152,296455,20072696227,1084037529,21156733756
2014-06-08,LG4,Others(HKUST),4,64,224701,12800821320,627548653,13428369973
2014-06-08,LG4,Non-HKUST,4,8,20277,8189288,566090,8755378
2014-06-08,LG4,Total,230,1007,1274188,63745370876,4267833323,68013204199
2014-06-08,All-Floors,Staff,89,672,767143,27384034777,1915700466,29299735243
2014-06-08,All-Floors,TPG,129,1374,1859268,28692212965,10182296731,38874509696
2014-06-08,All-Floors,RPG,190,1064,1329355,28646924294,3322563623,31969487917
2014-06-08,All-Floors,UG,210,1153,1466459,45928835638,3500364804,49429200442
2014-06-08,All-Floors,Alumni,44,420,635807,25786377976,1639964192,27426342168
2014-06-08,All-Floors,Others(HKUST),15,215,384448,14022325078,703304946,14725630024
2014-06-08,All-Floors,Non-HKUST,19,120,158534,4826642591,682259626,5508902217
2014-06-08,All-Floors,Total,696,5018,6601014,175287353319,21946454388,197233807707
2014-06-09,1,Staff,52,480,586563,3045864880,1087529708,4133394588
2014-06-09,1,TPG,11,195,206323,14253649977,1915643568,16169293545
2014-06-09,1,RPG,11,45,148276,2058135436,342865334,2401000770
2014-06-09,1,UG,31,156,295036,7490095457,1132330319,8622425776
2014-06-09,1,Alumni,1,4,7192,31168019,2510592,33678611
2014-06-09,1,Others(HKUST),0,0,0,0,0,0
2014-06-09,1,Non-HKUST,2,5,15116,3488628,1094142,4582770
2014-06-09,1,Total,108,885,1258506,26882402397,4481973663,31364376060
2014-06-09,G,Staff,116,671,695954,3061220519,820626808,3881847327
2014-06-09,G,TPG,74,495,456236,8026455504,1203765704,9230221208
2014-06-09,G,RPG,116,546,553316,10402156669,3023805803,13425962472
2014-06-09,G,UG,210,909,710478,26989318244,2263306108,29252624352
2014-06-09,G,Alumni,6,9,367,31850879,2736266,34587145
2014-06-09,G,Others(HKUST),9,26,116847,199484277,96424927,295909204
2014-06-09,G,Non-HKUST,11,38,88288,603799510,157802220,761601730
2014-06-09,G,Total,542,2694,2621486,49314285602,7568467836,56882753438
2014-06-09,LG1,Staff,106,461,414606,10219006783,2307715814,12526722597
2014-06-09,LG1,TPG,136,1312,2235779,69515841330,15266366651,84782207981
2014-06-09,LG1,RPG,140,858,1086499,31874158478,4259169759,36133328237
2014-06-09,LG1,UG,330,2551,3485849,100846446121,10586985111,111433431232
2014-06-09,LG1,Alumni,11,107,175085,2767693798,479679731,3247373529
2014-06-09,LG1,Others(HKUST),10,160,56186,3075406556,368660931,3444067487
2014-06-09,LG1,Non-HKUST,9,49,65307,1882106047,135118528,2017224575
2014-06-09,LG1,Total,742,5498,7519311,220180659113,33403696525,253584355638
2014-06-09,LG3,Staff,129,296,183943,4577165531,325154060,4902319591
2014-06-09,LG3,TPG,68,193,219717,30295137418,1284990968,31580128386
2014-06-09,LG3,RPG,145,537,698006,43255174424,5063668357,48318842781
2014-06-09,LG3,UG,200,360,231441,3829461482,674712001,4504173483
2014-06-09,LG3,Alumni,9,21,41513,351342706,54828607,406171313
2014-06-09,LG3,Others(HKUST),11,41,55322,252130264,26028994,278159258
2014-06-09,LG3,Non-HKUST,4,9,33722,34287340,10254077,44541417
2014-06-09,LG3,Total,566,1457,1463664,82594699165,7439637064,90034336229
2014-06-09,LG4,Staff,108,296,247791,2480798144,366624263,2847422407
2014-06-09,LG4,TPG,53,419,672728,32447457848,2921459185,35368917033
2014-06-09,LG4,RPG,116,560,778799,24661518904,2460421689,27121940593
2014-06-09,LG4,UG,173,541,610566,20734908650,1962646058,22697554708
2014-06-09,LG4,Alumni,5,80,111406,3075273641,140766458,3216040099
2014-06-09,LG4,Others(HKUST),8,102,172829,9829322000,384205317,10213527317
2014-06-09,LG4,Non-HKUST,5,52,103465,2587425985,693748242,3281174227
2014-06-09,LG4,Total,468,2050,2697584,95816705172,8929871212,104746576384
2014-06-09,All-Floors,Staff,332,2204,2128857,23384055857,4907650653,28291706510
2014-06-09,All-Floors,TPG,199,2614,3790783,154538542077,22592226076,177130768153
2014-06-09,All-Floors,RPG,343,2546,3264896,112251143911,15149930942,127401074853
2014-06-09,All-Floors,UG,630,4517,5333370,159890229954,16619979597,176510209551
2014-06-09,All-Floors,Alumni,17,221,335563,6257329043,680521654,6937850697
2014-06-09,All-Floors,Others(HKUST),26,329,401184,13356343097,875320169,14231663266
2014-06-09,All-Floors,Non-HKUST,18,153,305898,5111107510,998017209,6109124719
2014-06-09,All-Floors,Total,1565,12584,15560551,474788751449,61823646300,536612397749
2014-06-10,1,Staff,40,519,606113,3185712702,594625396,3780338098
2014-06-10,1,TPG,7,25,29277,3587774802,5662902242,9250677044
2014-06-10,1,RPG,18,85,199700,5048109989,497612170,5545722159
2014-06-10,1,UG,26,184,385123,7046897885,1080116824,8127014709
2014-06-10,1,Alumni,1,7,78448,3649966262,157652962,3807619224
2014-06-10,1,Others(HKUST),3,18,13905,438682919,57448826,496131745
2014-06-10,1,Non-HKUST,0,0,0,0,0,0
2014-06-10,1,Total,95,838,1312566,22957144559,8050358420,31007502979
2014-06-10,G,Staff,114,690,560044,2916863416,432257427,3349120843
2014-06-10,G,TPG,96,551,538688,43239922501,4196033996,47435956497
2014-06-10,G,RPG,121,451,573553,12595282607,1863092647,14458375254
2014-06-10,G,UG,197,807,741735,22192319061,2246852403,24439171464
2014-06-10,G,Alumni,8,57,54032,2176409127,111269927,2287679054
2014-06-10,G,Others(HKUST),9,51,136199,1750207377,165060880,1915268257
2014-06-10,G,Non-HKUST,5,6,1446,1425289,276658,1701947
2014-06-10,G,Total,550,2613,2605697,84872429378,9014843938,93887273316
2014-06-10,LG1,Staff,115,611,636351,7705841191,1714966836,9420808027
2014-06-10,LG1,TPG,161,1810,2677769,60810916366,17107904617,77918820983
2014-06-10,LG1,RPG,130,1055,1330380,46408335798,2449761709,48858097507
2014-06-10,LG1,UG,278,1835,2689502,49567935816,9752992231,59320928047
2014-06-10,LG1,Alumni,13,130,246347,4568308908,1761249858,6329558766
2014-06-10,LG1,Others(HKUST),9,137,47240,42786939,10815146,53602085
2014-06-10,LG1,Non-HKUST,11,60,110099,319343598,60441644,379785242
2014-06-10,LG1,Total,717,5638,7737688,169423468616,32858132041,202281600657
2014-06-10,LG3,Staff,116,325,241690,4471429557,368602791,4840032348
2014-06-10,LG3,TPG,72,351,490855,11346095129,5021469924,16367565053
2014-06-10,LG3,RPG,135,549,706337,10345888221,1322508478,11668396699
2014-06-10,LG3,UG,156,298,241859,7129000067,353453605,7482453672
2014-06-10,LG3,Alumni,11,40,78075,760427226,84040112,844467338
2014-06-10,LG3,Others(HKUST),9,27,36231,82704691,8339773,91044464
2014-06-10,LG3,Non-HKUST,7,27,66844,137356056,31760331,169116387
2014-06-10,LG3,Total,506,1617,1861891,34272900947,7190175014,41463075961
2014-06-10,LG4,Staff,104,375,203407,4395133477,266741206,4661874683
2014-06-10,LG4,TPG,52,245,347872,20548089749,7416266623,27964356372
2014-06-10,LG4,RPG,130,468,707765,14467628826,1972309658,16439938484
2014-06-10,LG4,UG,168,513,529808,45049178338,3691298071,48740476409
2014-06-10,LG4,Alumni,7,34,50564,487204266,22075432,509279698
2014-06-10,LG4,Others(HKUST),11,98,162651,7839809760,287011923,8126821683
2014-06-10,LG4,Non-HKUST,3,84,72037,359986595,30249876,390236471
2014-06-10,LG4,Total,475,1817,2074104,93147031011,13685952789,106832983800
2014-06-10,All-Floors,Staff,324,2520,2247605,22674980343,3377193656,26052173999
2014-06-10,All-Floors,TPG,218,2982,4084461,139532798547,39404577402,178937375949
2014-06-10,All-Floors,RPG,340,2608,3517735,88865245441,8105284662,96970530103
2014-06-10,All-Floors,UG,527,3637,4588027,130985331167,17124713134,148110044301
2014-06-10,All-Floors,Alumni,22,268,507466,11642315789,2136288291,13778604080
2014-06-10,All-Floors,Others(HKUST),25,331,396226,10154191686,528676548,10682868234
2014-06-10,All-Floors,Non-HKUST,17,177,250426,818111538,122728509,940840047
2014-06-10,All-Floors,Total,1473,12523,15591946,404672974511,70799462202,475472436713
2014-06-11,1,Staff,51,656,717322,5708990484,848118516,6557109000
2014-06-11,1,TPG,6,10,27127,957672648,268992521,1226665169
2014-06-11,1,RPG,13,84,113711,3741848144,2440665305,6182513449
2014-06-11,1,UG,33,186,417305,10590260575,4760212934,15350473509
2014-06-11,1,Alumni,2,15,70658,4868760026,232241084,5101001110
2014-06-11,1,Others(HKUST),1,9,9241,135614639,8790841,144405480
2014-06-11,1,Non-HKUST,0,0,0,0,0,0
2014-06-11,1,Total,106,960,1355364,26003146516,8559021201,34562167717
2014-06-11,G,Staff,124,697,568085,2681326302,630859058,3312185360
2014-06-11,G,TPG,74,382,412562,10701434055,2122541052,12823975107
2014-06-11,G,RPG,121,545,531126,14507493049,3024392812,17531885861
2014-06-11,G,UG,193,823,685418,15162430676,2868673613,18031104289
2014-06-11,G,Alumni,8,41,23893,1679866317,59511747,1739378064
2014-06-11,G,Others(HKUST),6,21,116269,78401852,57166696,135568548
2014-06-11,G,Non-HKUST,6,19,8992,189459285,8733048,198192333
2014-06-11,G,Total,532,2528,2346345,45000411536,8771878026,53772289562
2014-06-11,LG1,Staff,117,424,321505,2528466674,692216039,3220682713
2014-06-11,LG1,TPG,138,1654,2612619,67698446743,14479376745,82177823488
2014-06-11,LG1,RPG,139,1054,1427171,20332302843,2510742928,22843045771
2014-06-11,LG1,UG,290,2175,3101726,34480924842,15805558366,50286483208
2014-06-11,LG1,Alumni,13,175,281135,6057299141,676964908,6734264049
2014-06-11,LG1,Others(HKUST),10,113,81630,46602869,12015775,58618644
2014-06-11,LG1,Non-HKUST,5,36,48506,65985026,3656077,69641103
2014-06-11,LG1,Total,712,5631,7874292,131210028138,34180530838,165390558976
2014-06-11,LG3,Staff,136,295,221973,4250178813,1663190451,5913369264
2014-06-11,LG3,TPG,59,252,320357,8274883078,3451334460,11726217538
2014-06-11,LG3,RPG,137,532,666386,31994049976,2199926739,34193976715
2014-06-11,LG3,UG,205,488,322299,5877430868,543213257,6420644125
2014-06-11,LG3,Alumni,6,13,29859,347253530,74001425,421254955
2014-06-11,LG3,Others(HKUST),8,29,40369,861051327,28809991,889861318
2014-06-11,LG3,Non-HKUST,5,6,4210,20087342,6123200,26210542
2014-06-11,LG3,Total,556,1615,1605453,51624934934,7966599523,59591534457
2014-06-11,LG4,Staff,127,422,312618,1658237740,151337781,1809575521
2014-06-11,LG4,TPG,49,180,324608,19569987237,5493650571,25063637808
2014-06-11,LG4,RPG,104,430,527991,11874765450,2366173367,14240938817
2014-06-11,LG4,UG,156,435,504066,13134367059,5584054778,18718421837
2014-06-11,LG4,Alumni,11,92,115823,635448963,177194793,812643756
2014-06-11,LG4,Others(HKUST),8,77,156551,7101989487,282614552,7384604039
2014-06-11,LG4,Non-HKUST,3,34,93263,274310498,28838503,303149001
2014-06-11,LG4,Total,458,1670,2034920,54249106434,14083864345,68332970779
2014-06-11,All-Floors,Staff,347,2494,2141503,16827200013,3985721845,20812921858
2014-06-11,All-Floors,TPG,193,2478,3697273,107202423761,25815895349,133018319110
2014-06-11,All-Floors,RPG,336,2645,3266385,82450459462,12541901151,94992360613
2014-06-11,All-Floors,UG,577,4107,5030814,79245414020,29561712948,108807126968
2014-06-11,All-Floors,Alumni,20,336,521368,13588627977,1219913957,14808541934
2014-06-11,All-Floors,Others(HKUST),25,249,404060,8223660174,389397855,8613058029
2014-06-11,All-Floors,Non-HKUST,13,95,154971,549842151,47350828,597192979
2014-06-11,All-Floors,Total,1511,12404,15216374,308087627558,73561893933,381649521491
2014-06-12,1,Staff,54,521,675806,3175642241,823179022,3998821263
2014-06-12,1,TPG,13,64,153942,14512958452,536007718,15048966170
2014-06-12,1,RPG,15,56,196948,3621949201,612542218,4234491419
2014-06-12,1,UG,32,134,158681,5019418681,347720818,5367139499
2014-06-12,1,Alumni,2,18,45693,1677205503,474111067,2151316570
2014-06-12,1,Others(HKUST),2,6,11766,660051482,18184324,678235806
2014-06-12,1,Non-HKUST,3,7,11164,453655,318685,772340
2014-06-12,1,Total,121,806,1254000,28667679215,2812063852,31479743067
2014-06-12,G,Staff,108,759,740124,17075775456,1442269834,18518045290
2014-06-12,G,TPG,71,411,380273,10378406319,2190637911,12569044230
2014-06-12,G,RPG,137,662,788600,9283848526,2099010186,11382858712
2014-06-12,G,UG,209,875,784624,28154845056,9256035662,37410880718
2014-06-12,G,Alumni,7,19,8651,71400956,10674306,82075262
2014-06-12,G,Others(HKUST),7,40,118569,2030932894,127529312,2158462206
2014-06-12,G,Non-HKUST,13,25,14155,73076778,5456644,78533422
2014-06-12,G,Total,552,2791,2834996,67068285985,15131613855,82199899840
2014-06-12,LG1,Staff,100,438,379774,4333578960,458673424,4792252384
2014-06-12,LG1,TPG,131,1603,2312535,66287209845,23729902467,90017112312
2014-06-12,LG1,RPG,144,1031,1308081,19893462656,2533305939,22426768595
2014-06-12,LG1,UG,342,2532,3205526,99852116299,9854732250,109706848549
2014-06-12,LG1,Alumni,13,73,85511,5660175903,2272533612,7932709515
2014-06-12,LG1,Others(HKUST),7,130,80652,74098788,20300616,94399404
2014-06-12,LG1,Non-HKUST,9,52,55560,2149495073,65313954,2214809027
2014-06-12,LG1,Total,746,5859,7427639,198250137524,38934762262,237184899786
2014-06-12,LG3,Staff,124,261,156358,4307920807,228951947,4536872754
2014-06-12,LG3,TPG,54,207,267765,8149773061,956181089,9105954150
2014-06-12,LG3,RPG,148,599,753727,44075604511,19844794359,63920398870
2014-06-12,LG3,UG,199,510,476379,16189987531,4623324413,20813311944
2014-06-12,LG3,Alumni,9,34,81382,1919011238,1200817860,3119829098
2014-06-12,LG3,Others(HKUST),8,20,13677,1578209,602149,2180358
2014-06-12,LG3,Non-HKUST,8,34,47176,1181274956,47516264,1228791220
2014-06-12,LG3,Total,550,1665,1796464,75825150313,26902188081,102727338394
2014-06-12,LG4,Staff,87,287,209749,4103547609,1893650597,5997198206
2014-06-12,LG4,TPG,37,167,215492,24844316397,2491645941,27335962338
2014-06-12,LG4,RPG,116,536,736643,17564105991,1698273278,19262379269
2014-06-12,LG4,UG,174,611,562050,17816516397,807623375,18624139772
2014-06-12,LG4,Alumni,11,136,225039,3545224360,546986525,4092210885
2014-06-12,LG4,Others(HKUST),6,78,149156,10953521383,394948025,11348469408
2014-06-12,LG4,Non-HKUST,10,37,60500,1066406978,119212288,1185619266
2014-06-12,LG4,Total,441,1852,2158629,79893639115,7952340029,87845979144
2014-06-12,All-Floors,Staff,295,2266,2161811,32996465073,4846724824,37843189897
2014-06-12,All-Floors,TPG,188,2452,3330007,124172664074,29904375126,154077039200
2014-06-12,All-Floors,RPG,358,2884,3783999,94438970885,26787925980,121226896865
2014-06-12,All-Floors,UG,619,4662,5187260,167032883964,24889436518,191922320482
2014-06-12,All-Floors,Alumni,21,280,446276,12873017960,4505123370,17378141330
2014-06-12,All-Floors,Others(HKUST),21,274,373820,13720182756,561564426,14281747182
2014-06-12,All-Floors,Non-HKUST,23,155,188555,4470707440,237817835,4708525275
2014-06-12,All-Floors,Total,1525,12973,15471728,449704892152,91732968079,541437860231
2014-06-13,1,Staff,59,547,695893,7561778220,975094476,8536872696
2014-06-13,1,TPG,10,33,30981,1632416430,230119036,1862535466
2014-06-13,1,RPG,16,34,72605,257543041,26118156,283661197
2014-06-13,1,UG,24,135,196689,3365530025,255155550,3620685575
2014-06-13,1,Alumni,1,2,7196,33442177,2695660,36137837
2014-06-13,1,Others(HKUST),0,0,0,0,0,0
2014-06-13,1,Non-HKUST,1,1,0,0,0,0
2014-06-13,1,Total,111,752,1003364,12850709893,1489182878,14339892771
2014-06-13,G,Staff,103,606,473575,8331874903,521857215,8853732118
2014-06-13,G,TPG,84,409,480111,15680804541,2803501887,18484306428
2014-06-13,G,RPG,133,450,503067,7293605192,1529637756,8823242948
2014-06-13,G,UG,199,738,802169,30591802988,2371120463,32962923451
2014-06-13,G,Alumni,7,20,14724,149513085,26707921,176221006
2014-06-13,G,Others(HKUST),8,29,111267,56166895,22904719,79071614
2014-06-13,G,Non-HKUST,7,34,21710,318223083,23110199,341333282
2014-06-13,G,Total,541,2286,2406623,62421990687,7298840160,69720830847
2014-06-13,LG1,Staff,93,470,393991,9242252005,537477135,9779729140
2014-06-13,LG1,TPG,138,1459,2102843,27892842174,14887021278,42779863452
2014-06-13,LG1,RPG,127,1017,1441393,24577826820,3385080281,27962907101
2014-06-13,LG1,UG,270,1793,2441000,61550211693,13330569849,74880781542
2014-06-13,LG1,Alumni,18,94,118471,3296960053,3940923225,7237883278
2014-06-13,LG1,Others(HKUST),9,162,82805,76228711,15444304,91673015
2014-06-13,LG1,Non-HKUST,9,95,135188,1397871050,47131119,1445002169
2014-06-13,LG1,Total,664,5090,6715691,128034192506,36143647191,164177839697
2014-06-13,LG3,Staff,131,250,225842,1518121922,202690638,1720812560
2014-06-13,LG3,TPG,59,275,309689,7744716629,1323970720,9068687349
2014-06-13,LG3,RPG,134,434,537221,34407865702,2005817344,36413683046
2014-06-13,LG3,UG,187,482,480603,5602092908,1152627812,6754720720
2014-06-13,LG3,Alumni,11,50,58094,6417785756,215731731,6633517487
2014-06-13,LG3,Others(HKUST),7,15,1324,338264,119604,457868
2014-06-13,LG3,Non-HKUST,5,10,2401,1148243,369445,1517688
2014-06-13,LG3,Total,534,1516,1615174,55692069424,4901327294,60593396718
2014-06-13,LG4,Staff,89,241,173311,3537545175,3213715048,6751260223
2014-06-13,LG4,TPG,47,236,378480,16017011031,3747215850,19764226881
2014-06-13,LG4,RPG,122,431,488959,16504909937,4417656843,20922566780
2014-06-13,LG4,UG,170,425,467885,7745574123,936222465,8681796588
2014-06-13,LG4,Alumni,12,115,150806,5927472347,284546324,6212018671
2014-06-13,LG4,Others(HKUST),10,105,165488,25409561666,1732415794,27141977460
2014-06-13,LG4,Non-HKUST,8,69,126012,592479168,61691176,654170344
2014-06-13,LG4,Total,458,1622,1950941,75734553447,14393463500,90128016947
2014-06-13,All-Floors,Staff,296,2114,1962612,30191572225,5450834512,35642406737
2014-06-13,All-Floors,TPG,199,2412,3302104,68967790805,22991828771,91959619576
2014-06-13,All-Floors,RPG,350,2366,3043245,83041750692,11364310380,94406061072
2014-06-13,All-Floors,UG,530,3573,4388346,108855211737,18045696139,126900907876
2014-06-13,All-Floors,Alumni,25,281,349291,15825173418,4470604861,20295778279
2014-06-13,All-Floors,Others(HKUST),22,311,360884,25542295536,1770884421,27313179957
2014-06-13,All-Floors,Non-HKUST,20,209,285311,2309721544,132301939,2442023483
2014-06-13,All-Floors,Total,1442,11266,13691793,334733515957,64226461023,398959976980
2014-06-14,1,Staff,21,179,267098,2326552204,354514652,2681066856
2014-06-14,1,TPG,9,43,113489,10171909674,611913914,10783823588
2014-06-14,1,RPG,14,33,37434,747566200,123956593,871522793
2014-06-14,1,UG,12,43,40789,2450450936,256690223,2707141159
2014-06-14,1,Alumni,2,34,123421,5828034824,290496730,6118531554
2014-06-14,1,Others(HKUST),0,0,0,0,0,0
2014-06-14,1,Non-HKUST,0,0,0,0,0,0
2014-06-14,1,Total,58,332,582231,21524513838,1637572112,23162085950
2014-06-14,G,Staff,41,280,295365,1495730864,1669272990,3165003854
2014-06-14,G,TPG,64,330,357881,4202955089,3209995760,7412950849
2014-06-14,G,RPG,61,350,379909,7999719657,1458729577,9458449234
2014-06-14,G,UG,93,402,369998,4707763466,4853861936,9561625402
2014-06-14,G,Alumni,17,68,88923,1310462818,138693940,1449156758
2014-06-14,G,Others(HKUST),6,16,105344,40423107,19546231,59969338
2014-06-14,G,Non-HKUST,3,11,5653,3614591,2134991,5749582
2014-06-14,G,Total,285,1457,1603073,19760669592,11352235425,31112905017
2014-06-14,LG1,Staff,48,179,268184,2505418209,232097254,2737515463
2014-06-14,LG1,TPG,108,1022,1576258,18228980441,10136033097,28365013538
2014-06-14,LG1,RPG,65,582,822467,18545419139,7339477965,25884897104
2014-06-14,LG1,UG,169,1090,1883906,15474925609,2807826265,18282751874
2014-06-14,LG1,Alumni,20,105,101262,491237716,79911758,571149474
2014-06-14,LG1,Others(HKUST),6,117,42941,176572674,8378870,184951544
2014-06-14,LG1,Non-HKUST,4,28,39000,790197794,36251423,826449217
2014-06-14,LG1,Total,420,3123,4734018,56212751582,20639976632,76852728214
2014-06-14,LG3,Staff,50,134,145423,1199700017,110777134,1310477151
2014-06-14,LG3,TPG,59,199,272906,13578735956,1425215309,15003951265
2014-06-14,LG3,RPG,73,243,204397,2577981242,507351989,3085333231
2014-06-14,LG3,UG,103,303,283071,1412494126,336622329,1749116455
2014-06-14,LG3,Alumni,18,51,64563,2325124868,78699858,2403824726
2014-06-14,LG3,Others(HKUST),4,6,1560,5727861,586180,6314041
2014-06-14,LG3,Non-HKUST,7,20,49204,768215178,36162007,804377185
2014-06-14,LG3,Total,314,956,1021124,21867979248,2495414806,24363394054
2014-06-14,LG4,Staff,30,68,58213,2721818001,229302139,2951120140
2014-06-14,LG4,TPG,38,143,233073,10960734114,945533617,11906267731
2014-06-14,LG4,RPG,51,119,175107,2366110333,1629121070,3995231403
2014-06-14,LG4,UG,72,252,209247,6255022757,661361812,6916384569
2014-06-14,LG4,Alumni,23,228,387494,9028759051,1187000974,10215760025
2014-06-14,LG4,Others(HKUST),5,90,276145,18915285639,1584992287,20500277926
2014-06-14,LG4,Non-HKUST,5,45,90231,8262062398,791661381,9053723779
2014-06-14,LG4,Total,224,945,1429510,58509792293,7028973280,65538765573
2014-06-14,All-Floors,Staff,122,840,1034283,10249219295,2595964169,12845183464
2014-06-14,All-Floors,TPG,155,1737,2553607,57143315274,16328691697,73472006971
2014-06-14,All-Floors,RPG,177,1327,1619314,32236796571,11058637194,43295433765
2014-06-14,All-Floors,UG,295,2090,2787011,30300656894,8916362565,39217019459
2014-06-14,All-Floors,Alumni,46,486,765663,18983619277,1774803260,20758422537
2014-06-14,All-Floors,Others(HKUST),15,229,425990,19138009281,1613503568,20751512849
2014-06-14,All-Floors,Non-HKUST,11,104,184088,9824089961,866209802,10690299763
2014-06-14,All-Floors,Total,821,6813,9369956,177875706553,43154172255,221029878808
2014-06-15,1,Staff,13,146,225854,676558644,635746549,1312305193
2014-06-15,1,TPG,11,46,120213,2708139656,4371979377,7080119033
2014-06-15,1,RPG,6,15,45452,202323138,8633288,210956426
2014-06-15,1,UG,10,31,38183,2397969211,125986084,2523955295
2014-06-15,1,Alumni,3,13,23138,2043202780,94426224,2137629004
2014-06-15,1,Others(HKUST),0,0,0,0,0,0
2014-06-15,1,Non-HKUST,0,0,0,0,0,0
2014-06-15,1,Total,43,251,452840,8028193429,5236771522,13264964951
2014-06-15,G,Staff,28,150,147546,5574140974,692649777,6266790751
2014-06-15,G,TPG,46,147,144120,8566531049,576037737,9142568786
2014-06-15,G,RPG,36,156,173654,3076839122,355553510,3432392632
2014-06-15,G,UG,70,368,432984,9454049599,1675974390,11130023989
2014-06-15,G,Alumni,16,57,93097,2286706411,153561858,2440268269
2014-06-15,G,Others(HKUST),5,8,42713,13333251,8212560,21545811
2014-06-15,G,Non-HKUST,3,7,484,116793,32561,149354
2014-06-15,G,Total,204,893,1034598,28971717199,3462022393,32433739592
2014-06-15,LG1,Staff,24,145,232786,865427569,416013177,1281440746
2014-06-15,LG1,TPG,78,494,770486,12962140597,4109701114,17071841711
2014-06-15,LG1,RPG,49,340,496487,11573597660,1426969733,13000567393
2014-06-15,LG1,UG,127,828,1331891,25831859211,8382708145,34214567356
2014-06-15,LG1,Alumni,18,89,162261,988210324,89075929,1077286253
2014-06-15,LG1,Others(HKUST),2,85,15450,26324,24175,50499
2014-06-15,LG1,Non-HKUST,5,30,86913,4587674880,240309552,4827984432
2014-06-15,LG1,Total,303,2011,3096274,56808936565,14664801825,71473738390
2014-06-15,LG3,Staff,27,63,42017,2106198959,114187992,2220386951
2014-06-15,LG3,TPG,43,148,193807,2440169616,451663373,2891832989
2014-06-15,LG3,RPG,72,164,108457,1009775739,199476852,1209252591
2014-06-15,LG3,UG,88,335,333664,4321035350,804195552,5125230902
2014-06-15,LG3,Alumni,14,51,100891,276064528,95387512,371452040
2014-06-15,LG3,Others(HKUST),7,8,119,26386469,3740872,30127341
2014-06-15,LG3,Non-HKUST,3,9,8641,266906960,29841155,296748115
2014-06-15,LG3,Total,254,778,787596,10446537621,1698493308,12145030929
2014-06-15,LG4,Staff,27,52,95639,428265161,95679591,523944752
2014-06-15,LG4,TPG,31,109,158416,2471210720,830285242,3301495962
2014-06-15,LG4,RPG,43,97,145197,3588784247,262708249,3851492496
2014-06-15,LG4,UG,61,139,67661,7689162920,471112489,8160275409
2014-06-15,LG4,Alumni,15,88,176357,2438045454,618441932,3056487386
2014-06-15,LG4,Others(HKUST),5,62,166876,25536203620,2478802556,28015006176
2014-06-15,LG4,Non-HKUST,2,28,14241,5557182649,259502991,5816685640
2014-06-15,LG4,Total,184,575,824387,47708854771,5016533050,52725387821
2014-06-15,All-Floors,Staff,73,556,743842,9650591307,1954277086,11604868393
2014-06-15,All-Floors,TPG,120,944,1387042,29148191638,10339666843,39487858481
2014-06-15,All-Floors,RPG,158,772,969247,19451319906,2253341632,21704661538
2014-06-15,All-Floors,UG,234,1701,2204383,49694076291,11459976660,61154052951
2014-06-15,All-Floors,Alumni,38,298,555744,8032229497,1050893455,9083122952
2014-06-15,All-Floors,Others(HKUST),14,163,225158,25575949664,2490780163,28066729827
2014-06-15,All-Floors,Non-HKUST,9,74,110279,10411881282,529686259,10941567541
2014-06-15,All-Floors,Total,646,4508,6195695,151964239585,30078622098,182042861683
2014-06-16,1,Staff,61,534,920447,5389071213,791176925,6180248138
2014-06-16,1,TPG,11,42,127880,11618075051,1230147861,12848222912
2014-06-16,1,RPG,15,48,88883,2598401799,621473708,3219875507
2014-06-16,1,UG,27,159,309426,7781193111,1268383301,9049576412
2014-06-16,1,Alumni,1,9,63451,7100491898,1311895961,8412387859
2014-06-16,1,Others(HKUST),0,0,0,0,0,0
2014-06-16,1,Non-HKUST,1,1,13078,0,0,0
2014-06-16,1,Total,116,793,1523165,34487233072,5223077756,39710310828
2014-06-16,G,Staff,124,571,688243,14971943327,2915658094,17887601421
2014-06-16,G,TPG,88,575,632651,45260594180,12761968764,58022562944
2014-06-16,G,RPG,113,377,357046,3491227455,401778202,3893005657
2014-06-16,G,UG,227,939,919635,21852946983,7004152927,28857099910
2014-06-16,G,Alumni,7,24,6215,644672895,25256675,669929570
2014-06-16,G,Others(HKUST),9,26,96377,6064274327,421199388,6485473715
2014-06-16,G,Non-HKUST,7,23,6354,34325171,3556315,37881486
2014-06-16,G,Total,575,2535,2706521,92319984338,23533570365,115853554703
2014-06-16,LG1,Staff,114,415,405130,5004634288,675311209,5679945497
2014-06-16,LG1,TPG,174,2048,2748736,34692811956,6881466341,41574278297
2014-06-16,LG1,RPG,128,948,1193508,21375538627,3957158490,25332697117
2014-06-16,LG1,UG,297,2321,3131136,40342746419,10965826978,51308573397
2014-06-16,LG1,Alumni,19,142,185588,4312635240,1584496194,5897131434
2014-06-16,LG1,Others(HKUST),8,105,20114,3566342,2296417,5862759
2014-06-16,LG1,Non-HKUST,13,107,159877,527454732,57186851,584641583
2014-06-16,LG1,Total,753,6086,7844089,106259387604,24123742480,130383130084
2014-06-16,LG3,Staff,154,306,162478,5063083339,339990984,5403074323
2014-06-16,LG3,TPG,64,244,238432,2359775071,885188647,3244963718
2014-06-16,LG3,RPG,141,565,771931,20370507141,1523302322,21893809463
2014-06-16,LG3,UG,178,456,448890,13281402798,1892441067,15173843865
2014-06-16,LG3,Alumni,11,46,118004,5962871290,228211944,6191083234
2014-06-16,LG3,Others(HKUST),3,10,18230,17865,8183,26048
2014-06-16,LG3,Non-HKUST,8,25,36354,3191412980,2210242590,5401655570
2014-06-16,LG3,Total,559,1652,1794319,50229070484,7079385737,57308456221
2014-06-16,LG4,Staff,100,336,357522,7232036617,588759051,7820795668
2014-06-16,LG4,TPG,55,291,429255,7428949921,1266446663,8695396584
2014-06-16,LG4,RPG,116,359,408064,17882201268,2229768548,20111969816
2014-06-16,LG4,UG,159,447,457144,36855025962,1478833740,38333859702
2014-06-16,LG4,Alumni,11,145,292282,3907479805,245819279,4153299084
2014-06-16,LG4,Others(HKUST),6,62,152696,4317963163,207718179,4525681342
2014-06-16,LG4,Non-HKUST,10,91,96591,272086908,25002720,297089628
2014-06-16,LG4,Total,457,1731,2193554,77895743644,6042348180,83938091824
2014-06-16,All-Floors,Staff,347,2162,2533820,37660768784,5310896263,42971665047
2014-06-16,All-Floors,TPG,227,3200,4176954,101360206179,23025218276,124385424455
2014-06-16,All-Floors,RPG,323,2297,2819432,65717876290,8733481270,74451357560
2014-06-16,All-Floors,UG,574,4322,5266231,120113315273,22609638013,142722953286
2014-06-16,All-Floors,Alumni,24,366,665540,21928151128,3395680053,25323831181
2014-06-16,All-Floors,Others(HKUST),20,203,287417,10385821697,631222167,11017043864
2014-06-16,All-Floors,Non-HKUST,26,247,312254,4025279791,2295988476,6321268267
2014-06-16,All-Floors,Total,1541,12797,16061648,361191419142,66002124518,427193543660
2014-06-17,1,Staff,57,507,960799,12622741058,1425558156,14048299214
2014-06-17,1,TPG,11,67,145133,20034046371,3396363105,23430409476
2014-06-17,1,RPG,20,69,121702,2369702534,171841284,2541543818
2014-06-17,1,UG,35,197,356561,20820979495,2371374632,23192354127
2014-06-17,1,Alumni,0,0,0,0,0,0
2014-06-17,1,Others(HKUST),1,6,2394,309220,162684,471904
2014-06-17,1,Non-HKUST,4,23,21850,673239335,49003541,722242876
2014-06-17,1,Total,128,869,1608439,56521018013,7414303402,63935321415
2014-06-17,G,Staff,113,629,625205,8158301825,1196429905,9354731730
2014-06-17,G,TPG,85,383,436949,14083105514,1057300597,15140406111
2014-06-17,G,RPG,116,677,705503,9026913732,4501978291,13528892023
2014-06-17,G,UG,178,761,580593,31175615314,4650203990,35825819304
2014-06-17,G,Alumni,4,12,13304,238898336,102192403,341090739
2014-06-17,G,Others(HKUST),8,25,105616,276034184,26004829,302039013
2014-06-17,G,Non-HKUST,8,23,31222,762427098,105850845,868277943
2014-06-17,G,Total,512,2510,2498392,63721296003,11639960860,75361256863
2014-06-17,LG1,Staff,95,387,325565,6270406224,904926015,7175332239
2014-06-17,LG1,TPG,146,1449,1877785,31440375788,8835231642,40275607430
2014-06-17,LG1,RPG,133,1041,1441879,26242385667,11341702872,37584088539
2014-06-17,LG1,UG,259,1549,2332503,33560820643,7719281655,41280102298
2014-06-17,LG1,Alumni,13,95,201879,5043110007,1467463457,6510573464
2014-06-17,LG1,Others(HKUST),13,135,42384,176621241,14480929,191102170
2014-06-17,LG1,Non-HKUST,11,47,98286,152514399,74342394,226856793
2014-06-17,LG1,Total,670,4703,6320281,102886233969,30357428964,133243662933
2014-06-17,LG3,Staff,108,230,138003,1528942099,142436810,1671378909
2014-06-17,LG3,TPG,62,310,373463,89960409149,14978534040,104938943189
2014-06-17,LG3,RPG,134,585,793932,13599419098,2152928893,15752347991
2014-06-17,LG3,UG,171,427,395594,6623125555,832337774,7455463329
2014-06-17,LG3,Alumni,9,36,82681,4044131294,205970392,4250101686
2014-06-17,LG3,Others(HKUST),10,15,1558,741014,512270,1253284
2014-06-17,LG3,Non-HKUST,2,10,36516,250593914,68870372,319464286
2014-06-17,LG3,Total,496,1613,1821747,116007362123,18381590551,134388952674
2014-06-17,LG4,Staff,107,298,283610,4022700724,419708976,4442409700
2014-06-17,LG4,TPG,46,243,265799,8016646031,468231346,8484877377
2014-06-17,LG4,RPG,117,358,527907,21228776264,2165096601,23393872865
2014-06-17,LG4,UG,137,572,776727,23593098376,2100240738,25693339114
2014-06-17,LG4,Alumni,9,93,169264,1804469299,100109215,1904578514
2014-06-17,LG4,Others(HKUST),7,83,145250,5056388679,258053900,5314442579
2014-06-17,LG4,Non-HKUST,6,55,20991,49765471,13858911,63624382
2014-06-17,LG4,Total,429,1702,2189548,63771844844,5525299687,69297144531
2014-06-17,All-Floors,Staff,301,2051,2333182,32603091930,4089059862,36692151792
2014-06-17,All-Floors,TPG,202,2452,3099129,163534582853,28735660730,192270243583
2014-06-17,All-Floors,RPG,330,2730,3590923,72467197295,20333547941,92800745236
2014-06-17,All-Floors,UG,512,3506,4441978,115773639383,17673438789,133447078172
2014-06-17,All-Floors,Alumni,24,236,467128,11130608936,1875735467,13006344403
2014-06-17,All-Floors,Others(HKUST),24,264,297202,5510094338,299214612,5809308950
2014-06-17,All-Floors,Non-HKUST,20,158,208865,1888540217,311926063,2200466280
2014-06-17,All-Floors,Total,1413,11397,14438407,402907754952,73318583464,476226338416
2014-06-18,1,Staff,59,582,890737,8078263636,896193332,8974456968
2014-06-18,1,TPG,15,92,297996,19852591923,2209644699,22062236622
2014-06-18,1,RPG,21,69,131777,3750236777,175804633,3926041410
2014-06-18,1,UG,32,158,325624,6696210583,1458502966,8154713549
2014-06-18,1,Alumni,0,0,0,0,0,0
2014-06-18,1,Others(HKUST),2,3,121,952524,324176,1276700
2014-06-18,1,Non-HKUST,1,1,0,22918099,788474,23706573
2014-06-18,1,Total,130,905,1646255,38401173542,4741258280,43142431822
2014-06-18,G,Staff,138,642,699273,5745868082,692400343,6438268425
2014-06-18,G,TPG,85,411,369346,28620066254,2544476420,31164542674
2014-06-18,G,RPG,120,729,808673,8451424262,6290677437,14742101699
2014-06-18,G,UG,211,873,834183,13846233132,3436596105,17282829237
2014-06-18,G,Alumni,13,83,63836,489121237,90051144,579172381
2014-06-18,G,Others(HKUST),7,22,90847,696960106,41140462,738100568
2014-06-18,G,Non-HKUST,9,23,23235,338151831,22298112,360449943
2014-06-18,G,Total,583,2783,2889393,58187824904,13117640023,71305464927
2014-06-18,LG1,Staff,111,502,454845,2063271897,146469259,2209741156
2014-06-18,LG1,TPG,142,1900,2599217,77176548857,98444631193,175621180050
2014-06-18,LG1,RPG,134,1028,1408502,9081268089,1589035463,10670303552
2014-06-18,LG1,UG,329,2397,3477805,53486395280,8035712905,61522108185
2014-06-18,LG1,Alumni,23,302,400828,8605219056,3433285396,12038504452
2014-06-18,LG1,Others(HKUST),8,126,94463,669672920,31752088,701425008
2014-06-18,LG1,Non-HKUST,15,74,100519,1140150443,160777941,1300928384
2014-06-18,LG1,Total,762,6329,8536179,152222526542,111841664245,264064190787
2014-06-18,LG3,Staff,149,300,198156,1540870132,155096955,1695967087
2014-06-18,LG3,TPG,67,213,256998,73225540997,178611791631,251837332628
2014-06-18,LG3,RPG,144,590,684947,42157409765,3468337459,45625747224
2014-06-18,LG3,UG,164,365,284342,13507741810,666548601,14174290411
2014-06-18,LG3,Alumni,10,54,76010,4019748798,164706583,4184455381
2014-06-18,LG3,Others(HKUST),10,27,24244,69325053,16529869,85854922
2014-06-18,LG3,Non-HKUST,10,39,23408,330577,228316,558893
2014-06-18,LG3,Total,554,1588,1548105,134520967132,183083239414,317604206546
2014-06-18,LG4,Staff,122,512,545043,4917858533,481546652,5399405185
2014-06-18,LG4,TPG,37,166,233768,11076413962,2215771210,13292185172
2014-06-18,LG4,RPG,125,360,452027,18799668576,2076113118,20875781694
2014-06-18,LG4,UG,153,456,427710,9219259135,835863342,10055122477
2014-06-18,LG4,Alumni,12,173,174457,3562475308,203244589,3765719897
2014-06-18,LG4,Others(HKUST),9,127,219722,5512984940,242405060,5755390000
2014-06-18,LG4,Non-HKUST,9,75,165305,542897418,75573561,618470979
2014-06-18,LG4,Total,467,1869,2218032,53631557872,6130517532,59762075404
2014-06-18,All-Floors,Staff,351,2538,2788054,22346132280,2371706541,24717838821
2014-06-18,All-Floors,TPG,198,2782,3757325,209951161993,284026315153,493977477146
2014-06-18,All-Floors,RPG,338,2776,3485926,82240007469,13599968110,95839975579
2014-06-18,All-Floors,UG,577,4249,5349664,96755839940,14433223919,111189063859
2014-06-18,All-Floors,Alumni,30,612,715131,16676564399,3891287712,20567852111
2014-06-18,All-Floors,Others(HKUST),24,305,429397,6949895543,332151655,7282047198
2014-06-18,All-Floors,Non-HKUST,22,212,312467,2044448368,259666404,2304114772
2014-06-18,All-Floors,Total,1540,13474,16837964,436964049992,318914319494,755878369486
2014-06-19,1,Staff,52,450,809708,5341488330,860088580,6201576910
2014-06-19,1,TPG,5,28,39285,674891594,560942318,1235833912
2014-06-19,1,RPG,14,46,68793,2557458844,165118924,2722577768
2014-06-19,1,UG,29,253,394545,6220396372,885007775,7105404147
2014-06-19,1,Alumni,0,0,0,0,0,0
2014-06-19,1,Others(HKUST),1,1,1078,18248825,2318654,20567479
2014-06-19,1,Non-HKUST,0,0,0,0,0,0
2014-06-19,1,Total,101,778,1313409,14812483965,2473476251,17285960216
2014-06-19,G,Staff,115,742,649041,7567436789,1198195032,8765631821
2014-06-19,G,TPG,73,379,414569,6230074576,859809035,7089883611
2014-06-19,G,RPG,122,775,782538,16419916997,11281488775,27701405772
2014-06-19,G,UG,207,803,610419,11632448710,1580629524,13213078234
2014-06-19,G,Alumni,11,37,23758,51617630,411876152,463493782
2014-06-19,G,Others(HKUST),10,55,151129,3479724332,272635422,3752359754
2014-06-19,G,Non-HKUST,7,13,5044,9227064,1051503,10278567
2014-06-19,G,Total,545,2804,2636498,45390446098,15605685443,60996131541
2014-06-19,LG1,Staff,99,433,428649,6203608020,514859171,6718467191
2014-06-19,LG1,TPG,140,1824,2394398,60710844507,13442406739,74153251246
2014-06-19,LG1,RPG,134,990,1289804,12226976314,4429900875,16656877189
2014-06-19,LG1,UG,347,2871,3489171,71828891872,12240120519,84069012391
2014-06-19,LG1,Alumni,19,156,257579,4721332530,1045651984,5766984514
2014-06-19,LG1,Others(HKUST),7,138,30845,40331657,8137512,48469169
2014-06-19,LG1,Non-HKUST,11,102,80795,6161577128,1450899764,7612476892
2014-06-19,LG1,Total,757,6514,7971241,161893562028,33131976564,195025538592
2014-06-19,LG3,Staff,131,269,188590,5583667383,1457223183,7040890566
2014-06-19,LG3,TPG,56,212,333664,48025031639,49720651985,97745683624
2014-06-19,LG3,RPG,138,529,822586,8146396185,1063652349,9210048534
2014-06-19,LG3,UG,205,493,295448,5764482333,2297164292,8061646625
2014-06-19,LG3,Alumni,8,20,32718,160756650,11192443,171949093
2014-06-19,LG3,Others(HKUST),9,11,241,1286873,293276,1580149
2014-06-19,LG3,Non-HKUST,5,5,1200,238610702,6234914,244845616
2014-06-19,LG3,Total,552,1539,1674447,67920231765,54556412442,122476644207
2014-06-19,LG4,Staff,143,460,494060,5785649476,510408835,6296058311
2014-06-19,LG4,TPG,40,183,238021,12450490693,1295529217,13746019910
2014-06-19,LG4,RPG,126,448,620994,17061922983,2918549186,19980472169
2014-06-19,LG4,UG,190,568,607631,17309666347,4641248852,21950915199
2014-06-19,LG4,Alumni,10,225,285675,10240782044,482568967,10723351011
2014-06-19,LG4,Others(HKUST),11,119,166091,8413874198,291039088,8704913286
2014-06-19,LG4,Non-HKUST,6,73,70125,128077953,16930995,145008948
2014-06-19,LG4,Total,526,2076,2482597,71390463694,10156275140,81546738834
2014-06-19,All-Floors,Staff,333,2354,2570048,30481849998,4540774801,35022624799
2014-06-19,All-Floors,TPG,183,2626,3419937,128091333009,65879339294,193970672303
2014-06-19,All-Floors,RPG,338,2788,3584715,56412671323,19858710109,76271381432
2014-06-19,All-Floors,UG,620,4988,5397214,112755885634,21644170962,134400056596
2014-06-19,All-Floors,Alumni,24,438,599730,15174488854,1951289546,17125778400
2014-06-19,All-Floors,Others(HKUST),26,324,349384,11953465885,574423952,12527889837
2014-06-19,All-Floors,Non-HKUST,20,193,157164,6537492847,1475117176,8012610023
2014-06-19,All-Floors,Total,1544,13711,16078192,361407187550,115923825840,477331013390
2014-06-20,1,Staff,52,451,886301,2829202237,794608809,3623811046
2014-06-20,1,TPG,10,43,133895,13183634898,4690806891,17874441789
2014-06-20,1,RPG,14,20,60844,136788641,19091213,155879854
2014-06-20,1,UG,32,198,356034,2062108087,1270245038,3332353125
2014-06-20,1,Alumni,1,1,121,1017708,483871,1501579
2014-06-20,1,Others(HKUST),1,2,1684,60702006,3056317,63758323
2014-06-20,1,Non-HKUST,3,4,597,810660,346034,1156694
2014-06-20,1,Total,113,719,1439476,18274264237,6778638173,25052902410
2014-06-20,G,Staff,112,609,579384,8921503781,833871129,9755374910
2014-06-20,G,TPG,74,259,310852,15652390805,7914542353,23566933158
2014-06-20,G,RPG,113,589,559543,12150835974,2184745206,14335581180
2014-06-20,G,UG,179,809,660921,16736036801,2151573869,18887610670
2014-06-20,G,Alumni,9,19,28943,44669557,12904634,57574191
2014-06-20,G,Others(HKUST),8,42,122666,172472036,36727422,209199458
2014-06-20,G,Non-HKUST,15,38,13559,51386083,17678969,69065052
2014-06-20,G,Total,510,2365,2275868,53729295037,13152043582,66881338619
2014-06-20,LG1,Staff,98,424,340766,3705206124,266355337,3971561461
2014-06-20,LG1,TPG,133,1745,2402156,45408141495,7074149876,52482291371
2014-06-20,LG1,RPG,125,908,1119502,24989858239,2865659369,27855517608
2014-06-20,LG1,UG,251,1568,1948710,32619766117,3686182285,36305948402
2014-06-20,LG1,Alumni,15,154,261988,7999241893,901230727,8900472620
2014-06-20,LG1,Others(HKUST),10,149,76172,2106180639,113482884,2219663523
2014-06-20,LG1,Non-HKUST,13,91,183618,2667407656,1741438657,4408846313
2014-06-20,LG1,Total,645,5039,6332912,119495802163,16648499135,136144301298
2014-06-20,LG3,Staff,136,275,246288,7437206058,454227610,7891433668
2014-06-20,LG3,TPG,53,255,324005,2246057641,435799320,2681856961
2014-06-20,LG3,RPG,147,530,655973,31386958342,4202232516,35589190858
2014-06-20,LG3,UG,195,489,401002,6655179175,1848267971,8503447146
2014-06-20,LG3,Alumni,9,72,63757,5163851300,1835237542,6999088842
2014-06-20,LG3,Others(HKUST),14,26,7676,85642194,17234492,102876686
2014-06-20,LG3,Non-HKUST,10,11,23394,163465062,246438508,409903570
2014-06-20,LG3,Total,564,1658,1722095,53138359772,9039437959,62177797731
2014-06-20,LG4,Staff,96,232,146080,7157281595,1758259205,8915540800
2014-06-20,LG4,TPG,45,258,348209,7757596092,3740453459,11498049551
2014-06-20,LG4,RPG,91,355,486468,10305947236,807769258,11113716494
2014-06-20,LG4,UG,176,524,613823,24368686295,2957132566,27325818861
2014-06-20,LG4,Alumni,17,283,325632,14393945561,537029924,14930975485
2014-06-20,LG4,Others(HKUST),10,120,256151,12922790596,565036025,13487826621
2014-06-20,LG4,Non-HKUST,10,106,53772,441606293,141501865,583108158
2014-06-20,LG4,Total,445,1878,2230135,77347853668,10507182302,87855035970
2014-06-20,All-Floors,Staff,305,1991,2198819,30050399795,4107322090,34157721885
2014-06-20,All-Floors,TPG,186,2560,3519117,84247820931,23855751899,108103572830
2014-06-20,All-Floors,RPG,321,2402,2882330,78970388432,10079497562,89049885994
2014-06-20,All-Floors,UG,521,3588,3980490,82441776475,11913401729,94355178204
2014-06-20,All-Floors,Alumni,26,529,680441,27602726019,3286886698,30889612717
2014-06-20,All-Floors,Others(HKUST),25,339,464349,15347787471,735537140,16083324611
2014-06-20,All-Floors,Non-HKUST,30,250,274940,3324675754,2147404033,5472079787
2014-06-20,All-Floors,Total,1414,11659,14000486,321985574877,56125801151,378111376028
2014-06-21,1,Staff,14,102,284425,1055251593,255165619,1310417212
2014-06-21,1,TPG,6,27,41616,8283712584,1249628660,9533341244
2014-06-21,1,RPG,11,37,56785,1685743242,187248433,1872991675
2014-06-21,1,UG,21,129,287389,5354647687,1173211435,6527859122
2014-06-21,1,Alumni,4,25,77042,5594620104,214743774,5809363878
2014-06-21,1,Others(HKUST),0,0,0,0,0,0
2014-06-21,1,Non-HKUST,4,21,56405,1202067885,139871518,1341939403
2014-06-21,1,Total,60,341,803662,23176043095,3219869439,26395912534
2014-06-21,G,Staff,39,215,229468,2186039068,251765992,2437805060
2014-06-21,G,TPG,53,302,302045,40166348054,14822757316,54989105370
2014-06-21,G,RPG,91,469,430660,19659162763,4583019176,24242181939
2014-06-21,G,UG,115,523,303838,5739384875,912036489,6651421364
2014-06-21,G,Alumni,22,61,46667,1167867240,63402271,1231269511
2014-06-21,G,Others(HKUST),6,16,86046,573514888,50455683,623970571
2014-06-21,G,Non-HKUST,11,16,15979,1238723557,121442172,1360165729
2014-06-21,G,Total,337,1602,1414703,70731040445,20804879099,91535919544
2014-06-21,LG1,Staff,28,140,182795,1175780189,71169817,1246950006
2014-06-21,LG1,TPG,89,984,1520028,33746291687,5932837847,39679129534
2014-06-21,LG1,RPG,101,837,1015685,18395920806,10628567338,29024488144
2014-06-21,LG1,UG,178,1321,2009403,32116147682,4440006967,36556154649
2014-06-21,LG1,Alumni,22,109,124200,2689453424,243568116,2933021540
2014-06-21,LG1,Others(HKUST),7,78,59475,3117262,1421462,4538724
2014-06-21,LG1,Non-HKUST,14,64,96738,1195253777,90520286,1285774063
2014-06-21,LG1,Total,439,3533,5008324,89321964827,21408091833,110730056660
2014-06-21,LG3,Staff,31,71,86322,1749219498,170566748,1919786246
2014-06-21,LG3,TPG,49,129,149285,1781698501,131428025,1913126526
2014-06-21,LG3,RPG,98,382,370759,5983118330,859847327,6842965657
2014-06-21,LG3,UG,131,329,119833,4167320968,1057158469,5224479437
2014-06-21,LG3,Alumni,14,76,155622,3493482166,248510314,3741992480
2014-06-21,LG3,Others(HKUST),5,12,6118,1632174,525028,2157202
2014-06-21,LG3,Non-HKUST,6,26,33484,850663872,49993407,900657279
2014-06-21,LG3,Total,334,1025,921423,18027135509,2518029318,20545164827
2014-06-21,LG4,Staff,24,172,179262,2152687960,477087334,2629775294
2014-06-21,LG4,TPG,35,224,304139,20371892816,770248965,21142141781
2014-06-21,LG4,RPG,64,165,175903,2038893013,478518683,2517411696
2014-06-21,LG4,UG,102,424,429174,13988713249,3338137209,17326850458
2014-06-21,LG4,Alumni,21,187,340609,7149581536,383621402,7533202938
2014-06-21,LG4,Others(HKUST),6,106,322451,13385732097,689953108,14075685205
2014-06-21,LG4,Non-HKUST,9,11,9363,6328382,8970532,15298914
2014-06-21,LG4,Total,261,1289,1760901,59093829053,6146537233,65240366286
2014-06-21,All-Floors,Staff,86,700,962272,8318978308,1225755510,9544733818
2014-06-21,All-Floors,TPG,139,1666,2317113,104349943642,22906900813,127256844455
2014-06-21,All-Floors,RPG,230,1890,2049792,47762838154,16737200957,64500039111
2014-06-21,All-Floors,UG,338,2726,3149637,61366214461,10920550569,72286765030
2014-06-21,All-Floors,Alumni,43,458,744140,20095004470,1153845877,21248850347
2014-06-21,All-Floors,Others(HKUST),16,212,474090,13963996421,742355281,14706351702
2014-06-21,All-Floors,Non-HKUST,27,138,211969,4493037473,410797915,4903835388
2014-06-21,All-Floors,Total,879,7790,9909013,260350012929,54097406922,314447419851
2014-06-22,1,Staff,10,62,149896,66614864,52436304,119051168
2014-06-22,1,TPG,7,37,79048,1052647766,155960497,1208608263
2014-06-22,1,RPG,14,67,119324,2448608834,179438935,2628047769
2014-06-22,1,UG,13,57,114193,2946178165,607811865,3553990030
2014-06-22,1,Alumni,4,17,39221,426294698,45527472,471822170
2014-06-22,1,Others(HKUST),0,0,0,0,0,0
2014-06-22,1,Non-HKUST,0,0,0,0,0,0
2014-06-22,1,Total,48,240,501682,6940344327,1041175073,7981519400
2014-06-22,G,Staff,30,211,181524,2052151499,269135920,2321287419
2014-06-22,G,TPG,38,169,199659,5892871190,402380179,6295251369
2014-06-22,G,RPG,43,175,214092,7630096890,5626310089,13256406979
2014-06-22,G,UG,87,317,333993,6885242215,616939262,7502181477
2014-06-22,G,Alumni,15,111,86531,2422449826,521712050,2944161876
2014-06-22,G,Others(HKUST),3,6,25082,8911752,7644242,16555994
2014-06-22,G,Non-HKUST,2,7,604,169933,209537,379470
2014-06-22,G,Total,218,996,1041485,24891893305,7444331279,32336224584
2014-06-22,LG1,Staff,26,103,123607,14584178219,935721495,15519899714
2014-06-22,LG1,TPG,87,872,1217291,42457542462,16051639134,58509181596
2014-06-22,LG1,RPG,60,395,501175,2762959365,1821813156,4584772521
2014-06-22,LG1,UG,142,1064,1450077,18483964192,88391274962,106875239154
2014-06-22,LG1,Alumni,24,143,171322,4353411159,252328788,4605739947
2014-06-22,LG1,Others(HKUST),5,33,86434,99359645,53688760,153048405
2014-06-22,LG1,Non-HKUST,7,15,40808,28638907,4651658,33290565
2014-06-22,LG1,Total,351,2625,3590714,82770053949,107511117953,190281171902
2014-06-22,LG3,Staff,24,70,82160,2582909795,122110215,2705020010
2014-06-22,LG3,TPG,41,177,212602,9823672087,299920331,10123592418
2014-06-22,LG3,RPG,60,131,73689,4239901642,250788650,4490690292
2014-06-22,LG3,UG,130,251,174357,2131382211,154102750,2285484961
2014-06-22,LG3,Alumni,13,32,65029,90521759,66145550,156667309
2014-06-22,LG3,Others(HKUST),4,7,7789,160443694,100192289,260635983
2014-06-22,LG3,Non-HKUST,3,3,0,117016,39181,156197
2014-06-22,LG3,Total,275,671,615626,19028948204,993298966,20022247170
2014-06-22,LG4,Staff,24,166,182891,39824244165,2019355906,41843600071
2014-06-22,LG4,TPG,28,122,155891,1208337212,164195485,1372532697
2014-06-22,LG4,RPG,52,113,166712,3995052719,542079682,4537132401
2014-06-22,LG4,UG,90,253,291584,11797359323,1731855428,13529214751
2014-06-22,LG4,Alumni,11,91,149949,1487712816,221338296,1709051112
2014-06-22,LG4,Others(HKUST),5,73,228494,7902852051,357689175,8260541226
2014-06-22,LG4,Non-HKUST,8,39,49673,286519260,20744467,307263727
2014-06-22,LG4,Total,218,857,1225194,66502077546,5057258439,71559335985
2014-06-22,All-Floors,Staff,72,612,720078,59110098542,3398759840,62508858382
2014-06-22,All-Floors,TPG,122,1377,1864491,60435070717,17074095626,77509166343
2014-06-22,All-Floors,RPG,154,881,1074992,21076619450,8420430512,29497049962
2014-06-22,All-Floors,UG,308,1942,2364204,42244126106,91501984267,133746110373
2014-06-22,All-Floors,Alumni,42,394,512052,8780390258,1107052156,9887442414
2014-06-22,All-Floors,Others(HKUST),12,119,347799,8171567142,519214466,8690781608
2014-06-22,All-Floors,Non-HKUST,15,64,91085,315445116,25644843,341089959
2014-06-22,All-Floors,Total,725,5389,6974701,200133317331,122047181710,322180499041
2014-06-23,1,Staff,55,537,826398,4142460689,480511727,4622972416
2014-06-23,1,TPG,11,51,122816,7696629229,500411734,8197040963
2014-06-23,1,RPG,11,29,51605,2410298713,74310799,2484609512
2014-06-23,1,UG,42,248,378535,9434027941,1033171351,10467199292
2014-06-23,1,Alumni,3,13,46754,2272305124,104948748,2377253872
2014-06-23,1,Others(HKUST),1,34,3462,6107594,42047998,48155592
2014-06-23,1,Non-HKUST,5,6,3108,3850783,539725,4390508
2014-06-23,1,Total,128,918,1432678,25965680073,2235942082,28201622155
2014-06-23,G,Staff,131,759,754164,8948515552,849396613,9797912165
2014-06-23,G,TPG,90,537,627773,18627004007,1516244762,20143248769
2014-06-23,G,RPG,127,688,558550,11900933197,4179631112,16080564309
2014-06-23,G,UG,280,1053,770316,32055567306,5751448450,37807015756
2014-06-23,G,Alumni,11,35,11408,1541995580,66200831,1608196411
2014-06-23,G,Others(HKUST),13,144,111664,703842103,1298024273,2001866376
2014-06-23,G,Non-HKUST,14,35,18836,335515672,20742300,356257972
2014-06-23,G,Total,666,3251,2852711,74113373417,13681688341,87795061758
2014-06-23,LG1,Staff,108,450,343473,3888564626,553503341,4442067967
2014-06-23,LG1,TPG,146,1671,2188084,54131812287,7734127122,61865939409
2014-06-23,LG1,RPG,113,914,1324203,12204250685,1727879155,13932129840
2014-06-23,LG1,UG,354,2222,2877383,40061960332,5095770008,45157730340
2014-06-23,LG1,Alumni,20,152,271744,10215999750,3305261937,13521261687
2014-06-23,LG1,Others(HKUST),14,86,155269,966959097,151586642,1118545739
2014-06-23,LG1,Non-HKUST,13,66,164178,719901235,409258331,1129159566
2014-06-23,LG1,Total,768,5561,7324334,122189448012,18977386536,141166834548
2014-06-23,LG3,Staff,138,264,122358,1042148550,109394041,1151542591
2014-06-23,LG3,TPG,59,287,251309,117304344897,143338045477,260642390374
2014-06-23,LG3,RPG,142,530,525101,13941113750,1176307567,15117421317
2014-06-23,LG3,UG,316,670,442817,10843604227,1305000422,12148604649
2014-06-23,LG3,Alumni,7,21,5986,4685202,2322821,7008023
2014-06-23,LG3,Others(HKUST),12,27,1553,7401712,716559,8118271
2014-06-23,LG3,Non-HKUST,14,47,79423,951953624,512569392,1464523016
2014-06-23,LG3,Total,688,1846,1428547,144095251962,146444356279,290539608241
2014-06-23,LG4,Staff,100,274,222893,2539305986,265387516,2804693502
2014-06-23,LG4,TPG,52,320,401644,5898018330,1300007782,7198026112
2014-06-23,LG4,RPG,114,535,587604,14177490970,2502562751,16680053721
2014-06-23,LG4,UG,257,815,744613,20333431506,2212788608,22546220114
2014-06-23,LG4,Alumni,12,145,258928,7066061582,412720949,7478782531
2014-06-23,LG4,Others(HKUST),9,139,236569,10125779812,475401692,10601181504
2014-06-23,LG4,Non-HKUST,13,77,164670,2275654069,2134286656,4409940725
2014-06-23,LG4,Total,557,2305,2616921,62415742255,9303155954,71718898209
2014-06-23,All-Floors,Staff,337,2284,2269286,20560995403,2258193238,22819188641
2014-06-23,All-Floors,TPG,202,2866,3591626,203657808750,154388836877,358046645627
2014-06-23,All-Floors,RPG,315,2696,3047063,54634087315,9660691384,64294778699
2014-06-23,All-Floors,UG,783,5008,5213664,112728591312,15398178839,128126770151
2014-06-23,All-Floors,Alumni,27,366,594820,21101047238,3891455286,24992502524
2014-06-23,All-Floors,Others(HKUST),30,430,508517,11810090318,1967777164,13777867482
2014-06-23,All-Floors,Non-HKUST,31,231,430215,4286875383,3077396404,7364271787
2014-06-23,All-Floors,Total,1725,13881,15655191,428779495719,190642529192,619422024911
2014-06-24,1,Staff,57,460,469834,2886625435,230840959,3117466394
2014-06-24,1,TPG,8,41,102807,1046916581,110628690,1157545271
2014-06-24,1,RPG,12,20,83418,2142489364,562471212,2704960576
2014-06-24,1,UG,69,305,515769,10100344347,3198508138,13298852485
2014-06-24,1,Alumni,1,30,40795,654858210,133806271,788664481
2014-06-24,1,Others(HKUST),4,12,963,107749896,6733967,114483863
2014-06-24,1,Non-HKUST,2,2,0,51748,45005,96753
2014-06-24,1,Total,153,870,1213586,16939035581,4243034242,21182069823
2014-06-24,G,Staff,127,612,489082,4748399981,560167275,5308567256
2014-06-24,G,TPG,82,432,378919,4970811753,656803851,5627615604
2014-06-24,G,RPG,110,601,620169,25540197701,1537737131,27077934832
2014-06-24,G,UG,304,1440,1286290,45634467811,8951125655,54585593466
2014-06-24,G,Alumni,11,68,76766,2093242484,1346345496,3439587980
2014-06-24,G,Others(HKUST),10,67,118687,1419189335,90009926,1509199261
2014-06-24,G,Non-HKUST,17,42,18607,36654584,8024824,44679408
2014-06-24,G,Total,661,3262,2988520,84442963649,13150214158,97593177807
2014-06-24,LG1,Staff,159,885,749823,20573949473,3756073184,24330022657
2014-06-24,LG1,TPG,122,1502,1847033,27841014124,6064755277,33905769401
2014-06-24,LG1,RPG,127,869,1160330,14991395658,3105898989,18097294647
2014-06-24,LG1,UG,439,2844,3893742,75431815687,9116293040,84548108727
2014-06-24,LG1,Alumni,20,171,297632,4958456627,2570146178,7528602805
2014-06-24,LG1,Others(HKUST),15,74,127105,2425467182,146185873,2571653055
2014-06-24,LG1,Non-HKUST,17,54,45173,896099705,60908007,957007712
2014-06-24,LG1,Total,899,6399,8120838,147118198456,24820260548,171938459004
2014-06-24,LG3,Staff,144,272,280763,1741701797,833511584,2575213381
2014-06-24,LG3,TPG,39,160,243000,34284307447,71926398337,106210705784
2014-06-24,LG3,RPG,155,537,632072,17844709808,1884707633,19729417441
2014-06-24,LG3,UG,321,806,788160,9921309300,1716357015,11637666315
2014-06-24,LG3,Alumni,12,31,22819,419128439,28296443,447424882
2014-06-24,LG3,Others(HKUST),12,48,19805,123453249,13871372,137324621
2014-06-24,LG3,Non-HKUST,16,30,33712,891124025,87016824,978140849
2014-06-24,LG3,Total,699,1884,2020331,65225734065,76490159208,141715893273
2014-06-24,LG4,Staff,151,646,613798,21803324221,1415192150,23218516371
2014-06-24,LG4,TPG,36,186,285925,9300288798,750725256,10051014054
2014-06-24,LG4,RPG,98,441,724873,22743535827,2492544695,25236080522
2014-06-24,LG4,UG,234,816,840133,13661538605,1881368338,15542906943
2014-06-24,LG4,Alumni,16,153,264386,9696550862,531229996,10227780858
2014-06-24,LG4,Others(HKUST),14,122,266108,7924041862,404799476,8328841338
2014-06-24,LG4,Non-HKUST,11,70,139914,970232402,4056362118,5026594520
2014-06-24,LG4,Total,560,2434,3135137,86099512577,11532222029,97631734606
2014-06-24,All-Floors,Staff,356,2875,2603300,51754000907,6795785152,58549786059
2014-06-24,All-Floors,TPG,164,2321,2857684,77443338703,79509311411,156952650114
2014-06-24,All-Floors,RPG,341,2468,3220862,83262328358,9583359660,92845688018
2014-06-24,All-Floors,UG,800,6211,7324094,154749475750,24863652186,179613127936
2014-06-24,All-Floors,Alumni,29,453,702398,17822236622,4609824384,22432061006
2014-06-24,All-Floors,Others(HKUST),33,323,532668,11999901524,661600614,12661502138
2014-06-24,All-Floors,Non-HKUST,38,198,237406,2794162464,4212356778,7006519242
2014-06-24,All-Floors,Total,1761,14849,17478412,399825444328,130235890185,530061334513
2014-06-25,1,Staff,59,549,851757,6374466403,946104214,7320570617
2014-06-25,1,TPG,7,13,29861,1107657634,901018278,2008675912
2014-06-25,1,RPG,19,52,119631,1408390086,143759595,1552149681
2014-06-25,1,UG,42,268,420162,6427923267,4174086778,10602010045
2014-06-25,1,Alumni,2,18,13198,127273370,14783990,142057360
2014-06-25,1,Others(HKUST),1,6,8168,224029,159387,383416
2014-06-25,1,Non-HKUST,3,10,6355,370857651,25107323,395964974
2014-06-25,1,Total,133,916,1449132,15816792440,6205019565,22021812005
2014-06-25,G,Staff,121,690,748192,12408470368,1306924645,13715395013
2014-06-25,G,TPG,73,430,389001,7344202409,1082120156,8426322565
2014-06-25,G,RPG,115,501,484031,19501955564,1663958148,21165913712
2014-06-25,G,UG,302,1288,1059450,43792382181,4049149653,47841531834
2014-06-25,G,Alumni,12,44,39614,976638986,41488400,1018127386
2014-06-25,G,Others(HKUST),11,85,116162,523997462,46435970,570433432
2014-06-25,G,Non-HKUST,16,79,94993,4095235742,9302192390,13397428132
2014-06-25,G,Total,650,3117,2931443,88642882712,17492269362,106135152074
2014-06-25,LG1,Staff,111,427,294749,3124874673,262703345,3387578018
2014-06-25,LG1,TPG,138,1965,2669922,45902842299,6610968123,52513810422
2014-06-25,LG1,RPG,124,1121,1385162,30109492075,4598200347,34707692422
2014-06-25,LG1,UG,372,2541,3295860,44582712239,5546357462,50129069701
2014-06-25,LG1,Alumni,22,201,262864,9077991404,2571794787,11649786191
2014-06-25,LG1,Others(HKUST),11,191,143593,454056599,50198351,504254950
2014-06-25,LG1,Non-HKUST,23,149,231687,1626618605,139757852,1766376457
2014-06-25,LG1,Total,801,6595,8283837,134878587894,19779980267,154658568161
2014-06-25,LG3,Staff,138,286,258074,4196510908,236423728,4432934636
2014-06-25,LG3,TPG,67,416,551662,26342392309,12654716913,38997109222
2014-06-25,LG3,RPG,137,459,616188,13936029238,1436691757,15372720995
2014-06-25,LG3,UG,289,689,695484,6085120929,1724716911,7809837840
2014-06-25,LG3,Alumni,10,54,82662,4792638998,192233426,4984872424
2014-06-25,LG3,Others(HKUST),18,31,12490,136482324,33577939,170060263
2014-06-25,LG3,Non-HKUST,16,35,66870,1962677886,970559376,2933237262
2014-06-25,LG3,Total,675,1970,2283430,57451852592,17248920050,74700772642
2014-06-25,LG4,Staff,102,302,198787,1538747501,277366025,1816113526
2014-06-25,LG4,TPG,42,380,473920,24202554436,4226767676,28429322112
2014-06-25,LG4,RPG,116,491,774007,27343066343,2390326694,29733393037
2014-06-25,LG4,UG,226,829,869471,21741509629,1798757433,23540267062
2014-06-25,LG4,Alumni,14,188,316890,2559179564,238152714,2797332278
2014-06-25,LG4,Others(HKUST),7,125,295006,9599949577,418317820,10018267397
2014-06-25,LG4,Non-HKUST,12,63,53395,345172887,26612933,371785820
2014-06-25,LG4,Total,519,2378,2981476,87330179937,9376301295,96706481232
2014-06-25,All-Floors,Staff,334,2254,2351559,27643069853,3029521957,30672591810
2014-06-25,All-Floors,TPG,183,3204,4114366,104899649087,25475591146,130375240233
2014-06-25,All-Floors,RPG,329,2624,3379019,92298933306,10232936541,102531869847
2014-06-25,All-Floors,UG,758,5615,6340427,122629648245,17293068237,139922716482
2014-06-25,All-Floors,Alumni,30,505,715228,17533722322,3058453317,20592175639
2014-06-25,All-Floors,Others(HKUST),29,438,575419,10714709991,548689467,11263399458
2014-06-25,All-Floors,Non-HKUST,40,336,453300,8400562771,10464229874,18864792645
2014-06-25,All-Floors,Total,1703,14976,17929318,384120295575,70102490539,454222786114
2014-06-26,1,Staff,53,513,859194,16067258709,1015757523,17083016232
2014-06-26,1,TPG,7,34,68813,7525778936,353098309,7878877245
2014-06-26,1,RPG,16,46,62460,1578423530,140056714,1718480244
2014-06-26,1,UG,44,250,421988,10256150533,1119324072,11375474605
2014-06-26,1,Alumni,2,8,5531,12033461,1810918,13844379
2014-06-26,1,Others(HKUST),3,8,354,44056781,4265344,48322125
2014-06-26,1,Non-HKUST,0,0,0,0,0,0
2014-06-26,1,Total,125,859,1418340,35483701950,2634312880,38118014830
2014-06-26,G,Staff,108,697,601152,2548087407,431720788,2979808195
2014-06-26,G,TPG,67,451,342689,15390144435,1665533747,17055678182
2014-06-26,G,RPG,118,566,569557,10117621196,1403511178,11521132374
2014-06-26,G,UG,291,1290,1113256,69737866275,3944205716,73682071991
2014-06-26,G,Alumni,11,51,83720,2376733900,178820165,2555554065
2014-06-26,G,Others(HKUST),13,65,135587,187556585,37195219,224751804
2014-06-26,G,Non-HKUST,13,96,71932,277623504,191619826,469243330
2014-06-26,G,Total,621,3216,2917893,100635633302,7852606639,108488239941
2014-06-26,LG1,Staff,92,393,275910,7186734347,286349779,7473084126
2014-06-26,LG1,TPG,109,1153,1666346,40719645574,7246089848,47965735422
2014-06-26,LG1,RPG,128,1105,1361505,19595636715,2794331493,22389968208
2014-06-26,LG1,UG,389,2426,3113347,36307413319,4321382871,40628796190
2014-06-26,LG1,Alumni,18,208,321549,8766942791,3297612211,12064555002
2014-06-26,LG1,Others(HKUST),10,154,144203,158118016,14564059,172682075
2014-06-26,LG1,Non-HKUST,22,139,193858,1338589849,170573996,1509163845
2014-06-26,LG1,Total,768,5578,7076718,114073080611,18130904257,132203984868
2014-06-26,LG3,Staff,132,347,251774,5556257318,472413885,6028671203
2014-06-26,LG3,TPG,44,193,308453,58097709053,53188287847,111285996900
2014-06-26,LG3,RPG,133,464,575599,9698719984,7099993441,16798713425
2014-06-26,LG3,UG,259,674,651883,7374282233,699264631,8073546864
2014-06-26,LG3,Alumni,14,19,27115,71861870,6979965,78841835
2014-06-26,LG3,Others(HKUST),12,25,7936,28703714,4161797,32865511
2014-06-26,LG3,Non-HKUST,11,19,53408,1221425803,619185902,1840611705
2014-06-26,LG3,Total,605,1741,1876168,82048959975,62090287468,144139247443
2014-06-26,LG4,Staff,107,349,246242,3923150515,1131309853,5054460368
2014-06-26,LG4,TPG,36,159,213232,5226798359,367748485,5594546844
2014-06-26,LG4,RPG,131,612,902045,16505523843,2358503536,18864027379
2014-06-26,LG4,UG,224,832,811591,31134373190,4641690214,35776063404
2014-06-26,LG4,Alumni,13,139,334531,4040880019,320413892,4361293911
2014-06-26,LG4,Others(HKUST),8,135,286133,12269033444,560228686,12829262130
2014-06-26,LG4,Non-HKUST,8,53,36980,154547473,40093020,194640493
2014-06-26,LG4,Total,527,2279,2830754,73254306843,9419987686,82674294529
2014-06-26,All-Floors,Staff,308,2299,2234272,35281488296,3337551828,38619040124
2014-06-26,All-Floors,TPG,147,1990,2599533,126960076357,62820758236,189780834593
2014-06-26,All-Floors,RPG,329,2793,3471166,57495925268,13796396362,71292321630
2014-06-26,All-Floors,UG,749,5472,6112065,154810085550,14725867504,169535953054
2014-06-26,All-Floors,Alumni,30,425,772446,15268452041,3805637151,19074089192
2014-06-26,All-Floors,Others(HKUST),24,387,574213,12687468540,620415105,13307883645
2014-06-26,All-Floors,Non-HKUST,33,307,356178,2992186629,1021472744,4013659373
2014-06-26,All-Floors,Total,1620,13673,16119873,405495682681,100128098930,505623781611
2014-06-27,1,Staff,48,429,691079,29461901130,974952162,30436853292
2014-06-27,1,TPG,9,64,96162,198370671888,5425165785,203795837673
2014-06-27,1,RPG,10,25,67250,1187639261,288007125,1475646386
2014-06-27,1,UG,48,236,370540,10532837474,922574274,11455411748
2014-06-27,1,Alumni,1,11,7449,33207110,3876843,37083953
2014-06-27,1,Others(HKUST),1,3,602,1792770,368210,2160980
2014-06-27,1,Non-HKUST,5,21,16308,1243601,648759,1892360
2014-06-27,1,Total,122,789,1249390,239589293234,7615593158,247204886392
2014-06-27,G,Staff,87,514,496741,3420240917,856807189,4277048106
2014-06-27,G,TPG,76,490,509994,36753075180,3631123463,40384198643
2014-06-27,G,RPG,87,457,492503,24938148514,1801167681,26739316195
2014-06-27,G,UG,271,1265,1062194,37221291091,3627203922,40848495013
2014-06-27,G,Alumni,11,27,24484,206250744,18072747,224323491
2014-06-27,G,Others(HKUST),8,61,138432,385038961,120025454,505064415
2014-06-27,G,Non-HKUST,24,117,119561,2154920833,666104157,2821024990
2014-06-27,G,Total,564,2931,2843909,105078966240,10720504613,115799470853
2014-06-27,LG1,Staff,101,433,281696,5547945075,282595684,5830540759
2014-06-27,LG1,TPG,129,1281,1843162,22629080226,16034918999,38663999225
2014-06-27,LG1,RPG,128,953,1223018,15004455880,2232939528,17237395408
2014-06-27,LG1,UG,399,2431,3169463,42116056492,8561590708,50677647200
2014-06-27,LG1,Alumni,17,150,241700,1055415501,92313735,1147729236
2014-06-27,LG1,Others(HKUST),9,107,41203,4112342234,123121992,4235464226
2014-06-27,LG1,Non-HKUST,16,49,39736,126311362,27468462,153779824
2014-06-27,LG1,Total,799,5404,6839978,90591606770,27354949108,117946555878
2014-06-27,LG3,Staff,149,314,196201,1204656047,1121345323,2326001370
2014-06-27,LG3,TPG,46,251,278777,155202800220,165808288318,321011088538
2014-06-27,LG3,RPG,135,407,391084,4517460385,522666007,5040126392
2014-06-27,LG3,UG,252,733,694695,23840864203,1529474982,25370339185
2014-06-27,LG3,Alumni,9,40,59996,5010224533,202544962,5212769495
2014-06-27,LG3,Others(HKUST),15,24,25689,270841881,21322741,292164622
2014-06-27,LG3,Non-HKUST,11,31,81619,1930115209,974752530,2904867739
2014-06-27,LG3,Total,617,1800,1728061,191976962478,170180394863,362157357341
2014-06-27,LG4,Staff,102,283,208539,1427204230,222548376,1649752606
2014-06-27,LG4,TPG,40,374,423015,10335178812,2387463943,12722642755
2014-06-27,LG4,RPG,113,466,570335,8404857046,1409950556,9814807602
2014-06-27,LG4,UG,160,397,318846,8363804076,1057111807,9420915883
2014-06-27,LG4,Alumni,11,125,284117,8916222828,856286338,9772509166
2014-06-27,LG4,Others(HKUST),11,128,278041,8429250498,346249134,8775499632
2014-06-27,LG4,Non-HKUST,10,65,64271,511540392,92411032,603951424
2014-06-27,LG4,Total,447,1838,2147164,46388057882,6372021186,52760079068
2014-06-27,All-Floors,Staff,307,1973,1874256,41061947399,3458248734,44520196133
2014-06-27,All-Floors,TPG,171,2460,3151110,423290806326,193286960508,616577766834
2014-06-27,All-Floors,RPG,312,2308,2744190,54052561086,6254730897,60307291983
2014-06-27,All-Floors,UG,726,5062,5615738,122074853336,15697955693,137772809029
2014-06-27,All-Floors,Alumni,29,353,617746,15221320716,1173094625,16394415341
2014-06-27,All-Floors,Others(HKUST),29,323,483967,13199266344,611087531,13810353875
2014-06-27,All-Floors,Non-HKUST,36,283,321495,4724131397,1761384940,6485516337
2014-06-27,All-Floors,Total,1610,12762,14808502,673624886604,222243462928,895868349532
2014-06-28,1,Staff,7,67,210497,297279609,223492299,520771908
2014-06-28,1,TPG,9,86,160765,122167566627,5928998233,128096564860
2014-06-28,1,RPG,6,16,14884,960983674,114557924,1075541598
2014-06-28,1,UG,13,53,127907,2246189720,176197200,2422386920
2014-06-28,1,Alumni,2,24,62770,1468922383,95332668,1564255051
2014-06-28,1,Others(HKUST),2,3,2996,871986,410467,1282453
2014-06-28,1,Non-HKUST,0,0,0,0,0,0
2014-06-28,1,Total,39,249,579819,127141813999,6538988791,133680802790
2014-06-28,G,Staff,39,182,173854,2023739588,308841779,2332581367
2014-06-28,G,TPG,58,306,311678,16074384470,1345482495,17419866965
2014-06-28,G,RPG,64,266,224850,42191854803,2242915236,44434770039
2014-06-28,G,UG,154,574,536207,12700918750,1522605712,14223524462
2014-06-28,G,Alumni,20,63,72721,414210735,42943934,457154669
2014-06-28,G,Others(HKUST),8,17,99690,1314539881,52726568,1367266449
2014-06-28,G,Non-HKUST,7,32,42116,653495852,46067800,699563652
2014-06-28,G,Total,350,1440,1461116,75373144079,5561583524,80934727603
2014-06-28,LG1,Staff,40,169,162975,2272091267,967681683,3239772950
2014-06-28,LG1,TPG,107,850,1454185,22967019658,5400457241,28367476899
2014-06-28,LG1,RPG,92,605,845908,7782871467,6645993421,14428864888
2014-06-28,LG1,UG,226,1668,2417348,46731261237,5266961368,51998222605
2014-06-28,LG1,Alumni,28,158,269800,4273457914,168263019,4441720933
2014-06-28,LG1,Others(HKUST),8,135,49494,376945097,39135364,416080461
2014-06-28,LG1,Non-HKUST,11,114,169409,914342759,118923519,1033266278
2014-06-28,LG1,Total,512,3699,5369119,85317989399,18607415615,103925405014
2014-06-28,LG3,Staff,36,108,189562,4333144023,282354711,4615498734
2014-06-28,LG3,TPG,62,229,250625,61436693039,29138866210,90575559249
2014-06-28,LG3,RPG,84,238,335033,27219334576,11732724162,38952058738
2014-06-28,LG3,UG,154,386,270246,15898940091,630777726,16529717817
2014-06-28,LG3,Alumni,15,60,128502,994448711,82456447,1076905158
2014-06-28,LG3,Others(HKUST),7,32,14637,302392274,25563848,327956122
2014-06-28,LG3,Non-HKUST,8,10,11524,52667823,5753504,58421327
2014-06-28,LG3,Total,366,1063,1200129,110237620537,41898496608,152136117145
2014-06-28,LG4,Staff,21,75,85056,4284936804,181769032,4466705836
2014-06-28,LG4,TPG,39,249,310860,6352161402,2519967943,8872129345
2014-06-28,LG4,RPG,79,245,204284,5045736621,716353023,5762089644
2014-06-28,LG4,UG,105,393,411044,4323880084,4203674304,8527554388
2014-06-28,LG4,Alumni,21,122,222602,3566358353,189882528,3756240881
2014-06-28,LG4,Others(HKUST),5,111,250329,17122522597,1425334187,18547856784
2014-06-28,LG4,Non-HKUST,7,39,108079,1806849534,311159642,2118009176
2014-06-28,LG4,Total,277,1234,1592254,42502445395,9548140659,52050586054
2014-06-28,All-Floors,Staff,92,601,821944,13211191291,1964139504,15175330795
2014-06-28,All-Floors,TPG,150,1720,2488113,228997825196,44333772122,273331597318
2014-06-28,All-Floors,RPG,219,1370,1624959,83200781141,21452543766,104653324907
2014-06-28,All-Floors,UG,405,3074,3762752,81901189882,11800216310,93701406192
2014-06-28,All-Floors,Alumni,50,427,756395,10717398096,578878596,11296276692
2014-06-28,All-Floors,Others(HKUST),14,298,417146,19117271835,1543170434,20660442269
2014-06-28,All-Floors,Non-HKUST,23,195,331128,3427355968,481904465,3909260433
2014-06-28,All-Floors,Total,953,7685,10202437,440573013409,82154625197,522727638606
2014-06-29,1,Staff,7,61,198413,2347571383,157275662,2504847045
2014-06-29,1,TPG,3,42,58804,223268868234,9374953666,232643821900
2014-06-29,1,RPG,3,7,27856,645016837,60691754,705708591
2014-06-29,1,UG,20,130,305855,2257329317,1035967926,3293297243
2014-06-29,1,Alumni,3,9,45114,1577673786,84168074,1661841860
2014-06-29,1,Others(HKUST),1,1,119,21229,12815,34044
2014-06-29,1,Non-HKUST,1,2,13190,3884986,718339,4603325
2014-06-29,1,Total,38,252,649351,230100365772,10713788236,240814154008
2014-06-29,G,Staff,18,86,58082,4230953113,228904282,4459857395
2014-06-29,G,TPG,30,158,158546,14639102732,1195155058,15834257790
2014-06-29,G,RPG,33,103,149979,471408430,227701859,699110289
2014-06-29,G,UG,108,413,412535,12523833270,4766241276,17290074546
2014-06-29,G,Alumni,13,59,91100,1423978038,237066087,1661044125
2014-06-29,G,Others(HKUST),3,11,100441,31437118,13191022,44628140
2014-06-29,G,Non-HKUST,6,18,4548,30258531,22189052,52447583
2014-06-29,G,Total,211,848,975231,33350971232,6690448636,40041419868
2014-06-29,LG1,Staff,26,105,129526,739554908,1344982108,2084537016
2014-06-29,LG1,TPG,73,677,1002973,22600668543,18994276242,41594944785
2014-06-29,LG1,RPG,56,338,451716,8806477248,2219575184,11026052432
2014-06-29,LG1,UG,154,914,1447547,24055656296,2494224210,26549880506
2014-06-29,LG1,Alumni,25,148,212374,3910058779,143337711,4053396490
2014-06-29,LG1,Others(HKUST),1,87,17431,0,0,0
2014-06-29,LG1,Non-HKUST,1,1,0,2219279,286781,2506060
2014-06-29,LG1,Total,336,2270,3261567,60114635053,25196682236,85311317289
2014-06-29,LG3,Staff,24,52,27485,101046722,19478324,120525046
2014-06-29,LG3,TPG,29,82,149923,5206156071,357342690,5563498761
2014-06-29,LG3,RPG,64,143,138228,2303799674,193738782,2497538456
2014-06-29,LG3,UG,136,412,341895,9859394564,618971072,10478365636
2014-06-29,LG3,Alumni,14,23,47620,2287776252,80075863,2367852115
2014-06-29,LG3,Others(HKUST),3,5,239,37915,14908,52823
2014-06-29,LG3,Non-HKUST,2,2,239,1153035,219941,1372976
2014-06-29,LG3,Total,272,719,705629,19759364233,1269841580,21029205813
2014-06-29,LG4,Staff,12,83,34773,46689956,3622446,50312402
2014-06-29,LG4,TPG,28,97,184220,10516394082,716518475,11232912557
2014-06-29,LG4,RPG,42,127,172732,6915337352,493200629,7408537981
2014-06-29,LG4,UG,117,355,233507,3614883829,702325952,4317209781
2014-06-29,LG4,Alumni,12,117,215472,5729363760,209302980,5938666740
2014-06-29,LG4,Others(HKUST),4,78,194868,11993644228,1208756406,13202400634
2014-06-29,LG4,Non-HKUST,9,51,95738,4965020097,357018456,5322038553
2014-06-29,LG4,Total,224,908,1131310,43781333304,3690745344,47472078648
2014-06-29,All-Floors,Staff,57,387,448279,7465816082,1754262822,9220078904
2014-06-29,All-Floors,TPG,106,1056,1554466,276231189662,30638246131,306869435793
2014-06-29,All-Floors,RPG,144,718,940511,19142039541,3194908208,22336947749
2014-06-29,All-Floors,UG,347,2224,2741339,52311097276,9617730436,61928827712
2014-06-29,All-Floors,Alumni,34,356,611680,14928850615,753950715,15682801330
2014-06-29,All-Floors,Others(HKUST),9,182,313098,12025140490,1221975151,13247115641
2014-06-29,All-Floors,Non-HKUST,15,74,113715,5002535928,380432569,5382968497
2014-06-29,All-Floors,Total,712,4997,6723088,387106669594,47561506032,434668175626
2014-06-30,1,Staff,47,449,629831,2601902907,332710986,2934613893
2014-06-30,1,TPG,9,56,90151,1403676538,379277137,1782953675
2014-06-30,1,RPG,19,34,86662,323127597,46499964,369627561
2014-06-30,1,UG,55,285,498608,12214454285,2880489794,15094944079
2014-06-30,1,Alumni,2,8,12579,50212914,5595459,55808373
2014-06-30,1,Others(HKUST),2,22,14397,18314211,9109890,27424101
2014-06-30,1,Non-HKUST,3,5,25309,4474298,1058196,5532494
2014-06-30,1,Total,137,859,1357537,16616162750,3654741426,20270904176
2014-06-30,G,Staff,107,581,743598,3319979855,892364800,4212344655
2014-06-30,G,TPG,73,396,313694,10617922584,1240604408,11858526992
2014-06-30,G,RPG,100,468,513571,20802583393,1059359778,21861943171
2014-06-30,G,UG,348,1436,1149760,36604252143,7504370922,44108623065
2014-06-30,G,Alumni,11,57,49052,233931399,49495298,283426697
2014-06-30,G,Others(HKUST),7,29,121124,21452568,16878925,38331493
2014-06-30,G,Non-HKUST,13,43,15746,147638448,21106314,168744762
2014-06-30,G,Total,659,3010,2906545,71747760390,10784180445,82531940835
2014-06-30,LG1,Staff,101,423,344046,3513329669,820669360,4333999029
2014-06-30,LG1,TPG,128,1596,2241464,44721463958,11051672482,55773136440
2014-06-30,LG1,RPG,109,751,887697,27821668398,3169468028,30991136426
2014-06-30,LG1,UG,443,2372,3095383,56700706012,6296368850,62997074862
2014-06-30,LG1,Alumni,23,263,340612,9916105582,5888220976,15804326558
2014-06-30,LG1,Others(HKUST),10,117,26772,25951058,3912290,29863348
2014-06-30,LG1,Non-HKUST,14,90,100800,291690756,63497707,355188463
2014-06-30,LG1,Total,828,5612,7036774,142990915433,27293809693,170284725126
2014-06-30,LG3,Staff,120,288,229837,7512506455,2180214714,9692721169
2014-06-30,LG3,TPG,57,254,383031,46704901558,35705199672,82410101230
2014-06-30,LG3,RPG,145,455,458089,5327359649,2832655942,8160015591
2014-06-30,LG3,UG,330,736,489028,11118312279,1938648894,13056961173
2014-06-30,LG3,Alumni,14,40,42972,6523838601,221769460,6745608061
2014-06-30,LG3,Others(HKUST),9,15,0,150765,77122,227887
2014-06-30,LG3,Non-HKUST,13,73,180706,4466272684,2044161959,6510434643
2014-06-30,LG3,Total,688,1861,1783663,81653341991,44922727763,126576069754
2014-06-30,LG4,Staff,100,259,179592,4943436465,1238450003,6181886468
2014-06-30,LG4,TPG,34,114,158514,2547776150,301036469,2848812619
2014-06-30,LG4,RPG,100,373,450546,47097920832,3512474530,50610395362
2014-06-30,LG4,UG,249,701,636706,21317683654,3097396724,24415080378
2014-06-30,LG4,Alumni,12,149,199593,2562518183,141426760,2703944943
2014-06-30,LG4,Others(HKUST),9,115,215655,15066913902,1382872876,16449786778
2014-06-30,LG4,Non-HKUST,7,19,42733,1826032379,107456035,1933488414
2014-06-30,LG4,Total,511,1730,1883339,95362281565,9781113397,105143394962
2014-06-30,All-Floors,Staff,307,2000,2126904,21891155351,5464409863,27355565214
2014-06-30,All-Floors,TPG,180,2416,3186854,105995740788,48677790168,154673530956
2014-06-30,All-Floors,RPG,307,2081,2396565,101372659869,10620458242,111993118111
2014-06-30,All-Floors,UG,892,5530,5869485,137955408373,21717275184,159672683557
2014-06-30,All-Floors,Alumni,32,517,644808,19286606679,6306507953,25593114632
2014-06-30,All-Floors,Others(HKUST),22,298,377948,15132782504,1412851103,16545633607
2014-06-30,All-Floors,Non-HKUST,29,230,365294,6736108565,2237280211,8973388776
2014-06-30,All-Floors,Total,1769,13072,14967858,408370462129,96436572724,504807034853