Date,Floor,User-Group,User-Count,WiFi-Conn,Duration-Sec,Traffic-In-Byte,Traffic-Out-Byte,Traffic-Both-Byte
2014-05-01,1,Staff,8,169,169677,11195611,21768898,32964509
2014-05-01,1,TPG,0,0,0,0,0,0
2014-05-01,1,RPG,3,3,117,28199,33082,61281
2014-05-01,1,UG,12,12,608,891123,120213,1011336
2014-05-01,1,Alumni,0,0,0,0,0,0
2014-05-01,1,Others(HKUST),0,0,0,0,0,0
2014-05-01,1,Non-HKUST,0,0,0,0,0,0
2014-05-01,1,Total,23,184,170402,12114933,21922193,34037126
2014-05-01,G,Staff,3,3,598,745458,109353,854811
2014-05-01,G,TPG,18,24,3319,110149961,6362835,116512796
2014-05-01,G,RPG,2,2,0,0,0,0
2014-05-01,G,UG,11,11,4926,635886912,309499314,945386226
2014-05-01,G,Alumni,0,0,0,0,0,0
2014-05-01,G,Others(HKUST),1,1,37504,12449066,1378424,13827490
2014-05-01,G,Non-HKUST,1,1,246,17286173,790071,18076244
2014-05-01,G,Total,36,42,46593,776517570,318139997,1094657567
2014-05-01,LG1,Staff,19,125,267887,5186244560,418529186,5604773746
2014-05-01,LG1,TPG,382,6014,12414957,163330938652,108262864394,271593803046
2014-05-01,LG1,RPG,100,922,1821042,17692345632,10976381003,28668726635
2014-05-01,LG1,UG,938,7989,15029063,193376411171,37374649638,230751060809
2014-05-01,LG1,Alumni,11,89,185776,2266304159,603367014,2869671173
2014-05-01,LG1,Others(HKUST),5,112,66830,1475913,785078,2260991
2014-05-01,LG1,Non-HKUST,11,170,212397,5666498510,329251576,5995750086
2014-05-01,LG1,Total,1466,15421,29997952,387520218597,157965827889,545486046486
2014-05-01,LG3,Staff,11,12,589,79123,58280,137403
2014-05-01,LG3,TPG,88,156,154904,942394565,245364152,1187758717
2014-05-01,LG3,RPG,48,58,6623,90319888,8977341,99297229
2014-05-01,LG3,UG,270,357,184469,4812109045,699926811,5512035856
2014-05-01,LG3,Alumni,5,22,34869,928069674,152309983,1080379657
2014-05-01,LG3,Others(HKUST),2,3,593,37971,36533,74504
2014-05-01,LG3,Non-HKUST,2,10,14269,720062432,37257292,757319724
2014-05-01,LG3,Total,426,618,396316,7493072698,1143930392,8637003090
2014-05-01,LG4,Staff,9,24,2766,472114,876576,1348690
2014-05-01,LG4,TPG,67,106,100143,8010829459,455111945,8465941404
2014-05-01,LG4,RPG,44,62,13775,3504089,4287519,7791608
2014-05-01,LG4,UG,210,291,69762,214400490,46185069,260585559
2014-05-01,LG4,Alumni,3,5,26738,317051258,38296697,355347955
2014-05-01,LG4,Others(HKUST),4,38,127479,11527877685,491796483,12019674168
2014-05-01,LG4,Non-HKUST,7,12,33465,485800899,44223091,530023990
2014-05-01,LG4,Total,344,538,374128,20559935994,1080777380,21640713374
2014-05-01,All-Floors,Staff,46,333,441517,5198736866,441342293,5640079159
2014-05-01,All-Floors,TPG,417,6300,12673323,172394312637,108969703326,281364015963
2014-05-01,All-Floors,RPG,168,1047,1841557,17786197808,10989678945,28775876753
2014-05-01,All-Floors,UG,1198,8660,15288828,199039698741,38430381045,237470079786
2014-05-01,All-Floors,Alumni,18,116,247383,3511425091,793973694,4305398785
2014-05-01,All-Floors,Others(HKUST),10,154,232406,11541840635,493996518,12035837153
2014-05-01,All-Floors,Non-HKUST,17,193,260377,6889648014,411522030,7301170044
2014-05-01,All-Floors,Total,1874,16803,30985391,416361859792,160530597851,576892457643
2014-05-02,1,Staff,54,465,767892,3187572316,641184057,3828756373
2014-05-02,1,TPG,54,638,1119747,20806327927,5856799606,26663127533
2014-05-02,1,RPG,19,81,186799,9397199073,1181113335,10578312408
2014-05-02,1,UG,331,1958,3108019,115289066565,24065285842,139354352407
2014-05-02,1,Alumni,7,82,58765,223958550,29423053,253381603
2014-05-02,1,Others(HKUST),4,9,19934,186058408,36918662,222977070
2014-05-02,1,Non-HKUST,2,5,11126,12078437,2043366,14121803
2014-05-02,1,Total,471,3238,5272282,149102261276,31812767921,180915029197
2014-05-02,G,Staff,83,539,397960,2481271729,684378832,3165650561
2014-05-02,G,TPG,261,1741,1363159,41478126001,10000736319,51478862320
2014-05-02,G,RPG,124,628,540266,27764849561,7191913938,34956763499
2014-05-02,G,UG,1173,6345,4385560,137606856775,21195100538,158801957313
2014-05-02,G,Alumni,10,39,38459,497497886,244790391,742288277
2014-05-02,G,Others(HKUST),14,50,120938,1465763560,157080382,1622843942
2014-05-02,G,Non-HKUST,12,39,16706,406923472,21710378,428633850
2014-05-02,G,Total,1677,9381,6863048,211701288984,39495710778,251196999762
2014-05-02,LG1,Staff,92,377,367611,3420638940,482824562,3903463502
2014-05-02,LG1,TPG,422,5777,8413981,138215882313,27914986572,166130868885
2014-05-02,LG1,RPG,143,1039,1622461,33974361859,5451157680,39425519539
2014-05-02,LG1,UG,1806,12458,15336645,196413983465,41627097358,238041080823
2014-05-02,LG1,Alumni,16,140,154985,4320608827,1299323711,5619932538
2014-05-02,LG1,Others(HKUST),15,143,54141,369341818,295540862,664882680
2014-05-02,LG1,Non-HKUST,28,92,118872,1818470412,248370582,2066840994
2014-05-02,LG1,Total,2522,20026,26068696,378533287634,77319301327,455852588961
2014-05-02,LG3,Staff,94,216,166967,1397019619,101322652,1498342271
2014-05-02,LG3,TPG,215,1273,2017788,46165028300,38274571998,84439600298
2014-05-02,LG3,RPG,130,567,699158,16967526100,1767241636,18734767736
2014-05-02,LG3,UG,1010,3167,3154637,76206435332,9770908393,85977343725
2014-05-02,LG3,Alumni,11,60,47642,1147044471,112041960,1259086431
2014-05-02,LG3,Others(HKUST),9,73,81387,358947568,117650845,476598413
2014-05-02,LG3,Non-HKUST,20,86,150017,7654667142,1159860702,8814527844
2014-05-02,LG3,Total,1489,5442,6317596,149896668532,51303598186,201200266718
2014-05-02,LG4,Staff,81,232,288152,4654922796,453516102,5108438898
2014-05-02,LG4,TPG,275,3032,5628676,128859876314,27323816885,156183693199
2014-05-02,LG4,RPG,127,602,832097,10447724759,2639381000,13087105759
2014-05-02,LG4,UG,1060,4401,4969029,102247350436,20516824160,122764174596
2014-05-02,LG4,Alumni,12,136,148724,1359938244,175300094,1535238338
2014-05-02,LG4,Others(HKUST),8,73,119664,9095811397,329942263,9425753660
2014-05-02,LG4,Non-HKUST,23,236,384615,7453788123,768320293,8222108416
2014-05-02,LG4,Total,1586,8712,12370957,264119412069,52207100797,316326512866
2014-05-02,All-Floors,Staff,265,1829,1988582,15141425400,2363226205,17504651605
2014-05-02,All-Floors,TPG,578,12461,18543351,375525240855,109370911380,484896152235
2014-05-02,All-Floors,RPG,335,2917,3880781,98551661352,18230807589,116782468941
2014-05-02,All-Floors,UG,3195,28329,30953890,627763692573,117175216291,744938908864
2014-05-02,All-Floors,Alumni,28,457,448575,7549047978,1860879209,9409927187
2014-05-02,All-Floors,Others(HKUST),28,348,396064,11475922751,937133014,12413055765
2014-05-02,All-Floors,Non-HKUST,50,458,681336,17345927586,2200305321,19546232907
2014-05-02,All-Floors,Total,4479,46799,56892579,1153352918495,252138479009,1405491397504
2014-05-03,1,Staff,12,138,250086,10024618553,1165760551,11190379104
2014-05-03,1,TPG,42,246,464865,9844242449,1979238350,11823480799
2014-05-03,1,RPG,8,28,69303,330105479,48410868,378516347
2014-05-03,1,UG,110,731,1291865,39663125634,4995590000,44658715634
2014-05-03,1,Alumni,5,71,70671,7800122579,83504023113,91304145692
2014-05-03,1,Others(HKUST),1,8,3853,4819859,2305733,7125592
2014-05-03,1,Non-HKUST,2,4,2753,1123516,1047061,2170577
2014-05-03,1,Total,180,1226,2153396,67668158069,91696375676,159364533745
2014-05-03,G,Staff,36,209,213717,1605080303,208763182,1813843485
2014-05-03,G,TPG,227,1117,967356,16638889497,3925024357,20563913854
2014-05-03,G,RPG,75,355,428337,5336942225,719286080,6056228305
2014-05-03,G,UG,424,1859,1954768,56956787390,9656905056,66613692446
2014-05-03,G,Alumni,21,35,55802,1307545672,9752378449,11059924121
2014-05-03,G,Others(HKUST),3,6,60761,6112497,7575012,13687509
2014-05-03,G,Non-HKUST,15,37,55136,140442022,61685853,202127875
2014-05-03,G,Total,801,3618,3735877,81991799606,24331617989,106323417595
2014-05-03,LG1,Staff,30,248,306958,1376052926,88292323,1464345249
2014-05-03,LG1,TPG,472,7295,11556527,235144209322,63669873195,298814082517
2014-05-03,LG1,RPG,128,918,1358375,42872402115,5069272320,47941674435
2014-05-03,LG1,UG,826,8013,11950268,173578359191,35019480887,208597840078
2014-05-03,LG1,Alumni,23,238,348448,18043589845,1450713763,19494303608
2014-05-03,LG1,Others(HKUST),6,113,107609,354025835,290596358,644622193
2014-05-03,LG1,Non-HKUST,26,177,208763,2666083904,1354834057,4020917961
2014-05-03,LG1,Total,1511,17002,25836948,474034723138,106943062903,580977786041
2014-05-03,LG3,Staff,33,93,59700,847721181,48761205,896482386
2014-05-03,LG3,TPG,172,758,1012060,17102287241,5404872138,22507159379
2014-05-03,LG3,RPG,104,320,430612,9223357935,835793003,10059150938
2014-05-03,LG3,UG,407,1483,1743434,60170818350,7492574515,67663392865
2014-05-03,LG3,Alumni,16,115,293537,7205708754,601219249,7806928003
2014-05-03,LG3,Others(HKUST),5,13,5275,592496,212033,804529
2014-05-03,LG3,Non-HKUST,13,114,89429,1837706250,1144007689,2981713939
2014-05-03,LG3,Total,750,2896,3634047,96388192207,15527439832,111915632039
2014-05-03,LG4,Staff,24,97,161760,2066620097,159955603,2226575700
2014-05-03,LG4,TPG,216,1617,2445420,51178821934,10266592949,61445414883
2014-05-03,LG4,RPG,104,608,956275,31783021816,2198874011,33981895827
2014-05-03,LG4,UG,412,2117,3225080,90139920528,11821709279,101961629807
2014-05-03,LG4,Alumni,25,166,240689,10670054884,619280782,11289335666
2014-05-03,LG4,Others(HKUST),2,99,246614,31768036947,4054411523,35822448470
2014-05-03,LG4,Non-HKUST,23,111,233249,2704293514,812699004,3516992518
2014-05-03,LG4,Total,806,4815,7509087,220310769720,29933523151,250244292871
2014-05-03,All-Floors,Staff,95,785,992221,15920093060,1671532864,17591625924
2014-05-03,All-Floors,TPG,620,11033,16446228,329908450443,85245600989,415154051432
2014-05-03,All-Floors,RPG,261,2229,3242902,89545829570,8871636282,98417465852
2014-05-03,All-Floors,UG,1295,14203,20165415,420509011093,68986259737,489495270830
2014-05-03,All-Floors,Alumni,54,625,1009147,45027021734,95927615356,140954637090
2014-05-03,All-Floors,Others(HKUST),11,239,424112,32133587634,4355100659,36488688293
2014-05-03,All-Floors,Non-HKUST,50,443,589330,7349649206,3374273664,10723922870
2014-05-03,All-Floors,Total,2386,29557,42869355,940393642740,268432019551,1208825662291
2014-05-04,1,Staff,11,136,235976,5670162498,239068600,5909231098
2014-05-04,1,TPG,45,596,951345,72168434759,18219663869,90388098628
2014-05-04,1,RPG,7,43,61722,517206966,140799272,658006238
2014-05-04,1,UG,130,1179,2051298,61896480746,7958388110,69854868856
2014-05-04,1,Alumni,7,56,103012,2655858754,349389476,3005248230
2014-05-04,1,Others(HKUST),1,1,0,4724102,690235,5414337
2014-05-04,1,Non-HKUST,9,41,119749,5778993319,411605949,6190599268
2014-05-04,1,Total,210,2052,3523102,148691861144,27319605511,176011466655
2014-05-04,G,Staff,31,182,221472,2936116867,213815052,3149931919
2014-05-04,G,TPG,194,1137,1138349,27700267407,15950644905,43650912312
2014-05-04,G,RPG,84,349,386081,6726569808,1856532643,8583102451
2014-05-04,G,UG,452,2690,2985478,113289880111,20154470946,133444351057
2014-05-04,G,Alumni,21,62,28006,584582621,148609425,733192046
2014-05-04,G,Others(HKUST),8,45,123662,181551540,196455700,378007240
2014-05-04,G,Non-HKUST,23,43,20813,130859351,17842095,148701446
2014-05-04,G,Total,813,4508,4903861,151549827705,38538370766,190088198471
2014-05-04,LG1,Staff,32,187,304439,3889905774,344586802,4234492576
2014-05-04,LG1,TPG,400,7260,10657217,183428103597,51330194320,234758297917
2014-05-04,LG1,RPG,134,1445,1950156,29079481317,5762156178,34841637495
2014-05-04,LG1,UG,1036,11268,15136556,179356281760,31708160330,211064442090
2014-05-04,LG1,Alumni,32,237,275337,4551153836,592708388,5143862224
2014-05-04,LG1,Others(HKUST),3,115,38330,24733991,4600083,29334074
2014-05-04,LG1,Non-HKUST,26,129,144111,431395890,42749664,474145554
2014-05-04,LG1,Total,1663,20641,28506146,400761056165,89785155765,490546211930
2014-05-04,LG3,Staff,21,76,36834,953481755,52284917,1005766672
2014-05-04,LG3,TPG,165,941,1216732,29186390830,5633226260,34819617090
2014-05-04,LG3,RPG,93,469,535449,26203259478,4981874765,31185134243
2014-05-04,LG3,UG,480,2152,2395721,69587383474,14077875287,83665258761
2014-05-04,LG3,Alumni,24,141,162061,2412061754,256801439,2668863193
2014-05-04,LG3,Others(HKUST),1,6,16431,54288819,9860852,64149671
2014-05-04,LG3,Non-HKUST,13,45,45775,659720096,40685896,700405992
2014-05-04,LG3,Total,797,3830,4409003,129056586206,25052609416,154109195622
2014-05-04,LG4,Staff,19,134,128074,1903624289,227789557,2131413846
2014-05-04,LG4,TPG,208,1770,3126452,93642124978,13913530554,107555655532
2014-05-04,LG4,RPG,118,838,1162003,22409844186,11079437288,33489281474
2014-05-04,LG4,UG,488,3289,4737175,199780453500,32266840444,232047293944
2014-05-04,LG4,Alumni,27,278,450449,10267327088,2104501906,12371828994
2014-05-04,LG4,Others(HKUST),2,47,193565,12324539162,1440363803,13764902965
2014-05-04,LG4,Non-HKUST,31,244,454275,4438275571,394816921,4833092492
2014-05-04,LG4,Total,893,6600,10251993,344766188774,61427280473,406193469247
2014-05-04,All-Floors,Staff,74,715,926795,15353291183,1077544928,16430836111
2014-05-04,All-Floors,TPG,498,11704,17090095,406125321571,105047259908,511172581479
2014-05-04,All-Floors,RPG,248,3144,4095411,84936361755,23820800146,108757161901
2014-05-04,All-Floors,UG,1447,20578,27306228,623910479591,106165735117,730076214708
2014-05-04,All-Floors,Alumni,58,774,1018865,20470984053,3452010634,23922994687
2014-05-04,All-Floors,Others(HKUST),10,214,371988,12589837614,1651970673,14241808287
2014-05-04,All-Floors,Non-HKUST,56,502,784723,11439244227,907700525,12346944752
2014-05-04,All-Floors,Total,2391,37631,51594105,1174825519994,242123021931,1416948541925
2014-05-05,1,Staff,46,538,683464,4161007707,745095523,4906103230
2014-05-05,1,TPG,66,919,1229826,43608839625,7166580810,50775420435
2014-05-05,1,RPG,19,151,140278,4587285548,450274980,5037560528
2014-05-05,1,UG,501,3841,5145437,173621624294,17659790437,191281414731
2014-05-05,1,Alumni,1,4,352,358624,146931,505555
2014-05-05,1,Others(HKUST),2,5,8277,1516796,709229,2226025
2014-05-05,1,Non-HKUST,6,21,29641,405434192,36595295,442029487
2014-05-05,1,Total,641,5479,7237275,226386066786,26059193205,252445259991
2014-05-05,G,Staff,106,700,656258,6118706367,1626392315,7745098682
2014-05-05,G,TPG,335,2375,1640768,43714150131,12984043849,56698193980
2014-05-05,G,RPG,151,802,533748,5926190139,2003783177,7929973316
2014-05-05,G,UG,1518,7882,4909775,100235060630,15598248650,115833309280
2014-05-05,G,Alumni,8,14,22531,234539750,29461500,264001250
2014-05-05,G,Others(HKUST),7,23,108611,51954234,20082154,72036388
2014-05-05,G,Non-HKUST,20,39,25356,202863888,20931230,223795118
2014-05-05,G,Total,2145,11835,7897047,156483465139,32282942875,188766408014
2014-05-05,LG1,Staff,94,370,370632,5274138776,654342285,5928481061
2014-05-05,LG1,TPG,488,6675,7961548,123595954984,28286089548,151882044532
2014-05-05,LG1,RPG,178,1383,1724524,22949444227,5521260241,28470704468
2014-05-05,LG1,UG,2184,17964,19486894,215430675445,60591695929,276022371374
2014-05-05,LG1,Alumni,15,177,218696,1717997821,172377360,1890375181
2014-05-05,LG1,Others(HKUST),8,90,39409,86621637,8843763,95465400
2014-05-05,LG1,Non-HKUST,26,122,81624,527452016,196743688,724195704
2014-05-05,LG1,Total,2993,26781,29883327,369582284906,95431352814,465013637720
2014-05-05,LG3,Staff,129,346,262274,2535538667,211067218,2746605885
2014-05-05,LG3,TPG,270,1459,1804932,37712511168,13540282778,51252793946
2014-05-05,LG3,RPG,175,802,980282,26630356492,3718589521,30348946013
2014-05-05,LG3,UG,1359,4565,4177743,114413437969,10313901062,124727339031
2014-05-05,LG3,Alumni,12,37,36268,317344037,159320671,476664708
2014-05-05,LG3,Others(HKUST),4,33,45973,303826764,38380725,342207489
2014-05-05,LG3,Non-HKUST,19,83,126055,1436936705,145942481,1582879186
2014-05-05,LG3,Total,1968,7325,7433527,183349951802,28127484456,211477436258
2014-05-05,LG4,Staff,94,297,284565,1257321196,202975903,1460297099
2014-05-05,LG4,TPG,311,3336,5154755,91009607221,25883284022,116892891243
2014-05-05,LG4,RPG,163,1065,1542631,81310420576,25048199906,106358620482
2014-05-05,LG4,UG,1379,7178,7840594,175960078160,25374812228,201334890388
2014-05-05,LG4,Alumni,17,172,248763,2990360088,295329983,3285690071
2014-05-05,LG4,Others(HKUST),6,100,149958,23274129710,1662828779,24936958489
2014-05-05,LG4,Non-HKUST,28,314,545089,8444143618,2770744120,11214887738
2014-05-05,LG4,Total,1998,12462,15766355,384246060569,81238174941,465484235510
2014-05-05,All-Floors,Staff,295,2251,2257193,19346712713,3439873244,22786585957
2014-05-05,All-Floors,TPG,649,14764,17791829,339641063129,87860281007,427501344136
2014-05-05,All-Floors,RPG,410,4203,4921463,141403696982,36742107825,178145804807
2014-05-05,All-Floors,UG,3741,41430,41560443,779660876498,129538448306,909199324804
2014-05-05,All-Floors,Alumni,27,404,526610,5260600320,656636445,5917236765
2014-05-05,All-Floors,Others(HKUST),21,251,352228,23718049141,1730844650,25448893791
2014-05-05,All-Floors,Non-HKUST,56,579,807765,11016830419,3170956814,14187787233
2014-05-05,All-Floors,Total,5199,63882,68217531,1320047829202,263139148291,1583186977493
2014-05-06,1,Staff,5,171,161059,13519658,30489085,44008743
2014-05-06,1,TPG,0,0,0,0,0,0
2014-05-06,1,RPG,1,1,239,7090,7470,14560
2014-05-06,1,UG,8,8,721,63572,32867,96439
2014-05-06,1,Alumni,0,0,0,0,0,0
2014-05-06,1,Others(HKUST),1,1,120,18511,12642,31153
2014-05-06,1,Non-HKUST,0,0,0,0,0,0
2014-05-06,1,Total,15,181,162139,13608831,30542064,44150895
2014-05-06,G,Staff,4,11,1309,12754328,2996862,15751190
2014-05-06,G,TPG,27,34,6502,92371705,26713913,119085618
2014-05-06,G,RPG,9,10,989,811167,447445,1258612
2014-05-06,G,UG,20,22,7241,184559565,40731665,225291230
2014-05-06,G,Alumni,0,0,0,0,0,0
2014-05-06,G,Others(HKUST),0,0,0,0,0,0
2014-05-06,G,Non-HKUST,0,0,0,0,0,0
2014-05-06,G,Total,60,77,16041,290496765,70889885,361386650
2014-05-06,LG1,Staff,25,223,220660,5718768564,648180567,6366949131
2014-05-06,LG1,TPG,389,7551,12981192,187598007570,49248995966,236847003536
2014-05-06,LG1,RPG,131,1442,2225045,34576806354,6135767670,40712574024
2014-05-06,LG1,UG,1082,11767,18454786,180171191601,37531157896,217702349497
2014-05-06,LG1,Alumni,12,109,204871,1113725981,105346401,1219072382
2014-05-06,LG1,Others(HKUST),3,79,16849,86316,52668,138984
2014-05-06,LG1,Non-HKUST,9,36,22658,92038356,12747236,104785592
2014-05-06,LG1,Total,1651,21207,34126061,409270624742,93682248404,502952873146
2014-05-06,LG3,Staff,25,35,5521,80921997,6129455,87051452
2014-05-06,LG3,TPG,109,155,66935,8194680005,1703754932,9898434937
2014-05-06,LG3,RPG,77,97,23406,264725643,37388910,302114553
2014-05-06,LG3,UG,390,537,145533,2656606552,422263488,3078870040
2014-05-06,LG3,Alumni,6,7,1067,1010483,269778,1280261
2014-05-06,LG3,Others(HKUST),1,1,0,0,0,0
2014-05-06,LG3,Non-HKUST,3,4,4196,14094298,2305962,16400260
2014-05-06,LG3,Total,611,836,246658,11212038978,2172112525,13384151503
2014-05-06,LG4,Staff,21,34,1186,325835,358146,683981
2014-05-06,LG4,TPG,69,146,195784,2342178633,137618322,2479796955
2014-05-06,LG4,RPG,68,99,25444,75100357,29425277,104525634
2014-05-06,LG4,UG,326,448,112867,3962734549,234241784,4196976333
2014-05-06,LG4,Alumni,0,0,0,0,0,0
2014-05-06,LG4,Others(HKUST),2,64,140087,10216424118,1350624953,11567049071
2014-05-06,LG4,Non-HKUST,8,13,11167,144230268,65000957,209231225
2014-05-06,LG4,Total,494,804,486535,16740993760,1817269439,18558263199
2014-05-06,All-Floors,Staff,68,474,389735,5826290382,688154115,6514444497
2014-05-06,All-Floors,TPG,417,7886,13250413,198227237913,51117083133,249344321046
2014-05-06,All-Floors,RPG,237,1649,2275123,34917450611,6203036772,41120487383
2014-05-06,All-Floors,UG,1399,12782,18721148,186975155839,38228427700,225203583539
2014-05-06,All-Floors,Alumni,17,116,205938,1114736464,105616179,1220352643
2014-05-06,All-Floors,Others(HKUST),5,145,157056,10216528945,1350690263,11567219208
2014-05-06,All-Floors,Non-HKUST,19,53,38021,250362922,80054155,330417077
2014-05-06,All-Floors,Total,2162,23105,35037434,437527763076,97773062317,535300825393
2014-05-07,1,Staff,56,623,846795,6117867751,713497940,6831365691
2014-05-07,1,TPG,58,487,819771,34460741193,4212500541,38673241734
2014-05-07,1,RPG,20,82,112808,4965150238,1012664172,5977814410
2014-05-07,1,UG,551,4355,5772435,156921106817,26182286095,183103392912
2014-05-07,1,Alumni,4,38,56445,1296888319,75127969,1372016288
2014-05-07,1,Others(HKUST),1,7,707,2055280,495462,2550742
2014-05-07,1,Non-HKUST,9,47,109021,912708824,127370558,1040079382
2014-05-07,1,Total,699,5639,7717982,204676518422,32323942737,237000461159
2014-05-07,G,Staff,107,711,606427,9258878127,896454654,10155332781
2014-05-07,G,TPG,326,2142,1615467,20018324584,3755072218,23773396802
2014-05-07,G,RPG,155,753,638880,25573045705,2128071021,27701116726
2014-05-07,G,UG,1556,8144,5782858,151623837797,22546625347,174170463144
2014-05-07,G,Alumni,11,28,5497,73853616,5851260,79704876
2014-05-07,G,Others(HKUST),7,41,87440,1331775636,185529147,1517304783
2014-05-07,G,Non-HKUST,27,53,9075,10531636,8652112,19183748
2014-05-07,G,Total,2189,11872,8745644,207890247101,29526255759,237416502860
2014-05-07,LG1,Staff,107,447,355546,4625668862,389856353,5015525215
2014-05-07,LG1,TPG,467,6449,7779377,102181719681,24471818091,126653537772
2014-05-07,LG1,RPG,177,1440,1613493,24554674990,5671073558,30225748548
2014-05-07,LG1,UG,2263,19852,21087410,234803261755,48093167744,282896429499
2014-05-07,LG1,Alumni,22,111,155380,231239307,442839541,674078848
2014-05-07,LG1,Others(HKUST),9,130,114303,390603638,22848337,413451975
2014-05-07,LG1,Non-HKUST,47,155,178409,1041690537,171852021,1213542558
2014-05-07,LG1,Total,3092,28584,31283918,367828858770,79263455645,447092314415
2014-05-07,LG3,Staff,126,321,225503,3033254735,284214665,3317469400
2014-05-07,LG3,TPG,264,1605,1851293,25055238337,7620906579,32676144916
2014-05-07,LG3,RPG,194,835,927787,24493460300,5250857052,29744317352
2014-05-07,LG3,UG,1349,5433,5359190,129178040749,13737940468,142915981217
2014-05-07,LG3,Alumni,11,76,50120,2506284329,649680620,3155964949
2014-05-07,LG3,Others(HKUST),9,21,24244,123364835,19967338,143332173
2014-05-07,LG3,Non-HKUST,24,149,208680,2820765044,482490593,3303255637
2014-05-07,LG3,Total,1977,8440,8646817,187210408329,28046057315,215256465644
2014-05-07,LG4,Staff,90,324,265274,4558598320,493053327,5051651647
2014-05-07,LG4,TPG,328,4515,6858366,137251843212,37129580063,174381423275
2014-05-07,LG4,RPG,193,1245,2118286,33872431301,8801835281,42674266582
2014-05-07,LG4,UG,1485,8606,10007995,223150505588,32289430507,255439936095
2014-05-07,LG4,Alumni,16,182,212618,4575354489,1487654488,6063008977
2014-05-07,LG4,Others(HKUST),3,118,158277,3062987045,216568361,3279555406
2014-05-07,LG4,Non-HKUST,38,408,457869,4540631583,1227441696,5768073279
2014-05-07,LG4,Total,2153,15398,20078685,411012351538,81645563723,492657915261
2014-05-07,All-Floors,Staff,310,2426,2299545,27594267795,2777076939,30371344734
2014-05-07,All-Floors,TPG,656,15198,18924274,318967867007,77189877492,396157744499
2014-05-07,All-Floors,RPG,429,4355,5411254,113458762534,22864501084,136323263618
2014-05-07,All-Floors,UG,3858,46390,48009888,895676752706,142849450161,1038526202867
2014-05-07,All-Floors,Alumni,30,435,480060,8683620060,2661153878,11344773938
2014-05-07,All-Floors,Others(HKUST),16,317,384971,4910786434,445408645,5356195079
2014-05-07,All-Floors,Non-HKUST,82,812,963054,9326327624,2017806980,11344134604
2014-05-07,All-Floors,Total,5381,69933,76473046,1378618384160,250805275179,1629423659339
2014-05-08,1,Staff,52,730,679323,4856962637,554320560,5411283197
2014-05-08,1,TPG,63,577,1043260,27214211763,4556975234,31771186997
2014-05-08,1,RPG,18,96,163890,2548880556,2092114652,4640995208
2014-05-08,1,UG,594,4523,5826629,179982043215,35065407483,215047450698
2014-05-08,1,Alumni,4,66,147062,9327416295,468704737,9796121032
2014-05-08,1,Others(HKUST),4,16,22475,685671139,67727258,753398397
2014-05-08,1,Non-HKUST,8,85,112967,3792892373,230512458,4023404831
2014-05-08,1,Total,743,6093,7995606,228408077978,43035762382,271443840360
2014-05-08,G,Staff,107,659,540166,4137189455,411359220,4548548675
2014-05-08,G,TPG,305,2029,1575137,23153208485,3200855500,26354063985
2014-05-08,G,RPG,129,593,566745,21935412049,3243142191,25178554240
2014-05-08,G,UG,1610,8010,5929641,143546370658,27585826412,171132197070
2014-05-08,G,Alumni,8,33,41900,1694090,1532725,3226815
2014-05-08,G,Others(HKUST),11,36,75092,143100440,214306919,357407359
2014-05-08,G,Non-HKUST,20,41,19693,39749496,7888719,47638215
2014-05-08,G,Total,2190,11401,8748374,192956724673,34664911686,227621636359
2014-05-08,LG1,Staff,123,474,450140,5016433660,344465543,5360899203
2014-05-08,LG1,TPG,473,5277,7472085,99484301518,35845908686,135330210204
2014-05-08,LG1,RPG,152,934,1199327,12980668354,1981293869,14961962223
2014-05-08,LG1,UG,2225,18002,22174398,280736497446,56115141772,336851639218
2014-05-08,LG1,Alumni,18,101,100311,967020274,36616502,1003636776
2014-05-08,LG1,Others(HKUST),8,88,98104,65593945,7317294,72911239
2014-05-08,LG1,Non-HKUST,32,135,155813,2983303668,504894922,3488198590
2014-05-08,LG1,Total,3031,25011,31650178,402233818865,94835638588,497069457453
2014-05-08,LG3,Staff,133,302,168599,932086983,113936239,1046023222
2014-05-08,LG3,TPG,250,1451,2235942,32480962315,24558931581,57039893896
2014-05-08,LG3,RPG,159,771,1091515,22498603802,2491011230,24989615032
2014-05-08,LG3,UG,1372,4570,4511461,101382537363,8442541980,109825079343
2014-05-08,LG3,Alumni,8,43,60513,766709316,72926098,839635414
2014-05-08,LG3,Others(HKUST),6,40,58720,574543215,341768232,916311447
2014-05-08,LG3,Non-HKUST,22,124,169969,8990004369,1114180721,10104185090
2014-05-08,LG3,Total,1950,7301,8296719,167625447363,37135296081,204760743444
2014-05-08,LG4,Staff,113,397,371990,3488168557,374562155,3862730712
2014-05-08,LG4,TPG,316,3746,6086297,98464195387,26629900033,125094095420
2014-05-08,LG4,RPG,152,938,1398089,13612063021,1470491811,15082554832
2014-05-08,LG4,UG,1397,7988,10017714,178774458281,30879940203,209654398484
2014-05-08,LG4,Alumni,10,136,167634,2351943990,151973779,2503917769
2014-05-08,LG4,Others(HKUST),7,134,190321,5621692152,223372642,5845064794
2014-05-08,LG4,Non-HKUST,29,230,376631,3115508108,478828945,3594337053
2014-05-08,LG4,Total,2024,13569,18608676,305428029496,60209069568,365637099064
2014-05-08,All-Floors,Staff,330,2562,2210218,18430841292,1798643717,20229485009
2014-05-08,All-Floors,TPG,642,13080,18412721,280796879468,94792571034,375589450502
2014-05-08,All-Floors,RPG,367,3332,4419566,73575627782,11278053753,84853681535
2014-05-08,All-Floors,UG,3957,43093,48459843,884421906963,158088857850,1042510764813
2014-05-08,All-Floors,Alumni,24,379,517420,13414783965,731753841,14146537806
2014-05-08,All-Floors,Others(HKUST),21,314,444712,7090600891,854492345,7945093236
2014-05-08,All-Floors,Non-HKUST,64,615,835073,18921458014,2336305765,21257763779
2014-05-08,All-Floors,Total,5405,63375,75299553,1296652098375,269880678305,1566532776680
2014-05-09,1,Staff,52,576,551397,2894608010,436093589,3330701599
2014-05-09,1,TPG,44,561,811822,40398087200,6617258490,47015345690
2014-05-09,1,RPG,15,65,178787,9026645875,509214081,9535859956
2014-05-09,1,UG,447,3117,4091979,128793109062,15116558324,143909667386
2014-05-09,1,Alumni,3,22,97169,5437290758,1245974904,6683265662
2014-05-09,1,Others(HKUST),1,6,3949,2143806,835638,2979444
2014-05-09,1,Non-HKUST,11,41,99312,1410356890,172703914,1583060804
2014-05-09,1,Total,573,4388,5834415,187962241601,24098638940,212060880541
2014-05-09,G,Staff,97,482,524440,6267190844,701302735,6968493579
2014-05-09,G,TPG,264,1603,1129106,17306157796,10998967781,28305125577
2014-05-09,G,RPG,117,546,543733,7313677861,2641722799,9955400660
2014-05-09,G,UG,1367,6761,4055607,101103089629,15384932878,116488022507
2014-05-09,G,Alumni,8,20,18669,219112626,58937236,278049862
2014-05-09,G,Others(HKUST),11,29,65960,37545274,9909867,47455141
2014-05-09,G,Non-HKUST,18,67,92263,3839205852,283539991,4122745843
2014-05-09,G,Total,1882,9508,6429778,136085979882,30079313287,166165293169
2014-05-09,LG1,Staff,85,329,275399,4313234732,291344469,4604579201
2014-05-09,LG1,TPG,423,5363,7129188,96154686756,26552502241,122707188997
2014-05-09,LG1,RPG,125,925,1287665,17489731435,1675230484,19164961919
2014-05-09,LG1,UG,1933,15962,20661077,251667354523,76779870624,328447225147
2014-05-09,LG1,Alumni,12,108,152582,1135631115,52760136,1188391251
2014-05-09,LG1,Others(HKUST),8,100,43720,18916936,14987691,33904627
2014-05-09,LG1,Non-HKUST,25,69,61829,816301954,69378207,885680161
2014-05-09,LG1,Total,2611,22856,29611460,371595857451,105436073852,477031931303
2014-05-09,LG3,Staff,107,242,250882,4678246843,317214640,4995461483
2014-05-09,LG3,TPG,224,1490,1869451,38950285565,18522087463,57472373028
2014-05-09,LG3,RPG,140,561,729059,15225508089,3368924423,18594432512
2014-05-09,LG3,UG,1145,3562,3673537,92605275110,11628649107,104233924217
2014-05-09,LG3,Alumni,5,15,12924,1423527,882232,2305759
2014-05-09,LG3,Others(HKUST),5,31,30617,256127819,30711273,286839092
2014-05-09,LG3,Non-HKUST,11,66,58971,514724364,147878882,662603246
2014-05-09,LG3,Total,1637,5967,6625441,152231591317,34016348020,186247939337
2014-05-09,LG4,Staff,92,308,245190,6180870239,485984400,6666854639
2014-05-09,LG4,TPG,245,2767,4459104,161775975114,21055905661,182831880775
2014-05-09,LG4,RPG,134,629,986500,17222643879,2354608857,19577252736
2014-05-09,LG4,UG,1172,5325,6371362,152886839475,24258048315,177144887790
2014-05-09,LG4,Alumni,7,47,72993,5116172365,262268428,5378440793
2014-05-09,LG4,Others(HKUST),6,121,191179,7087229480,368881864,7456111344
2014-05-09,LG4,Non-HKUST,16,165,265598,3827584502,593952716,4421537218
2014-05-09,LG4,Total,1672,9362,12591926,354097315054,49379650241,403476965295
2014-05-09,All-Floors,Staff,278,1937,1847308,24334150668,2231939833,26566090501
2014-05-09,All-Floors,TPG,564,11784,15398671,354585192431,83746721636,438331914067
2014-05-09,All-Floors,RPG,327,2726,3725744,66278207139,10549700644,76827907783
2014-05-09,All-Floors,UG,3526,34727,38853562,727055667799,143168059248,870223727047
2014-05-09,All-Floors,Alumni,19,212,354337,11909630391,1620822936,13530453327
2014-05-09,All-Floors,Others(HKUST),21,287,335425,7401963315,425326333,7827289648
2014-05-09,All-Floors,Non-HKUST,50,408,577973,10408173562,1267453710,11675627272
2014-05-09,All-Floors,Total,4785,52081,61093020,1201972985305,243010024340,1444983009645
2014-05-10,1,Staff,9,223,156090,829532255,244324626,1073856881
2014-05-10,1,TPG,39,291,546473,18368304096,4106141715,22474445811
2014-05-10,1,RPG,14,28,49372,1423656114,98619836,1522275950
2014-05-10,1,UG,104,841,1521449,48052162805,5686896265,53739059070
2014-05-10,1,Alumni,9,117,209876,11168044802,438415791,11606460593
2014-05-10,1,Others(HKUST),1,1,0,13368431,1647771,15016202
2014-05-10,1,Non-HKUST,4,23,20085,74988195,24840560,99828755
2014-05-10,1,Total,180,1524,2503345,79930056698,10600886564,90530943262
2014-05-10,G,Staff,25,138,80256,821751147,84201576,905952723
2014-05-10,G,TPG,213,1096,1198844,57788736869,20919988803,78708725672
2014-05-10,G,RPG,68,280,214998,6148467349,1531206103,7679673452
2014-05-10,G,UG,345,1721,1747598,63901473548,7176914019,71078387567
2014-05-10,G,Alumni,22,53,46653,2640710679,128754619,2769465298
2014-05-10,G,Others(HKUST),4,19,91482,118993354,21094593,140087947
2014-05-10,G,Non-HKUST,22,39,3619,18151668,33958405,52110073
2014-05-10,G,Total,699,3346,3383450,131438284614,29896118118,161334402732
2014-05-10,LG1,Staff,33,199,277963,4987433200,4348818123,9336251323
2014-05-10,LG1,TPG,431,6469,10144752,163023845992,50753701537,213777547529
2014-05-10,LG1,RPG,126,958,1253343,12122011327,1799012300,13921023627
2014-05-10,LG1,UG,789,7895,12452732,188085444124,29626159993,217711604117
2014-05-10,LG1,Alumni,33,216,244895,1736923129,147512820,1884435949
2014-05-10,LG1,Others(HKUST),4,70,60120,330248,357243,687491
2014-05-10,LG1,Non-HKUST,27,167,146041,989727829,93725908,1083453737
2014-05-10,LG1,Total,1443,15974,24579846,370945715849,86769287924,457715003773
2014-05-10,LG3,Staff,27,71,44423,1644023485,213855892,1857879377
2014-05-10,LG3,TPG,163,850,995139,14604780197,3027155419,17631935616
2014-05-10,LG3,RPG,101,429,642383,11093096017,6220372581,17313468598
2014-05-10,LG3,UG,361,1265,1588384,32108625743,5703559389,37812185132
2014-05-10,LG3,Alumni,27,113,198599,2705751961,436009663,3141761624
2014-05-10,LG3,Others(HKUST),5,36,17747,20393254,3596298,23989552
2014-05-10,LG3,Non-HKUST,15,80,128114,2909129601,152830614,3061960215
2014-05-10,LG3,Total,699,2844,3614789,65085800258,15757379856,80843180114
2014-05-10,LG4,Staff,30,143,101964,5408226761,236980287,5645207048
2014-05-10,LG4,TPG,193,1412,2714567,51347553042,7960503298,59308056340
2014-05-10,LG4,RPG,82,401,556009,5866431564,2134689304,8001120868
2014-05-10,LG4,UG,332,2089,3247158,62460171798,42956233502,105416405300
2014-05-10,LG4,Alumni,34,329,588743,13403501802,4391954823,17795456625
2014-05-10,LG4,Others(HKUST),4,124,222927,10311164941,527028402,10838193343
2014-05-10,LG4,Non-HKUST,17,171,327940,16139452398,2731188499,18870640897
2014-05-10,LG4,Total,692,4669,7759308,164936502306,60938578115,225875080421
2014-05-10,All-Floors,Staff,79,774,660696,13690966848,5128180504,18819147352
2014-05-10,All-Floors,TPG,565,10118,15599775,305133220196,86767490772,391900710968
2014-05-10,All-Floors,RPG,238,2096,2716105,36653662371,11783900124,48437562495
2014-05-10,All-Floors,UG,1164,13811,20557321,394607878018,91149763168,485757641186
2014-05-10,All-Floors,Alumni,62,828,1288766,31654932373,5542647716,37197580089
2014-05-10,All-Floors,Others(HKUST),11,250,392276,10464250228,553724307,11017974535
2014-05-10,All-Floors,Non-HKUST,47,480,625799,20131449691,3036543986,23167993677
2014-05-10,All-Floors,Total,2166,28357,41840738,812336359725,203962250577,1016298610302
2014-05-11,1,Staff,10,249,227096,4012450774,345512716,4357963490
2014-05-11,1,TPG,34,379,727860,40271169901,4138353680,44409523581
2014-05-11,1,RPG,7,54,134145,2365680729,1364246545,3729927274
2014-05-11,1,UG,87,757,1497451,48936985018,5008986582,53945971600
2014-05-11,1,Alumni,6,90,205051,6209514021,3868849955,10078363976
2014-05-11,1,Others(HKUST),1,26,5981,8252860,9113170,17366030
2014-05-11,1,Non-HKUST,5,97,134083,8974322493,654857585,9629180078
2014-05-11,1,Total,150,1652,2931667,110778375796,15389920233,126168296029
2014-05-11,G,Staff,28,250,271499,11984038773,1968073807,13952112580
2014-05-11,G,TPG,181,1046,1067210,29682021093,4783917409,34465938502
2014-05-11,G,RPG,89,601,484512,13481426092,4832284188,18313710280
2014-05-11,G,UG,307,1930,1899181,57919977385,12606828483,70526805868
2014-05-11,G,Alumni,14,91,60921,2145535726,232581170,2378116896
2014-05-11,G,Others(HKUST),7,54,134365,807760769,129835217,937595986
2014-05-11,G,Non-HKUST,21,59,5783,154124117,157168025,311292142
2014-05-11,G,Total,647,4031,3923471,116174883955,24710688299,140885572254
2014-05-11,LG1,Staff,30,204,222211,4788504809,358399339,5146904148
2014-05-11,LG1,TPG,377,6352,10512322,130859436630,35946473448,166805910078
2014-05-11,LG1,RPG,123,1048,1300770,15353563318,1568619509,16922182827
2014-05-11,LG1,UG,678,7437,11192975,178533077053,28127868156,206660945209
2014-05-11,LG1,Alumni,27,179,197861,5551345328,261102458,5812447786
2014-05-11,LG1,Others(HKUST),5,131,74667,300849761,122729224,423578985
2014-05-11,LG1,Non-HKUST,29,157,147267,645824747,130041285,775866032
2014-05-11,LG1,Total,1269,15508,23648073,336032601646,66515233419,402547835065
2014-05-11,LG3,Staff,30,72,71385,2315067243,106772065,2421839308
2014-05-11,LG3,TPG,169,961,1269529,24295181027,20143010931,44438191958
2014-05-11,LG3,RPG,104,453,634369,28813548045,12753242555,41566790600
2014-05-11,LG3,UG,333,1466,1968748,50329041447,9841887334,60170928781
2014-05-11,LG3,Alumni,20,145,116757,2377124758,182521482,2559646240
2014-05-11,LG3,Others(HKUST),4,7,244,876692,426780,1303472
2014-05-11,LG3,Non-HKUST,29,134,213852,1707270828,7223759369,8931030197
2014-05-11,LG3,Total,689,3238,4274884,109838110040,50251620516,160089730556
2014-05-11,LG4,Staff,22,128,98618,1787390590,102310028,1889700618
2014-05-11,LG4,TPG,183,1742,3140284,92701646461,11034444029,103736090490
2014-05-11,LG4,RPG,106,648,915432,52247055977,7598222574,59845278551
2014-05-11,LG4,UG,314,2229,3410928,57835383062,11690985494,69526368556
2014-05-11,LG4,Alumni,31,276,476071,13209845549,1174126354,14383971903
2014-05-11,LG4,Others(HKUST),4,101,181842,12048778724,1636594404,13685373128
2014-05-11,LG4,Non-HKUST,32,317,591739,18597438032,9586874477,28184312509
2014-05-11,LG4,Total,692,5441,8814914,248427538395,42823557360,291251095755
2014-05-11,All-Floors,Staff,78,903,890809,24887452189,2881067955,27768520144
2014-05-11,All-Floors,TPG,464,10480,16717205,317809455112,76046199497,393855654609
2014-05-11,All-Floors,RPG,256,2804,3469228,112261274161,28116615371,140377889532
2014-05-11,All-Floors,UG,931,13819,19969283,393554463965,67276556049,460831020014
2014-05-11,All-Floors,Alumni,57,781,1056661,29493365382,5719181419,35212546801
2014-05-11,All-Floors,Others(HKUST),12,319,397099,13166518806,1898698795,15065217601
2014-05-11,All-Floors,Non-HKUST,53,764,1092724,30078980217,17752700741,47831680958
2014-05-11,All-Floors,Total,1851,29870,43593009,921251509832,199691019827,1120942529659
2014-05-12,1,Staff,59,589,872646,13388337321,801288888,14189626209
2014-05-12,1,TPG,48,705,1171880,56684986437,8655266351,65340252788
2014-05-12,1,RPG,24,181,322388,39129252635,4460132106,43589384741
2014-05-12,1,UG,302,3891,6190647,218342056332,56459928536,274801984868
2014-05-12,1,Alumni,2,32,36856,835669507,46349253,882018760
2014-05-12,1,Others(HKUST),2,8,7916,2253780,1267515,3521295
2014-05-12,1,Non-HKUST,5,45,91809,827290111,68342795,895632906
2014-05-12,1,Total,442,5451,8694142,329209846123,70492575444,399702421567
2014-05-12,G,Staff,133,771,713798,10640222559,1007147998,11647370557
2014-05-12,G,TPG,260,1615,1513730,12319505535,5695062738,18014568273
2014-05-12,G,RPG,144,839,734584,22522696561,3127916809,25650613370
2014-05-12,G,UG,887,5012,4378544,102108235128,21330782084,123439017212
2014-05-12,G,Alumni,13,66,53953,103807792,37918304,141726096
2014-05-12,G,Others(HKUST),13,79,138813,83066388,29619693,112686081
2014-05-12,G,Non-HKUST,18,40,21314,614091464,48382009,662473473
2014-05-12,G,Total,1468,8422,7554736,148391625427,31276829635,179668455062
2014-05-12,LG1,Staff,129,582,536728,7522109346,2229044100,9751153446
2014-05-12,LG1,TPG,445,6005,8488775,170306742533,40109925695,210416668228
2014-05-12,LG1,RPG,197,1459,1868704,22623775665,3616474320,26240249985
2014-05-12,LG1,UG,1314,11836,15531276,197308465182,49693473404,247001938586
2014-05-12,LG1,Alumni,14,105,114570,1897178328,81689579,1978867907
2014-05-12,LG1,Others(HKUST),9,149,73941,37862373,12924515,50786888
2014-05-12,LG1,Non-HKUST,25,80,89344,633293357,83119008,716412365
2014-05-12,LG1,Total,2133,20216,26703338,400329426784,95826650621,496156077405
2014-05-12,LG3,Staff,120,294,132398,2575929462,203428097,2779357559
2014-05-12,LG3,TPG,244,1670,2082431,46517758966,6290407598,52808166564
2014-05-12,LG3,RPG,177,669,729928,14383893062,1633973019,16017866081
2014-05-12,LG3,UG,700,3606,4547486,124386491222,11421119477,135807610699
2014-05-12,LG3,Alumni,15,86,85068,1143220727,447942686,1591163413
2014-05-12,LG3,Others(HKUST),5,25,33136,286682439,37738905,324421344
2014-05-12,LG3,Non-HKUST,16,80,202943,7123485596,527986593,7651472189
2014-05-12,LG3,Total,1277,6430,7813390,196417461474,20562596375,216980057849
2014-05-12,LG4,Staff,105,514,455031,5288781447,706833425,5995614872
2014-05-12,LG4,TPG,272,4055,6436769,466657890039,41057934004,507715824043
2014-05-12,LG4,RPG,189,1190,1711217,30834352919,5428052983,36262405902
2014-05-12,LG4,UG,814,6841,10324191,238250300971,30152213608,268402514579
2014-05-12,LG4,Alumni,15,123,173680,4696698958,1378586379,6075285337
2014-05-12,LG4,Others(HKUST),10,140,161471,10231006261,1490498979,11721505240
2014-05-12,LG4,Non-HKUST,24,226,443931,4705166325,943501066,5648667391
2014-05-12,LG4,Total,1429,13089,19706290,760664196920,81157620444,841821817364
2014-05-12,All-Floors,Staff,321,2750,2710601,39415380135,4947742508,44363122643
2014-05-12,All-Floors,TPG,569,14050,19693585,752486883510,101808596386,854295479896
2014-05-12,All-Floors,RPG,424,4338,5366821,129493970842,18266549237,147760520079
2014-05-12,All-Floors,UG,2096,31186,40972144,880395548835,169057517109,1049453065944
2014-05-12,All-Floors,Alumni,29,412,464127,8676575312,1992486201,10669061513
2014-05-12,All-Floors,Others(HKUST),26,401,415277,10640871241,1572049607,12212920848
2014-05-12,All-Floors,Non-HKUST,46,471,849341,13903326853,1671331471,15574658324
2014-05-12,All-Floors,Total,3511,53608,70471896,1835012556728,299316272519,2134328829247
2014-05-13,1,Staff,53,530,847859,1458876002,430489678,1889365680
2014-05-13,1,TPG,60,1043,1575835,68711400603,5053335921,73764736524
2014-05-13,1,RPG,34,154,266175,3611781515,1387432011,4999213526
2014-05-13,1,UG,376,4379,7483767,227734559541,35394560633,263129120174
2014-05-13,1,Alumni,4,33,116145,9774879203,603287593,10378166796
2014-05-13,1,Others(HKUST),1,1,124,1713,1185,2898
2014-05-13,1,Non-HKUST,6,70,52420,1362912113,208050511,1570962624
2014-05-13,1,Total,534,6210,10342325,312654410690,43077157532,355731568222
2014-05-13,G,Staff,109,622,444184,937674128,212327578,1150001706
2014-05-13,G,TPG,255,1798,1714107,27183144941,5544317041,32727461982
2014-05-13,G,RPG,145,927,758658,11629919919,2796614773,14426534692
2014-05-13,G,UG,973,5688,5176441,124793385337,46547272765,171340658102
2014-05-13,G,Alumni,12,60,76759,2029732461,138854719,2168587180
2014-05-13,G,Others(HKUST),10,34,120071,112252887,19637470,131890357
2014-05-13,G,Non-HKUST,25,91,74827,9646285757,640291506,10286577263
2014-05-13,G,Total,1529,9220,8365047,176332395430,55899315852,232231711282
2014-05-13,LG1,Staff,103,536,355980,3812462757,493621862,4306084619
2014-05-13,LG1,TPG,409,6278,8072781,112080196226,44990812468,157071008694
2014-05-13,LG1,RPG,184,1580,1767490,13364699134,2384201083,15748900217
2014-05-13,LG1,UG,1449,14184,17928375,225424428902,74720073457,300144502359
2014-05-13,LG1,Alumni,14,152,143492,943927294,74819803,1018747097
2014-05-13,LG1,Others(HKUST),13,142,89844,657810621,78629067,736439688
2014-05-13,LG1,Non-HKUST,26,79,108641,89899399,25790598,115689997
2014-05-13,LG1,Total,2198,22951,28466603,356373424333,122767948338,479141372671
2014-05-13,LG3,Staff,136,426,248116,3010010669,497286718,3507297387
2014-05-13,LG3,TPG,220,1417,1861716,61081845759,9550344378,70632190137
2014-05-13,LG3,RPG,170,735,953174,15993528568,2351907059,18345435627
2014-05-13,LG3,UG,820,4220,5180640,110988210651,20173074303,131161284954
2014-05-13,LG3,Alumni,9,79,96905,1012651957,139304689,1151956646
2014-05-13,LG3,Others(HKUST),9,36,18979,325680793,31543520,357224313
2014-05-13,LG3,Non-HKUST,11,64,105074,914134005,195395205,1109529210
2014-05-13,LG3,Total,1375,6977,8464604,193326062402,32938855872,226264918274
2014-05-13,LG4,Staff,91,247,140652,2440397240,174238256,2614635496
2014-05-13,LG4,TPG,261,3939,6277163,295983903119,85466822268,381450725387
2014-05-13,LG4,RPG,154,1148,1718279,87665576097,6888361896,94553937993
2014-05-13,LG4,UG,908,8905,14098368,224331240729,46336846630,270668087359
2014-05-13,LG4,Alumni,11,100,130673,14376547358,453837213,14830384571
2014-05-13,LG4,Others(HKUST),7,154,199737,6382951932,348878279,6731830211
2014-05-13,LG4,Non-HKUST,23,202,352973,2250610364,219446056,2470056420
2014-05-13,LG4,Total,1455,14695,22917845,633431226839,139888430598,773319657437
2014-05-13,All-Floors,Staff,310,2361,2036791,11659420796,1807964092,13467384888
2014-05-13,All-Floors,TPG,519,14475,19501602,565040490648,150605632076,715646122724
2014-05-13,All-Floors,RPG,390,4544,5463776,132265505233,15808516822,148074022055
2014-05-13,All-Floors,UG,2161,37376,49867591,913271825160,223171827788,1136443652948
2014-05-13,All-Floors,Alumni,27,424,563974,28137738273,1410104017,29547842290
2014-05-13,All-Floors,Others(HKUST),24,367,428755,7478697946,478689521,7957387467
2014-05-13,All-Floors,Non-HKUST,52,506,693935,14263841638,1288973876,15552815514
2014-05-13,All-Floors,Total,3483,60053,78556424,1672117519694,394571708192,2066689227886
2014-05-14,1,Staff,49,437,907791,8960555819,4427211391,13387767210
2014-05-14,1,TPG,57,812,1305336,66808794654,21746715494,88555510148
2014-05-14,1,RPG,31,177,323574,7710907560,1795555210,9506462770
2014-05-14,1,UG,402,5205,8817216,255248858510,41047424326,296296282836
2014-05-14,1,Alumni,3,18,6713,45689175,4138283,49827458
2014-05-14,1,Others(HKUST),2,10,5777,7499881,1997386,9497267
2014-05-14,1,Non-HKUST,10,47,101801,1147896554,79330993,1227227547
2014-05-14,1,Total,554,6706,11468208,339930202153,69102373083,409032575236
2014-05-14,G,Staff,89,533,554437,2513608946,440043643,2953652589
2014-05-14,G,TPG,287,1897,1834727,42321107959,5275803955,47596911914
2014-05-14,G,RPG,158,1120,1000548,27762371657,9478070401,37240442058
2014-05-14,G,UG,1012,5573,4844911,136814372403,52619214048,189433586451
2014-05-14,G,Alumni,13,84,100559,2264207877,161282500,2425490377
2014-05-14,G,Others(HKUST),9,31,108851,23454537,15252959,38707496
2014-05-14,G,Non-HKUST,11,31,956,530301,314030,844331
2014-05-14,G,Total,1579,9269,8444989,211699653680,67989981536,279689635216
2014-05-14,LG1,Staff,125,533,500907,21285727987,3206037062,24491765049
2014-05-14,LG1,TPG,468,6634,10131513,180098353683,47161287710,227259641393
2014-05-14,LG1,RPG,182,1396,1586808,20223072123,4169453115,24392525238
2014-05-14,LG1,UG,1449,13996,18535611,262209245275,50217431667,312426676942
2014-05-14,LG1,Alumni,13,104,96857,1552460607,57974325,1610434932
2014-05-14,LG1,Others(HKUST),10,97,59218,106304509,16446418,122750927
2014-05-14,LG1,Non-HKUST,22,72,111562,1368233000,528476676,1896709676
2014-05-14,LG1,Total,2269,22832,31022476,486843397184,105357106973,592200504157
2014-05-14,LG3,Staff,112,348,296545,5114431642,726869612,5841301254
2014-05-14,LG3,TPG,243,1689,2554830,79208440803,22572166835,101780607638
2014-05-14,LG3,RPG,173,647,767426,14162778716,3630840924,17793619640
2014-05-14,LG3,UG,765,4341,5325669,113732103263,13189838520,126921941783
2014-05-14,LG3,Alumni,11,111,67996,362651941,108263780,470915721
2014-05-14,LG3,Others(HKUST),8,9,0,83167,35757,118924
2014-05-14,LG3,Non-HKUST,15,67,49476,1545533434,72292811,1617826245
2014-05-14,LG3,Total,1327,7212,9061942,214126022966,40300308239,254426331205
2014-05-14,LG4,Staff,104,397,345986,3351077817,852187180,4203264997
2014-05-14,LG4,TPG,310,4711,7667591,219574869043,52438297483,272013166526
2014-05-14,LG4,RPG,167,1137,1821777,64073494435,8037206093,72110700528
2014-05-14,LG4,UG,925,10806,16772429,504311915233,55748454635,560060369868
2014-05-14,LG4,Alumni,15,115,161619,949389046,102342634,1051731680
2014-05-14,LG4,Others(HKUST),7,147,165989,8971462517,358833888,9330296405
2014-05-14,LG4,Non-HKUST,19,173,253418,3926798330,1524603649,5451401979
2014-05-14,LG4,Total,1547,17486,27188809,805159006421,119061925562,924220931983
2014-05-14,All-Floors,Staff,297,2248,2605666,41225402211,9652348888,50877751099
2014-05-14,All-Floors,TPG,597,15743,23493997,588011566142,149194271477,737205837619
2014-05-14,All-Floors,RPG,416,4477,5500133,133932624491,27111125743,161043750234
2014-05-14,All-Floors,UG,2235,39921,54295836,1272316494684,212822363196,1485138857880
2014-05-14,All-Floors,Alumni,26,432,433744,5174398646,434001522,5608400168
2014-05-14,All-Floors,Others(HKUST),22,294,339835,9108804611,392566408,9501371019
2014-05-14,All-Floors,Non-HKUST,50,390,517213,7988991619,2205018159,10194009778
2014-05-14,All-Floors,Total,3643,63505,87186424,2057758282404,401811695393,2459569977797
2014-05-15,1,Staff,50,492,613939,5728404850,3493827404,9222232254
2014-05-15,1,TPG,72,1314,1831378,91909829028,12089409983,103999239011
2014-05-15,1,RPG,25,243,295416,16050412314,2217106996,18267519310
2014-05-15,1,UG,411,4553,8568323,251085620491,45140443859,296226064350
2014-05-15,1,Alumni,5,65,79668,2312249134,317030201,2629279335
2014-05-15,1,Others(HKUST),3,8,10688,9379639,2079790,11459429
2014-05-15,1,Non-HKUST,7,61,110530,513915153,85999381,599914534
2014-05-15,1,Total,573,6736,11509942,367609810609,63345897614,430955708223
2014-05-15,G,Staff,106,805,587714,6039682399,916376942,6956059341
2014-05-15,G,TPG,285,1856,1558896,37482268924,5201889220,42684158144
2014-05-15,G,RPG,169,973,788330,37670947302,6843046554,44513993856
2014-05-15,G,UG,1194,6989,5685957,132874593156,17972625286,150847218442
2014-05-15,G,Alumni,8,30,41585,6426167,2164848,8591015
2014-05-15,G,Others(HKUST),10,39,148567,53697270,26424758,80122028
2014-05-15,G,Non-HKUST,22,63,16071,83433886,16200030,99633916
2014-05-15,G,Total,1794,10755,8827120,214211049104,30978727638,245189776742
2014-05-15,LG1,Staff,132,699,602147,2221304318,260119294,2481423612
2014-05-15,LG1,TPG,460,7407,9379141,160818173800,22028636480,182846810280
2014-05-15,LG1,RPG,177,1219,1447694,24319523833,4343344577,28662868410
2014-05-15,LG1,UG,1623,15861,19846126,302258322766,58911126277,361169449043
2014-05-15,LG1,Alumni,16,176,188837,574262116,64815876,639077992
2014-05-15,LG1,Others(HKUST),13,141,56693,20343196,6408349,26751545
2014-05-15,LG1,Non-HKUST,29,120,94907,315678696,34044482,349723178
2014-05-15,LG1,Total,2450,25623,31615545,490527608725,85648495335,576176104060
2014-05-15,LG3,Staff,115,283,199166,995970796,143182547,1139153343
2014-05-15,LG3,TPG,235,1676,2067879,53707118874,30063239196,83770358070
2014-05-15,LG3,RPG,177,765,958042,18213915318,3597287988,21811203306
2014-05-15,LG3,UG,856,4935,6208506,160471389970,18727321309,179198711279
2014-05-15,LG3,Alumni,10,55,36532,326813264,34955863,361769127
2014-05-15,LG3,Others(HKUST),12,67,27381,477896099,29875547,507771646
2014-05-15,LG3,Non-HKUST,21,153,208506,1656494095,283662419,1940156514
2014-05-15,LG3,Total,1426,7934,9706012,235849598416,52879524869,288729123285
2014-05-15,LG4,Staff,104,321,237534,3018903350,446150462,3465053812
2014-05-15,LG4,TPG,305,4833,8123951,241286998333,34201549847,275488548180
2014-05-15,LG4,RPG,161,1349,1667378,28740223744,2657073655,31397297399
2014-05-15,LG4,UG,1056,11625,18243756,353142085752,44140662530,397282748282
2014-05-15,LG4,Alumni,12,138,192621,5191619792,697464238,5889084030
2014-05-15,LG4,Others(HKUST),10,153,182456,7670515738,273255273,7943771011
2014-05-15,LG4,Non-HKUST,20,135,295362,5441477775,1564455138,7005932913
2014-05-15,LG4,Total,1668,18554,28943058,644491824484,83980611143,728472435627
2014-05-15,All-Floors,Staff,336,2600,2240500,18004265713,5259656649,23263922362
2014-05-15,All-Floors,TPG,586,17086,22961245,585204388959,103584724726,688789113685
2014-05-15,All-Floors,RPG,397,4549,5156860,124995022511,19657859770,144652882281
2014-05-15,All-Floors,UG,2459,43963,58552668,1199832012135,184892179261,1384724191396
2014-05-15,All-Floors,Alumni,26,464,539243,8411370473,1116431026,9527801499
2014-05-15,All-Floors,Others(HKUST),27,408,425785,8231831942,338043717,8569875659
2014-05-15,All-Floors,Non-HKUST,59,532,725376,8010999605,1984361450,9995361055
2014-05-15,All-Floors,Total,3890,69602,90601677,1952689891338,316833256599,2269523147937
2014-05-16,1,Staff,53,587,748383,6968960474,3785167723,10754128197
2014-05-16,1,TPG,65,1005,1597702,59517046957,10930061797,70447108754
2014-05-16,1,RPG,32,216,279998,8298779981,1994283905,10293063886
2014-05-16,1,UG,413,5192,9278254,260318021321,45000204778,305318226099
2014-05-16,1,Alumni,5,27,53676,61062943,7439440,68502383
2014-05-16,1,Others(HKUST),3,8,4575,936013946,88089694,1024103640
2014-05-16,1,Non-HKUST,6,65,99097,336057592,41872318,377929910
2014-05-16,1,Total,577,7100,12061685,336435943214,61847119655,398283062869
2014-05-16,G,Staff,124,635,458074,3457820668,520413152,3978233820
2014-05-16,G,TPG,288,1669,1405504,31870199261,4734526766,36604726027
2014-05-16,G,RPG,155,1042,1062735,44314605681,9046834995,53361440676
2014-05-16,G,UG,1102,6261,5772684,154586269663,18655343822,173241613485
2014-05-16,G,Alumni,13,51,63155,572519093,84841425,657360518
2014-05-16,G,Others(HKUST),10,128,186399,10082594315,756308057,10838902372
2014-05-16,G,Non-HKUST,19,44,10171,36460124,6103181,42563305
2014-05-16,G,Total,1711,9830,8958722,244920468805,33804371398,278724840203
2014-05-16,LG1,Staff,114,475,385632,1303816308,576006457,1879822765
2014-05-16,LG1,TPG,468,7161,10666758,266722437956,49705814039,316428251995
2014-05-16,LG1,RPG,147,1371,1568021,13758597386,3908056513,17666653899
2014-05-16,LG1,UG,1490,13694,19590489,316898863984,68831484820,385730348804
2014-05-16,LG1,Alumni,12,93,92851,713161232,36766523,749927755
2014-05-16,LG1,Others(HKUST),10,140,70041,917645438,61584594,979230032
2014-05-16,LG1,Non-HKUST,23,108,91549,40056437,19395911,59452348
2014-05-16,LG1,Total,2264,23042,32465341,600354578741,123139108857,723493687598
2014-05-16,LG3,Staff,114,312,208928,4294128325,987706239,5281834564
2014-05-16,LG3,TPG,216,1735,2124871,66494693952,17050516053,83545210005
2014-05-16,LG3,RPG,150,556,760353,34847505694,2570397628,37417903322
2014-05-16,LG3,UG,842,4605,5815324,141173116372,16105544922,157278661294
2014-05-16,LG3,Alumni,7,102,52876,416391128,26628901,443020029
2014-05-16,LG3,Others(HKUST),5,21,26519,768495977,58018161,826514138
2014-05-16,LG3,Non-HKUST,15,70,71496,714628524,205078043,919706567
2014-05-16,LG3,Total,1349,7401,9060367,248708959972,37003889947,285712849919
2014-05-16,LG4,Staff,90,369,277093,2096838391,417079900,2513918291
2014-05-16,LG4,TPG,304,4555,8091200,215483600954,46192248619,261675849573
2014-05-16,LG4,RPG,155,1087,1512700,39094248491,7467369011,46561617502
2014-05-16,LG4,UG,1024,12280,18587117,300230859007,65642089868,365872948875
2014-05-16,LG4,Alumni,13,98,236305,4923757824,271169257,5194927081
2014-05-16,LG4,Others(HKUST),4,70,166023,2313510276,164779329,2478289605
2014-05-16,LG4,Non-HKUST,19,206,435161,1268402233,218904209,1487306442
2014-05-16,LG4,Total,1609,18665,29305599,565411217176,120373640193,685784857369
2014-05-16,All-Floors,Staff,286,2378,2078110,18121564166,6286373471,24407937637
2014-05-16,All-Floors,TPG,607,16125,23886035,640087979080,128613167274,768701146354
2014-05-16,All-Floors,RPG,376,4272,5183807,140313737233,24986942052,165300679285
2014-05-16,All-Floors,UG,2358,42032,59043868,1173207130347,214234668210,1387441798557
2014-05-16,All-Floors,Alumni,25,371,498863,6686892220,426845546,7113737766
2014-05-16,All-Floors,Others(HKUST),23,367,453557,15018259952,1128779835,16147039787
2014-05-16,All-Floors,Non-HKUST,46,493,707474,2395604910,491353662,2886958572
2014-05-16,All-Floors,Total,3721,66038,91851714,1995831167908,376168130050,2371999297958
2014-05-17,1,Staff,12,81,344615,7196287169,3364012878,10560300047
2014-05-17,1,TPG,68,800,1456559,56381034500,3817056588,60198091088
2014-05-17,1,RPG,16,139,311874,2411433875,443137884,2854571759
2014-05-17,1,UG,386,3387,6106351,170645529649,28834122308,199479651957
2014-05-17,1,Alumni,5,84,115369,10129538552,857370053,10986908605
2014-05-17,1,Others(HKUST),1,8,7100,84423866,8218518,92642384
2014-05-17,1,Non-HKUST,6,42,57100,3371448173,514111193,3885559366
2014-05-17,1,Total,494,4541,8398968,250219695784,37838029422,288057725206
2014-05-17,G,Staff,38,158,187182,1539526313,121605008,1661131321
2014-05-17,G,TPG,260,1513,1945090,41461429681,8897772682,50359202363
2014-05-17,G,RPG,105,317,453404,16046715031,1651107105,17697822136
2014-05-17,G,UG,1020,4546,4515653,117460394516,15103400100,132563794616
2014-05-17,G,Alumni,16,39,14956,208437415,121245083,329682498
2014-05-17,G,Others(HKUST),6,32,107215,551481845,40333763,591815608
2014-05-17,G,Non-HKUST,19,72,39492,3662893969,519723114,4182617083
2014-05-17,G,Total,1464,6677,7262992,180930878770,26455186855,207386065625
2014-05-17,LG1,Staff,31,167,169998,1338425741,73524537,1411950278
2014-05-17,LG1,TPG,486,7203,11850994,210464972229,62979930211,273444902440
2014-05-17,LG1,RPG,126,1248,1347585,13317327745,2313818888,15631146633
2014-05-17,LG1,UG,1417,11419,16613983,249288503391,44504981945,293793485336
2014-05-17,LG1,Alumni,20,68,75800,336588698,129180962,465769660
2014-05-17,LG1,Others(HKUST),4,73,10014,86832587,14380992,101213579
2014-05-17,LG1,Non-HKUST,22,116,91968,2132582244,386320060,2518902304
2014-05-17,LG1,Total,2106,20294,30160342,476965232635,110402137595,587367370230
2014-05-17,LG3,Staff,33,148,138055,26846748577,1099554491,27946303068
2014-05-17,LG3,TPG,217,1474,2259663,53186785152,12658373966,65845159118
2014-05-17,LG3,RPG,116,526,610630,10105008758,1535873769,11640882527
2014-05-17,LG3,UG,806,3301,4590198,66017617082,7520534746,73538151828
2014-05-17,LG3,Alumni,12,40,83081,427388527,55615164,483003691
2014-05-17,LG3,Others(HKUST),3,21,16803,169975748,25698377,195674125
2014-05-17,LG3,Non-HKUST,12,102,154749,1558729050,147447871,1706176921
2014-05-17,LG3,Total,1199,5612,7853179,158312252894,23043098384,181355351278
2014-05-17,LG4,Staff,29,113,118508,2561614615,266209541,2827824156
2014-05-17,LG4,TPG,285,3770,7524625,223116605821,42626778560,265743384381
2014-05-17,LG4,RPG,102,660,1211571,32573764761,3968518324,36542283085
2014-05-17,LG4,UG,917,7193,11704426,241550639054,38360052460,279910691514
2014-05-17,LG4,Alumni,25,301,397438,4932470323,289057574,5221527897
2014-05-17,LG4,Others(HKUST),4,148,312689,14848612130,2067254591,16915866721
2014-05-17,LG4,Non-HKUST,23,178,421108,8862249489,2455295728,11317545217
2014-05-17,LG4,Total,1385,12363,21690365,528445956193,90033166778,618479122971
2014-05-17,All-Floors,Staff,92,667,958358,39482602415,4924906455,44407508870
2014-05-17,All-Floors,TPG,639,14760,25036931,584610827383,130979912007,715590739390
2014-05-17,All-Floors,RPG,265,2890,3935064,74454250170,9912455970,84366706140
2014-05-17,All-Floors,UG,2529,29846,43530611,844962683692,134323091559,979285775251
2014-05-17,All-Floors,Alumni,45,532,686644,16034423515,1452468836,17486892351
2014-05-17,All-Floors,Others(HKUST),12,282,453821,15741326176,2155886241,17897212417
2014-05-17,All-Floors,Non-HKUST,45,510,764417,19587902925,4022897966,23610800891
2014-05-17,All-Floors,Total,3627,49487,75365846,1594874016276,287771619034,1882645635310
2014-05-18,1,Staff,10,117,300747,3997583682,3292861351,7290445033
2014-05-18,1,TPG,78,1091,1918290,97447166480,9722589545,107169756025
2014-05-18,1,RPG,17,133,335144,8566915778,1318341570,9885257348
2014-05-18,1,UG,302,3763,7301409,224431908257,42378866337,266810774594
2014-05-18,1,Alumni,11,154,180535,7656612299,523939301,8180551600
2014-05-18,1,Others(HKUST),0,0,0,0,0,0
2014-05-18,1,Non-HKUST,4,58,107203,461368082,59077017,520445099
2014-05-18,1,Total,422,5316,10143328,342561554578,57295675121,399857229699
2014-05-18,G,Staff,36,242,130886,672189947,214390806,886580753
2014-05-18,G,TPG,320,2123,1948714,166956798668,18177578719,185134377387
2014-05-18,G,RPG,90,515,523981,23164313112,3753345716,26917658828
2014-05-18,G,UG,806,5752,5663537,155614879340,74613920587,230228799927
2014-05-18,G,Alumni,24,148,171687,3776709149,1120192552,4896901701
2014-05-18,G,Others(HKUST),6,19,94078,36093953,12365193,48459146
2014-05-18,G,Non-HKUST,18,59,23135,52311900,423302545,475614445
2014-05-18,G,Total,1300,8858,8556018,350273296069,98315096118,448588392187
2014-05-18,LG1,Staff,38,333,447026,3413419279,963740577,4377159856
2014-05-18,LG1,TPG,522,8746,12663974,200720803654,44148697053,244869500707
2014-05-18,LG1,RPG,152,1312,1533715,15400267157,2627107042,18027374199
2014-05-18,LG1,UG,1255,13649,18755184,258613802524,39234708996,297848511520
2014-05-18,LG1,Alumni,33,238,155214,6548922567,553282535,7102205102
2014-05-18,LG1,Others(HKUST),5,93,21618,23061439,3211494,26272933
2014-05-18,LG1,Non-HKUST,24,140,278713,31846773115,816999061,32663772176
2014-05-18,LG1,Total,2029,24511,33855444,516567049735,88347746758,604914796493
2014-05-18,LG3,Staff,31,91,77578,239028739,32959443,271988182
2014-05-18,LG3,TPG,253,1895,2697640,64863115747,5823136397,70686252144
2014-05-18,LG3,RPG,117,705,718891,16406594309,2571354194,18977948503
2014-05-18,LG3,UG,676,3698,4802176,92960632586,13197902895,106158535481
2014-05-18,LG3,Alumni,25,122,159127,4632944780,457270938,5090215718
2014-05-18,LG3,Others(HKUST),3,27,34768,389368175,46362072,435730247
2014-05-18,LG3,Non-HKUST,18,133,88461,308795571,210617742,519413313
2014-05-18,LG3,Total,1123,6671,8578641,179800479907,22339603681,202140083588
2014-05-18,LG4,Staff,32,201,148098,2900960586,183809124,3084769710
2014-05-18,LG4,TPG,301,4735,7728165,208637995474,54596465427,263234460901
2014-05-18,LG4,RPG,127,810,1202653,45157874057,3457419789,48615293846
2014-05-18,LG4,UG,809,11317,17666853,378182818546,77376023490,455558842036
2014-05-18,LG4,Alumni,35,408,564741,5877399766,858816177,6736215943
2014-05-18,LG4,Others(HKUST),3,120,256159,63026109463,10607678655,73633788118
2014-05-18,LG4,Non-HKUST,29,253,412979,10943329124,2790181023,13733510147
2014-05-18,LG4,Total,1336,17844,27979648,714726487016,149870393685,864596880701
2014-05-18,All-Floors,Staff,90,984,1104335,11223182233,4687761301,15910943534
2014-05-18,All-Floors,TPG,656,18590,26956783,738625880023,132468467141,871094347164
2014-05-18,All-Floors,RPG,290,3475,4314384,108695964413,13727568311,122423532724
2014-05-18,All-Floors,UG,1772,38179,54189159,1109804041253,246801422305,1356605463558
2014-05-18,All-Floors,Alumni,65,1070,1231304,28492588561,3513501503,32006090064
2014-05-18,All-Floors,Others(HKUST),11,259,406623,63474633030,10669617414,74144250444
2014-05-18,All-Floors,Non-HKUST,53,643,910491,43612577792,4300177388,47912755180
2014-05-18,All-Floors,Total,2937,63200,89113079,2103928867305,416168515363,2520097382668
2014-05-19,1,Staff,50,432,669525,6914009988,3525305130,10439315118
2014-05-19,1,TPG,91,1337,2022361,50528708562,7320256296,57848964858
2014-05-19,1,RPG,25,185,371131,16411833003,8514683020,24926516023
2014-05-19,1,UG,620,5738,9066826,237988967683,44651646262,282640613945
2014-05-19,1,Alumni,4,15,28186,1260741603,47290100,1308031703
2014-05-19,1,Others(HKUST),1,9,5391,7010945,3304916,10315861
2014-05-19,1,Non-HKUST,4,13,10597,1970473,491898,2462371
2014-05-19,1,Total,795,7729,12174017,313113242257,64062977622,377176219879
2014-05-19,G,Staff,122,640,596222,6467009695,803966621,7270976316
2014-05-19,G,TPG,362,2462,2149611,53326975412,7548663240,60875638652
2014-05-19,G,RPG,141,612,605769,7466248193,3262510176,10728758369
2014-05-19,G,UG,1582,8846,6369001,150081350390,26721924341,176803274731
2014-05-19,G,Alumni,14,53,55932,272041735,102368964,374410699
2014-05-19,G,Others(HKUST),10,26,98529,26149698,14848194,40997892
2014-05-19,G,Non-HKUST,19,44,1788,3999498,1127637,5127135
2014-05-19,G,Total,2250,12683,9876852,217643774621,38455409173,256099183794
2014-05-19,LG1,Staff,112,413,315660,1543851991,141727638,1685579629
2014-05-19,LG1,TPG,536,8642,10536977,161603069453,37243292543,198846361996
2014-05-19,LG1,RPG,182,1330,1175990,14312769181,2422979198,16735748379
2014-05-19,LG1,UG,1984,19371,22660168,313465498446,70628996427,384094494873
2014-05-19,LG1,Alumni,13,152,167536,1573154729,233245056,1806399785
2014-05-19,LG1,Others(HKUST),11,139,28044,77418520,10919213,88337733
2014-05-19,LG1,Non-HKUST,30,129,207364,828080950,43239420,871320370
2014-05-19,LG1,Total,2868,30176,35091739,493403843270,110724399495,604128242765
2014-05-19,LG3,Staff,122,234,198466,2019702973,437768180,2457471153
2014-05-19,LG3,TPG,310,2635,3212485,69800865369,21439927524,91240792893
2014-05-19,LG3,RPG,166,874,1091290,18140493568,3190986531,21331480099
2014-05-19,LG3,UG,1243,5397,5385043,88485209936,12579745677,101064955613
2014-05-19,LG3,Alumni,6,24,28083,7673819,2891721,10565540
2014-05-19,LG3,Others(HKUST),6,23,41294,164802846,26106995,190909841
2014-05-19,LG3,Non-HKUST,17,159,111697,11629661461,539469280,12169130741
2014-05-19,LG3,Total,1870,9346,10068358,190248409972,38216895908,228465305880
2014-05-19,LG4,Staff,109,470,377596,4084648689,875714728,4960363417
2014-05-19,LG4,TPG,364,5511,8524370,191551846007,31662320327,223214166334
2014-05-19,LG4,RPG,188,1380,1865269,64961623275,5533878335,70495501610
2014-05-19,LG4,UG,1432,14451,19620674,307612396263,56235474410,363847870673
2014-05-19,LG4,Alumni,10,111,185383,1449153416,196006845,1645160261
2014-05-19,LG4,Others(HKUST),7,153,239255,17985775500,3019820645,21005596145
2014-05-19,LG4,Non-HKUST,20,219,353569,8974084245,558712774,9532797019
2014-05-19,LG4,Total,2130,22295,31166116,596619527395,98081928064,694701455459
2014-05-19,All-Floors,Staff,321,2189,2157469,21029223336,5784482297,26813705633
2014-05-19,All-Floors,TPG,698,20587,26445804,526811464803,105214459930,632025924733
2014-05-19,All-Floors,RPG,389,4381,5109449,121292967220,22925037260,144218004480
2014-05-19,All-Floors,UG,3240,53803,63101712,1097633422718,210817787117,1308451209835
2014-05-19,All-Floors,Alumni,24,355,465120,4562765302,581802686,5144567988
2014-05-19,All-Floors,Others(HKUST),19,350,412513,18261157509,3074999963,21336157472
2014-05-19,All-Floors,Non-HKUST,49,564,685015,21437796627,1143041009,22580837636
2014-05-19,All-Floors,Total,4740,82229,98377082,1811028797515,349541610262,2160570407777
2014-05-20,1,Staff,56,582,894236,13130240500,3808272535,16938513035
2014-05-20,1,TPG,103,1326,1989680,62491120360,8781476029,71272596389
2014-05-20,1,RPG,26,228,301757,3133668625,1492118436,4625787061
2014-05-20,1,UG,525,6250,9773611,351271437967,54961871114,406233309081
2014-05-20,1,Alumni,7,92,102510,1501989480,196199936,1698189416
2014-05-20,1,Others(HKUST),1,13,2030,3757817,1561983,5319800
2014-05-20,1,Non-HKUST,6,42,32460,206360117,25835366,232195483
2014-05-20,1,Total,724,8533,13096284,431738574866,69267335399,501005910265
2014-05-20,G,Staff,116,828,533106,6227030861,574279862,6801310723
2014-05-20,G,TPG,363,2737,1951245,46313130913,8309698180,54622829093
2014-05-20,G,RPG,161,752,716850,7106433572,3078256305,10184689877
2014-05-20,G,UG,1435,8126,6358042,126459055967,20109003570,146568059537
2014-05-20,G,Alumni,12,70,105419,3446152266,555775142,4001927408
2014-05-20,G,Others(HKUST),12,34,98089,27784128,15479271,43263399
2014-05-20,G,Non-HKUST,22,52,27154,69601337,77302864,146904201
2014-05-20,G,Total,2121,12599,9789905,189649189044,32719795194,222368984238
2014-05-20,LG1,Staff,119,472,341184,1178383648,179024710,1357408358
2014-05-20,LG1,TPG,567,8788,10437789,115400742113,27776123984,143176866097
2014-05-20,LG1,RPG,179,1270,1405438,13338478315,2698010341,16036488656
2014-05-20,LG1,UG,1908,19880,24063264,282969627420,50384216988,333353844408
2014-05-20,LG1,Alumni,15,146,106570,249478231,42076611,291554842
2014-05-20,LG1,Others(HKUST),15,188,39869,238753817,21935356,260689173
2014-05-20,LG1,Non-HKUST,26,114,106831,845821197,63413214,909234411
2014-05-20,LG1,Total,2829,30858,36500945,414221284741,81164801204,495386085945
2014-05-20,LG3,Staff,114,260,163692,1791109881,117996980,1909106861
2014-05-20,LG3,TPG,280,2106,2759754,30895274541,5331187202,36226461743
2014-05-20,LG3,RPG,185,851,1086459,16282545056,1934553033,18217098089
2014-05-20,LG3,UG,1191,5771,6479880,132317043919,40844808703,173161852622
2014-05-20,LG3,Alumni,11,36,34050,249793104,42978209,292771313
2014-05-20,LG3,Others(HKUST),12,37,44322,773410031,60884196,834294227
2014-05-20,LG3,Non-HKUST,14,65,57955,750023632,36676468,786700100
2014-05-20,LG3,Total,1807,9126,10626112,183059200164,48369084791,231428284955
2014-05-20,LG4,Staff,103,344,264189,1694409629,160047845,1854457474
2014-05-20,LG4,TPG,374,5179,7265572,184990609162,36267509891,221258119053
2014-05-20,LG4,RPG,183,1265,1889370,46848776513,5698661059,52547437572
2014-05-20,LG4,UG,1330,14041,21555047,386702281176,48991800374,435694081550
2014-05-20,LG4,Alumni,10,147,230611,3071101030,1568630324,4639731354
2014-05-20,LG4,Others(HKUST),11,185,268357,9247124533,555174793,9802299326
2014-05-20,LG4,Non-HKUST,22,235,335716,4360340638,183907551,4544248189
2014-05-20,LG4,Total,2033,21396,31808862,636914642681,93425731837,730340374518
2014-05-20,All-Floors,Staff,301,2486,2196407,24021174519,4839621932,28860796451
2014-05-20,All-Floors,TPG,729,20136,24404040,440090877089,86465995286,526556872375
2014-05-20,All-Floors,RPG,426,4366,5399874,86709902081,14901599174,101611501255
2014-05-20,All-Floors,UG,2999,54068,68229844,1279719446449,215291700749,1495011147198
2014-05-20,All-Floors,Alumni,27,491,579160,8518514111,2405660222,10924174333
2014-05-20,All-Floors,Others(HKUST),27,457,452667,10290830326,655035599,10945865925
2014-05-20,All-Floors,Non-HKUST,48,508,560116,6232146921,387135463,6619282384
2014-05-20,All-Floors,Total,4557,82512,101822108,1855582891496,324946748425,2180529639921
2014-05-21,1,Staff,63,553,792619,8224054649,592732090,8816786739
2014-05-21,1,TPG,88,1245,1911164,111910894837,8308769088,120219663925
2014-05-21,1,RPG,29,155,278764,6676398111,1759141495,8435539606
2014-05-21,1,UG,561,6498,10988166,351194126710,51062295455,402256422165
2014-05-21,1,Alumni,3,39,39231,878140814,65305946,943446760
2014-05-21,1,Others(HKUST),1,1,0,11793,8268,20061
2014-05-21,1,Non-HKUST,6,18,58668,530822899,85863170,616686069
2014-05-21,1,Total,751,8509,14068612,479414449813,61874115512,541288565325
2014-05-21,G,Staff,99,620,509433,4223778329,707941492,4931719821
2014-05-21,G,TPG,326,2065,1863677,41128231239,16406585464,57534816703
2014-05-21,G,RPG,153,842,773164,14107680551,2311560479,16419241030
2014-05-21,G,UG,1430,7700,6619805,155615182917,27069637602,182684820519
2014-05-21,G,Alumni,11,63,53899,188171265,23619830,211791095
2014-05-21,G,Others(HKUST),9,35,114860,132009524,23871634,155881158
2014-05-21,G,Non-HKUST,20,67,51395,2372842229,147555386,2520397615
2014-05-21,G,Total,2048,11392,9986233,217767896054,46690771887,264458667941
2014-05-21,LG1,Staff,114,485,392485,2077678096,166931308,2244609404
2014-05-21,LG1,TPG,479,7802,10259749,125135958740,38316818385,163452777125
2014-05-21,LG1,RPG,163,1160,1259376,7825642188,1263735944,9089378132
2014-05-21,LG1,UG,1840,18016,23094558,337788718152,55769086984,393557805136
2014-05-21,LG1,Alumni,19,132,79526,133387332,23581801,156969133
2014-05-21,LG1,Others(HKUST),11,141,42135,82375476,12112699,94488175
2014-05-21,LG1,Non-HKUST,22,144,112219,698362533,121607795,819970328
2014-05-21,LG1,Total,2648,27880,35240048,473742122517,95673874916,569415997433
2014-05-21,LG3,Staff,130,367,261767,1861986746,194760690,2056747436
2014-05-21,LG3,TPG,282,2339,2857720,32352320298,6839136458,39191456756
2014-05-21,LG3,RPG,155,798,1112448,21471895829,4106561153,25578456982
2014-05-21,LG3,UG,1168,5395,6057510,109148548155,21017788348,130166336503
2014-05-21,LG3,Alumni,9,48,36375,1237814992,57757111,1295572103
2014-05-21,LG3,Others(HKUST),10,37,23159,112047228,29197355,141244583
2014-05-21,LG3,Non-HKUST,19,88,70681,7734622261,1050680020,8785302281
2014-05-21,LG3,Total,1773,9072,10419660,173919235509,33295881135,207215116644
2014-05-21,LG4,Staff,115,577,516014,2570912320,584865304,3155777624
2014-05-21,LG4,TPG,313,4925,7610638,150156209952,30522388617,180678598569
2014-05-21,LG4,RPG,158,1242,1536988,79880633138,8081491578,87962124716
2014-05-21,LG4,UG,1259,15454,22328297,446332552279,47061799067,493394351346
2014-05-21,LG4,Alumni,11,215,333595,5048625441,507125630,5555751071
2014-05-21,LG4,Others(HKUST),16,226,320199,6079738810,340134477,6419873287
2014-05-21,LG4,Non-HKUST,24,171,273510,3211201435,1262319191,4473520626
2014-05-21,LG4,Total,1896,22810,32919241,693279873375,88360123864,781639997239
2014-05-21,All-Floors,Staff,304,2602,2472318,18958410140,2247230884,21205641024
2014-05-21,All-Floors,TPG,652,18376,24502948,460683615066,100393698012,561077313078
2014-05-21,All-Floors,RPG,374,4197,4960740,129962249817,17522490649,147484740466
2014-05-21,All-Floors,UG,2931,53063,69088336,1400079128213,201980607456,1602059735669
2014-05-21,All-Floors,Alumni,25,497,542626,7486139844,677390318,8163530162
2014-05-21,All-Floors,Others(HKUST),26,440,500353,6406182831,405324433,6811507264
2014-05-21,All-Floors,Non-HKUST,50,488,566473,14547851357,2668025562,17215876919
2014-05-21,All-Floors,Total,4362,79663,102633794,2038123577268,325894767314,2364018344582
2014-05-22,1,Staff,62,537,896377,2814442621,1276316223,4090758844
2014-05-22,1,TPG,85,1285,1905006,154822955810,23900971214,178723927024
2014-05-22,1,RPG,26,202,494393,22050139427,2140505284,24190644711
2014-05-22,1,UG,539,6513,10764836,370579206121,131556770886,502135977007
2014-05-22,1,Alumni,1,26,33100,340041094,64061314,404102408
2014-05-22,1,Others(HKUST),1,12,11278,12045794,3376465,15422259
2014-05-22,1,Non-HKUST,3,11,28051,110802644,22471771,133274415
2014-05-22,1,Total,717,8586,14133041,550729633511,158964473157,709694106668
2014-05-22,G,Staff,109,603,535230,4938128732,832548607,5770677339
2014-05-22,G,TPG,341,2538,2065506,55729957804,21035991524,76765949328
2014-05-22,G,RPG,127,725,757948,9945241033,4842663583,14787904616
2014-05-22,G,UG,1382,8081,6414277,196786212676,34067788411,230854001087
2014-05-22,G,Alumni,9,59,89651,2449541231,281891680,2731432911
2014-05-22,G,Others(HKUST),7,37,115885,47381025,17330857,64711882
2014-05-22,G,Non-HKUST,15,44,34968,1423844102,62364546,1486208648
2014-05-22,G,Total,1990,12087,10013465,271320306603,61140579208,332460885811
2014-05-22,LG1,Staff,120,518,403777,2616640316,230151731,2846792047
2014-05-22,LG1,TPG,499,7778,9749585,99082810786,21247899064,120330709850
2014-05-22,LG1,RPG,171,1107,1233336,5023773406,2102929834,7126703240
2014-05-22,LG1,UG,1855,17972,21866408,309062427796,83938234199,393000661995
2014-05-22,LG1,Alumni,18,84,35987,144084375,21693010,165777385
2014-05-22,LG1,Others(HKUST),10,109,24409,45621342,6317609,51938951
2014-05-22,LG1,Non-HKUST,18,74,86043,1076716010,847511361,1924227371
2014-05-22,LG1,Total,2691,27642,33399545,417052074031,108394736808,525446810839
2014-05-22,LG3,Staff,93,323,138338,446655613,98141336,544796949
2014-05-22,LG3,TPG,240,1763,2190523,54148159046,32026438642,86174597688
2014-05-22,LG3,RPG,161,732,962272,12382444267,1667170119,14049614386
2014-05-22,LG3,UG,1043,5043,6132630,117532956133,14614804625,132147760758
2014-05-22,LG3,Alumni,10,35,36940,488817018,26435912,515252930
2014-05-22,LG3,Others(HKUST),6,18,11635,60613773,10166159,70779932
2014-05-22,LG3,Non-HKUST,6,34,50308,70917484,15310582,86228066
2014-05-22,LG3,Total,1559,7948,9522646,185130563334,48458467375,233589030709
2014-05-22,LG4,Staff,94,428,375890,5918453769,4145529799,10063983568
2014-05-22,LG4,TPG,294,3902,6672705,88590761772,40531289462,129122051234
2014-05-22,LG4,RPG,159,964,1184427,34855912714,2368557984,37224470698
2014-05-22,LG4,UG,1168,13156,20137024,367853755850,52272077049,420125832899
2014-05-22,LG4,Alumni,10,212,317622,8619179016,768068559,9387247575
2014-05-22,LG4,Others(HKUST),7,113,263910,9537041434,503197496,10040238930
2014-05-22,LG4,Non-HKUST,13,108,202121,1420452922,163485010,1583937932
2014-05-22,LG4,Total,1745,18883,29153699,516795557477,100752205359,617547762836
2014-05-22,All-Floors,Staff,294,2409,2349612,16734321051,6582687696,23317008747
2014-05-22,All-Floors,TPG,642,17266,22583325,452374645218,138742589906,591117235124
2014-05-22,All-Floors,RPG,378,3730,4632376,84257510847,13121826804,97379337651
2014-05-22,All-Floors,UG,2984,50765,65315175,1361814558576,316449675170,1678264233746
2014-05-22,All-Floors,Alumni,26,416,513300,12041662734,1162150475,13203813209
2014-05-22,All-Floors,Others(HKUST),18,289,427117,9702703368,540388586,10243091954
2014-05-22,All-Floors,Non-HKUST,35,271,401491,4102733162,1111143270,5213876432
2014-05-22,All-Floors,Total,4377,75146,96222396,1941028134956,477710461907,2418738596863
2014-05-23,1,Staff,47,436,815898,2173034558,321169128,2494203686
2014-05-23,1,TPG,59,699,1413826,39900335153,16712442948,56612778101
2014-05-23,1,RPG,15,61,156186,3383342606,188698177,3572040783
2014-05-23,1,UG,426,4602,9276157,265347198556,44066439261,309413637817
2014-05-23,1,Alumni,2,63,113383,4635424019,606755508,5242179527
2014-05-23,1,Others(HKUST),1,8,4452,5763502,1151761,6915263
2014-05-23,1,Non-HKUST,4,29,24616,72015615,8513309,80528924
2014-05-23,1,Total,554,5898,11804518,315517114009,61905170092,377422284101
2014-05-23,G,Staff,90,447,456646,1907328719,476075579,2383404298
2014-05-23,G,TPG,266,1884,2116480,32742456693,7666946494,40409403187
2014-05-23,G,RPG,101,380,401461,5396357912,2280240523,7676598435
2014-05-23,G,UG,1039,5403,5184514,101234554056,14201319170,115435873226
2014-05-23,G,Alumni,13,87,98295,841295928,69112969,910408897
2014-05-23,G,Others(HKUST),7,35,101602,386844496,37674369,424518865
2014-05-23,G,Non-HKUST,22,59,89403,349081802,40828468,389910270
2014-05-23,G,Total,1538,8295,8448401,142857919606,24772197572,167630117178
2014-05-23,LG1,Staff,82,321,314642,1723351525,95619254,1818970779
2014-05-23,LG1,TPG,440,5773,7605334,78071024752,20700095915,98771120667
2014-05-23,LG1,RPG,128,857,989993,13646764043,2223612990,15870377033
2014-05-23,LG1,UG,1581,14794,21857423,352078719772,70844706903,422923426675
2014-05-23,LG1,Alumni,16,81,93924,1727715889,98401135,1826117024
2014-05-23,LG1,Others(HKUST),14,113,63319,709588121,39469494,749057615
2014-05-23,LG1,Non-HKUST,22,73,64101,198189941,113713586,311903527
2014-05-23,LG1,Total,2283,22012,30988736,448155354043,94115619277,542270973320
2014-05-23,LG3,Staff,97,231,119553,345451792,75225558,420677350
2014-05-23,LG3,TPG,191,1207,1662688,30015955255,10045290770,40061246025
2014-05-23,LG3,RPG,114,415,571011,9769350333,667575726,10436926059
2014-05-23,LG3,UG,871,4368,6279518,114561389553,13963060226,128524449779
2014-05-23,LG3,Alumni,8,62,62447,2549227352,97888674,2647116026
2014-05-23,LG3,Others(HKUST),10,11,3871,82532881,5453350,87986231
2014-05-23,LG3,Non-HKUST,12,54,110509,246220251,74899464,321119715
2014-05-23,LG3,Total,1303,6348,8809597,157570127417,24929393768,182499521185
2014-05-23,LG4,Staff,80,270,229323,2489112752,501670778,2990783530
2014-05-23,LG4,TPG,240,2791,4850938,106509630407,31571841857,138081472264
2014-05-23,LG4,RPG,106,724,1056569,36632323614,5099470360,41731793974
2014-05-23,LG4,UG,997,10567,17547784,317989845210,43484133512,361473978722
2014-05-23,LG4,Alumni,11,131,254979,450142943,20364276,470507219
2014-05-23,LG4,Others(HKUST),12,139,201044,15073848432,693220076,15767068508
2014-05-23,LG4,Non-HKUST,22,159,380786,1639457663,314049269,1953506932
2014-05-23,LG4,Total,1468,14781,24521423,480784361021,81684750128,562469111149
2014-05-23,All-Floors,Staff,261,1705,1936062,8638279346,1469760297,10108039643
2014-05-23,All-Floors,TPG,586,12354,17649266,287239402260,86696617984,373936020244
2014-05-23,All-Floors,RPG,298,2437,3175220,68828138508,10459597776,79287736284
2014-05-23,All-Floors,UG,2613,39734,60145396,1151211707147,186559659072,1337771366219
2014-05-23,All-Floors,Alumni,26,424,623028,10203806131,892522562,11096328693
2014-05-23,All-Floors,Others(HKUST),30,306,374288,16258577432,776969050,17035546482
2014-05-23,All-Floors,Non-HKUST,47,374,669415,2504965272,552004096,3056969368
2014-05-23,All-Floors,Total,3861,57334,84572675,1544884876096,287407130837,1832292006933
2014-05-24,1,Staff,12,105,344964,4137774917,230550158,4368325075
2014-05-24,1,TPG,58,852,1687811,87072956482,9415247797,96488204279
2014-05-24,1,RPG,13,41,143027,886690432,130688625,1017379057
2014-05-24,1,UG,298,2391,4480123,177612647718,31546093377,209158741095
2014-05-24,1,Alumni,9,113,248903,8143278052,523029592,8666307644
2014-05-24,1,Others(HKUST),0,0,0,0,0,0
2014-05-24,1,Non-HKUST,4,24,49804,351983770,28130581,380114351
2014-05-24,1,Total,394,3526,6954632,278205331371,41873740130,320079071501
2014-05-24,G,Staff,32,206,143188,1936107224,196447816,2132555040
2014-05-24,G,TPG,208,1475,1320861,35947793582,5360312640,41308106222
2014-05-24,G,RPG,79,331,298631,10501261798,2128888367,12630150165
2014-05-24,G,UG,858,4417,4230099,128242637957,17019006306,145261644263
2014-05-24,G,Alumni,21,50,59407,724646171,78888257,803534428
2014-05-24,G,Others(HKUST),4,18,99252,81057253,18873333,99930586
2014-05-24,G,Non-HKUST,14,51,84245,2068730646,114729756,2183460402
2014-05-24,G,Total,1216,6548,6235683,179502234631,24917146475,204419381106
2014-05-24,LG1,Staff,45,160,164181,2956629352,467330044,3423959396
2014-05-24,LG1,TPG,388,4677,6747809,115517489996,17119808867,132637298863
2014-05-24,LG1,RPG,162,1046,1156828,10554435488,2741325355,13295760843
2014-05-24,LG1,UG,1475,13072,19256508,297460160476,62788643525,360248804001
2014-05-24,LG1,Alumni,29,149,133844,6338345351,282477688,6620823039
2014-05-24,LG1,Others(HKUST),5,16,20926,21518438,6402257,27920695
2014-05-24,LG1,Non-HKUST,26,122,214212,2143246256,314070852,2457317108
2014-05-24,LG1,Total,2130,19242,27694308,434991825357,83720058588,518711883945
2014-05-24,LG3,Staff,33,83,77250,831360737,562627427,1393988164
2014-05-24,LG3,TPG,156,926,1232711,30169138401,8822037036,38991175437
2014-05-24,LG3,RPG,89,339,346200,4797805558,551294085,5349099643
2014-05-24,LG3,UG,733,2597,3384894,70153437181,12089973068,82243410249
2014-05-24,LG3,Alumni,19,148,149940,2263135180,337015847,2600151027
2014-05-24,LG3,Others(HKUST),4,31,22562,87754815,15437840,103192655
2014-05-24,LG3,Non-HKUST,8,71,64066,759765427,68422065,828187492
2014-05-24,LG3,Total,1042,4195,5277623,109062397299,22446807368,131509204667
2014-05-24,LG4,Staff,29,197,141603,6117036836,330534681,6447571517
2014-05-24,LG4,TPG,176,1672,2669309,115910291653,22953192675,138863484328
2014-05-24,LG4,RPG,90,451,686074,18760960599,1939468112,20700428711
2014-05-24,LG4,UG,693,5895,9823099,223559730964,27948618708,251508349672
2014-05-24,LG4,Alumni,23,226,323980,4368452972,671418680,5039871652
2014-05-24,LG4,Others(HKUST),4,137,363440,18931421781,2741453508,21672875289
2014-05-24,LG4,Non-HKUST,16,115,281825,1493082543,166766512,1659849055
2014-05-24,LG4,Total,1031,8693,14289330,389140977348,56751452876,445892430224
2014-05-24,All-Floors,Staff,95,751,871186,15978909066,1787490126,17766399192
2014-05-24,All-Floors,TPG,512,9602,13658501,384617670114,63670599015,448288269129
2014-05-24,All-Floors,RPG,286,2208,2630760,45501153875,7491664544,52992818419
2014-05-24,All-Floors,UG,2325,28372,41174723,897028614296,151392334984,1048420949280
2014-05-24,All-Floors,Alumni,52,686,916074,21837857726,1892830064,23730687790
2014-05-24,All-Floors,Others(HKUST),12,202,506180,19121752287,2782166938,21903919225
2014-05-24,All-Floors,Non-HKUST,43,383,694152,6816808642,692119766,7508928408
2014-05-24,All-Floors,Total,3325,42204,60451576,1390902766006,229709205437,1620611971443
2014-05-25,1,Staff,13,77,208903,2801943693,258175443,3060119136
2014-05-25,1,TPG,56,657,1390740,82306192313,8421170963,90727363276
2014-05-25,1,RPG,16,126,260267,1827481200,318694052,2146175252
2014-05-25,1,UG,232,2916,5619740,189941315080,53409590074,243350905154
2014-05-25,1,Alumni,9,110,195503,12355506341,1177590369,13533096710
2014-05-25,1,Others(HKUST),1,15,39732,263691778,1189666307,1453358085
2014-05-25,1,Non-HKUST,7,103,98573,34621332845,3120423033,37741755878
2014-05-25,1,Total,334,4004,7813458,324117463250,67895310241,392012773491
2014-05-25,G,Staff,40,344,265183,3275159566,783603915,4058763481
2014-05-25,G,TPG,174,1326,1282447,37143143396,6168884195,43312027591
2014-05-25,G,RPG,68,540,371257,13607331553,11900820755,25508152308
2014-05-25,G,UG,621,4546,4386549,149484110046,17455435873,166939545919
2014-05-25,G,Alumni,26,190,175447,6647131093,450932344,7098063437
2014-05-25,G,Others(HKUST),10,80,156215,656970325,186239281,843209606
2014-05-25,G,Non-HKUST,18,60,37426,544689495,123573142,668262637
2014-05-25,G,Total,957,7086,6674524,211358535474,37069489505,248428024979
2014-05-25,LG1,Staff,34,123,90209,1521881151,825622271,2347503422
2014-05-25,LG1,TPG,323,4776,7500221,181209376531,48486452273,229695828804
2014-05-25,LG1,RPG,124,1121,1424125,19534206839,5729368946,25263575785
2014-05-25,LG1,UG,1085,11891,17378291,258668316456,42570743017,301239059473
2014-05-25,LG1,Alumni,24,136,149605,1321945337,97246814,1419192151
2014-05-25,LG1,Others(HKUST),5,20,8618,51764228,8348559,60112787
2014-05-25,LG1,Non-HKUST,24,138,173366,498646069,57402223,556048292
2014-05-25,LG1,Total,1619,18205,26724435,462806136611,97775184103,560581320714
2014-05-25,LG3,Staff,31,117,82141,2533316668,552414726,3085731394
2014-05-25,LG3,TPG,143,878,1262429,30558744605,11529445220,42088189825
2014-05-25,LG3,RPG,89,305,317951,5125207803,384698507,5509906310
2014-05-25,LG3,UG,520,3245,4642218,104555636412,12317980293,116873616705
2014-05-25,LG3,Alumni,20,69,144367,1396525840,294807396,1691333236
2014-05-25,LG3,Others(HKUST),5,14,16693,196908762,26439896,223348658
2014-05-25,LG3,Non-HKUST,13,105,115282,316097804,42463016,358560820
2014-05-25,LG3,Total,821,4733,6581081,144682437894,25148249054,169830686948
2014-05-25,LG4,Staff,25,96,112981,787502420,104878150,892380570
2014-05-25,LG4,TPG,162,1980,3176137,95861486017,20653638342,116515124359
2014-05-25,LG4,RPG,89,463,679776,19147064311,1497698754,20644763065
2014-05-25,LG4,UG,589,6906,12377673,256696472541,27425697109,284122169650
2014-05-25,LG4,Alumni,22,435,550189,12204033123,943880620,13147913743
2014-05-25,LG4,Others(HKUST),4,116,202590,7831966622,1883106065,9715072687
2014-05-25,LG4,Non-HKUST,19,213,402890,7585543379,998763056,8584306435
2014-05-25,LG4,Total,910,10209,17502236,400114068413,53507662096,453621730509
2014-05-25,All-Floors,Staff,90,757,759417,10919803498,2524694505,13444498003
2014-05-25,All-Floors,TPG,414,9617,14611974,427078942862,95259590993,522338533855
2014-05-25,All-Floors,RPG,237,2555,3053376,59241291706,19831281014,79072572720
2014-05-25,All-Floors,UG,1544,29504,44404471,959345850535,153179446366,1112525296901
2014-05-25,All-Floors,Alumni,53,940,1215111,33925141734,2964457543,36889599277
2014-05-25,All-Floors,Others(HKUST),15,245,423848,9001301715,3293800108,12295101823
2014-05-25,All-Floors,Non-HKUST,42,619,827537,43566309592,4342624470,47908934062
2014-05-25,All-Floors,Total,2395,44237,65295734,1543078641642,281395894999,1824474536641
2014-05-26,1,Staff,41,535,784813,4876250362,1026779499,5903029861
2014-05-26,1,TPG,49,742,1467030,23329996152,14162567419,37492563571
2014-05-26,1,RPG,27,153,420508,28206468962,6811323734,35017792696
2014-05-26,1,UG,446,5103,8666163,245823558543,25944661006,271768219549
2014-05-26,1,Alumni,7,134,219909,13445341294,9550828172,22996169466
2014-05-26,1,Others(HKUST),0,0,0,0,0,0
2014-05-26,1,Non-HKUST,6,11,2898,770772,259261,1030033
2014-05-26,1,Total,576,6678,11561321,315682386085,57496419091,373178805176
2014-05-26,G,Staff,102,800,728068,3738925932,6952887628,10691813560
2014-05-26,G,TPG,228,1395,1316202,32535356423,3498325523,36033681946
2014-05-26,G,RPG,121,556,488510,7139568554,2067053859,9206622413
2014-05-26,G,UG,1235,6162,5110464,128715405361,20654170872,149369576233
2014-05-26,G,Alumni,16,103,83327,1315498966,159977857,1475476823
2014-05-26,G,Others(HKUST),12,71,182610,291687141,278285479,569972620
2014-05-26,G,Non-HKUST,20,69,68187,333638143,21465804,355103947
2014-05-26,G,Total,1734,9156,7977368,174070080520,33632167022,207702247542
2014-05-26,LG1,Staff,106,472,368160,916625006,209301896,1125926902
2014-05-26,LG1,TPG,344,4854,6501744,127817219819,35379395895,163196615714
2014-05-26,LG1,RPG,165,1136,1341679,8615434353,1219407168,9834841521
2014-05-26,LG1,UG,1706,17112,23078496,288773523291,48562677316,337336200607
2014-05-26,LG1,Alumni,23,146,151436,7605107915,1126384172,8731492087
2014-05-26,LG1,Others(HKUST),7,33,38695,70426508,7971599,78398107
2014-05-26,LG1,Non-HKUST,23,114,104414,3821018172,274362784,4095380956
2014-05-26,LG1,Total,2374,23867,31584624,437619355064,86779500830,524398855894
2014-05-26,LG3,Staff,115,322,125160,1593899170,310137925,1904037095
2014-05-26,LG3,TPG,178,1333,2192472,54221550102,19013927732,73235477834
2014-05-26,LG3,RPG,162,600,658631,3253576005,1973101782,5226677787
2014-05-26,LG3,UG,1002,5236,5992434,77534475385,15328292238,92862767623
2014-05-26,LG3,Alumni,13,110,120749,5197150495,173405905,5370556400
2014-05-26,LG3,Others(HKUST),7,27,1913,14003697,2719243,16722940
2014-05-26,LG3,Non-HKUST,15,76,97889,456524750,310973536,767498286
2014-05-26,LG3,Total,1492,7704,9189248,142271179604,37112558361,179383737965
2014-05-26,LG4,Staff,81,342,232788,1713130577,402385705,2115516282
2014-05-26,LG4,TPG,188,2588,4198787,163538208586,33195286257,196733494843
2014-05-26,LG4,RPG,116,807,1058965,12524332609,2074040909,14598373518
2014-05-26,LG4,UG,1059,11828,17834380,265714693769,41987619921,307702313690
2014-05-26,LG4,Alumni,16,298,456744,8251146481,359878044,8611024525
2014-05-26,LG4,Others(HKUST),9,200,260709,18440667121,853636591,19294303712
2014-05-26,LG4,Non-HKUST,21,129,250285,3756907196,282729990,4039637186
2014-05-26,LG4,Total,1490,16192,24292658,473939086339,79155577417,553094663756
2014-05-26,All-Floors,Staff,280,2471,2238989,12838831047,8901492653,21740323700
2014-05-26,All-Floors,TPG,469,10912,15676235,401442331082,105249502826,506691833908
2014-05-26,All-Floors,RPG,351,3252,3968293,59739380483,14144927452,73884307935
2014-05-26,All-Floors,UG,2689,45441,60681937,1006561656349,152477421353,1159039077702
2014-05-26,All-Floors,Alumni,36,791,1032165,35814245151,11370474150,47184719301
2014-05-26,All-Floors,Others(HKUST),24,331,483927,18816784467,1142612912,19959397379
2014-05-26,All-Floors,Non-HKUST,47,399,523673,8368859033,889791375,9258650408
2014-05-26,All-Floors,Total,3896,63597,84605219,1543582087612,294176222721,1837758310333
2014-05-27,1,Staff,56,466,823047,5309934484,7214271873,12524206357
2014-05-27,1,TPG,49,722,1378156,18442006383,6421756321,24863762704
2014-05-27,1,RPG,27,182,583292,3670307370,1443425362,5113732732
2014-05-27,1,UG,435,4128,8390572,200817102771,34200611244,235017714015
2014-05-27,1,Alumni,5,75,83292,1380245919,417163310,1797409229
2014-05-27,1,Others(HKUST),2,9,7774,70987059,4082291,75069350
2014-05-27,1,Non-HKUST,4,13,29051,1034529407,38166988,1072696395
2014-05-27,1,Total,578,5595,11295184,230725113393,49739477389,280464590782
2014-05-27,G,Staff,112,925,624930,9404089525,4316005687,13720095212
2014-05-27,G,TPG,199,1298,1297662,23601643652,8197277145,31798920797
2014-05-27,G,RPG,140,703,566838,8588574808,2416111722,11004686530
2014-05-27,G,UG,1232,6014,4706292,87166989936,10651335042,97818324978
2014-05-27,G,Alumni,13,175,128345,1122848739,137086958,1259935697
2014-05-27,G,Others(HKUST),8,19,131224,162134842,23690207,185825049
2014-05-27,G,Non-HKUST,21,73,51765,1815693659,2025843183,3841536842
2014-05-27,G,Total,1725,9207,7507056,131861975161,27767349944,159629325105
2014-05-27,LG1,Staff,100,388,249235,609441800,175238452,784680252
2014-05-27,LG1,TPG,308,3817,5262964,109825764082,14749497529,124575261611
2014-05-27,LG1,RPG,162,1114,1312430,19754041690,9398683546,29152725236
2014-05-27,LG1,UG,1771,18132,23831834,316179658482,72902626478,389082284960
2014-05-27,LG1,Alumni,22,146,127326,16825506734,1134297663,17959804397
2014-05-27,LG1,Others(HKUST),10,51,38746,145488895,9717997,155206892
2014-05-27,LG1,Non-HKUST,20,95,71353,3081270367,116950749,3198221116
2014-05-27,LG1,Total,2393,23743,30893888,466421172050,98487012414,564908184464
2014-05-27,LG3,Staff,132,291,108895,1939435104,1144304932,3083740036
2014-05-27,LG3,TPG,162,1179,1667523,104325803560,12674711721,117000515281
2014-05-27,LG3,RPG,171,667,853955,50074010445,3588666969,53662677414
2014-05-27,LG3,UG,1024,5023,5476349,92479318565,16456001292,108935319857
2014-05-27,LG3,Alumni,8,102,81164,3759576059,107012589,3866588648
2014-05-27,LG3,Others(HKUST),9,27,12009,102497494,5845118,108342612
2014-05-27,LG3,Non-HKUST,12,140,134848,2296147510,532289161,2828436671
2014-05-27,LG3,Total,1518,7429,8334743,254976788737,34508831782,289485620519
2014-05-27,LG4,Staff,100,251,145078,670317123,72160451,742477574
2014-05-27,LG4,TPG,171,2034,3289340,79989283026,12056614571,92045897597
2014-05-27,LG4,RPG,150,850,1195295,51959074705,3285209495,55244284200
2014-05-27,LG4,UG,970,9709,14386466,260916873490,29891157015,290808030505
2014-05-27,LG4,Alumni,17,291,411641,23084628122,953742632,24038370754
2014-05-27,LG4,Others(HKUST),7,101,224766,8447858816,719658848,9167517664
2014-05-27,LG4,Non-HKUST,13,91,110493,802468754,69706434,872175188
2014-05-27,LG4,Total,1428,13327,19763079,425870504036,47048249446,472918753482
2014-05-27,All-Floors,Staff,314,2321,1951185,17933218036,12921981395,30855199431
2014-05-27,All-Floors,TPG,403,9050,12895645,336184500703,54099857287,390284357990
2014-05-27,All-Floors,RPG,380,3516,4511810,134046009018,20132097094,154178106112
2014-05-27,All-Floors,UG,2836,43006,56791513,957559943244,164101731071,1121661674315
2014-05-27,All-Floors,Alumni,32,789,831768,46172805573,2749303152,48922108725
2014-05-27,All-Floors,Others(HKUST),23,207,414519,8928967106,762994461,9691961567
2014-05-27,All-Floors,Non-HKUST,37,412,397510,9030109697,2782956515,11813066212
2014-05-27,All-Floors,Total,4025,59301,77793950,1509855553377,257550920975,1767406474352
2014-05-28,1,Staff,60,472,768142,1964164425,328159378,2292323803
2014-05-28,1,TPG,56,772,1536380,25612326816,8974020049,34586346865
2014-05-28,1,RPG,25,216,574341,7085181480,1819185115,8904366595
2014-05-28,1,UG,280,2305,4622105,112688866245,12785713253,125474579498
2014-05-28,1,Alumni,7,83,114274,7666470808,839683346,8506154154
2014-05-28,1,Others(HKUST),0,0,0,0,0,0
2014-05-28,1,Non-HKUST,4,31,22060,3337491,2427640,5765131
2014-05-28,1,Total,432,3879,7637302,155020347265,24749188781,179769536046
2014-05-28,G,Staff,109,658,598831,7782955839,1016990658,8799946497
2014-05-28,G,TPG,223,1323,1273562,25779744515,10621748013,36401492528
2014-05-28,G,RPG,131,771,743937,9438574585,3895616681,13334191266
2014-05-28,G,UG,1019,4688,3773839,97968167513,10063204735,108031372248
2014-05-28,G,Alumni,19,113,128620,565976583,79781368,645757951
2014-05-28,G,Others(HKUST),7,43,178131,2280791369,155130359,2435921728
2014-05-28,G,Non-HKUST,13,73,58310,219308590,78356111,297664701
2014-05-28,G,Total,1521,7669,6755230,144035518994,25910827925,169946346919
2014-05-28,LG1,Staff,106,463,350317,1016783920,247925537,1264709457
2014-05-28,LG1,TPG,326,4343,6347908,94265864251,16904355676,111170219927
2014-05-28,LG1,RPG,166,1280,1691374,24356020772,3675967988,28031988760
2014-05-28,LG1,UG,1544,13301,18158918,243385130607,47890563082,291275693689
2014-05-28,LG1,Alumni,26,147,188876,15137079258,3168215723,18305294981
2014-05-28,LG1,Others(HKUST),10,35,39151,677825,477327,1155152
2014-05-28,LG1,Non-HKUST,24,117,82999,436586969,52412821,488999790
2014-05-28,LG1,Total,2202,19686,26859543,378598143602,71939918154,450538061756
2014-05-28,LG3,Staff,121,289,178095,358549520,55613102,414162622
2014-05-28,LG3,TPG,151,1024,1609085,51787999179,10774917367,62562916546
2014-05-28,LG3,RPG,166,725,883405,15012388773,3874627104,18887015877
2014-05-28,LG3,UG,766,2833,3400147,64471329840,32459584320,96930914160
2014-05-28,LG3,Alumni,14,192,202409,1714546523,141578257,1856124780
2014-05-28,LG3,Others(HKUST),11,25,21479,38963369,6778865,45742234
2014-05-28,LG3,Non-HKUST,8,58,113147,2489357409,450989577,2940346986
2014-05-28,LG3,Total,1237,5146,6407767,135873134613,47764088592,183637223205
2014-05-28,LG4,Staff,92,307,218458,3371859843,161264827,3533124670
2014-05-28,LG4,TPG,143,1742,2790475,103320866398,41612309309,144933175707
2014-05-28,LG4,RPG,148,915,1291981,51274453624,6882617986,58157071610
2014-05-28,LG4,UG,700,5287,7654585,198920046885,16739021426,215659068311
2014-05-28,LG4,Alumni,14,210,385682,11036358212,1123730204,12160088416
2014-05-28,LG4,Others(HKUST),5,103,149611,4550730595,480453434,5031184029
2014-05-28,LG4,Non-HKUST,12,83,114422,685749096,79870529,765619625
2014-05-28,LG4,Total,1114,8647,12605214,373160064653,67079267715,440239332368
2014-05-28,All-Floors,Staff,295,2189,2113843,14494313547,1809953502,16304267049
2014-05-28,All-Floors,TPG,415,9204,13557410,300766801159,88887350414,389654151573
2014-05-28,All-Floors,RPG,391,3907,5185038,107166619234,20148014874,127314634108
2014-05-28,All-Floors,UG,2465,28414,37609594,717433541090,119938086816,837371627906
2014-05-28,All-Floors,Alumni,33,745,1019861,36120431384,5352988898,41473420282
2014-05-28,All-Floors,Others(HKUST),24,206,388372,6871163158,642839985,7514003143
2014-05-28,All-Floors,Non-HKUST,38,362,390938,3834339555,664056678,4498396233
2014-05-28,All-Floors,Total,3661,45027,60265056,1186687209127,237443291167,1424130500294
2014-05-29,1,Staff,46,437,769105,5218775846,691003246,5909779092
2014-05-29,1,TPG,41,359,576394,101212200481,8968249175,110180449656
2014-05-29,1,RPG,29,207,336944,3243133737,2488345002,5731478739
2014-05-29,1,UG,184,1091,1499656,47362909840,4767008631,52129918471
2014-05-29,1,Alumni,5,98,146362,8834408504,2753343217,11587751721
2014-05-29,1,Others(HKUST),1,2,9362,1361451534,56515656,1417967190
2014-05-29,1,Non-HKUST,2,4,4083,16744667,3851062,20595729
2014-05-29,1,Total,308,2198,3341906,167249624609,19728315989,186977940598
2014-05-29,G,Staff,113,747,590155,7857442972,4192300343,12049743315
2014-05-29,G,TPG,202,1599,1757555,53010885059,8065002381,61075887440
2014-05-29,G,RPG,137,596,653779,28066207216,2352900313,30419107529
2014-05-29,G,UG,810,3109,2544484,51587339032,6591506346,58178845378
2014-05-29,G,Alumni,18,66,88033,1738456499,556581257,2295037756
2014-05-29,G,Others(HKUST),8,34,207050,1852813625,202445520,2055259145
2014-05-29,G,Non-HKUST,18,47,35893,309243193,35251039,344494232
2014-05-29,G,Total,1306,6198,5876949,144422387596,21995987199,166418374795
2014-05-29,LG1,Staff,140,586,626941,1400110406,140633101,1540743507
2014-05-29,LG1,TPG,340,4375,6476646,156879735820,27768157792,184647893612
2014-05-29,LG1,RPG,153,1243,1579866,21484237013,3305240634,24789477647
2014-05-29,LG1,UG,1111,8303,10485188,187432603767,29929611125,217362214892
2014-05-29,LG1,Alumni,27,216,305818,5376472761,3105405349,8481878110
2014-05-29,LG1,Others(HKUST),11,93,91335,122438786,17813845,140252631
2014-05-29,LG1,Non-HKUST,23,102,131056,1763681336,467300027,2230981363
2014-05-29,LG1,Total,1805,14918,19696850,374459279889,64734161873,439193441762
2014-05-29,LG3,Staff,126,262,134721,3942260336,188610100,4130870436
2014-05-29,LG3,TPG,161,1098,1433208,31319888172,8613723909,39933612081
2014-05-29,LG3,RPG,178,622,870434,36852367295,3375297605,40227664900
2014-05-29,LG3,UG,629,1544,1479235,45582000090,3382514514,48964514604
2014-05-29,LG3,Alumni,18,191,318786,3135570603,322250302,3457820905
2014-05-29,LG3,Others(HKUST),10,49,39746,140591434,24314925,164906359
2014-05-29,LG3,Non-HKUST,10,50,70196,324526940,67799190,392326130
2014-05-29,LG3,Total,1132,3816,4346326,121297204870,15974510545,137271715415
2014-05-29,LG4,Staff,84,254,154147,2289824517,108975005,2398799522
2014-05-29,LG4,TPG,143,1488,2712267,114099808599,8776742261,122876550860
2014-05-29,LG4,RPG,118,623,928004,53887188976,13190453532,67077642508
2014-05-29,LG4,UG,485,2179,2819085,64058055485,7406737542,71464793027
2014-05-29,LG4,Alumni,19,270,344025,18772195489,1369163983,20141359472
2014-05-29,LG4,Others(HKUST),6,111,156875,5407093191,296327554,5703420745
2014-05-29,LG4,Non-HKUST,8,74,170116,3501023857,1456859302,4957883159
2014-05-29,LG4,Total,863,4999,7284519,262015190114,32605259179,294620449293
2014-05-29,All-Floors,Staff,322,2286,2275069,20708414077,5321521795,26029935872
2014-05-29,All-Floors,TPG,420,8919,12956070,456522518131,62191875518,518714393649
2014-05-29,All-Floors,RPG,380,3291,4369027,143533134237,24712237086,168245371323
2014-05-29,All-Floors,UG,1963,16226,18827648,396022908214,52077378158,448100286372
2014-05-29,All-Floors,Alumni,41,841,1203024,37857103856,8106744108,45963847964
2014-05-29,All-Floors,Others(HKUST),20,289,504368,8884388570,597417500,9481806070
2014-05-29,All-Floors,Non-HKUST,37,277,411344,5915219993,2031060620,7946280613
2014-05-29,All-Floors,Total,3183,32129,40546550,1069443687078,155038234785,1224481921863
2014-05-30,1,Staff,49,430,663774,3081596169,321404200,3403000369
2014-05-30,1,TPG,23,165,393439,69840554974,9215968181,79056523155
2014-05-30,1,RPG,10,70,209236,724350923,335989868,1060340791
2014-05-30,1,UG,63,289,464232,9874858319,1536109096,11410967415
2014-05-30,1,Alumni,6,62,96661,5280324543,307764599,5588089142
2014-05-30,1,Others(HKUST),2,10,14160,76679737,22176230,98855967
2014-05-30,1,Non-HKUST,3,7,834,673774,387591,1061365
2014-05-30,1,Total,156,1033,1842336,88879038439,11739799765,100618838204
2014-05-30,G,Staff,88,493,606362,2345055099,575243943,2920299042
2014-05-30,G,TPG,136,831,987395,20546380148,4814243217,25360623365
2014-05-30,G,RPG,82,395,451320,6931038874,1773244752,8704283626
2014-05-30,G,UG,404,1296,991149,15903780951,2654884471,18558665422
2014-05-30,G,Alumni,19,59,145669,3147873384,187611667,3335485051
2014-05-30,G,Others(HKUST),6,33,161062,1166678264,76557555,1243235819
2014-05-30,G,Non-HKUST,12,29,16580,986671281,36734837,1023406118
2014-05-30,G,Total,747,3136,3359537,51027478001,10118520442,61145998443
2014-05-30,LG1,Staff,80,297,295301,1645804012,143440226,1789244238
2014-05-30,LG1,TPG,279,2607,4594507,88659328815,20761388569,109420717384
2014-05-30,LG1,RPG,129,690,1269699,12044066435,2232543594,14276610029
2014-05-30,LG1,UG,565,3413,4924899,87183874121,20607209117,107791083238
2014-05-30,LG1,Alumni,28,136,176688,7304879750,5249099706,12553979456
2014-05-30,LG1,Others(HKUST),10,35,55408,54283919,6953949,61237868
2014-05-30,LG1,Non-HKUST,16,58,130810,11819509205,1108141536,12927650741
2014-05-30,LG1,Total,1107,7236,11447312,208711746257,50108776697,258820522954
2014-05-30,LG3,Staff,102,216,195922,684715792,143432791,828148583
2014-05-30,LG3,TPG,129,542,884120,17838147130,3494859059,21333006189
2014-05-30,LG3,RPG,99,368,481368,38302504505,2497199059,40799703564
2014-05-30,LG3,UG,295,724,771865,22209310208,1613678547,23822988755
2014-05-30,LG3,Alumni,24,266,361975,4880853845,269599918,5150453763
2014-05-30,LG3,Others(HKUST),5,21,17905,63479378,9163012,72642390
2014-05-30,LG3,Non-HKUST,11,31,36399,35689263,5799547,41488810
2014-05-30,LG3,Total,665,2168,2749554,84014700121,8033731933,92048432054
2014-05-30,LG4,Staff,62,156,93317,1010134745,207626808,1217761553
2014-05-30,LG4,TPG,103,976,1688751,71338697233,18718191070,90056888303
2014-05-30,LG4,RPG,71,396,552858,10552176943,1217012692,11769189635
2014-05-30,LG4,UG,226,606,639087,12726276760,1311643495,14037920255
2014-05-30,LG4,Alumni,18,182,372644,55773627353,1973701702,57747329055
2014-05-30,LG4,Others(HKUST),8,78,124299,5293134811,218042337,5511177148
2014-05-30,LG4,Non-HKUST,14,93,248145,4741820675,338559569,5080380244
2014-05-30,LG4,Total,502,2487,3719101,161435868520,23984777673,185420646193
2014-05-30,All-Floors,Staff,232,1592,1854676,8767305817,1391147968,10158453785
2014-05-30,All-Floors,TPG,352,5121,8548212,268223108300,57004650096,325227758396
2014-05-30,All-Floors,RPG,272,1919,2964481,68554137680,8055989965,76610127645
2014-05-30,All-Floors,UG,1102,6328,7791232,147898100359,27723524726,175621625085
2014-05-30,All-Floors,Alumni,43,705,1153637,76387558875,7987777592,84375336467
2014-05-30,All-Floors,Others(HKUST),20,177,372834,6654256109,332893083,6987149192
2014-05-30,All-Floors,Non-HKUST,29,218,432768,17584364198,1489623080,19073987278
2014-05-30,All-Floors,Total,2050,16060,23117840,594068831338,103985606510,698054437848
2014-05-31,1,Staff,9,60,247861,726886229,540523462,1267409691
2014-05-31,1,TPG,15,73,137770,2976157566,545454489,3521612055
2014-05-31,1,RPG,7,22,71180,277156019,253228351,530384370
2014-05-31,1,UG,23,37,66475,1427194191,197582079,1624776270
2014-05-31,1,Alumni,9,118,178976,14200623218,1103378681,15304001899
2014-05-31,1,Others(HKUST),1,5,9961,13247628,21185228,34432856
2014-05-31,1,Non-HKUST,1,2,7200,463496599,15456235,478952834
2014-05-31,1,Total,65,317,719423,20084761450,2676808525,22761569975
2014-05-31,G,Staff,35,213,338142,3052953796,402607120,3455560916
2014-05-31,G,TPG,108,469,559998,15084444422,1418943675,16503388097
2014-05-31,G,RPG,63,245,348907,7588626432,1605529157,9194155589
2014-05-31,G,UG,177,709,799775,10350022100,4858242611,15208264711
2014-05-31,G,Alumni,25,108,163495,4625333108,1495368372,6120701480
2014-05-31,G,Others(HKUST),3,9,98653,1583818045,203753521,1787571566
2014-05-31,G,Non-HKUST,6,13,16810,494437687,21695094,516132781
2014-05-31,G,Total,417,1766,2325780,42779635590,10006139550,52785775140
2014-05-31,LG1,Staff,41,206,240980,11010312096,2302940884,13313252980
2014-05-31,LG1,TPG,195,1611,2747731,46968343423,12510363466,59478706889
2014-05-31,LG1,RPG,105,708,934177,58574121089,3149348420,61723469509
2014-05-31,LG1,UG,247,1590,2407469,47573051412,9048096641,56621148053
2014-05-31,LG1,Alumni,25,74,60972,1344073710,156942778,1501016488
2014-05-31,LG1,Others(HKUST),7,66,39333,165212040,14067789,179279829
2014-05-31,LG1,Non-HKUST,12,58,114004,1081132772,137002562,1218135334
2014-05-31,LG1,Total,632,4313,6544666,166716246542,27318762540,194035009082
2014-05-31,LG3,Staff,27,111,167244,396525253,356996805,753522058
2014-05-31,LG3,TPG,80,399,778805,11400425356,2975357164,14375782520
2014-05-31,LG3,RPG,64,194,272887,27583742925,1492357009,29076099934
2014-05-31,LG3,UG,132,294,249934,4743493828,932295935,5675789763
2014-05-31,LG3,Alumni,26,202,296234,1153281782,262550761,1415832543
2014-05-31,LG3,Others(HKUST),4,15,32637,289473042,30277242,319750284
2014-05-31,LG3,Non-HKUST,7,25,42338,319931438,30896774,350828212
2014-05-31,LG3,Total,340,1240,1840079,45886873624,6080731690,51967605314
2014-05-31,LG4,Staff,17,32,31238,880698999,97580927,978279926
2014-05-31,LG4,TPG,69,370,624058,21584188459,13884153304,35468341763
2014-05-31,LG4,RPG,51,247,313497,14972045869,1561457256,16533503125
2014-05-31,LG4,UG,103,392,461486,14725318195,1570495507,16295813702
2014-05-31,LG4,Alumni,24,235,505642,9835136051,663793679,10498929730
2014-05-31,LG4,Others(HKUST),2,109,252523,11697370389,550620209,12247990598
2014-05-31,LG4,Non-HKUST,6,103,50428,1522463035,113997345,1636460380
2014-05-31,LG4,Total,272,1488,2238872,75217220997,18442098227,93659319224
2014-05-31,All-Floors,Staff,87,622,1025465,16067376373,3700649198,19768025571
2014-05-31,All-Floors,TPG,278,2922,4848362,98013559226,31334272098,129347831324
2014-05-31,All-Floors,RPG,197,1416,1940648,108995692334,8061920193,117057612527
2014-05-31,All-Floors,UG,493,3022,3985139,78819079726,16606712773,95425792499
2014-05-31,All-Floors,Alumni,59,737,1205319,31158447869,3682034271,34840482140
2014-05-31,All-Floors,Others(HKUST),13,204,433107,13749121144,819903989,14569025133
2014-05-31,All-Floors,Non-HKUST,20,201,230780,3881461531,319048010,4200509541
2014-05-31,All-Floors,Total,1147,9124,13668820,350684738203,64524540532,415209278735