Date,Floor,User-Group,User-Count,WiFi-Conn,Duration-Sec,Traffic-In-Byte,Traffic-Out-Byte,Traffic-Both-Byte
2014-11-01,1,Staff,14,150,84507,4440927516,151436927,4592364443
2014-11-01,1,TPG,20,69,111240,1425352403,861308216,2286660619
2014-11-01,1,RPG,10,34,61921,2053717729,321593739,2375311468
2014-11-01,1,UG,42,160,288389,26695628913,1750011139,28445640052
2014-11-01,1,Alumni,5,24,54600,665306513,44319043,709625556
2014-11-01,1,Others(HKUST),4,83,132461,15179972,6152721,21332693
2014-11-01,1,Non-HKUST,3,3,241,71659,85283,156942
2014-11-01,1,Total,98,523,733359,35296184705,3134907068,38431091773
2014-11-01,G,Staff,43,228,188471,603387824,75598787,678986611
2014-11-01,G,TPG,239,1057,1086357,2459418514,1076600324,3536018838
2014-11-01,G,RPG,97,435,458216,2006815348,213287865,2220103213
2014-11-01,G,UG,331,1689,1985749,3109301496,693278275,3802579771
2014-11-01,G,Alumni,17,66,52616,5860150,916336,6776486
2014-11-01,G,Others(HKUST),13,32,102082,170263572,17506790,187770362
2014-11-01,G,Non-HKUST,52,146,67324,52397953,66779017,119176970
2014-11-01,G,Total,792,3653,3940815,8407444857,2143967394,10551412251
2014-11-01,LG1,Staff,37,149,163603,13520879,239121,13760000
2014-11-01,LG1,TPG,385,4245,6341820,12299044855,4073631621,16372676476
2014-11-01,LG1,RPG,131,929,1374575,4645439662,4256691372,8902131034
2014-11-01,LG1,UG,782,7367,10687660,35038846628,11782031681,46820878309
2014-11-01,LG1,Alumni,35,228,245800,263558963,25732035,289290998
2014-11-01,LG1,Others(HKUST),13,236,590646,682460002,118908718,801368720
2014-11-01,LG1,Non-HKUST,57,256,379647,553082683,170695398,723778081
2014-11-01,LG1,Total,1440,13410,19783751,53495953672,20427929946,73923883618
2014-11-01,LG3,Staff,25,105,159466,2158972039,351437622,2510409661
2014-11-01,LG3,TPG,188,1052,1449155,72553566505,6209520175,78763086680
2014-11-01,LG3,RPG,98,435,540903,17017539738,1563713731,18581253469
2014-11-01,LG3,UG,296,852,1278892,22474547085,2826164927,25300712012
2014-11-01,LG3,Alumni,19,111,214994,46324158396,36047063884,82371222280
2014-11-01,LG3,Others(HKUST),8,62,50848,468621366,68945272,537566638
2014-11-01,LG3,Non-HKUST,34,92,94605,598297015,53410847,651707862
2014-11-01,LG3,Total,668,2709,3788863,161595702144,47120256458,208715958602
2014-11-01,LG4,Staff,21,108,156480,2690549406,249946217,2940495623
2014-11-01,LG4,TPG,185,1331,2270719,37821576974,8514095980,46335672954
2014-11-01,LG4,RPG,85,561,923200,25152911275,3693239660,28846150935
2014-11-01,LG4,UG,323,1683,2671772,78963957626,9446184359,88410141985
2014-11-01,LG4,Alumni,20,218,393508,3530925503,1123905648,4654831151
2014-11-01,LG4,Others(HKUST),9,192,392010,16389565415,5723048310,22112613725
2014-11-01,LG4,Non-HKUST,37,145,266136,4726975844,259384098,4986359942
2014-11-01,LG4,Total,680,4238,7073825,169276462043,29009804272,198286266315
2014-11-01,All-Floors,Staff,86,740,752527,9907357664,828658674,10736016338
2014-11-01,All-Floors,TPG,540,7754,11259291,126558959251,20735156316,147294115567
2014-11-01,All-Floors,RPG,254,2394,3358815,50876423752,10048526367,60924950119
2014-11-01,All-Floors,UG,1112,11751,16912462,166282281748,26497670381,192779952129
2014-11-01,All-Floors,Alumni,51,647,961518,50789809525,37241936946,88031746471
2014-11-01,All-Floors,Others(HKUST),22,605,1268047,17726090327,5934561811,23660652138
2014-11-01,All-Floors,Non-HKUST,113,642,807953,5930825154,550354643,6481179797
2014-11-01,All-Floors,Total,2178,24533,35320613,428071747421,101836865138,529908612559
2014-11-02,1,Staff,8,145,61431,324686225,24769933,349456158
2014-11-02,1,TPG,19,69,75740,986284802,284693504,1270978306
2014-11-02,1,RPG,15,38,121794,782457651,113550081,896007732
2014-11-02,1,UG,59,185,362356,9891611536,740845524,10632457060
2014-11-02,1,Alumni,4,8,5522,14895317079,435093200,15330410279
2014-11-02,1,Others(HKUST),4,114,149711,154914903,346163662,501078565
2014-11-02,1,Non-HKUST,11,30,37065,1890318000,68348092,1958666092
2014-11-02,1,Total,120,589,813619,28925590196,2013463996,30939054192
2014-11-02,G,Staff,31,213,190320,47438721,8249168,55687889
2014-11-02,G,TPG,216,1202,1236918,2536126760,549921058,3086047818
2014-11-02,G,RPG,104,451,307896,2711892943,137779062,2849672005
2014-11-02,G,UG,453,2348,2312633,10844788858,2250286458,13095075316
2014-11-02,G,Alumni,25,82,54010,72763421,7426122,80189543
2014-11-02,G,Others(HKUST),8,75,162009,291166836,90221163,381387999
2014-11-02,G,Non-HKUST,75,259,178989,108853056,14912602,123765658
2014-11-02,G,Total,912,4630,4442775,16613030595,3058795633,19671826228
2014-11-02,LG1,Staff,35,184,164697,632111490,25942435,658053925
2014-11-02,LG1,TPG,362,5635,6525134,17400970708,4439260389,21840231097
2014-11-02,LG1,RPG,172,2303,2644641,6463662574,581774823,7045437397
2014-11-02,LG1,UG,930,11486,13560410,27073354355,8174475617,35247829972
2014-11-02,LG1,Alumni,34,193,247502,3818745534,95799538,3914545072
2014-11-02,LG1,Others(HKUST),12,285,597447,108608285,168410597,277018882
2014-11-02,LG1,Non-HKUST,69,260,259899,235002793,129690514,364693307
2014-11-02,LG1,Total,1614,20346,23999730,55732455739,13615353913,69347809652
2014-11-02,LG3,Staff,37,161,133324,2607881603,243581751,2851463354
2014-11-02,LG3,TPG,185,1597,2294440,195718519364,11355212422,207073731786
2014-11-02,LG3,RPG,135,573,775105,17537480172,4039784036,21577264208
2014-11-02,LG3,UG,459,1898,2015784,39659605280,7191846854,46851452134
2014-11-02,LG3,Alumni,31,156,195553,11142775246,1601650915,12744426161
2014-11-02,LG3,Others(HKUST),6,38,44894,1230958120,175471044,1406429164
2014-11-02,LG3,Non-HKUST,53,238,182049,708604161,104124777,812728938
2014-11-02,LG3,Total,906,4661,5641149,268605823946,24711671799,293317495745
2014-11-02,LG4,Staff,22,117,201465,583700137,242144219,825844356
2014-11-02,LG4,TPG,166,1783,2613736,54201585218,10114761453,64316346671
2014-11-02,LG4,RPG,102,811,1113689,39044389289,11311414489,50355803778
2014-11-02,LG4,UG,476,3549,5013695,107355036993,47487648331,154842685324
2014-11-02,LG4,Alumni,32,356,473299,22908399539,4466473372,27374872911
2014-11-02,LG4,Others(HKUST),10,179,250469,18585156841,6255435448,24840592289
2014-11-02,LG4,Non-HKUST,60,356,385972,6387902704,327712363,6715615067
2014-11-02,LG4,Total,868,7151,10052325,249066170721,80205589675,329271760396
2014-11-02,All-Floors,Staff,81,820,751237,4195818176,544687506,4740505682
2014-11-02,All-Floors,TPG,468,10286,12745968,270843486852,26743848826,297587335678
2014-11-02,All-Floors,RPG,287,4176,4963125,66539882629,16184302491,82724185120
2014-11-02,All-Floors,UG,1282,19466,23264878,194824397022,65845102784,260669499806
2014-11-02,All-Floors,Alumni,63,795,975886,52838000819,6606443147,59444443966
2014-11-02,All-Floors,Others(HKUST),17,691,1204530,20370804985,7035701914,27406506899
2014-11-02,All-Floors,Non-HKUST,141,1143,1043974,9330680714,644788348,9975469062
2014-11-02,All-Floors,Total,2339,37377,44949598,618943071197,123604875016,742547946213
2014-11-03,1,Staff,52,504,621121,5323060038,315968314,5639028352
2014-11-03,1,TPG,51,276,404492,9045587418,971070156,10016657574
2014-11-03,1,RPG,25,74,166781,3301668989,1327029261,4628698250
2014-11-03,1,UG,382,1851,2622577,57163999871,12209473541,69373473412
2014-11-03,1,Alumni,5,24,26257,121347376,23375409,144722785
2014-11-03,1,Others(HKUST),4,76,166703,5478229438,18123925009,23602154447
2014-11-03,1,Non-HKUST,8,26,55137,1552263947,121346073,1673610020
2014-11-03,1,Total,527,2831,4063068,81986157077,33092187763,115078344840
2014-11-03,G,Staff,115,545,403366,1641706459,92383755,1734090214
2014-11-03,G,TPG,418,2597,2092630,8643653618,1050749181,9694402799
2014-11-03,G,RPG,192,942,681938,2018011420,751165638,2769177058
2014-11-03,G,UG,2025,9285,6092863,14660215601,2577561968,17237777569
2014-11-03,G,Alumni,12,46,64923,749299798,34561532,783861330
2014-11-03,G,Others(HKUST),14,52,119307,9410079,7876903,17286982
2014-11-03,G,Non-HKUST,37,160,113062,105182414,26478975,131661389
2014-11-03,G,Total,2813,13627,9568089,27827479389,4540777952,32368257341
2014-11-03,LG1,Staff,102,542,309718,6403863265,572021985,6975885250
2014-11-03,LG1,TPG,528,5545,5002546,18398104716,2013577775,20411682491
2014-11-03,LG1,RPG,228,1534,1584326,7216238760,716721922,7932960682
2014-11-03,LG1,UG,2603,23526,20651088,41636075767,12379294141,54015369908
2014-11-03,LG1,Alumni,11,105,134103,6019382,1482135,7501517
2014-11-03,LG1,Others(HKUST),14,353,613154,1420023137,136610616,1556633753
2014-11-03,LG1,Non-HKUST,54,269,225689,52129816,1717098,53846914
2014-11-03,LG1,Total,3540,31874,28520624,75132454843,15821425672,90953880515
2014-11-03,LG3,Staff,137,399,268547,2544244789,426186277,2970431066
2014-11-03,LG3,TPG,321,2462,3049328,90180396821,16381548431,106561945252
2014-11-03,LG3,RPG,192,889,1027123,13270102871,2169638779,15439741650
2014-11-03,LG3,UG,1562,5647,5073872,113457744875,16480663167,129938408042
2014-11-03,LG3,Alumni,9,47,62865,14989266704,433812292,15423078996
2014-11-03,LG3,Others(HKUST),13,77,49138,67417352,20305752,87723104
2014-11-03,LG3,Non-HKUST,22,59,52812,4234052062,241748177,4475800239
2014-11-03,LG3,Total,2256,9580,9583685,238743225474,36153902875,274897128349
2014-11-03,LG4,Staff,84,303,330950,2704054455,452224819,3156279274
2014-11-03,LG4,TPG,361,4634,6482477,140902716411,65872993805,206775710216
2014-11-03,LG4,RPG,187,1532,1918156,53068347811,13427398075,66495745886
2014-11-03,LG4,UG,1561,10488,11754725,250664649042,27632828365,278297477407
2014-11-03,LG4,Alumni,10,134,157365,3448695944,267234881,3715930825
2014-11-03,LG4,Others(HKUST),15,228,281990,4504443761,3286465699,7790909460
2014-11-03,LG4,Non-HKUST,32,175,205700,78461111,59748274,138209385
2014-11-03,LG4,Total,2250,17494,21131363,455371368535,110998893918,566370262453
2014-11-03,All-Floors,Staff,286,2293,1933702,18616929006,1858785150,20475714156
2014-11-03,All-Floors,TPG,727,15514,17031473,267170458984,86289939348,353460398332
2014-11-03,All-Floors,RPG,473,4971,5378324,78874369851,18391953675,97266323526
2014-11-03,All-Floors,UG,4102,50797,46195125,477582685156,71279821182,548862506338
2014-11-03,All-Floors,Alumni,24,356,445513,19314629204,760466249,20075095453
2014-11-03,All-Floors,Others(HKUST),28,786,1230292,11479523767,21575183979,33054707746
2014-11-03,All-Floors,Non-HKUST,97,689,652400,6022089350,451038597,6473127947
2014-11-03,All-Floors,Total,5737,75406,72866829,879060685318,200607188180,1079667873498
2014-11-04,1,Staff,49,513,636744,2341720605,275399938,2617120543
2014-11-04,1,TPG,48,235,261122,2687053040,1037761956,3724814996
2014-11-04,1,RPG,28,67,145080,1469707696,421637873,1891345569
2014-11-04,1,UG,357,1748,2362489,72197343239,9213616068,81410959307
2014-11-04,1,Alumni,2,3,608,767342,162897,930239
2014-11-04,1,Others(HKUST),4,115,153961,48963955,19135293,68099248
2014-11-04,1,Non-HKUST,9,28,67183,323220377,113053974,436274351
2014-11-04,1,Total,497,2709,3627187,79068776254,11080767999,90149544253
2014-11-04,G,Staff,111,554,398794,977891445,286093290,1263984735
2014-11-04,G,TPG,452,2677,1846983,9407141941,1932553697,11339695638
2014-11-04,G,RPG,199,1013,715311,1760353870,208947537,1969301407
2014-11-04,G,UG,2015,8891,6044677,51103897118,6888125256,57992022374
2014-11-04,G,Alumni,9,29,64343,125464687,836363629,961828316
2014-11-04,G,Others(HKUST),21,111,149449,835378465,89487461,924865926
2014-11-04,G,Non-HKUST,30,109,51311,8373273,1523622,9896895
2014-11-04,G,Total,2837,13384,9270868,64218500799,10243094492,74461595291
2014-11-04,LG1,Staff,110,492,314798,1779473831,91540118,1871013949
2014-11-04,LG1,TPG,551,6302,5475793,12885760729,3504896924,16390657653
2014-11-04,LG1,RPG,254,1816,1536289,6964446389,656073457,7620519846
2014-11-04,LG1,UG,2522,22559,20073220,47030304367,14137878727,61168183094
2014-11-04,LG1,Alumni,14,131,122983,151260172,64676535,215936707
2014-11-04,LG1,Others(HKUST),16,520,586917,510765182,318361015,829126197
2014-11-04,LG1,Non-HKUST,46,210,219461,292644300,31374709,324019009
2014-11-04,LG1,Total,3513,32030,28329461,69614654970,18804801485,88419456455
2014-11-04,LG3,Staff,131,343,250596,1816484038,268048401,2084532439
2014-11-04,LG3,TPG,357,2738,3178004,104834884973,10567009967,115401894940
2014-11-04,LG3,RPG,207,890,1041354,17130794635,3926943381,21057738016
2014-11-04,LG3,UG,1552,5514,4706235,143788767877,25173506276,168962274153
2014-11-04,LG3,Alumni,6,46,44871,82768438,20999708,103768146
2014-11-04,LG3,Others(HKUST),12,76,85357,168933117,89557040,258490157
2014-11-04,LG3,Non-HKUST,18,65,80297,3442067360,233787012,3675854372
2014-11-04,LG3,Total,2283,9672,9386714,271264700438,40279851785,311544552223
2014-11-04,LG4,Staff,118,428,414540,20246581895,1481848435,21728430330
2014-11-04,LG4,TPG,390,4886,6446038,108232161975,12002543575,120234705550
2014-11-04,LG4,RPG,192,1677,2266692,47778084261,9672642275,57450726536
2014-11-04,LG4,UG,1659,9220,10029111,227404791386,32184007091,259588798477
2014-11-04,LG4,Alumni,10,111,137072,2648878940,1872537364,4521416304
2014-11-04,LG4,Others(HKUST),17,231,340443,11263428791,2814977442,14078406233
2014-11-04,LG4,Non-HKUST,32,182,260347,4382060752,189477547,4571538299
2014-11-04,LG4,Total,2418,16735,19894243,421955988000,60218033729,482174021729
2014-11-04,All-Floors,Staff,313,2330,2015472,27162151814,2402930182,29565081996
2014-11-04,All-Floors,TPG,784,16838,17207940,238047002658,29044766119,267091768777
2014-11-04,All-Floors,RPG,500,5463,5704726,75103386851,14886244523,89989631374
2014-11-04,All-Floors,UG,4202,47932,43215732,541525103987,87597133418,629122237405
2014-11-04,All-Floors,Alumni,24,320,369877,3009139579,2794740133,5803879712
2014-11-04,All-Floors,Others(HKUST),27,1053,1316127,12827469510,3331518251,16158987761
2014-11-04,All-Floors,Non-HKUST,81,594,678599,8448366062,569216864,9017582926
2014-11-04,All-Floors,Total,5931,74530,70508473,906122620461,140626549490,1046749169951
2014-11-05,1,Staff,48,548,697896,8725194617,756041625,9481236242
2014-11-05,1,TPG,44,291,602811,11662608197,1225076682,12887684879
2014-11-05,1,RPG,23,86,226624,2833119234,340346617,3173465851
2014-11-05,1,UG,355,1875,2903360,63596659711,5635458299,69232118010
2014-11-05,1,Alumni,2,40,53733,1966282605,222357308,2188639913
2014-11-05,1,Others(HKUST),5,97,150316,28226766,7018238,35245004
2014-11-05,1,Non-HKUST,6,25,67784,265229711,25343546,290573257
2014-11-05,1,Total,483,2962,4702524,89077320841,8211642315,97288963156
2014-11-05,G,Staff,103,476,516152,1341823420,392239139,1734062559
2014-11-05,G,TPG,416,2247,1908572,5340753514,428760980,5769514494
2014-11-05,G,RPG,162,704,572505,598418795,52883317,651302112
2014-11-05,G,UG,1887,8009,5811763,17701117126,2559713712,20260830838
2014-11-05,G,Alumni,10,37,36639,653712264,58356079,712068343
2014-11-05,G,Others(HKUST),15,87,174652,30605305,11351091,41956396
2014-11-05,G,Non-HKUST,28,92,53014,206745630,15079542,221825172
2014-11-05,G,Total,2621,11652,9073297,25873176054,3518383860,29391559914
2014-11-05,LG1,Staff,94,308,254040,331798507,99358377,431156884
2014-11-05,LG1,TPG,533,6006,5662642,32253996948,1569051104,33823048052
2014-11-05,LG1,RPG,238,1457,1348921,9919361657,685746140,10605107797
2014-11-05,LG1,UG,2433,22514,20928701,66857578808,8369009749,75226588557
2014-11-05,LG1,Alumni,13,116,100370,11586787,20442568,32029355
2014-11-05,LG1,Others(HKUST),19,317,492918,586263333,499753329,1086016662
2014-11-05,LG1,Non-HKUST,60,238,201297,179325281,20446838,199772119
2014-11-05,LG1,Total,3390,30956,28988889,110139911321,11263808105,121403719426
2014-11-05,LG3,Staff,103,306,284513,1540329456,180052950,1720382406
2014-11-05,LG3,TPG,374,2652,3463921,47764803174,6649417133,54414220307
2014-11-05,LG3,RPG,198,891,1035099,7383717951,998758954,8382476905
2014-11-05,LG3,UG,1528,5220,4656143,110164171800,10128305587,120292477387
2014-11-05,LG3,Alumni,6,15,18818,90681382,6687192,97368574
2014-11-05,LG3,Others(HKUST),12,26,13203,63740380,10291294,74031674
2014-11-05,LG3,Non-HKUST,25,117,157412,1534994345,256844057,1791838402
2014-11-05,LG3,Total,2246,9227,9629109,168542438488,18230357167,186772795655
2014-11-05,LG4,Staff,84,310,275289,4670037721,1546360619,6216398340
2014-11-05,LG4,TPG,396,4300,6511675,107699893223,104242004736,211941897959
2014-11-05,LG4,RPG,159,1299,1747275,31009026435,9698557637,40707584072
2014-11-05,LG4,UG,1729,9991,11596028,220830691256,27605796505,248436487761
2014-11-05,LG4,Alumni,7,96,85733,5789789473,1565726644,7355516117
2014-11-05,LG4,Others(HKUST),16,241,268544,6372408925,1740296339,8112705264
2014-11-05,LG4,Non-HKUST,28,203,310791,1480176228,158358275,1638534503
2014-11-05,LG4,Total,2419,16440,20795335,377852023261,146557100755,524409124016
2014-11-05,All-Floors,Staff,276,1948,2027890,16609183721,2974052710,19583236431
2014-11-05,All-Floors,TPG,801,15496,18149621,204722055056,114114310635,318836365691
2014-11-05,All-Floors,RPG,461,4437,4930424,51743644072,11776292665,63519936737
2014-11-05,All-Floors,UG,4126,47609,45895995,479150218701,54298283852,533448502553
2014-11-05,All-Floors,Alumni,25,304,295293,8512052511,1873569791,10385622302
2014-11-05,All-Floors,Others(HKUST),29,768,1099633,7081244709,2268710291,9349955000
2014-11-05,All-Floors,Non-HKUST,102,675,790298,3666471195,476072258,4142543453
2014-11-05,All-Floors,Total,5820,71237,73189154,771484869965,187781292202,959266162167
2014-11-06,1,Staff,44,343,432966,4781972133,333429409,5115401542
2014-11-06,1,TPG,24,100,168407,793110283,177284998,970395281
2014-11-06,1,RPG,8,19,23644,306370699,50650262,357020961
2014-11-06,1,UG,165,645,892078,26598893304,2062252260,28661145564
2014-11-06,1,Alumni,1,5,10349,315072430,24420426,339492856
2014-11-06,1,Others(HKUST),4,72,132890,11921053,5708868,17629921
2014-11-06,1,Non-HKUST,6,29,22161,185929160,14754966,200684126
2014-11-06,1,Total,252,1213,1682495,32993269062,2668501189,35661770251
2014-11-06,G,Staff,59,267,225193,216375361,106313934,322689295
2014-11-06,G,TPG,167,730,629667,1750129814,469497416,2219627230
2014-11-06,G,RPG,71,267,268028,376958805,127482672,504441477
2014-11-06,G,UG,785,2757,1984121,7311994296,724454169,8036448465
2014-11-06,G,Alumni,3,5,1681,0,0,0
2014-11-06,G,Others(HKUST),8,29,105247,20892077,10024263,30916340
2014-11-06,G,Non-HKUST,56,142,36554,39879150,4337172,44216322
2014-11-06,G,Total,1149,4197,3250491,9716229503,1442109626,11158339129
2014-11-06,LG1,Staff,61,215,144871,153642332,15100317,168742649
2014-11-06,LG1,TPG,339,2091,2194358,4388313627,399630399,4787944026
2014-11-06,LG1,RPG,109,566,543564,1561455023,257132626,1818587649
2014-11-06,LG1,UG,1409,7891,7874934,19255375506,4233894044,23489269550
2014-11-06,LG1,Alumni,8,19,51464,107525919,34849965,142375884
2014-11-06,LG1,Others(HKUST),14,135,261176,86906393,75734765,162641158
2014-11-06,LG1,Non-HKUST,59,156,163284,42565939,4450737,47016676
2014-11-06,LG1,Total,1999,11073,11233651,25595784739,5020792853,30616577592
2014-11-06,LG3,Staff,83,229,126806,1173350626,1092815045,2266165671
2014-11-06,LG3,TPG,181,819,1039692,8025792022,691396007,8717188029
2014-11-06,LG3,RPG,102,282,320758,2658163525,454539599,3112703124
2014-11-06,LG3,UG,850,1942,1718950,38890437270,3099204656,41989641926
2014-11-06,LG3,Alumni,2,5,2645,29818892,5407314,35226206
2014-11-06,LG3,Others(HKUST),9,27,22157,4974217,2468663,7442880
2014-11-06,LG3,Non-HKUST,48,101,33355,41011175,21468293,62479468
2014-11-06,LG3,Total,1275,3405,3264363,50823547727,5367299577,56190847304
2014-11-06,LG4,Staff,66,142,108752,6126926463,308714508,6435640971
2014-11-06,LG4,TPG,216,1512,2233697,40938314384,4083220032,45021534416
2014-11-06,LG4,RPG,92,442,553047,15185339933,3159879816,18345219749
2014-11-06,LG4,UG,859,2694,2952544,57134609408,4074583333,61209192741
2014-11-06,LG4,Alumni,5,52,48519,779986392,95708718,875695110
2014-11-06,LG4,Others(HKUST),9,74,80786,5476752234,1133785637,6610537871
2014-11-06,LG4,Non-HKUST,54,123,95113,85504679,135780642,221285321
2014-11-06,LG4,Total,1301,5039,6072458,125727433493,12991672686,138719106179
2014-11-06,All-Floors,Staff,204,1196,1038588,12452266915,1856373213,14308640128
2014-11-06,All-Floors,TPG,525,5252,6265821,55895660130,5821028852,61716688982
2014-11-06,All-Floors,RPG,260,1576,1709041,20088287985,4049684975,24137972960
2014-11-06,All-Floors,UG,2705,15929,15422627,149191309784,14194388462,163385698246
2014-11-06,All-Floors,Alumni,13,86,114658,1232403633,160386423,1392790056
2014-11-06,All-Floors,Others(HKUST),21,337,602256,5601445974,1227722196,6829168170
2014-11-06,All-Floors,Non-HKUST,162,551,350467,394890103,180791810,575681913
2014-11-06,All-Floors,Total,3890,24927,25503458,244856264524,27490375931,272346640455
2014-11-07,1,Staff,50,490,538594,6945097411,393168142,7338265553
2014-11-07,1,TPG,53,272,427236,10991047042,1239398298,12230445340
2014-11-07,1,RPG,23,51,36187,547894411,39072476,586966887
2014-11-07,1,UG,291,1199,1771628,57586690476,4242017968,61828708444
2014-11-07,1,Alumni,3,6,6971,56582267,6907651,63489918
2014-11-07,1,Others(HKUST),2,60,190613,11304451,8582113,19886564
2014-11-07,1,Non-HKUST,18,119,134351,1255001036,158037698,1413038734
2014-11-07,1,Total,440,2197,3105580,77393617094,6087184346,83480801440
2014-11-07,G,Staff,86,504,414554,608905346,115833095,724738441
2014-11-07,G,TPG,443,2123,1493333,1482356383,469694996,1952051379
2014-11-07,G,RPG,143,687,550893,1577405017,66624694,1644029711
2014-11-07,G,UG,1433,6327,4695488,14505768216,3134494760,17640262976
2014-11-07,G,Alumni,10,74,71891,94022701,4565441,98588142
2014-11-07,G,Others(HKUST),15,119,177688,9507426,7950851,17458277
2014-11-07,G,Non-HKUST,205,1010,260974,261023904,163960317,424984221
2014-11-07,G,Total,2335,10844,7664821,18538988993,3963124154,22502113147
2014-11-07,LG1,Staff,105,425,259608,258341666,44828437,303170103
2014-11-07,LG1,TPG,548,5786,5410004,15708718154,2855327083,18564045237
2014-11-07,LG1,RPG,157,1025,1047242,2599994379,7408339525,10008333904
2014-11-07,LG1,UG,2045,16846,15328599,39410215500,10676817156,50087032656
2014-11-07,LG1,Alumni,15,143,108554,124020,56050,180070
2014-11-07,LG1,Others(HKUST),13,275,434326,231170129,163494691,394664820
2014-11-07,LG1,Non-HKUST,180,898,498943,328797237,61898964,390696201
2014-11-07,LG1,Total,3063,25398,23087276,58537361085,21210761906,79748122991
2014-11-07,LG3,Staff,121,295,254188,3344053089,511433087,3855486176
2014-11-07,LG3,TPG,398,2332,2926173,58821027909,10688287747,69509315656
2014-11-07,LG3,RPG,195,820,1009016,8422670692,2737486213,11160156905
2014-11-07,LG3,UG,1537,4388,3830086,85150464531,21886576941,107037041472
2014-11-07,LG3,Alumni,12,27,62010,484993673,54066732,539060405
2014-11-07,LG3,Others(HKUST),11,27,1706,583444,338561,922005
2014-11-07,LG3,Non-HKUST,136,361,107625,676199357,168868412,845067769
2014-11-07,LG3,Total,2410,8250,8190804,156899992695,36047057693,192947050388
2014-11-07,LG4,Staff,82,308,303121,3055533889,431833624,3487367513
2014-11-07,LG4,TPG,373,3977,5986485,91102706993,30405937632,121508644625
2014-11-07,LG4,RPG,149,973,1406964,26513869389,4560560427,31074429816
2014-11-07,LG4,UG,1216,6707,7738543,152584958297,33240992651,185825950948
2014-11-07,LG4,Alumni,11,109,180079,56406311,8489443,64895754
2014-11-07,LG4,Others(HKUST),13,207,253991,11256287481,2336277793,13592565274
2014-11-07,LG4,Non-HKUST,110,414,258051,2062424869,340839257,2403264126
2014-11-07,LG4,Total,1954,12695,16127234,286632187229,71324930827,357957118056
2014-11-07,All-Floors,Staff,267,2022,1770065,14211931401,1497096385,15709027786
2014-11-07,All-Floors,TPG,791,14490,16243231,178105856481,45658645756,223764502237
2014-11-07,All-Floors,RPG,404,3556,4050302,39661833888,14812083335,54473917223
2014-11-07,All-Floors,UG,3608,35467,33364344,349238097020,73180899476,422418996496
2014-11-07,All-Floors,Alumni,27,359,429505,692128972,74085317,766214289
2014-11-07,All-Floors,Others(HKUST),24,688,1058324,11508852931,2516644009,14025496940
2014-11-07,All-Floors,Non-HKUST,344,2802,1259944,4583446403,893604648,5477051051
2014-11-07,All-Floors,Total,5465,59384,58175715,598002147096,138633058926,736635206022
2014-11-08,1,Staff,9,165,133739,977450446,37067226,1014517672
2014-11-08,1,TPG,24,107,190998,7524954886,331625581,7856580467
2014-11-08,1,RPG,20,51,56395,4307718590,205265506,4512984096
2014-11-08,1,UG,40,120,180223,7579196994,426041684,8005238678
2014-11-08,1,Alumni,3,22,80153,3892502905,321670897,4214173802
2014-11-08,1,Others(HKUST),3,121,148970,5488203,4505938,9994141
2014-11-08,1,Non-HKUST,9,30,33492,28928508,64598359,93526867
2014-11-08,1,Total,108,616,823970,24316240532,1390775191,25707015723
2014-11-08,G,Staff,31,165,104250,3853244,41374812,45228056
2014-11-08,G,TPG,261,1359,1526718,12977851029,1552291885,14530142914
2014-11-08,G,RPG,119,547,503188,644627314,50624265,695251579
2014-11-08,G,UG,416,1505,1376824,3399939186,171551478,3571490664
2014-11-08,G,Alumni,24,110,119423,1303409905,53265243,1356675148
2014-11-08,G,Others(HKUST),11,62,129422,25912570,20000827,45913397
2014-11-08,G,Non-HKUST,98,243,57868,8124886,1628066,9752952
2014-11-08,G,Total,960,3991,3817693,18363718134,1890736576,20254454710
2014-11-08,LG1,Staff,44,259,279256,116323585,32778510,149102095
2014-11-08,LG1,TPG,435,5671,7854277,31719873924,3342957971,35062831895
2014-11-08,LG1,RPG,155,1059,1493889,3203746243,816998985,4020745228
2014-11-08,LG1,UG,796,7807,10385428,16524856335,5103642375,21628498710
2014-11-08,LG1,Alumni,31,245,309402,436911938,89363970,526275908
2014-11-08,LG1,Others(HKUST),11,256,445289,249772618,213670792,463443410
2014-11-08,LG1,Non-HKUST,82,358,227743,16222290,3105774,19328064
2014-11-08,LG1,Total,1554,15655,20995284,52267706933,9602518377,61870225310
2014-11-08,LG3,Staff,46,126,165584,1134829179,1045045638,2179874817
2014-11-08,LG3,TPG,205,1065,1441120,18876094824,3838711431,22714806255
2014-11-08,LG3,RPG,101,496,563606,4243645244,1502337626,5745982870
2014-11-08,LG3,UG,385,1052,1066762,20424427982,2812965813,23237393795
2014-11-08,LG3,Alumni,15,46,108993,4657319756,787150758,5444470514
2014-11-08,LG3,Others(HKUST),6,17,20737,202024081,16752921,218777002
2014-11-08,LG3,Non-HKUST,76,222,121987,2061935695,251831014,2313766709
2014-11-08,LG3,Total,834,3024,3488789,51600276761,10254795201,61855071962
2014-11-08,LG4,Staff,25,53,35143,767393062,33089518,800482580
2014-11-08,LG4,TPG,161,1406,2006858,54648492935,6825094354,61473587289
2014-11-08,LG4,RPG,91,548,730011,8104010130,855385898,8959396028
2014-11-08,LG4,UG,302,1669,2433491,130579150620,15979380798,146558531418
2014-11-08,LG4,Alumni,21,168,351810,4068701377,476881782,4545583159
2014-11-08,LG4,Others(HKUST),8,175,290578,73353696358,3863825090,77217521448
2014-11-08,LG4,Non-HKUST,62,243,176656,432970082,279446966,712417048
2014-11-08,LG4,Total,670,4262,6024547,271954414564,28313104406,300267518970
2014-11-08,All-Floors,Staff,94,768,717972,2999849516,1189355704,4189205220
2014-11-08,All-Floors,TPG,561,9608,13019971,125747267598,15890681222,141637948820
2014-11-08,All-Floors,RPG,296,2701,3347089,20503747521,3430612280,23934359801
2014-11-08,All-Floors,UG,1190,12153,15442728,178507571117,24493582148,203001153265
2014-11-08,All-Floors,Alumni,55,591,969781,14358845881,1728332650,16087178531
2014-11-08,All-Floors,Others(HKUST),19,631,1034996,73836893830,4118755568,77955649398
2014-11-08,All-Floors,Non-HKUST,170,1096,617746,2548181461,600610179,3148791640
2014-11-08,All-Floors,Total,2385,27548,35150283,418502356924,51451929751,469954286675
2014-11-09,1,Staff,10,197,132224,446744992,37766649,484511641
2014-11-09,1,TPG,14,53,199783,8012451270,535678076,8548129346
2014-11-09,1,RPG,15,21,11273,112218805,5904437,118123242
2014-11-09,1,UG,44,199,418779,12316322806,914597924,13230920730
2014-11-09,1,Alumni,4,33,113521,2941861107,184416328,3126277435
2014-11-09,1,Others(HKUST),4,128,161537,11174473,7554881,18729354
2014-11-09,1,Non-HKUST,9,22,41993,52329686,13482351,65812037
2014-11-09,1,Total,100,653,1079110,23893103139,1699400646,25592503785
2014-11-09,G,Staff,35,223,142542,196329262,8347694,204676956
2014-11-09,G,TPG,216,1326,1311411,17017923176,1104178968,18122102144
2014-11-09,G,RPG,101,458,326580,6794636135,377612282,7172248417
2014-11-09,G,UG,382,1911,1989490,3077551331,572706830,3650258161
2014-11-09,G,Alumni,20,107,99356,286627356,84910543,371537899
2014-11-09,G,Others(HKUST),10,79,168982,18819109,10077798,28896907
2014-11-09,G,Non-HKUST,83,355,256996,777146352,93323930,870470282
2014-11-09,G,Total,847,4459,4295357,28169032721,2251158045,30420190766
2014-11-09,LG1,Staff,41,179,171392,126977883,22648820,149626703
2014-11-09,LG1,TPG,361,5365,6374542,20313780324,5017049261,25330829585
2014-11-09,LG1,RPG,167,1753,2079360,1244300622,180011472,1424312094
2014-11-09,LG1,UG,831,10985,12654222,38198045023,8110109992,46308155015
2014-11-09,LG1,Alumni,28,265,321066,5123248125,4076818259,9200066384
2014-11-09,LG1,Others(HKUST),10,254,478530,176131858,148643309,324775167
2014-11-09,LG1,Non-HKUST,79,434,495216,65078018,7815995,72894013
2014-11-09,LG1,Total,1517,19235,22574328,65247561853,17563097108,82810658961
2014-11-09,LG3,Staff,32,111,131723,2895380999,1602180950,4497561949
2014-11-09,LG3,TPG,199,1760,2796984,59515445908,27013475748,86528921656
2014-11-09,LG3,RPG,130,615,639697,5682094037,4001243631,9683337668
2014-11-09,LG3,UG,421,1712,1873264,35922361662,5727789658,41650151320
2014-11-09,LG3,Alumni,27,127,156242,1395627611,527565061,1923192672
2014-11-09,LG3,Others(HKUST),6,50,47482,7448260623,478956816,7927217439
2014-11-09,LG3,Non-HKUST,46,136,57353,19698583,9511583,29210166
2014-11-09,LG3,Total,861,4511,5702745,112878869423,39360723447,152239592870
2014-11-09,LG4,Staff,33,161,191946,469968799,56784064,526752863
2014-11-09,LG4,TPG,182,2109,3284136,65134263455,8004185913,73138449368
2014-11-09,LG4,RPG,107,535,742879,5324518032,1037206846,6361724878
2014-11-09,LG4,UG,354,2184,3383105,60830412681,15054959564,75885372245
2014-11-09,LG4,Alumni,18,252,369721,7448934168,582778714,8031712882
2014-11-09,LG4,Others(HKUST),6,97,243685,29814706388,2125441454,31940147842
2014-11-09,LG4,Non-HKUST,53,246,233099,1200973446,482920781,1683894227
2014-11-09,LG4,Total,753,5584,8448571,170223776969,27344277336,197568054305
2014-11-09,All-Floors,Staff,86,871,769827,4135401935,1727728177,5863130112
2014-11-09,All-Floors,TPG,450,10613,13966856,169993864133,41674567966,211668432099
2014-11-09,All-Floors,RPG,295,3382,3799789,19157767631,5601978668,24759746299
2014-11-09,All-Floors,UG,1149,16991,20318860,150344693503,30380163968,180724857471
2014-11-09,All-Floors,Alumni,54,784,1059906,17196298367,5456488905,22652787272
2014-11-09,All-Floors,Others(HKUST),15,608,1100216,37469092451,2770674258,40239766709
2014-11-09,All-Floors,Non-HKUST,144,1193,1084657,2115226085,607054640,2722280725
2014-11-09,All-Floors,Total,2193,34442,42100111,400412344105,88218656582,488631000687
2014-11-10,1,Staff,56,610,788226,7066285495,943307373,8009592868
2014-11-10,1,TPG,40,168,318400,9454429431,765115265,10219544696
2014-11-10,1,RPG,22,49,42766,185522559,23167234,208689793
2014-11-10,1,UG,288,1272,2110380,54089022767,5295103657,59384126424
2014-11-10,1,Alumni,3,21,23499,91286999,14318786,105605785
2014-11-10,1,Others(HKUST),5,156,178055,307910724,43904365,351815089
2014-11-10,1,Non-HKUST,5,15,30841,878051071,320402663,1198453734
2014-11-10,1,Total,419,2291,3492167,72072509046,7405319343,79477828389
2014-11-10,G,Staff,121,635,623129,1352963826,416900044,1769863870
2014-11-10,G,TPG,385,2541,2237882,10514183520,806049423,11320232943
2014-11-10,G,RPG,168,837,595228,1895569693,636454209,2532023902
2014-11-10,G,UG,1533,7506,5795789,27351877882,12213381260,39565259142
2014-11-10,G,Alumni,6,93,116259,845146601,40856307,886002908
2014-11-10,G,Others(HKUST),12,76,114401,18915558,15831836,34747394
2014-11-10,G,Non-HKUST,34,117,79623,13287969,5272244,18560213
2014-11-10,G,Total,2259,11805,9562311,41991945049,14134745323,56126690372
2014-11-10,LG1,Staff,112,506,362467,476747053,34760887,511507940
2014-11-10,LG1,TPG,567,6842,5846528,12418592926,3063981563,15482574489
2014-11-10,LG1,RPG,222,1750,1958221,6001487301,556871476,6558358777
2014-11-10,LG1,UG,2544,23924,20508787,76149292577,7417133664,83566426241
2014-11-10,LG1,Alumni,16,164,226395,6797171127,1254111262,8051282389
2014-11-10,LG1,Others(HKUST),14,414,572548,145423106,120997111,266420217
2014-11-10,LG1,Non-HKUST,56,466,438386,563817466,85329356,649146822
2014-11-10,LG1,Total,3531,34066,29913332,102552531556,12533185319,115085716875
2014-11-10,LG3,Staff,153,397,339199,3954022311,328248599,4282270910
2014-11-10,LG3,TPG,366,3069,3557516,63227395455,13398422612,76625818067
2014-11-10,LG3,RPG,235,910,975319,13183259759,1561765532,14745025291
2014-11-10,LG3,UG,1581,5659,5455645,91393701202,12254043368,103647744570
2014-11-10,LG3,Alumni,6,90,60714,713972192,85759299,799731491
2014-11-10,LG3,Others(HKUST),12,41,35377,4839017,2227099,7066116
2014-11-10,LG3,Non-HKUST,30,129,165401,2480447532,197644560,2678092092
2014-11-10,LG3,Total,2383,10295,10589171,174957637468,27828111069,202785748537
2014-11-10,LG4,Staff,84,294,373136,4354459444,469837328,4824296772
2014-11-10,LG4,TPG,342,4234,6394506,120086691394,11329615120,131416306514
2014-11-10,LG4,RPG,241,1479,2046777,34274712819,10151659279,44426372098
2014-11-10,LG4,UG,1560,9167,10454244,189898171425,54586236203,244484407628
2014-11-10,LG4,Alumni,9,76,47925,2344492924,178959128,2523452052
2014-11-10,LG4,Others(HKUST),11,189,252451,45096434591,11305387999,56401822590
2014-11-10,LG4,Non-HKUST,40,342,274991,6500305411,496814138,6997119549
2014-11-10,LG4,Total,2287,15781,19844030,402555268008,88518509195,491073777203
2014-11-10,All-Floors,Staff,323,2442,2486157,17204478129,2193054231,19397532360
2014-11-10,All-Floors,TPG,757,16854,18354832,215701292726,29363183983,245064476709
2014-11-10,All-Floors,RPG,506,5025,5618311,55540552131,12929917730,68470469861
2014-11-10,All-Floors,UG,4051,47528,44324845,438882065853,91765898152,530647964005
2014-11-10,All-Floors,Alumni,24,444,474792,10792069843,1574004782,12366074625
2014-11-10,All-Floors,Others(HKUST),24,876,1152832,45573522996,11488348410,57061871406
2014-11-10,All-Floors,Non-HKUST,89,1069,989242,10435909449,1105462961,11541372410
2014-11-10,All-Floors,Total,5774,74238,73401011,794129891127,150419870249,944549761376
2014-11-11,1,Staff,57,484,795639,17803577068,910656069,18714233137
2014-11-11,1,TPG,50,198,394613,5473188072,924272619,6397460691
2014-11-11,1,RPG,25,118,223373,3496237763,825422159,4321659922
2014-11-11,1,UG,346,1735,2674773,66233845563,7541156097,73775001660
2014-11-11,1,Alumni,2,5,2035,9940807,1257040,11197847
2014-11-11,1,Others(HKUST),5,160,155966,422234610,36588382,458822992
2014-11-11,1,Non-HKUST,5,32,104520,2284184210,218184920,2502369130
2014-11-11,1,Total,490,2732,4350919,95723208093,10457537286,106180745379
2014-11-11,G,Staff,107,682,484414,1818227232,566474601,2384701833
2014-11-11,G,TPG,358,1929,1801724,37680996639,1597252292,39278248931
2014-11-11,G,RPG,160,707,674924,2334952022,380437612,2715389634
2014-11-11,G,UG,1579,7596,6341591,25978215490,2405894212,28384109702
2014-11-11,G,Alumni,6,42,37600,271416280,17343725,288760005
2014-11-11,G,Others(HKUST),14,137,171639,305331448,42762374,348093822
2014-11-11,G,Non-HKUST,28,63,43607,115673982,780409451,896083433
2014-11-11,G,Total,2252,11156,9555499,68504813093,5790574267,74295387360
2014-11-11,LG1,Staff,111,600,422707,71759431,20596495,92355926
2014-11-11,LG1,TPG,611,6238,6087262,18959619034,2506847629,21466466663
2014-11-11,LG1,RPG,224,1447,1447197,3604849859,2100705490,5705555349
2014-11-11,LG1,UG,2586,23060,21427239,84789630042,13449371384,98239001426
2014-11-11,LG1,Alumni,17,116,188061,13645794,18305817,31951611
2014-11-11,LG1,Others(HKUST),19,295,467586,141016310,106424360,247440670
2014-11-11,LG1,Non-HKUST,47,238,232992,12605278016,419645368,13024923384
2014-11-11,LG1,Total,3615,31994,30273044,120185798486,18621896543,138807695029
2014-11-11,LG3,Staff,156,383,263976,3087908792,288840454,3376749246
2014-11-11,LG3,TPG,394,2590,3047086,71780342729,8536920682,80317263411
2014-11-11,LG3,RPG,224,1013,987200,13881345049,1860845028,15742190077
2014-11-11,LG3,UG,1744,5688,5146460,124326323765,40703109866,165029433631
2014-11-11,LG3,Alumni,6,18,18118,52329958,10501490,62831448
2014-11-11,LG3,Others(HKUST),17,70,31277,521159121,25956169,547115290
2014-11-11,LG3,Non-HKUST,21,83,102637,864136573,222660311,1086796884
2014-11-11,LG3,Total,2562,9845,9596754,214513545987,51648834000,266162379987
2014-11-11,LG4,Staff,101,303,274465,3784312554,405613517,4189926071
2014-11-11,LG4,TPG,405,5419,7344925,105667943798,32005961926,137673905724
2014-11-11,LG4,RPG,244,1748,2135839,48890081893,5190823800,54080905693
2014-11-11,LG4,UG,1782,10624,12483797,199953520902,43770460566,243723981468
2014-11-11,LG4,Alumni,9,103,157392,2234388222,334165059,2568553281
2014-11-11,LG4,Others(HKUST),17,271,332398,8879771941,1307621285,10187393226
2014-11-11,LG4,Non-HKUST,32,136,214900,1355269334,387920551,1743189885
2014-11-11,LG4,Total,2590,18604,22943716,370765288644,83402566704,454167855348
2014-11-11,All-Floors,Staff,335,2452,2241201,26565785077,2192181136,28757966213
2014-11-11,All-Floors,TPG,815,16374,18675610,239562090272,45571255148,285133345420
2014-11-11,All-Floors,RPG,495,5033,5468533,72207466586,10358234089,82565700675
2014-11-11,All-Floors,UG,4315,48703,48073860,501281535762,107869992125,609151527887
2014-11-11,All-Floors,Alumni,26,284,403206,2581721061,381573131,2963294192
2014-11-11,All-Floors,Others(HKUST),30,933,1158866,10269513430,1519352570,11788866000
2014-11-11,All-Floors,Non-HKUST,86,552,698656,17224542115,2028820601,19253362716
2014-11-11,All-Floors,Total,6102,74331,76719932,869692654303,169921408800,1039614063103
2014-11-12,1,Staff,60,427,779589,17333238166,1027746626,18360984792
2014-11-12,1,TPG,34,151,360996,18341580509,1655030469,19996610978
2014-11-12,1,RPG,15,51,81449,237653440,35880567,273534007
2014-11-12,1,UG,356,1595,2477133,81813557940,7445505649,89259063589
2014-11-12,1,Alumni,2,6,23176,1393064548,82094348,1475158896
2014-11-12,1,Others(HKUST),6,146,134292,1523660741,105593077,1629253818
2014-11-12,1,Non-HKUST,6,22,81773,70704372,58153601,128857973
2014-11-12,1,Total,479,2398,3938408,120713459716,10410004337,131123464053
2014-11-12,G,Staff,97,561,465182,398382816,66424951,464807767
2014-11-12,G,TPG,360,1816,1855362,7921566226,2526764254,10448330480
2014-11-12,G,RPG,126,636,688750,1734313763,399271341,2133585104
2014-11-12,G,UG,1445,6469,5691973,27726060115,3870655743,31596715858
2014-11-12,G,Alumni,6,23,17443,338052600,19697381,357749981
2014-11-12,G,Others(HKUST),13,69,143455,32454226,11427013,43881239
2014-11-12,G,Non-HKUST,25,59,84160,843628682,63022579,906651261
2014-11-12,G,Total,2072,9633,8946325,38994458428,6957263262,45951721690
2014-11-12,LG1,Staff,100,462,335071,90331009,16982070,107313079
2014-11-12,LG1,TPG,581,6081,5783971,20733145031,1507002319,22240147350
2014-11-12,LG1,RPG,174,1177,1308121,9349556084,736773668,10086329752
2014-11-12,LG1,UG,2468,20426,21872524,56105620383,8613709658,64719330041
2014-11-12,LG1,Alumni,16,98,114105,665919669,57760572,723680241
2014-11-12,LG1,Others(HKUST),16,303,498735,391944104,334702941,726647045
2014-11-12,LG1,Non-HKUST,55,234,227521,962766233,66933051,1029699284
2014-11-12,LG1,Total,3410,28781,30140048,88299282513,11333864279,99633146792
2014-11-12,LG3,Staff,139,366,279915,3744282179,322621537,4066903716
2014-11-12,LG3,TPG,417,2938,3533502,72354586425,11895239305,84249825730
2014-11-12,LG3,RPG,215,832,942036,18711159475,12937114314,31648273789
2014-11-12,LG3,UG,1670,5329,4796900,103441961646,12471033182,115912994828
2014-11-12,LG3,Alumni,6,21,10581,873985,209299,1083284
2014-11-12,LG3,Others(HKUST),12,53,32418,69248531,6557304,75805835
2014-11-12,LG3,Non-HKUST,22,63,90421,468427528,53017151,521444679
2014-11-12,LG3,Total,2481,9602,9685773,198790539769,37685792092,236476331861
2014-11-12,LG4,Staff,113,326,348419,3396011022,259147181,3655158203
2014-11-12,LG4,TPG,414,5128,7308352,142360634116,21095231744,163455865860
2014-11-12,LG4,RPG,175,1110,1600700,58511277937,5190742167,63702020104
2014-11-12,LG4,UG,1653,9072,10959714,284473445853,50127020597,334600466450
2014-11-12,LG4,Alumni,8,153,206095,1372175717,104516691,1476692408
2014-11-12,LG4,Others(HKUST),14,299,290591,4002712711,1460712958,5463425669
2014-11-12,LG4,Non-HKUST,30,309,489569,6377652935,658733569,7036386504
2014-11-12,LG4,Total,2407,16397,21203440,500493910291,78896104907,579390015198
2014-11-12,All-Floors,Staff,334,2142,2208176,24962245192,1692922365,26655167557
2014-11-12,All-Floors,TPG,821,16114,18842183,261711512307,38679268091,300390780398
2014-11-12,All-Floors,RPG,453,3806,4621056,88543960699,19299782057,107843742756
2014-11-12,All-Floors,UG,4250,42891,45798244,553560645937,82527924829,636088570766
2014-11-12,All-Floors,Alumni,18,301,371400,3770086519,264278291,4034364810
2014-11-12,All-Floors,Others(HKUST),29,870,1099491,6020020313,1918993293,7939013606
2014-11-12,All-Floors,Non-HKUST,81,687,973444,8723179750,899859951,9623039701
2014-11-12,All-Floors,Total,5986,66811,73913994,947291650717,145283028877,1092574679594
2014-11-13,1,Staff,56,465,822942,3768456304,532116248,4300572552
2014-11-13,1,TPG,25,157,314007,13972872058,1170536149,15143408207
2014-11-13,1,RPG,22,57,139160,2680333406,462805872,3143139278
2014-11-13,1,UG,342,1742,2773514,210586526137,21822748480,232409274617
2014-11-13,1,Alumni,4,8,24254,32338478,4227836,36566314
2014-11-13,1,Others(HKUST),5,148,186399,1293264025,93904018,1387168043
2014-11-13,1,Non-HKUST,7,16,47930,254782609,32901207,287683816
2014-11-13,1,Total,461,2593,4308206,232588573017,24119239810,256707812827
2014-11-13,G,Staff,103,639,480061,2467517939,165983358,2633501297
2014-11-13,G,TPG,327,1876,1456471,3413373622,548750723,3962124345
2014-11-13,G,RPG,125,523,377374,948560417,229509317,1178069734
2014-11-13,G,UG,1410,7061,5821745,20389930439,2458253383,22848183822
2014-11-13,G,Alumni,7,20,2488,40070216,1847560,41917776
2014-11-13,G,Others(HKUST),15,69,133609,439732155,90558401,530290556
2014-11-13,G,Non-HKUST,27,82,29641,26676385,1931715,28608100
2014-11-13,G,Total,2014,10270,8301389,27725861173,3496834457,31222695630
2014-11-13,LG1,Staff,108,499,392730,758424199,84606853,843031052
2014-11-13,LG1,TPG,501,5617,5981910,20813161075,3773548335,24586709410
2014-11-13,LG1,RPG,191,1495,1733423,4270056655,2780419285,7050475940
2014-11-13,LG1,UG,2520,22611,22326541,63986802503,13185133051,77171935554
2014-11-13,LG1,Alumni,14,97,117975,1033862358,180102927,1213965285
2014-11-13,LG1,Others(HKUST),16,248,427678,1167711758,1011375953,2179087711
2014-11-13,LG1,Non-HKUST,45,206,206735,833000378,725338742,1558339120
2014-11-13,LG1,Total,3395,30773,31186992,92863018926,21740525146,114603544072
2014-11-13,LG3,Staff,117,362,276419,2365846542,307979163,2673825705
2014-11-13,LG3,TPG,326,1690,2419363,49961480790,24367375051,74328855841
2014-11-13,LG3,RPG,194,701,870141,16919029723,3122689620,20041719343
2014-11-13,LG3,UG,1665,5305,5082306,102068538408,18843686758,120912225166
2014-11-13,LG3,Alumni,8,20,28138,1155149394,46593070,1201742464
2014-11-13,LG3,Others(HKUST),16,54,33286,53651658,9779904,63431562
2014-11-13,LG3,Non-HKUST,23,50,61964,513695892,20543929,534239821
2014-11-13,LG3,Total,2349,8182,8771617,173037392407,46718647495,219756039902
2014-11-13,LG4,Staff,101,266,196062,5356244397,2241569365,7597813762
2014-11-13,LG4,TPG,334,4139,6216094,157122606840,67526104247,224648711087
2014-11-13,LG4,RPG,180,1433,1786394,34420941454,13450997954,47871939408
2014-11-13,LG4,UG,1613,8086,10065515,166927779229,19225600863,186153380092
2014-11-13,LG4,Alumni,12,145,275922,4834314880,697165224,5531480104
2014-11-13,LG4,Others(HKUST),19,250,246765,4487885030,3736948150,8224833180
2014-11-13,LG4,Non-HKUST,25,169,261051,2138480818,184207239,2322688057
2014-11-13,LG4,Total,2284,14488,19047803,375288252648,107062593042,482350845690
2014-11-13,All-Floors,Staff,298,2231,2168214,14716489381,3332254987,18048744368
2014-11-13,All-Floors,TPG,713,13479,16387845,245283494385,97386314505,342669808890
2014-11-13,All-Floors,RPG,440,4209,4906492,59238921655,20046422048,79285343703
2014-11-13,All-Floors,UG,4160,44805,46069621,563959576716,75535422535,639494999251
2014-11-13,All-Floors,Alumni,25,290,448777,7095735326,929936617,8025671943
2014-11-13,All-Floors,Others(HKUST),32,769,1027737,7442244626,4942566426,12384811052
2014-11-13,All-Floors,Non-HKUST,84,523,607321,3766636082,964922832,4731558914
2014-11-13,All-Floors,Total,5752,66306,71616007,901503098171,203137839950,1104640938121
2014-11-14,1,Staff,49,483,636228,9563146177,482906120,10046052297
2014-11-14,1,TPG,32,185,444184,25783562226,1781409186,27564971412
2014-11-14,1,RPG,20,47,69428,1991474064,896776555,2888250619
2014-11-14,1,UG,296,1365,2024182,57281631435,4435057962,61716689397
2014-11-14,1,Alumni,5,37,76525,399799451,49279527,449078978
2014-11-14,1,Others(HKUST),3,40,197389,6286743,10221392,16508135
2014-11-14,1,Non-HKUST,4,18,38867,248817859,65300515,314118374
2014-11-14,1,Total,409,2175,3486803,95274717955,7720951257,102995669212
2014-11-14,G,Staff,106,664,547506,2517570887,151554835,2669125722
2014-11-14,G,TPG,278,1726,1937877,15206682671,968902754,16175585425
2014-11-14,G,RPG,132,523,415136,362357217,104573169,466930386
2014-11-14,G,UG,1295,5994,4616100,22673687866,1953135918,24626823784
2014-11-14,G,Alumni,12,59,68856,489650653,33085137,522735790
2014-11-14,G,Others(HKUST),13,122,144213,11277766,9485273,20763039
2014-11-14,G,Non-HKUST,21,67,30194,42327528,45081175,87408703
2014-11-14,G,Total,1857,9155,7759882,41303554588,3265818261,44569372849
2014-11-14,LG1,Staff,104,599,486792,1384816198,67856987,1452673185
2014-11-14,LG1,TPG,423,4690,5111639,13977172211,2451237195,16428409406
2014-11-14,LG1,RPG,217,1381,1393656,7834398485,4941598574,12775997059
2014-11-14,LG1,UG,2179,18487,18844720,59407724553,8831398893,68239123446
2014-11-14,LG1,Alumni,18,97,94548,172700599,18452391,191152990
2014-11-14,LG1,Others(HKUST),21,176,481656,333103403,263389869,596493272
2014-11-14,LG1,Non-HKUST,26,120,84193,638074025,22180345,660254370
2014-11-14,LG1,Total,2988,25550,26497204,83747989474,16596114254,100344103728
2014-11-14,LG3,Staff,125,304,390285,5910224329,594602957,6504827286
2014-11-14,LG3,TPG,272,1597,2369571,49716015911,4695825195,54411841106
2014-11-14,LG3,RPG,187,763,812049,12619484479,1809336983,14428821462
2014-11-14,LG3,UG,1440,4022,3589204,76136683519,11344410355,87481093874
2014-11-14,LG3,Alumni,4,22,23610,70461855,8395343,78857198
2014-11-14,LG3,Others(HKUST),17,37,24009,4888925,2259981,7148906
2014-11-14,LG3,Non-HKUST,20,56,62047,1445990990,134036394,1580027384
2014-11-14,LG3,Total,2065,6801,7270775,145903750008,18588867208,164492617216
2014-11-14,LG4,Staff,90,235,146616,3761492189,303581966,4065074155
2014-11-14,LG4,TPG,266,3359,4952592,97241581603,30363290387,127604871990
2014-11-14,LG4,RPG,190,1180,1500501,30485577234,4790761590,35276338824
2014-11-14,LG4,UG,1382,6656,8130677,196030107990,20613368683,216643476673
2014-11-14,LG4,Alumni,17,122,340980,8687548811,481600219,9169149030
2014-11-14,LG4,Others(HKUST),14,218,265219,10109956853,2800931913,12910888766
2014-11-14,LG4,Non-HKUST,24,176,258662,3354545585,1683411314,5037956899
2014-11-14,LG4,Total,1983,11946,15595247,349670810265,61036946072,410707756337
2014-11-14,All-Floors,Staff,308,2285,2207427,23137249780,1600502865,24737752645
2014-11-14,All-Floors,TPG,604,11557,14815863,201925014622,40260664717,242185679339
2014-11-14,All-Floors,RPG,453,3894,4190770,53293291479,12543046871,65836338350
2014-11-14,All-Floors,UG,3816,36524,37204883,411529835363,47177371811,458707207174
2014-11-14,All-Floors,Alumni,33,337,604519,9820161369,590812617,10410973986
2014-11-14,All-Floors,Others(HKUST),32,593,1112486,10465513690,3086288428,13551802118
2014-11-14,All-Floors,Non-HKUST,55,437,473963,5729755987,1950009743,7679765730
2014-11-14,All-Floors,Total,5301,55627,60609911,715900822290,107208697052,823109519342
2014-11-15,1,Staff,7,68,18353,958696283,27888671,986584954
2014-11-15,1,TPG,27,112,170272,902687721,160082290,1062770011
2014-11-15,1,RPG,12,30,35745,1242397236,221168724,1463565960
2014-11-15,1,UG,45,197,429245,8502400969,633415629,9135816598
2014-11-15,1,Alumni,4,12,38172,781562478,52752459,834314937
2014-11-15,1,Others(HKUST),4,60,215037,166479745,164490827,330970572
2014-11-15,1,Non-HKUST,3,8,12473,115169620,8106681,123276301
2014-11-15,1,Total,102,487,919297,12669394052,1267905281,13937299333
2014-11-15,G,Staff,25,155,222124,407955730,34845605,442801335
2014-11-15,G,TPG,208,1238,1171880,7437837797,898535931,8336373728
2014-11-15,G,RPG,68,277,348324,1104566441,178521263,1283087704
2014-11-15,G,UG,292,1692,1734387,6604129544,636761805,7240891349
2014-11-15,G,Alumni,13,27,6451,1715477,548058,2263535
2014-11-15,G,Others(HKUST),8,26,126967,312334378,39682498,352016876
2014-11-15,G,Non-HKUST,41,117,66162,111161480,9068887,120230367
2014-11-15,G,Total,655,3532,3676295,15979700847,1797964047,17777664894
2014-11-15,LG1,Staff,39,240,242024,1464982779,356114131,1821096910
2014-11-15,LG1,TPG,452,5842,8141276,11937800285,3431308715,15369109000
2014-11-15,LG1,RPG,124,993,1262595,2001051070,241983733,2243034803
2014-11-15,LG1,UG,863,9413,12513292,32079638126,5539087775,37618725901
2014-11-15,LG1,Alumni,20,134,126151,80891043,4941111,85832154
2014-11-15,LG1,Others(HKUST),10,231,455187,238525157,188199984,426725141
2014-11-15,LG1,Non-HKUST,38,157,292456,551413634,93756978,645170612
2014-11-15,LG1,Total,1546,17010,23032981,48354302094,9855392427,58209694521
2014-11-15,LG3,Staff,40,88,76166,666621527,61253342,727874869
2014-11-15,LG3,TPG,225,1181,1852883,82011076241,6826962447,88838038688
2014-11-15,LG3,RPG,103,392,496163,4275276925,647747614,4923024539
2014-11-15,LG3,UG,383,1249,1544296,89680875589,20224718787,109905594376
2014-11-15,LG3,Alumni,17,95,175646,2886829436,193945341,3080774777
2014-11-15,LG3,Others(HKUST),10,37,49456,428788849,53777303,482566152
2014-11-15,LG3,Non-HKUST,25,90,121971,1363544560,133832481,1497377041
2014-11-15,LG3,Total,803,3132,4316581,181313013127,28142237315,209455250442
2014-11-15,LG4,Staff,23,105,164722,5266934218,463245064,5730179282
2014-11-15,LG4,TPG,195,1462,2536841,53690872239,13783151424,67474023663
2014-11-15,LG4,RPG,78,599,914383,37995542855,5270332505,43265875360
2014-11-15,LG4,UG,349,1974,3123108,90495212437,64873632454,155368844891
2014-11-15,LG4,Alumni,23,266,390054,8560183720,1311000906,9871184626
2014-11-15,LG4,Others(HKUST),9,276,546813,56726496833,21438087905,78164584738
2014-11-15,LG4,Non-HKUST,27,167,249440,1280036225,572759554,1852795779
2014-11-15,LG4,Total,704,4849,7925361,254015278527,107712209812,361727488339
2014-11-15,All-Floors,Staff,85,656,723389,8765190537,943346813,9708537350
2014-11-15,All-Floors,TPG,613,9835,13873152,155980274283,25100040807,181080315090
2014-11-15,All-Floors,RPG,242,2291,3057210,46618834527,6559753839,53178588366
2014-11-15,All-Floors,UG,1221,14525,19344328,227362256665,91907616450,319269873115
2014-11-15,All-Floors,Alumni,45,534,736474,12311182154,1563187875,13874370029
2014-11-15,All-Floors,Others(HKUST),17,630,1393460,57872624962,21884238517,79756863479
2014-11-15,All-Floors,Non-HKUST,82,539,742502,3421325519,817524581,4238850100
2014-11-15,All-Floors,Total,2305,29010,39870515,512331688647,148775708882,661107397529
2014-11-16,1,Staff,7,43,44771,1853615528,201678343,2055293871
2014-11-16,1,TPG,24,72,186972,1900169314,202814066,2102983380
2014-11-16,1,RPG,14,45,79287,1182788010,1790864604,2973652614
2014-11-16,1,UG,74,332,545411,14781063366,1664548730,16445612096
2014-11-16,1,Alumni,5,48,67438,2802054114,167466290,2969520404
2014-11-16,1,Others(HKUST),4,109,178433,5190789,3961610,9152399
2014-11-16,1,Non-HKUST,5,6,1923,429239,332126,761365
2014-11-16,1,Total,133,655,1104235,22525310360,4031665769,26556976129
2014-11-16,G,Staff,34,160,124143,177121487,11889231,189010718
2014-11-16,G,TPG,209,1370,1213554,1666237592,863962249,2530199841
2014-11-16,G,RPG,79,321,362173,1938822830,410557322,2349380152
2014-11-16,G,UG,367,2654,2787652,13458453321,2073108601,15531561922
2014-11-16,G,Alumni,25,112,113117,219703494,270104908,489808402
2014-11-16,G,Others(HKUST),6,78,147086,98091093,30002971,128094064
2014-11-16,G,Non-HKUST,62,250,137146,642338019,134949865,777287884
2014-11-16,G,Total,782,4945,4884871,18200767836,3794575147,21995342983
2014-11-16,LG1,Staff,40,185,232077,1636851706,213200559,1850052265
2014-11-16,LG1,TPG,435,6298,7189043,9586765316,1865955996,11452721312
2014-11-16,LG1,RPG,164,1457,1821474,3833347329,2574599715,6407947044
2014-11-16,LG1,UG,959,11525,13711420,34344015795,7124581441,41468597236
2014-11-16,LG1,Alumni,25,189,167707,31984302,10549720,42534022
2014-11-16,LG1,Others(HKUST),9,393,477475,330605767,269624221,600229988
2014-11-16,LG1,Non-HKUST,69,283,218387,36175331,4502750,40678081
2014-11-16,LG1,Total,1701,20330,23817583,49799745546,12063014402,61862759948
2014-11-16,LG3,Staff,39,160,167903,13407933854,4544857153,17952791007
2014-11-16,LG3,TPG,240,1733,2221406,95603255822,13098085979,108701341801
2014-11-16,LG3,RPG,139,584,664282,11861403111,3591348002,15452751113
2014-11-16,LG3,UG,499,1796,1854974,39692813295,3744126236,43436939531
2014-11-16,LG3,Alumni,13,107,146978,561029082,184414362,745443444
2014-11-16,LG3,Others(HKUST),8,17,4334,110298,129423,239721
2014-11-16,LG3,Non-HKUST,51,230,191645,1703370955,1384385000,3087755955
2014-11-16,LG3,Total,989,4627,5251522,162829916417,26547346155,189377262572
2014-11-16,LG4,Staff,28,111,126884,4578905781,251189812,4830095593
2014-11-16,LG4,TPG,218,3203,4559447,68256639894,14592441823,82849081717
2014-11-16,LG4,RPG,132,1139,1435105,25091492027,3083375679,28174867706
2014-11-16,LG4,UG,445,3083,4456347,117024220659,10823754348,127847975007
2014-11-16,LG4,Alumni,22,190,305758,8291179587,883831466,9175011053
2014-11-16,LG4,Others(HKUST),6,111,226379,37381544062,15909079936,53290623998
2014-11-16,LG4,Non-HKUST,45,328,397089,4462822642,618000171,5080822813
2014-11-16,LG4,Total,896,8165,11507009,265086804652,46161673235,311248477887
2014-11-16,All-Floors,Staff,86,659,695778,21654428356,5222815098,26877243454
2014-11-16,All-Floors,TPG,525,12676,15370422,177013067938,30623260113,207636328051
2014-11-16,All-Floors,RPG,302,3546,4362321,43907853307,11450745322,55358598629
2014-11-16,All-Floors,UG,1348,19390,23355804,219300566436,25430119356,244730685792
2014-11-16,All-Floors,Alumni,51,646,800998,11905950579,1516366746,13422317325
2014-11-16,All-Floors,Others(HKUST),18,708,1033707,37815542009,16212798161,54028340170
2014-11-16,All-Floors,Non-HKUST,133,1097,946190,6845136186,2142169912,8987306098
2014-11-16,All-Floors,Total,2463,38722,46565220,518442544811,92598274708,611040819519
2014-11-17,1,Staff,54,470,680447,3915360724,376574625,4291935349
2014-11-17,1,TPG,55,380,716668,12423018281,1553482661,13976500942
2014-11-17,1,RPG,24,50,87006,738672265,62375606,801047871
2014-11-17,1,UG,442,2237,2955758,65640555700,8768154002,74408709702
2014-11-17,1,Alumni,2,14,15460,1063175306,61713327,1124888633
2014-11-17,1,Others(HKUST),3,109,206620,1495201159,127894551,1623095710
2014-11-17,1,Non-HKUST,7,69,30257,113321859,34489850,147811709
2014-11-17,1,Total,587,3329,4692216,85389305294,10984684622,96373989916
2014-11-17,G,Staff,112,724,587067,3548312582,1120784672,4669097254
2014-11-17,G,TPG,376,2329,1837224,3453294998,627373750,4080668748
2014-11-17,G,RPG,159,709,659348,454492828,97758390,552251218
2014-11-17,G,UG,1601,8582,6234158,24053599565,5136456058,29190055623
2014-11-17,G,Alumni,9,52,54622,6230733,2806302,9037035
2014-11-17,G,Others(HKUST),11,69,139775,9445066,7906905,17351971
2014-11-17,G,Non-HKUST,24,59,46958,327954078,19040399,346994477
2014-11-17,G,Total,2292,12524,9559152,31853329850,7012126476,38865456326
2014-11-17,LG1,Staff,120,569,448075,1702225986,9254199492,10956425478
2014-11-17,LG1,TPG,546,6199,6031149,13460090714,5847244217,19307334931
2014-11-17,LG1,RPG,207,1392,1294390,1895828304,2094895184,3990723488
2014-11-17,LG1,UG,2756,25368,21759688,63274058937,9117726925,72391785862
2014-11-17,LG1,Alumni,13,47,31239,158203440,31990208,190193648
2014-11-17,LG1,Others(HKUST),14,230,418762,147029457,118668168,265697625
2014-11-17,LG1,Non-HKUST,52,371,296508,232450937,33529356,265980293
2014-11-17,LG1,Total,3708,34176,30279811,80869887775,26498253550,107368141325
2014-11-17,LG3,Staff,173,446,320544,5592567848,2154516464,7747084312
2014-11-17,LG3,TPG,372,2529,3175581,58658794674,6420137946,65078932620
2014-11-17,LG3,RPG,259,1067,1095449,17062113182,2416995981,19479109163
2014-11-17,LG3,UG,1886,5940,4708642,72782281238,6985679103,79767960341
2014-11-17,LG3,Alumni,10,34,43055,605452656,71240370,676693026
2014-11-17,LG3,Others(HKUST),15,42,21504,17755418,271319697,289075115
2014-11-17,LG3,Non-HKUST,28,98,134810,1979629876,209027438,2188657314
2014-11-17,LG3,Total,2743,10156,9499585,156698594892,18528916999,175227511891
2014-11-17,LG4,Staff,127,374,325359,4430636267,564311698,4994947965
2014-11-17,LG4,TPG,368,4633,6533039,174240654759,43202075386,217442730145
2014-11-17,LG4,RPG,226,1671,2138507,27858788113,4245839558,32104627671
2014-11-17,LG4,UG,1773,10556,11461124,280551611153,52149911604,332701522757
2014-11-17,LG4,Alumni,8,111,164969,11765288271,842248846,12607537117
2014-11-17,LG4,Others(HKUST),18,330,333717,16733916573,4455241800,21189158373
2014-11-17,LG4,Non-HKUST,39,274,289868,837333359,781529005,1618862364
2014-11-17,LG4,Total,2559,17949,21246583,516418228495,106241157897,622659386392
2014-11-17,All-Floors,Staff,359,2583,2361492,19189103407,13470386951,32659490358
2014-11-17,All-Floors,TPG,764,16070,18293661,262235853426,57650313960,319886167386
2014-11-17,All-Floors,RPG,518,4889,5274700,48009894692,8917864719,56927759411
2014-11-17,All-Floors,UG,4447,52683,47119370,506302106593,82157927692,588460034285
2014-11-17,All-Floors,Alumni,22,258,309345,13598350406,1009999053,14608349459
2014-11-17,All-Floors,Others(HKUST),29,780,1120378,18403347673,4981031121,23384378794
2014-11-17,All-Floors,Non-HKUST,93,871,798401,3490690109,1077616048,4568306157
2014-11-17,All-Floors,Total,6232,78134,75277347,871229346306,169265139544,1040494485850
2014-11-18,1,Staff,51,525,826838,14374305033,803521021,15177826054
2014-11-18,1,TPG,45,299,490672,10201621001,1675108155,11876729156
2014-11-18,1,RPG,12,59,161795,2674592083,345691372,3020283455
2014-11-18,1,UG,397,2212,3188655,107662268721,11393450826,119055719547
2014-11-18,1,Alumni,2,5,6252,11986080,1555671,13541751
2014-11-18,1,Others(HKUST),4,112,210006,3323988173,117790889,3441779062
2014-11-18,1,Non-HKUST,8,117,71044,170033815,23650924,193684739
2014-11-18,1,Total,519,3329,4955262,138418794906,14360768858,152779563764
2014-11-18,G,Staff,113,753,501460,3272854189,322363002,3595217191
2014-11-18,G,TPG,375,2310,1746131,8309576781,887342065,9196918846
2014-11-18,G,RPG,143,590,521741,1153053887,107398763,1260452650
2014-11-18,G,UG,1496,8033,5842462,25610953461,6573912311,32184865772
2014-11-18,G,Alumni,7,27,44634,235027902,36412820,271440722
2014-11-18,G,Others(HKUST),11,132,152361,583594922,94173137,677768059
2014-11-18,G,Non-HKUST,22,50,87811,32515520,2317254,34832774
2014-11-18,G,Total,2167,11895,8896600,39197576662,8023919352,47221496014
2014-11-18,LG1,Staff,125,664,601549,567653021,41603127,609256148
2014-11-18,LG1,TPG,596,6554,5974375,20825908994,2657112004,23483020998
2014-11-18,LG1,RPG,206,1624,1583246,2685999455,996526241,3682525696
2014-11-18,LG1,UG,2661,24557,22420465,58776632350,9350845197,68127477547
2014-11-18,LG1,Alumni,14,115,132129,296049292,14018434,310067726
2014-11-18,LG1,Others(HKUST),19,190,405444,344040264,263970736,608011000
2014-11-18,LG1,Non-HKUST,49,278,214145,114513671,73222149,187735820
2014-11-18,LG1,Total,3670,33982,31331353,83610797047,13397297888,97008094935
2014-11-18,LG3,Staff,151,390,320651,42880164977,2219667528,45099832505
2014-11-18,LG3,TPG,426,2903,3219742,99624045194,15965274396,115589319590
2014-11-18,LG3,RPG,234,995,1022504,36160756552,15050788175,51211544727
2014-11-18,LG3,UG,1758,5909,4963168,72094078053,20083062110,92177140163
2014-11-18,LG3,Alumni,10,43,52945,441988851,73408566,515397417
2014-11-18,LG3,Others(HKUST),19,48,8619,26427027,3867884,30294911
2014-11-18,LG3,Non-HKUST,22,85,68162,2049283062,94801454,2144084516
2014-11-18,LG3,Total,2620,10373,9655791,253276743716,53490870113,306767613829
2014-11-18,LG4,Staff,136,417,355995,2096752230,734159807,2830912037
2014-11-18,LG4,TPG,416,4623,6923756,139549373341,20559396114,160108769455
2014-11-18,LG4,RPG,215,1847,2381333,30598021838,4693460531,35291482369
2014-11-18,LG4,UG,1767,9403,10452843,174031210602,29786215647,203817426249
2014-11-18,LG4,Alumni,12,199,277022,2897819112,590294310,3488113422
2014-11-18,LG4,Others(HKUST),16,270,294451,9929401370,2204821129,12134222499
2014-11-18,LG4,Non-HKUST,27,168,164780,5515429632,203227801,5718657433
2014-11-18,LG4,Total,2589,16927,20850180,364618008125,58771575339,423389583464
2014-11-18,All-Floors,Staff,368,2749,2606493,63191729450,4121314485,67313043935
2014-11-18,All-Floors,TPG,824,16689,18354676,278510525311,41744232734,320254758045
2014-11-18,All-Floors,RPG,476,5115,5670619,73272423815,21193865082,94466288897
2014-11-18,All-Floors,UG,4354,50114,46867593,438175143187,77187486091,515362629278
2014-11-18,All-Floors,Alumni,26,389,512982,3882871237,715689801,4598561038
2014-11-18,All-Floors,Others(HKUST),33,752,1070881,14207451756,2684623775,16892075531
2014-11-18,All-Floors,Non-HKUST,76,698,605942,7881775700,397219582,8278995282
2014-11-18,All-Floors,Total,6157,76506,75689186,879121920456,148044431550,1027166352006
2014-11-19,1,Staff,62,480,923564,7599245143,1026859567,8626104710
2014-11-19,1,TPG,34,169,268961,4800237833,732939540,5533177373
2014-11-19,1,RPG,21,35,47214,51467707,12775389,64243096
2014-11-19,1,UG,367,1601,2575328,93682879574,10757087391,104439966965
2014-11-19,1,Alumni,3,28,51226,795402770,70933830,866336600
2014-11-19,1,Others(HKUST),5,94,293851,4955411452,169592289,5125003741
2014-11-19,1,Non-HKUST,7,50,79934,245026414,68875637,313902051
2014-11-19,1,Total,499,2457,4240078,112129670893,12839063643,124968734536
2014-11-19,G,Staff,118,645,536724,6566968858,981694225,7548663083
2014-11-19,G,TPG,347,2076,1707133,24173846913,3582424138,27756271051
2014-11-19,G,RPG,127,554,627271,684759742,181606331,866366073
2014-11-19,G,UG,1426,7249,5715255,31554465650,4580806787,36135272437
2014-11-19,G,Alumni,5,29,74466,495529051,56886396,552415447
2014-11-19,G,Others(HKUST),11,54,129621,51841093,15506096,67347189
2014-11-19,G,Non-HKUST,21,52,70056,10321845,2755903,13077748
2014-11-19,G,Total,2055,10659,8860526,63537733152,9401679876,72939413028
2014-11-19,LG1,Staff,110,450,421656,830803044,62561984,893365028
2014-11-19,LG1,TPG,554,5316,5810757,13573391780,3012713934,16586105714
2014-11-19,LG1,RPG,192,1598,1697162,4162433233,604395525,4766828758
2014-11-19,LG1,UG,2634,21849,23519545,93540465401,21625107856,115165573257
2014-11-19,LG1,Alumni,10,62,53146,131492336,3324428,134816764
2014-11-19,LG1,Others(HKUST),16,163,334055,59308208,49305643,108613851
2014-11-19,LG1,Non-HKUST,52,185,266693,340042725,96945942,436988667
2014-11-19,LG1,Total,3568,29623,32103014,112637936727,25454355312,138092292039
2014-11-19,LG3,Staff,128,415,347240,3391139610,413690177,3804829787
2014-11-19,LG3,TPG,363,2679,3390287,72899724489,17129952380,90029676869
2014-11-19,LG3,RPG,200,934,1013896,14177271425,4168736115,18346007540
2014-11-19,LG3,UG,1514,5095,4866506,82028112190,11350509212,93378621402
2014-11-19,LG3,Alumni,4,36,42741,29325711,6919495,36245206
2014-11-19,LG3,Others(HKUST),13,47,34221,282210201,52112292,334322493
2014-11-19,LG3,Non-HKUST,24,161,153289,1367001993,295371497,1662373490
2014-11-19,LG3,Total,2246,9367,9848180,174174785619,33417291168,207592076787
2014-11-19,LG4,Staff,102,244,251520,1473445664,231274633,1704720297
2014-11-19,LG4,TPG,366,4769,7387240,189148528045,45902810649,235051338694
2014-11-19,LG4,RPG,170,1314,1956302,42417529929,5106364482,47523894411
2014-11-19,LG4,UG,1550,8757,10408662,189954794728,27880135852,217834930580
2014-11-19,LG4,Alumni,4,78,108686,1280321683,64436204,1344757887
2014-11-19,LG4,Others(HKUST),15,226,310554,83097704339,35298642124,118396346463
2014-11-19,LG4,Non-HKUST,24,220,269480,3510292695,617984160,4128276855
2014-11-19,LG4,Total,2231,15608,20692444,510882617083,115101648104,625984265187
2014-11-19,All-Floors,Staff,331,2234,2480704,19861602319,2716080586,22577682905
2014-11-19,All-Floors,TPG,786,15009,18564378,304595729060,70360840641,374956569701
2014-11-19,All-Floors,RPG,419,4435,5341845,61493462036,10073877842,71567339878
2014-11-19,All-Floors,UG,4147,44551,47085296,490760717543,76193647098,566954364641
2014-11-19,All-Floors,Alumni,14,233,330265,2732071551,202500353,2934571904
2014-11-19,All-Floors,Others(HKUST),31,584,1102302,88446475293,35585158444,124031633737
2014-11-19,All-Floors,Non-HKUST,83,668,839452,5472685672,1081933139,6554618811
2014-11-19,All-Floors,Total,5811,67714,75744242,973362743474,196214038103,1169576781577
2014-11-20,1,Staff,54,520,745225,5019055068,577269835,5596324903
2014-11-20,1,TPG,49,191,343107,8148030393,741560687,8889591080
2014-11-20,1,RPG,29,115,278873,1195146968,310191547,1505338515
2014-11-20,1,UG,341,2102,3190707,101238941348,9725255274,110964196622
2014-11-20,1,Alumni,3,14,55189,531765890,66925853,598691743
2014-11-20,1,Others(HKUST),6,127,212031,6594556255,189058695,6783614950
2014-11-20,1,Non-HKUST,6,46,82744,6461035743,280223270,6741259013
2014-11-20,1,Total,488,3115,4907876,129188531665,11890485161,141079016826
2014-11-20,G,Staff,124,835,601637,2838315442,214071908,3052387350
2014-11-20,G,TPG,392,2524,1928017,4569931330,665460765,5235392095
2014-11-20,G,RPG,168,637,464173,9665153341,514237160,10179390501
2014-11-20,G,UG,1390,7063,5352261,26337370042,5508264025,31845634067
2014-11-20,G,Alumni,9,27,29482,116636448,5888457,122524905
2014-11-20,G,Others(HKUST),16,120,170997,1763289114,375985550,2139274664
2014-11-20,G,Non-HKUST,16,41,56133,36241972,2885973,39127945
2014-11-20,G,Total,2115,11247,8602700,45326937689,7286793838,52613731527
2014-11-20,LG1,Staff,101,447,350252,1455075760,84636736,1539712496
2014-11-20,LG1,TPG,581,5406,6186153,18786866334,2967053180,21753919514
2014-11-20,LG1,RPG,185,1305,1512977,2505324886,709805446,3215130332
2014-11-20,LG1,UG,2490,20712,21374371,61286586009,12086993268,73373579277
2014-11-20,LG1,Alumni,5,80,93039,88263325,7616928,95880253
2014-11-20,LG1,Others(HKUST),13,120,358672,2508040,1331612,3839652
2014-11-20,LG1,Non-HKUST,61,282,341669,310204429,84239537,394443966
2014-11-20,LG1,Total,3436,28352,30217133,84434828783,15941676707,100376505490
2014-11-20,LG3,Staff,125,380,386004,6129252326,4380840404,10510092730
2014-11-20,LG3,TPG,372,2686,3308493,56736421557,27941666310,84678087867
2014-11-20,LG3,RPG,227,889,816184,20130279610,3069736170,23200015780
2014-11-20,LG3,UG,1672,4911,4334516,94754309604,11533646522,106287956126
2014-11-20,LG3,Alumni,7,26,32412,709648640,41917551,751566191
2014-11-20,LG3,Others(HKUST),15,41,12380,130259098,14850862,145109960
2014-11-20,LG3,Non-HKUST,20,77,87047,162849053,55410631,218259684
2014-11-20,LG3,Total,2438,9010,8977036,178753019888,47038068450,225791088338
2014-11-20,LG4,Staff,113,314,295601,4016457944,399445669,4415903613
2014-11-20,LG4,TPG,367,4270,6312940,88180759116,16478124185,104658883301
2014-11-20,LG4,RPG,196,1649,2182416,29449283909,2665628144,32114912053
2014-11-20,LG4,UG,1675,7800,10337281,197081487618,27095600085,224177087703
2014-11-20,LG4,Alumni,7,107,142901,1972764055,100203041,2072967096
2014-11-20,LG4,Others(HKUST),13,221,240266,8298931536,1605731269,9904662805
2014-11-20,LG4,Non-HKUST,28,123,165449,288757989,35248114,324006103
2014-11-20,LG4,Total,2399,14484,19676854,329288442167,48379980507,377668422674
2014-11-20,All-Floors,Staff,336,2496,2378719,19458156540,5656264552,25114421092
2014-11-20,All-Floors,TPG,803,15077,18078710,176422008730,48793865127,225215873857
2014-11-20,All-Floors,RPG,478,4595,5254623,62945188714,7269598467,70214787181
2014-11-20,All-Floors,UG,4163,42588,44589136,480698694621,65949759174,546648453795
2014-11-20,All-Floors,Alumni,20,254,353023,3419078358,222551830,3641630188
2014-11-20,All-Floors,Others(HKUST),33,629,994346,16789544043,2186957988,18976502031
2014-11-20,All-Floors,Non-HKUST,88,569,733042,7259089186,458007525,7717096711
2014-11-20,All-Floors,Total,5921,66208,72381599,766991760192,130537004663,897528764855
2014-11-21,1,Staff,52,568,786041,13815963468,685274080,14501237548
2014-11-21,1,TPG,50,248,465294,11137887793,1446471632,12584359425
2014-11-21,1,RPG,15,34,39863,501497379,48275586,549772965
2014-11-21,1,UG,290,1221,2167935,72297294735,8266032225,80563326960
2014-11-21,1,Alumni,3,20,23511,115868631,16588982,132457613
2014-11-21,1,Others(HKUST),4,99,124298,2608365085,158294123,2766659208
2014-11-21,1,Non-HKUST,4,22,45884,366049478,54577242,420626720
2014-11-21,1,Total,418,2212,3652826,100842926569,10675513870,111518440439
2014-11-21,G,Staff,110,680,430639,1026770662,197130345,1223901007
2014-11-21,G,TPG,350,2127,1957430,7402914043,1199244296,8602158339
2014-11-21,G,RPG,157,843,625026,1121540578,183602561,1305143139
2014-11-21,G,UG,1312,6251,4638555,20969474295,2684693556,23654167851
2014-11-21,G,Alumni,8,35,87609,212538614,126632744,339171358
2014-11-21,G,Others(HKUST),19,115,213263,1304432937,15768936,1320201873
2014-11-21,G,Non-HKUST,20,48,12992,39057631,4157229,43214860
2014-11-21,G,Total,1976,10099,7965514,32076728760,4411229667,36487958427
2014-11-21,LG1,Staff,105,420,275205,1044913640,111598037,1156511677
2014-11-21,LG1,TPG,515,5214,6270267,23911594703,3161403493,27072998196
2014-11-21,LG1,RPG,203,1305,1624390,4764756534,482069870,5246826404
2014-11-21,LG1,UG,2220,16673,18078640,111051873646,27984487068,139036360714
2014-11-21,LG1,Alumni,12,131,129340,42768848,2546794,45315642
2014-11-21,LG1,Others(HKUST),20,197,400868,1662336,484178,2146514
2014-11-21,LG1,Non-HKUST,49,265,307627,1296491689,61182766,1357674455
2014-11-21,LG1,Total,3124,24205,27086337,142114061396,31803772206,173917833602
2014-11-21,LG3,Staff,144,382,210433,3771284247,8044745012,11816029259
2014-11-21,LG3,TPG,328,2035,2964773,61773076090,7452599207,69225675297
2014-11-21,LG3,RPG,203,656,902225,10018179125,2837220088,12855399213
2014-11-21,LG3,UG,1475,4119,3672229,79346328180,9327521651,88673849831
2014-11-21,LG3,Alumni,8,32,48977,386994539,137598625,524593164
2014-11-21,LG3,Others(HKUST),13,52,47122,2815839471,221409257,3037248728
2014-11-21,LG3,Non-HKUST,25,85,62764,827554083,42637482,870191565
2014-11-21,LG3,Total,2196,7361,7908523,158939255735,28063731322,187002987057
2014-11-21,LG4,Staff,87,299,300562,4572926804,1674806546,6247733350
2014-11-21,LG4,TPG,350,3936,6039881,117308126908,24277924996,141586051904
2014-11-21,LG4,RPG,170,1227,1790649,39445260516,7399736299,46844996815
2014-11-21,LG4,UG,1549,7328,8932123,215359374707,31754106722,247113481429
2014-11-21,LG4,Alumni,7,186,223413,4056402394,269143350,4325545744
2014-11-21,LG4,Others(HKUST),13,197,223391,11624013566,3637461291,15261474857
2014-11-21,LG4,Non-HKUST,29,103,123003,404169406,83206172,487375578
2014-11-21,LG4,Total,2205,13276,17633022,392770274301,69096385376,461866659677
2014-11-21,All-Floors,Staff,324,2349,2002880,24231858821,10713554020,34945412841
2014-11-21,All-Floors,TPG,715,13560,17697645,221533599537,37537643624,259071243161
2014-11-21,All-Floors,RPG,450,4065,4982153,55851234132,10950904404,66802138536
2014-11-21,All-Floors,UG,3863,35592,37489482,499024345563,80016841222,579041186785
2014-11-21,All-Floors,Alumni,22,404,512850,4814573026,552510495,5367083521
2014-11-21,All-Floors,Others(HKUST),32,660,1008942,18354313395,4033417785,22387731180
2014-11-21,All-Floors,Non-HKUST,80,523,552270,2933322287,245760891,3179083178
2014-11-21,All-Floors,Total,5486,57153,64246222,826743246761,144050632441,970793879202
2014-11-22,1,Staff,15,167,235074,1121543789,192835871,1314379660
2014-11-22,1,TPG,32,112,181172,9498625909,605958907,10104584816
2014-11-22,1,RPG,13,62,161891,6280234939,560282556,6840517495
2014-11-22,1,UG,55,231,613205,16503381045,6011833223,22515214268
2014-11-22,1,Alumni,2,4,720,1851500,47746141,49597641
2014-11-22,1,Others(HKUST),4,105,126854,755565579,75420038,830985617
2014-11-22,1,Non-HKUST,3,13,2885,379011,223177,602188
2014-11-22,1,Total,124,694,1321801,34161581772,7494299913,41655881685
2014-11-22,G,Staff,60,270,284139,1411857902,195313960,1607171862
2014-11-22,G,TPG,263,1378,1399907,3938479984,511933354,4450413338
2014-11-22,G,RPG,112,640,635838,7824397580,991489836,8815887416
2014-11-22,G,UG,352,1683,1969975,6505586206,1331508058,7837094264
2014-11-22,G,Alumni,18,114,129496,28842297,7368119,36210416
2014-11-22,G,Others(HKUST),13,71,185864,85594357,5153928,90748285
2014-11-22,G,Non-HKUST,19,92,89387,144958705,17714635,162673340
2014-11-22,G,Total,837,4248,4694606,19939717031,3060481890,23000198921
2014-11-22,LG1,Staff,63,248,216871,382672126,65725688,448397814
2014-11-22,LG1,TPG,463,5820,8103083,14736437564,5181721328,19918158892
2014-11-22,LG1,RPG,156,1282,1781232,2385150205,327773965,2712924170
2014-11-22,LG1,UG,1000,10230,15188152,30580279947,12841418951,43421698898
2014-11-22,LG1,Alumni,27,168,311568,263779422,99726411,363505833
2014-11-22,LG1,Others(HKUST),12,187,357169,60200,59738,119938
2014-11-22,LG1,Non-HKUST,35,175,402770,670251534,44513838,714765372
2014-11-22,LG1,Total,1756,18110,26360845,49018630998,18560939919,67579570917
2014-11-22,LG3,Staff,51,151,163499,1422348012,7656844512,9079192524
2014-11-22,LG3,TPG,212,1188,1731876,65289541705,33386696564,98676238269
2014-11-22,LG3,RPG,130,568,738559,21896882752,5865113472,27761996224
2014-11-22,LG3,UG,474,1578,1817979,93511037306,11116986134,104628023440
2014-11-22,LG3,Alumni,22,81,95684,1999072429,168247249,2167319678
2014-11-22,LG3,Others(HKUST),8,17,2190,1192908,374550,1567458
2014-11-22,LG3,Non-HKUST,15,48,37163,1371134579,73224617,1444359196
2014-11-22,LG3,Total,912,3631,4586950,185491209691,58267487098,243758696789
2014-11-22,LG4,Staff,34,195,269869,4460096998,664014637,5124111635
2014-11-22,LG4,TPG,214,1807,2890494,104180366332,10026265986,114206632318
2014-11-22,LG4,RPG,103,667,1000258,28632364863,3758976680,32391341543
2014-11-22,LG4,UG,492,2982,4507579,96101766000,10120780651,106222546651
2014-11-22,LG4,Alumni,22,261,421384,8623189798,1968714235,10591904033
2014-11-22,LG4,Others(HKUST),7,172,382729,39866764957,12071975430,51938740387
2014-11-22,LG4,Non-HKUST,13,110,190268,2046087009,205551193,2251638202
2014-11-22,LG4,Total,885,6194,9662581,283910635957,38816278812,322726914769
2014-11-22,All-Floors,Staff,126,1031,1169452,8798518827,8774734668,17573253495
2014-11-22,All-Floors,TPG,630,10305,14306532,197643451494,49712576139,247356027633
2014-11-22,All-Floors,RPG,322,3219,4317778,67019030339,11503636509,78522666848
2014-11-22,All-Floors,UG,1397,16704,24096890,243202050504,41422527017,284624577521
2014-11-22,All-Floors,Alumni,46,628,958852,10916735446,2291802155,13208537601
2014-11-22,All-Floors,Others(HKUST),22,552,1054806,40709178001,12152983684,52862161685
2014-11-22,All-Floors,Non-HKUST,57,438,722473,4232810838,341227460,4574038298
2014-11-22,All-Floors,Total,2600,32877,46626783,572521775449,126199487632,698721263081
2014-11-23,1,Staff,12,176,76394,590536420,32402708,622939128
2014-11-23,1,TPG,30,136,234902,6971550852,531352847,7502903699
2014-11-23,1,RPG,19,70,133591,574501014,60538653,635039667
2014-11-23,1,UG,103,594,1148055,27743678769,3501462263,31245141032
2014-11-23,1,Alumni,4,33,50144,3108008926,136690443,3244699369
2014-11-23,1,Others(HKUST),3,97,104402,24900657,8335805,33236462
2014-11-23,1,Non-HKUST,4,10,3964,16704874,3978209,20683083
2014-11-23,1,Total,175,1116,1751452,39029881512,4274760928,43304642440
2014-11-23,G,Staff,35,236,166521,18871121,2178995,21050116
2014-11-23,G,TPG,226,1391,1502063,1914501459,717032391,2631533850
2014-11-23,G,RPG,113,605,757541,1023725540,5522113946,6545839486
2014-11-23,G,UG,453,2809,2713765,6337353892,4310291917,10647645809
2014-11-23,G,Alumni,33,89,29411,193301661,63570746,256872407
2014-11-23,G,Others(HKUST),6,57,165220,441647267,44699144,486346411
2014-11-23,G,Non-HKUST,18,111,154902,63387788,6967571,70355359
2014-11-23,G,Total,884,5298,5489423,9992788728,10666854710,20659643438
2014-11-23,LG1,Staff,43,249,195938,2065953589,144054880,2210008469
2014-11-23,LG1,TPG,417,6600,8317806,29675770378,6587224785,36262995163
2014-11-23,LG1,RPG,159,1379,1684769,4542419835,636354634,5178774469
2014-11-23,LG1,UG,1198,14567,18604616,43548965160,11870316999,55419282159
2014-11-23,LG1,Alumni,42,290,198896,992998057,72310927,1065308984
2014-11-23,LG1,Others(HKUST),12,297,465678,349679770,22388563,372068333
2014-11-23,LG1,Non-HKUST,43,237,308356,507005322,326667911,833673233
2014-11-23,LG1,Total,1914,23619,29776059,81682792111,19659318699,101342110810
2014-11-23,LG3,Staff,45,122,161177,4419539922,1092193685,5511733607
2014-11-23,LG3,TPG,238,1877,2403459,96213309956,16553312562,112766622518
2014-11-23,LG3,RPG,147,629,692654,7298921402,1491703690,8790625092
2014-11-23,LG3,UG,600,2385,2422255,49903812714,6889889959,56793702673
2014-11-23,LG3,Alumni,27,152,193337,3202047209,270402283,3472449492
2014-11-23,LG3,Others(HKUST),13,35,15855,8584998,88362397,96947395
2014-11-23,LG3,Non-HKUST,22,122,186526,3532593183,257022267,3789615450
2014-11-23,LG3,Total,1092,5322,6075263,164578809384,26642886843,191221696227
2014-11-23,LG4,Staff,23,117,121970,4074725944,298695694,4373421638
2014-11-23,LG4,TPG,190,2198,3593000,81640867185,9813400113,91454267298
2014-11-23,LG4,RPG,114,988,1102149,26378656165,5257828255,31636484420
2014-11-23,LG4,UG,557,4038,6147335,91411932213,17503770975,108915703188
2014-11-23,LG4,Alumni,36,542,668413,22381570899,13049540704,35431111603
2014-11-23,LG4,Others(HKUST),7,152,272007,5001731806,3177357433,8179089239
2014-11-23,LG4,Non-HKUST,33,187,326278,7857149753,549610483,8406760236
2014-11-23,LG4,Total,960,8222,12231152,238746633965,49650203657,288396837622
2014-11-23,All-Floors,Staff,103,900,722000,11169626996,1569525962,12739152958
2014-11-23,All-Floors,TPG,517,12202,16051230,216415999830,34202322698,250618322528
2014-11-23,All-Floors,RPG,318,3671,4370704,39818223956,12968539178,52786763134
2014-11-23,All-Floors,UG,1549,24393,31036026,218945742748,44075732113,263021474861
2014-11-23,All-Floors,Alumni,68,1106,1140201,29877926752,13592515103,43470441855
2014-11-23,All-Floors,Others(HKUST),19,638,1023162,5826544498,3341143342,9167687840
2014-11-23,All-Floors,Non-HKUST,77,667,980026,11976840920,1144246441,13121087361
2014-11-23,All-Floors,Total,2651,43577,55323349,534030905700,110894024837,644924930537
2014-11-24,1,Staff,58,519,809439,13415288673,697371748,14112660421
2014-11-24,1,TPG,35,292,482038,46968501689,3209501316,50178003005
2014-11-24,1,RPG,26,74,137723,1061219834,256212833,1317432667
2014-11-24,1,UG,482,2604,3799600,94011419282,26587186041,120598605323
2014-11-24,1,Alumni,1,2,1079,412310,262966,675276
2014-11-24,1,Others(HKUST),5,103,58095,1061533082,51671486,1113204568
2014-11-24,1,Non-HKUST,8,26,44504,194255455,29963420,224218875
2014-11-24,1,Total,615,3620,5332478,156712630325,30832169810,187544800135
2014-11-24,G,Staff,128,583,498362,647612041,71770655,719382696
2014-11-24,G,TPG,335,2055,1864403,8341461499,686219540,9027681039
2014-11-24,G,RPG,162,888,752945,2564677920,2346863808,4911541728
2014-11-24,G,UG,1682,8838,6474417,39837810151,7175575711,47013385862
2014-11-24,G,Alumni,11,53,47258,2056001513,78399231,2134400744
2014-11-24,G,Others(HKUST),15,62,139738,54710221,3253355,57963576
2014-11-24,G,Non-HKUST,33,95,118462,21093931,14532077,35626008
2014-11-24,G,Total,2366,12574,9895585,53523367276,10376614377,63899981653
2014-11-24,LG1,Staff,117,429,298680,1061113588,97978123,1159091711
2014-11-24,LG1,TPG,551,6435,6003849,21114371700,3901595011,25015966711
2014-11-24,LG1,RPG,186,1196,1388745,1435179212,175073516,1610252728
2014-11-24,LG1,UG,2808,25917,24527963,71441556022,13901260309,85342816331
2014-11-24,LG1,Alumni,18,166,150496,843250405,66067264,909317669
2014-11-24,LG1,Others(HKUST),21,257,390616,3331032,1180989,4512021
2014-11-24,LG1,Non-HKUST,65,337,360863,2616263497,515427339,3131690836
2014-11-24,LG1,Total,3766,34737,33121212,98515065456,18658582551,117173648007
2014-11-24,LG3,Staff,154,386,349126,2237059049,867885906,3104944955
2014-11-24,LG3,TPG,370,2841,3295730,64122470123,36578027657,100700497780
2014-11-24,LG3,RPG,208,776,984974,11596531077,2146856661,13743387738
2014-11-24,LG3,UG,1750,6313,5573762,87621158124,23447075918,111068234042
2014-11-24,LG3,Alumni,13,64,38791,267212250,15134092,282346342
2014-11-24,LG3,Others(HKUST),16,95,73579,688771632,45232760,734004392
2014-11-24,LG3,Non-HKUST,29,140,142477,1650304486,179778233,1830082719
2014-11-24,LG3,Total,2540,10615,10458439,168183506741,63279991227,231463497968
2014-11-24,LG4,Staff,118,331,278482,4522541150,419798328,4942339478
2014-11-24,LG4,TPG,382,5070,6794873,95873196122,73022493495,168895689617
2014-11-24,LG4,RPG,209,1447,2116355,51018026274,8968204193,59986230467
2014-11-24,LG4,UG,1915,11599,13197567,195404345111,38792970913,234197316024
2014-11-24,LG4,Alumni,15,308,464883,3762914192,441272514,4204186706
2014-11-24,LG4,Others(HKUST),15,194,347256,47292698510,25618749287,72911447797
2014-11-24,LG4,Non-HKUST,37,259,351685,4331052591,277984826,4609037417
2014-11-24,LG4,Total,2691,19208,23551101,402204773950,147541473556,549746247506
2014-11-24,All-Floors,Staff,364,2248,2234089,21883614501,2154804760,24038419261
2014-11-24,All-Floors,TPG,750,16693,18440893,236420001133,117397837019,353817838152
2014-11-24,All-Floors,RPG,480,4381,5380742,67675634317,13893211011,81568845328
2014-11-24,All-Floors,UG,4487,55271,53573309,488316288690,109904068892,598220357582
2014-11-24,All-Floors,Alumni,29,593,702507,6929790670,601136067,7530926737
2014-11-24,All-Floors,Others(HKUST),32,711,1009284,49101044477,25720087877,74821132354
2014-11-24,All-Floors,Non-HKUST,103,857,1017991,8812969960,1017685895,9830655855
2014-11-24,All-Floors,Total,6245,80754,82358815,879139343748,270688831521,1149828175269
2014-11-25,1,Staff,67,687,936241,10577371452,795849576,11373221028
2014-11-25,1,TPG,72,508,807491,22766808349,2054028437,24820836786
2014-11-25,1,RPG,15,65,92830,3360851886,295869051,3656720937
2014-11-25,1,UG,442,2212,3395167,85577633296,8998048983,94575682279
2014-11-25,1,Alumni,2,5,19420,83731148,7625069,91356217
2014-11-25,1,Others(HKUST),5,110,60989,940884844,56391928,997276772
2014-11-25,1,Non-HKUST,8,72,157747,4781992790,497813476,5279806266
2014-11-25,1,Total,611,3659,5469885,128089273765,12705626520,140794900285
2014-11-25,G,Staff,155,736,616434,2284547348,856892613,3141439961
2014-11-25,G,TPG,401,2507,1645453,7507989879,2345181249,9853171128
2014-11-25,G,RPG,141,655,601478,1117482665,160806335,1278289000
2014-11-25,G,UG,1632,8559,6184196,24642356114,3761838927,28404195041
2014-11-25,G,Alumni,10,43,66978,381388678,25460378,406849056
2014-11-25,G,Others(HKUST),17,135,201868,2433001138,245166797,2678167935
2014-11-25,G,Non-HKUST,21,83,47021,79625199,32736306,112361505
2014-11-25,G,Total,2377,12718,9363428,38446391021,7428082605,45874473626
2014-11-25,LG1,Staff,124,375,347756,4844245383,168048140,5012293523
2014-11-25,LG1,TPG,580,5797,6030023,12220644460,6889694701,19110339161
2014-11-25,LG1,RPG,216,1683,1836060,6081761084,527866034,6609627118
2014-11-25,LG1,UG,2737,25912,25385774,66192011455,12726907367,78918918822
2014-11-25,LG1,Alumni,16,190,220722,420270449,34043515,454313964
2014-11-25,LG1,Others(HKUST),20,255,363907,3678583,7443140,11121723
2014-11-25,LG1,Non-HKUST,56,295,342241,1611375286,217715626,1829090912
2014-11-25,LG1,Total,3749,34507,34526483,91373986700,20571718523,111945705223
2014-11-25,LG3,Staff,154,412,270065,2703843497,291462049,2995305546
2014-11-25,LG3,TPG,414,2967,3600149,99835154345,13830389426,113665543771
2014-11-25,LG3,RPG,246,1028,1118132,22323972357,5512726422,27836698779
2014-11-25,LG3,UG,1848,6312,5449664,91946515472,12040077072,103986592544
2014-11-25,LG3,Alumni,9,26,30964,167078142,26479396,193557538
2014-11-25,LG3,Others(HKUST),20,76,72465,29342504,6308635,35651139
2014-11-25,LG3,Non-HKUST,22,77,85029,3181336808,196477193,3377814001
2014-11-25,LG3,Total,2713,10898,10626468,220187243125,31903920193,252091163318
2014-11-25,LG4,Staff,145,451,414294,5997642475,737967350,6735609825
2014-11-25,LG4,TPG,461,6264,8029588,167472986761,41088361021,208561347782
2014-11-25,LG4,RPG,220,1876,2164458,49996692602,8953759724,58950452326
2014-11-25,LG4,UG,1786,10689,11912939,266597444229,30067289832,296664734061
2014-11-25,LG4,Alumni,11,157,214420,4490463149,365491162,4855954311
2014-11-25,LG4,Others(HKUST),14,255,241401,234089894524,129792291465,363882185989
2014-11-25,LG4,Non-HKUST,33,189,217255,3141749094,163894192,3305643286
2014-11-25,LG4,Total,2670,19881,23194355,731786872834,211169054746,942955927580
2014-11-25,All-Floors,Staff,407,2661,2584790,26407650155,2850219728,29257869883
2014-11-25,All-Floors,TPG,838,18043,20112704,309803583794,66207654834,376011238628
2014-11-25,All-Floors,RPG,509,5307,5812958,82880760594,15451027566,98331788160
2014-11-25,All-Floors,UG,4424,53684,52327740,534955960566,67594162181,602550122747
2014-11-25,All-Floors,Alumni,28,421,552504,5542931566,459099520,6002031086
2014-11-25,All-Floors,Others(HKUST),33,831,940630,237496801593,130107601965,367604403558
2014-11-25,All-Floors,Non-HKUST,88,716,849293,12796079177,1108636793,13904715970
2014-11-25,All-Floors,Total,6327,81663,83180619,1209883767445,283778402587,1493662170032
2014-11-26,1,Staff,53,490,698201,5679160696,528312224,6207472920
2014-11-26,1,TPG,44,228,472982,7665180837,786925672,8452106509
2014-11-26,1,RPG,26,116,168103,2257297710,141914554,2399212264
2014-11-26,1,UG,397,2185,3440703,88556763423,9324630654,97881394077
2014-11-26,1,Alumni,6,52,89332,1933942463,152539620,2086482083
2014-11-26,1,Others(HKUST),5,86,80986,344466710,32027845,376494555
2014-11-26,1,Non-HKUST,8,41,101199,1671385906,92867578,1764253484
2014-11-26,1,Total,539,3198,5051506,108108197745,11059218147,119167415892
2014-11-26,G,Staff,130,605,494869,1824712260,139371047,1964083307
2014-11-26,G,TPG,369,2301,1981513,3328209929,539050731,3867260660
2014-11-26,G,RPG,162,710,662633,1509782255,170975724,1680757979
2014-11-26,G,UG,1441,7058,5790414,34859849832,7423751492,42283601324
2014-11-26,G,Alumni,13,91,88103,14638969,3885141,18524110
2014-11-26,G,Others(HKUST),14,75,186736,2445371,1781325,4226696
2014-11-26,G,Non-HKUST,22,42,72788,1150083418,91172117,1241255535
2014-11-26,G,Total,2151,10882,9277056,42689722034,8369987577,51059709611
2014-11-26,LG1,Staff,97,437,454177,7064640652,576003738,7640644390
2014-11-26,LG1,TPG,548,6053,6099220,38192602951,3743883167,41936486118
2014-11-26,LG1,RPG,215,1864,1989345,7761649787,1059788888,8821438675
2014-11-26,LG1,UG,2554,22804,24252576,84147746942,12858650692,97006397634
2014-11-26,LG1,Alumni,16,211,176926,4679550440,390634314,5070184754
2014-11-26,LG1,Others(HKUST),17,180,395427,129742330,182338521,312080851
2014-11-26,LG1,Non-HKUST,43,192,236351,299818455,27292342,327110797
2014-11-26,LG1,Total,3490,31741,33604022,142275751557,18838591662,161114343219
2014-11-26,LG3,Staff,149,370,307388,5907674490,265943910,6173618400
2014-11-26,LG3,TPG,356,2676,3323427,72517923037,12083827980,84601751017
2014-11-26,LG3,RPG,212,828,860172,11591305892,1017779427,12609085319
2014-11-26,LG3,UG,1618,5590,4851282,190869819562,20615077546,211484897108
2014-11-26,LG3,Alumni,9,32,42065,1408370651,63538452,1471909103
2014-11-26,LG3,Others(HKUST),16,100,64926,27804957,10359513,38164470
2014-11-26,LG3,Non-HKUST,21,92,91067,849706160,52059145,901765305
2014-11-26,LG3,Total,2381,9688,9540327,283172604749,34108585973,317281190722
2014-11-26,LG4,Staff,104,465,505502,10599659664,684530711,11284190375
2014-11-26,LG4,TPG,363,4724,6905699,196172797007,65048796734,261221593741
2014-11-26,LG4,RPG,172,1416,2116683,61594545260,7896663720,69491208980
2014-11-26,LG4,UG,1668,9960,12000285,274832249044,31537930318,306370179362
2014-11-26,LG4,Alumni,11,251,303834,1617524314,131029217,1748553531
2014-11-26,LG4,Others(HKUST),15,233,317350,38660165735,20902678690,59562844425
2014-11-26,LG4,Non-HKUST,34,174,263540,3850075447,235782479,4085857926
2014-11-26,LG4,Total,2367,17223,22412893,587327016471,126437411869,713764428340
2014-11-26,All-Floors,Staff,344,2367,2460137,31075847762,2194161630,33270009392
2014-11-26,All-Floors,TPG,782,15982,18782841,317876713761,82202484284,400079198045
2014-11-26,All-Floors,RPG,460,4934,5796936,84714580904,10287122313,95001703217
2014-11-26,All-Floors,UG,4254,47597,50335260,673266428803,81760040702,755026469505
2014-11-26,All-Floors,Alumni,32,637,700260,9654026837,741626744,10395653581
2014-11-26,All-Floors,Others(HKUST),33,674,1045425,39164625103,21129185894,60293810997
2014-11-26,All-Floors,Non-HKUST,80,541,764945,7821069386,499173661,8320243047
2014-11-26,All-Floors,Total,5985,72732,79885804,1163573292556,198813795228,1362387087784
2014-11-27,1,Staff,60,553,770483,23975892829,996585556,24972478385
2014-11-27,1,TPG,49,373,694635,9086763539,2649734958,11736498497
2014-11-27,1,RPG,17,35,47842,833791264,197751789,1031543053
2014-11-27,1,UG,395,2240,3425433,87493823291,10814522114,98308345405
2014-11-27,1,Alumni,4,23,57411,2215904272,139238794,2355143066
2014-11-27,1,Others(HKUST),5,114,84362,18467678,7632490,26100168
2014-11-27,1,Non-HKUST,11,48,112230,1804879067,72406822,1877285889
2014-11-27,1,Total,541,3386,5192396,125429521940,14877872523,140307394463
2014-11-27,G,Staff,116,559,466704,2854906381,156128769,3011035150
2014-11-27,G,TPG,373,2383,2169530,4605676360,1018890992,5624567352
2014-11-27,G,RPG,140,589,426482,1758648029,353172339,2111820368
2014-11-27,G,UG,1436,6943,5280297,22647979622,1935455264,24583434886
2014-11-27,G,Alumni,11,22,10010,139974008,5749841,145723849
2014-11-27,G,Others(HKUST),14,91,237242,48462127,3968191,52430318
2014-11-27,G,Non-HKUST,22,64,93416,116345423,15555721,131901144
2014-11-27,G,Total,2112,10651,8683681,32171991950,3488921117,35660913067
2014-11-27,LG1,Staff,100,330,300724,844212203,85290496,929502699
2014-11-27,LG1,TPG,524,6175,6604927,92163138640,4521505600,96684644240
2014-11-27,LG1,RPG,187,1350,1604818,5404309813,393685509,5797995322
2014-11-27,LG1,UG,2516,23364,22790403,53784174126,9410120000,63194294126
2014-11-27,LG1,Alumni,18,274,203829,76153594,14540948,90694542
2014-11-27,LG1,Others(HKUST),21,290,396769,15058940,15263961,30322901
2014-11-27,LG1,Non-HKUST,43,142,220152,415084664,156957274,572041938
2014-11-27,LG1,Total,3409,31925,32121622,152702131980,14597363788,167299495768
2014-11-27,LG3,Staff,130,341,287689,4824560750,3156497736,7981058486
2014-11-27,LG3,TPG,360,2747,3383036,87458347401,10863648434,98321995835
2014-11-27,LG3,RPG,193,710,725567,6707014614,1118081006,7825095620
2014-11-27,LG3,UG,1536,5344,5092244,128935214770,12955607714,141890822484
2014-11-27,LG3,Alumni,5,23,21825,200955385,31409674,232365059
2014-11-27,LG3,Others(HKUST),17,63,27536,419580033,29349784,448929817
2014-11-27,LG3,Non-HKUST,21,62,93176,150532460,40371112,190903572
2014-11-27,LG3,Total,2262,9290,9631073,228696205413,28194965460,256891170873
2014-11-27,LG4,Staff,117,388,479732,2808165082,322271291,3130436373
2014-11-27,LG4,TPG,367,4389,6793634,147124496115,18887843768,166012339883
2014-11-27,LG4,RPG,199,1448,2240852,48304743349,10598224464,58902967813
2014-11-27,LG4,UG,1686,9317,11972231,303097607460,30198868232,333296475692
2014-11-27,LG4,Alumni,15,204,388042,5173091414,932372077,6105463491
2014-11-27,LG4,Others(HKUST),12,251,374005,20099073732,3558605631,23657679363
2014-11-27,LG4,Non-HKUST,27,205,314159,1767077517,1279912530,3046990047
2014-11-27,LG4,Total,2423,16202,22562655,528374254669,65778097993,594152352662
2014-11-27,All-Floors,Staff,325,2171,2305332,35307737245,4716773848,40024511093
2014-11-27,All-Floors,TPG,764,16067,19645762,340438422055,37941623752,378380045807
2014-11-27,All-Floors,RPG,440,4132,5045561,63008507069,12660915107,75669422176
2014-11-27,All-Floors,UG,4079,47208,48560608,595958799269,65314573324,661273372593
2014-11-27,All-Floors,Alumni,29,546,681117,7806078673,1123311334,8929390007
2014-11-27,All-Floors,Others(HKUST),29,809,1119914,20600642510,3614820057,24215462567
2014-11-27,All-Floors,Non-HKUST,85,521,833133,4253919131,1565203459,5819122590
2014-11-27,All-Floors,Total,5751,71454,78191427,1067374105952,126937220881,1194311326833
2014-11-28,1,Staff,61,544,775755,18172757851,1112993653,19285751504
2014-11-28,1,TPG,52,351,835639,18876980779,1761994530,20638975309
2014-11-28,1,RPG,20,33,14741,36167766,7181557,43349323
2014-11-28,1,UG,349,1706,2940407,114792032071,14996774485,129788806556
2014-11-28,1,Alumni,5,35,23867,192643469,19883102,212526571
2014-11-28,1,Others(HKUST),7,95,101983,389751706,29965216,419716922
2014-11-28,1,Non-HKUST,4,49,30535,1565701008,51438560,1617139568
2014-11-28,1,Total,498,2813,4722927,154026034650,17980231103,172006265753
2014-11-28,G,Staff,127,620,548130,2708480079,573178185,3281658264
2014-11-28,G,TPG,327,1637,1665557,7919462315,1107759288,9027221603
2014-11-28,G,RPG,124,597,561284,1430599426,229407018,1660006444
2014-11-28,G,UG,1286,6286,5001164,22366934206,3165931347,25532865553
2014-11-28,G,Alumni,10,59,82495,1168320949,55047161,1223368110
2014-11-28,G,Others(HKUST),12,110,323473,530151182,36661777,566812959
2014-11-28,G,Non-HKUST,30,139,96829,918521131,62456513,980977644
2014-11-28,G,Total,1916,9448,8278932,37042469288,5230441289,42272910577
2014-11-28,LG1,Staff,93,469,469991,1503965094,220145171,1724110265
2014-11-28,LG1,TPG,519,5639,6964149,30198889374,10383957340,40582846714
2014-11-28,LG1,RPG,199,1125,1402558,6210077716,847235299,7057313015
2014-11-28,LG1,UG,2097,17228,19783396,47314454123,12770315485,60084769608
2014-11-28,LG1,Alumni,15,162,175727,652271520,64280111,716551631
2014-11-28,LG1,Others(HKUST),18,209,376090,126244833,19698775,145943608
2014-11-28,LG1,Non-HKUST,45,211,308834,669911744,77978048,747889792
2014-11-28,LG1,Total,2986,25043,29480745,86675814404,24383610229,111059424633
2014-11-28,LG3,Staff,138,302,169247,5156903569,313030823,5469934392
2014-11-28,LG3,TPG,329,2174,3461419,76160623402,6110283842,82270907244
2014-11-28,LG3,RPG,181,681,818142,10369100736,1615813899,11984914635
2014-11-28,LG3,UG,1264,3655,3164140,74216395197,8450932912,82667328109
2014-11-28,LG3,Alumni,7,58,94159,1560447093,73208801,1633655894
2014-11-28,LG3,Others(HKUST),13,42,7724,8354489,3237551,11592040
2014-11-28,LG3,Non-HKUST,26,63,66678,1713291672,1494419423,3207711095
2014-11-28,LG3,Total,1958,6975,7781509,169185116158,18060927251,187246043409
2014-11-28,LG4,Staff,108,353,441278,11546564871,1261421126,12807985997
2014-11-28,LG4,TPG,372,4347,7392944,153503134439,75343861020,228846995459
2014-11-28,LG4,RPG,156,918,1392770,40298864978,6360855931,46659720909
2014-11-28,LG4,UG,1270,6313,7696869,192727615605,17948393150,210676008755
2014-11-28,LG4,Alumni,10,107,195142,2237838490,566304439,2804142929
2014-11-28,LG4,Others(HKUST),16,182,278602,92440988435,24251351848,116692340283
2014-11-28,LG4,Non-HKUST,30,159,208178,824775312,420712199,1245487511
2014-11-28,LG4,Total,1962,12379,17605783,493579782130,126152899713,619732681843
2014-11-28,All-Floors,Staff,332,2288,2404401,39088671464,3480768958,42569440422
2014-11-28,All-Floors,TPG,723,14148,20319708,286659090309,94707856020,381366946329
2014-11-28,All-Floors,RPG,424,3354,4189495,58344810622,9060493704,67405304326
2014-11-28,All-Floors,UG,3585,35188,38585976,451417431202,57332347379,508749778581
2014-11-28,All-Floors,Alumni,26,421,571390,5811521521,778723614,6590245135
2014-11-28,All-Floors,Others(HKUST),32,638,1087872,93495490645,24340915167,117836405812
2014-11-28,All-Floors,Non-HKUST,81,621,711054,5692200867,2107004743,7799205610
2014-11-28,All-Floors,Total,5203,56658,67869896,940509216630,191808109585,1132317326215
2014-11-29,1,Staff,8,100,53340,1463675164,54382787,1518057951
2014-11-29,1,TPG,34,193,352580,3455144079,840081203,4295225282
2014-11-29,1,RPG,10,35,65293,1419917709,67162442,1487080151
2014-11-29,1,UG,60,322,657699,23642161015,2749870915,26392031930
2014-11-29,1,Alumni,4,21,38188,2692620314,184930591,2877550905
2014-11-29,1,Others(HKUST),3,92,128648,5583813,4734340,10318153
2014-11-29,1,Non-HKUST,4,36,69737,576903371,42461954,619365325
2014-11-29,1,Total,123,799,1365485,33256005465,3943624232,37199629697
2014-11-29,G,Staff,33,178,124232,604604238,72077758,676681996
2014-11-29,G,TPG,241,1213,1438549,2967989977,501450120,3469440097
2014-11-29,G,RPG,92,507,466456,1125319962,109240099,1234560061
2014-11-29,G,UG,296,1417,1454038,4178826207,1908155964,6086982171
2014-11-29,G,Alumni,19,95,109178,388617954,45599015,434216969
2014-11-29,G,Others(HKUST),10,66,280388,506378678,67706571,574085249
2014-11-29,G,Non-HKUST,13,35,22814,20055491,3246636,23302127
2014-11-29,G,Total,704,3511,3895655,9791792507,2707476163,12499268670
2014-11-29,LG1,Staff,45,243,359999,1696817867,1571866840,3268684707
2014-11-29,LG1,TPG,511,7007,10387273,38285755968,8417465907,46703221875
2014-11-29,LG1,RPG,148,1218,1553803,6418996151,867267162,7286263313
2014-11-29,LG1,UG,825,8287,11571477,44826720417,19333499636,64160220053
2014-11-29,LG1,Alumni,31,287,450247,1181127856,156189596,1337317452
2014-11-29,LG1,Others(HKUST),12,173,265799,44131583,14834306,58965889
2014-11-29,LG1,Non-HKUST,27,127,153127,708924433,27660067,736584500
2014-11-29,LG1,Total,1599,17342,24741725,93162474275,30388783514,123551257789
2014-11-29,LG3,Staff,34,87,61839,138650984,22485308,161136292
2014-11-29,LG3,TPG,229,1353,1943908,64619301290,11049113149,75668414439
2014-11-29,LG3,RPG,112,362,521571,42592073404,6257081068,48849154472
2014-11-29,LG3,UG,394,1320,1475524,36733778897,17949353435,54683132332
2014-11-29,LG3,Alumni,17,78,101804,701639653,64303346,765942999
2014-11-29,LG3,Others(HKUST),5,26,2896,710986,427841,1138827
2014-11-29,LG3,Non-HKUST,17,59,101025,2152253774,120119875,2272373649
2014-11-29,LG3,Total,808,3285,4208567,146938408988,35462884022,182401293010
2014-11-29,LG4,Staff,34,92,173046,1937180839,521199752,2458380591
2014-11-29,LG4,TPG,217,1826,2966005,65522535876,10787031611,76309567487
2014-11-29,LG4,RPG,111,675,1039501,22059461001,2538686930,24598147931
2014-11-29,LG4,UG,356,2158,3685600,60656661272,27145349941,87802011213
2014-11-29,LG4,Alumni,28,283,484169,9527596671,530422207,10058018878
2014-11-29,LG4,Others(HKUST),10,260,406472,57727338275,4879393815,62606732090
2014-11-29,LG4,Non-HKUST,22,203,317021,5424287139,20808483550,26232770689
2014-11-29,LG4,Total,778,5497,9071814,222855061073,67210567806,290065628879
2014-11-29,All-Floors,Staff,97,700,772456,5840929092,2242012445,8082941537
2014-11-29,All-Floors,TPG,645,11592,17088315,174850727190,31595141990,206445869180
2014-11-29,All-Floors,RPG,288,2797,3646624,73615768227,9839437701,83455205928
2014-11-29,All-Floors,UG,1165,13504,18844338,170038147808,69086229891,239124377699
2014-11-29,All-Floors,Alumni,53,764,1183586,14491602448,981444755,15473047203
2014-11-29,All-Floors,Others(HKUST),20,617,1084203,58284143335,4967096873,63251240208
2014-11-29,All-Floors,Non-HKUST,58,460,663724,8882424208,21001972082,29884396290
2014-11-29,All-Floors,Total,2326,30434,43283246,506003742308,139713335737,645717078045
2014-11-30,1,Staff,9,84,63379,231319185,58088409,289407594
2014-11-30,1,TPG,22,180,382099,5671359371,628758833,6300118204
2014-11-30,1,RPG,10,51,41384,90862107,20997593,111859700
2014-11-30,1,UG,72,416,860145,23289222078,39577626245,62866848323
2014-11-30,1,Alumni,6,25,40439,867659442,67597364,935256806
2014-11-30,1,Others(HKUST),2,64,185271,3996087,3514420,7510507
2014-11-30,1,Non-HKUST,2,4,11398,368466890,48221669,416688559
2014-11-30,1,Total,123,824,1584115,30522885160,40404804533,70927689693
2014-11-30,G,Staff,41,213,199924,1799235069,176633927,1975868996
2014-11-30,G,TPG,197,1309,1521855,3770101118,2081229540,5851330658
2014-11-30,G,RPG,82,428,444381,1408200750,135416014,1543616764
2014-11-30,G,UG,339,2112,2004116,4564602772,2997436813,7562039585
2014-11-30,G,Alumni,30,108,77878,306631877,95635993,402267870
2014-11-30,G,Others(HKUST),8,46,280311,0,360,360
2014-11-30,G,Non-HKUST,29,111,117913,7062255,1238985,8301240
2014-11-30,G,Total,726,4327,4646378,11855833841,5487591632,17343425473
2014-11-30,LG1,Staff,38,208,255584,623792914,30763868,654556782
2014-11-30,LG1,TPG,443,7456,9846362,51860352886,20042715233,71903068119
2014-11-30,LG1,RPG,148,1650,1991249,2831138693,524618174,3355756867
2014-11-30,LG1,UG,841,11131,15066092,60662833173,9386303225,70049136398
2014-11-30,LG1,Alumni,36,290,297105,23216921,5078234,28295155
2014-11-30,LG1,Others(HKUST),10,247,281834,711645944,101006409,812652353
2014-11-30,LG1,Non-HKUST,42,223,208308,702716655,233589152,936305807
2014-11-30,LG1,Total,1558,21205,27946534,117415697186,30324074295,147739771481
2014-11-30,LG3,Staff,41,112,108572,1586987010,762445909,2349432919
2014-11-30,LG3,TPG,252,1760,2544483,32247005496,6350749838,38597755334
2014-11-30,LG3,RPG,136,538,582766,3548201714,829341517,4377543231
2014-11-30,LG3,UG,453,1917,2151790,55602907144,20141306970,75744214114
2014-11-30,LG3,Alumni,25,221,205090,1418399326,113082556,1531481882
2014-11-30,LG3,Others(HKUST),7,18,4556,63927313,6358058,70285371
2014-11-30,LG3,Non-HKUST,35,159,273664,3279694838,259073850,3538768688
2014-11-30,LG3,Total,949,4725,5870921,97747122841,28462358698,126209481539
2014-11-30,LG4,Staff,28,201,292193,5321148911,1281429043,6602577954
2014-11-30,LG4,TPG,239,3198,5063041,172755598084,51566998643,224322596727
2014-11-30,LG4,RPG,129,996,1442374,37405068461,16214442622,53619511083
2014-11-30,LG4,UG,387,2950,4704140,91555552068,50073066702,141628618770
2014-11-30,LG4,Alumni,35,458,681078,9313995114,1099226417,10413221531
2014-11-30,LG4,Others(HKUST),6,135,252260,101022683873,3500926715,104523610588
2014-11-30,LG4,Non-HKUST,30,299,455820,9445782577,880936549,10326719126
2014-11-30,LG4,Total,854,8237,12890906,426819829088,124617026691,551436855779
2014-11-30,All-Floors,Staff,100,818,919652,9562483089,2309361156,11871844245
2014-11-30,All-Floors,TPG,534,13903,19357840,266304416955,80670452087,346974869042
2014-11-30,All-Floors,RPG,306,3663,4502154,45283471725,17724815920,63008287645
2014-11-30,All-Floors,UG,1147,18526,24786283,235675117235,122175739955,357850857190
2014-11-30,All-Floors,Alumni,62,1102,1301590,11929902680,1380620564,13310523244
2014-11-30,All-Floors,Others(HKUST),19,510,1004232,101802253217,3611805962,105414059179
2014-11-30,All-Floors,Non-HKUST,78,796,1067103,13803723215,1423060205,15226783420
2014-11-30,All-Floors,Total,2246,39318,52938854,684361368116,229295855849,913657223965