Date,Floor,User-Group,User-Count,WiFi-Conn,Duration-Sec,Traffic-In-Byte,Traffic-Out-Byte,Traffic-Both-Byte
2015-02-01,1,Staff,13,144,59675,78341,34686,113027
2015-02-01,1,TPG,13,148,172011,5460802,2223934,7684736
2015-02-01,1,RPG,10,46,78391,5125744482,142625393,5268369875
2015-02-01,1,UG,29,170,166182,550536694,28920359,579457053
2015-02-01,1,Alumni,7,46,58303,698471139,18248078,716719217
2015-02-01,1,Others(HKUST),2,78,11191,671238,335354,1006592
2015-02-01,1,Non-HKUST,3,14,9362,0,0,0
2015-02-01,1,Total,77,646,555115,6380962696,192387804,6573350500
2015-02-01,G,Staff,31,151,208238,55578851,7504086,63082937
2015-02-01,G,TPG,103,574,601183,2853495,1563829,4417324
2015-02-01,G,RPG,79,305,416109,16544545,4457062,21001607
2015-02-01,G,UG,174,658,519949,47451525,4650753,52102278
2015-02-01,G,Alumni,24,110,72132,0,0,0
2015-02-01,G,Others(HKUST),5,56,51126,61774477,5248739,67023216
2015-02-01,G,Non-HKUST,16,65,56789,0,0,0
2015-02-01,G,Total,432,1919,1925526,184202893,23424469,207627362
2015-02-01,LG1,Staff,30,233,233434,7866549,1473364,9339913
2015-02-01,LG1,TPG,181,2223,2586332,4427080187,698666824,5125747011
2015-02-01,LG1,RPG,115,1348,1484476,934343090,6686587160,7620930250
2015-02-01,LG1,UG,295,2541,2569547,754531079,54682559,809213638
2015-02-01,LG1,Alumni,21,261,237646,141026593,1114265116,1255291709
2015-02-01,LG1,Others(HKUST),11,240,511846,0,0,0
2015-02-01,LG1,Non-HKUST,23,187,208882,0,0,0
2015-02-01,LG1,Total,676,7033,7832163,6264847498,8555675023,14820522521
2015-02-01,LG3,Staff,22,94,158928,1667064013,74763621,1741827634
2015-02-01,LG3,TPG,93,572,742330,3330265131,94142394,3424407525
2015-02-01,LG3,RPG,83,504,596292,5564999383,598776633,6163776016
2015-02-01,LG3,UG,149,707,642038,2009031601,534261937,2543293538
2015-02-01,LG3,Alumni,24,171,142591,16650,4218,20868
2015-02-01,LG3,Others(HKUST),2,7,617,0,0,0
2015-02-01,LG3,Non-HKUST,13,102,148617,1811814,189670,2001484
2015-02-01,LG3,Total,386,2157,2431413,12573188592,1302138473,13875327065
2015-02-01,LG4,Staff,25,84,25785,60846,84940,145786
2015-02-01,LG4,TPG,91,1145,1221401,819659036,174175123,993834159
2015-02-01,LG4,RPG,81,507,740757,388366962,25511417,413878379
2015-02-01,LG4,UG,230,688,560826,2361366537,146217419,2507583956
2015-02-01,LG4,Alumni,26,374,291950,15887247,954123,16841370
2015-02-01,LG4,Others(HKUST),7,93,227312,1839133977,277904582,2117038559
2015-02-01,LG4,Non-HKUST,19,131,131311,0,0,0
2015-02-01,LG4,Total,479,3022,3199342,5424474605,624847604,6049322209
2015-02-01,All-Floors,Staff,75,706,686060,1730648600,83860697,1814509297
2015-02-01,All-Floors,TPG,243,4662,5323257,8585318651,970772104,9556090755
2015-02-01,All-Floors,RPG,221,2710,3316025,12029998462,7457957665,19487956127
2015-02-01,All-Floors,UG,597,4764,4458542,5722917436,768733027,6491650463
2015-02-01,All-Floors,Alumni,51,962,802622,855401629,1133471535,1988873164
2015-02-01,All-Floors,Others(HKUST),14,474,802092,1901579692,283488675,2185068367
2015-02-01,All-Floors,Non-HKUST,43,499,554961,1811814,189670,2001484
2015-02-01,All-Floors,Total,1244,14777,15943559,30827676284,10698473373,41526149657
2015-02-02,1,Staff,55,1864,709269,43258234477,15967929156,59226163633
2015-02-02,1,TPG,49,1321,254421,39839380945,3358835663,43198216608
2015-02-02,1,RPG,31,353,77337,680307689,51943350,732251039
2015-02-02,1,UG,380,7163,1824466,57603191777,6168776644,63771968421
2015-02-02,1,Alumni,5,76,22519,136461161,5214498,141675659
2015-02-02,1,Others(HKUST),3,69,9077,5011748,434176,5445924
2015-02-02,1,Non-HKUST,8,142,22933,32610458,2654469,35264927
2015-02-02,1,Total,531,10988,2920022,141555198255,25555787956,167110986211
2015-02-02,G,Staff,112,1507,574407,1132990975,407385338,1540376313
2015-02-02,G,TPG,262,3361,669394,1942245003,382312782,2324557785
2015-02-02,G,RPG,143,1801,687063,337543189,27971643,365514832
2015-02-02,G,UG,1275,11853,2566986,3154747893,395697084,3550444977
2015-02-02,G,Alumni,12,94,29309,224878,141630,366508
2015-02-02,G,Others(HKUST),10,303,126359,11131750,4268626,15400376
2015-02-02,G,Non-HKUST,31,216,73613,197527218,473462130,670989348
2015-02-02,G,Total,1845,19135,4727131,6776410906,1691239233,8467650139
2015-02-02,LG1,Staff,85,1345,358046,448658836,91916438,540575274
2015-02-02,LG1,TPG,349,10407,2609101,80516355656,23856026273,104372381929
2015-02-02,LG1,RPG,183,4010,1417154,1619426689,173490898,1792917587
2015-02-02,LG1,UG,1649,26590,6507908,42956666155,4121056618,47077722773
2015-02-02,LG1,Alumni,11,268,83652,0,0,0
2015-02-02,LG1,Others(HKUST),9,776,571255,9627964,727215,10355179
2015-02-02,LG1,Non-HKUST,25,300,92211,305463648,5418172,310881820
2015-02-02,LG1,Total,2311,43696,11639327,125856198948,28248635614,154104834562
2015-02-02,LG3,Staff,57,355,125360,15739369,2681871,18421240
2015-02-02,LG3,TPG,196,4994,1242540,9623050914,630506047,10253556961
2015-02-02,LG3,RPG,124,2391,831171,1901516943,102465080,2003982023
2015-02-02,LG3,UG,702,8127,2122721,10943413003,881697170,11825110173
2015-02-02,LG3,Alumni,5,120,16607,0,0,0
2015-02-02,LG3,Others(HKUST),7,92,40841,9637786,726977,10364763
2015-02-02,LG3,Non-HKUST,16,168,59322,0,0,0
2015-02-02,LG3,Total,1107,16247,4438562,22493358015,1618077145,24111435160
2015-02-02,LG4,Staff,90,711,160957,52828167,5890000,58718167
2015-02-02,LG4,TPG,201,7879,1884672,65365955079,12799108629,78165063708
2015-02-02,LG4,RPG,152,2687,812883,5000848630,279357717,5280206347
2015-02-02,LG4,UG,1010,9011,1881366,12945979701,1220862794,14166842495
2015-02-02,LG4,Alumni,7,198,76340,61542,21745,83287
2015-02-02,LG4,Others(HKUST),14,411,150549,4940554493,167915930,5108470423
2015-02-02,LG4,Non-HKUST,14,220,62476,0,0,0
2015-02-02,LG4,Total,1488,21117,5029243,88306227612,14473156815,102779384427
2015-02-02,All-Floors,Staff,239,5782,1928039,44908451824,16475802803,61384254627
2015-02-02,All-Floors,TPG,579,27962,6660128,197286987597,41026789394,238313776991
2015-02-02,All-Floors,RPG,370,11242,3825608,9539643140,635228688,10174871828
2015-02-02,All-Floors,UG,3051,62744,14903447,127603998529,12788090310,140392088839
2015-02-02,All-Floors,Alumni,24,756,228427,136747581,5377873,142125454
2015-02-02,All-Floors,Others(HKUST),25,1651,898081,4975963741,174072924,5150036665
2015-02-02,All-Floors,Non-HKUST,59,1046,310555,535601324,481534771,1017136095
2015-02-02,All-Floors,Total,4347,111183,28754285,384987393736,71586896763,456574290499
2015-02-03,1,Staff,60,1315,646100,24689485989,1197984686,25887470675
2015-02-03,1,TPG,32,1122,283240,19008853187,19045787629,38054640816
2015-02-03,1,RPG,31,743,270114,2945452466,253563350,3199015816
2015-02-03,1,UG,372,8469,2341331,112052074059,10242343106,122294417165
2015-02-03,1,Alumni,3,42,22405,3583271,327943,3911214
2015-02-03,1,Others(HKUST),7,124,53663,349303993,120343041,469647034
2015-02-03,1,Non-HKUST,7,58,16184,0,0,0
2015-02-03,1,Total,512,11873,3633037,159048752965,30860349755,189909102720
2015-02-03,G,Staff,102,1321,488489,654661865,61193382,715855247
2015-02-03,G,TPG,272,2784,524429,2427797393,146663265,2574460658
2015-02-03,G,RPG,140,1346,481078,3692754984,220632263,3913387247
2015-02-03,G,UG,1191,9794,2169161,4934931873,861685778,5796617651
2015-02-03,G,Alumni,7,47,15094,0,0,0
2015-02-03,G,Others(HKUST),13,346,171534,54014292,2487060,56501352
2015-02-03,G,Non-HKUST,19,167,39650,16013506,1344684,17358190
2015-02-03,G,Total,1744,15805,3889435,11780173913,1294006432,13074180345
2015-02-03,LG1,Staff,87,1252,472185,1497623752,427613611,1925237363
2015-02-03,LG1,TPG,367,8513,2458430,57008860039,14445785722,71454645761
2015-02-03,LG1,RPG,185,3494,1370812,8466429529,1149421252,9615850781
2015-02-03,LG1,UG,1461,22724,6600507,31911380603,5720390200,37631770803
2015-02-03,LG1,Alumni,15,273,122753,398629032,76292658,474921690
2015-02-03,LG1,Others(HKUST),13,363,477280,315761086,447992434,763753520
2015-02-03,LG1,Non-HKUST,19,266,78544,0,0,0
2015-02-03,LG1,Total,2147,36885,11580511,99598684041,22267495877,121866179918
2015-02-03,LG3,Staff,62,401,133662,7223576962,686930300,7910507262
2015-02-03,LG3,TPG,177,3606,1044406,8971568560,11001182849,19972751409
2015-02-03,LG3,RPG,114,2263,791919,3003286708,388003086,3391289794
2015-02-03,LG3,UG,613,5889,1360448,7904845645,593887520,8498733165
2015-02-03,LG3,Alumni,8,56,19967,771061492,17589815,788651307
2015-02-03,LG3,Others(HKUST),6,54,39552,29145049,3357798,32502847
2015-02-03,LG3,Non-HKUST,12,190,50682,24100,25812,49912
2015-02-03,LG3,Total,992,12459,3440636,27903508516,12690977180,40594485696
2015-02-03,LG4,Staff,80,574,144053,1082303517,545652427,1627955944
2015-02-03,LG4,TPG,216,7335,2115390,159963175645,17909112594,177872288239
2015-02-03,LG4,RPG,119,2320,746632,4530296713,799209709,5329506422
2015-02-03,LG4,UG,758,7238,1635485,41015342962,3393727080,44409070042
2015-02-03,LG4,Alumni,8,333,101137,636280293,37442535,673722828
2015-02-03,LG4,Others(HKUST),13,491,215732,103894304,24543873,128438177
2015-02-03,LG4,Non-HKUST,17,346,108738,315201487,33241407,348442894
2015-02-03,LG4,Total,1211,18637,5067167,207646494921,22742929625,230389424546
2015-02-03,All-Floors,Staff,241,4863,1884489,35147652085,2919374406,38067026491
2015-02-03,All-Floors,TPG,582,23360,6425895,247380254824,62548532059,309928786883
2015-02-03,All-Floors,RPG,350,10166,3660555,22638220400,2810829660,25449050060
2015-02-03,All-Floors,UG,2792,54114,14106932,197818575142,20812033684,218630608826
2015-02-03,All-Floors,Alumni,26,751,281356,1809554088,131652951,1941207039
2015-02-03,All-Floors,Others(HKUST),28,1378,957761,852118724,598724206,1450842930
2015-02-03,All-Floors,Non-HKUST,51,1027,293798,331239093,34611903,365850996
2015-02-03,All-Floors,Total,4070,95659,27610786,505977614356,89855758869,595833373225
2015-02-04,1,Staff,58,1612,521572,19107764810,1403944923,20511709733
2015-02-04,1,TPG,49,1249,361510,10422701955,2687343347,13110045302
2015-02-04,1,RPG,28,740,200163,13695204101,1454405924,15149610025
2015-02-04,1,UG,378,8426,2283959,108311829101,16237258108,124549087209
2015-02-04,1,Alumni,4,41,43111,25857718,2711142,28568860
2015-02-04,1,Others(HKUST),5,21,3446,24958133,1054374,26012507
2015-02-04,1,Non-HKUST,4,45,30919,2095890,1152365,3248255
2015-02-04,1,Total,526,12134,3444680,151590411708,21787870183,173378281891
2015-02-04,G,Staff,104,1244,436441,13015990236,397406910,13413397146
2015-02-04,G,TPG,290,3105,675901,42120580467,30258425414,72379005881
2015-02-04,G,RPG,147,1715,590122,4683802598,338367917,5022170515
2015-02-04,G,UG,1095,9911,1953837,31953152000,2018122555,33971274555
2015-02-04,G,Alumni,8,194,34583,110592981,14902418,125495399
2015-02-04,G,Others(HKUST),13,249,161125,0,0,0
2015-02-04,G,Non-HKUST,24,213,39327,0,0,0
2015-02-04,G,Total,1681,16631,3891336,91884118282,33027225214,124911343496
2015-02-04,LG1,Staff,100,1216,401710,2121364193,102911883,2224276076
2015-02-04,LG1,TPG,361,8997,2318146,53309413949,16832547858,70141961807
2015-02-04,LG1,RPG,177,3648,1261738,13842401078,1314728448,15157129526
2015-02-04,LG1,UG,1461,26536,6455983,113337173569,26640452459,139977626028
2015-02-04,LG1,Alumni,14,160,80845,60295721,14721570,75017291
2015-02-04,LG1,Others(HKUST),14,410,450604,393725076,302714341,696439417
2015-02-04,LG1,Non-HKUST,28,177,82880,0,0,0
2015-02-04,LG1,Total,2155,41144,11051906,183064373586,45208076559,228272450145
2015-02-04,LG3,Staff,61,510,144488,278947109,239279561,518226670
2015-02-04,LG3,TPG,194,4137,1057749,55083123106,13351157162,68434280268
2015-02-04,LG3,RPG,112,2505,835474,18694816013,1382126631,20076942644
2015-02-04,LG3,UG,535,6126,1278279,44313704400,2071348830,46385053230
2015-02-04,LG3,Alumni,8,183,81343,25537336016,1644795766,27182131782
2015-02-04,LG3,Others(HKUST),6,53,10512,0,0,0
2015-02-04,LG3,Non-HKUST,13,151,40089,0,0,0
2015-02-04,LG3,Total,929,13665,3447934,143907926644,18688707950,162596634594
2015-02-04,LG4,Staff,107,1171,188932,6729891923,1348126233,8078018156
2015-02-04,LG4,TPG,237,8082,1870334,142212867636,51746837601,193959705237
2015-02-04,LG4,RPG,115,2463,589014,2515227140,134847598,2650074738
2015-02-04,LG4,UG,764,7432,1660576,6548204459,704408392,7252612851
2015-02-04,LG4,Alumni,12,403,114785,68653359,4517580,73170939
2015-02-04,LG4,Others(HKUST),16,577,158485,20404317,1947240,22351557
2015-02-04,LG4,Non-HKUST,25,376,68111,3243242017,864844008,4108086025
2015-02-04,LG4,Total,1276,20504,4650237,161338490851,54805528652,216144019503
2015-02-04,All-Floors,Staff,266,5753,1693143,41253958271,3491669510,44745627781
2015-02-04,All-Floors,TPG,593,25570,6283640,303148687113,114876311382,418024998495
2015-02-04,All-Floors,RPG,353,11071,3476511,53431450930,4624476518,58055927448
2015-02-04,All-Floors,UG,2701,58431,13632634,304464063529,47671590344,352135653873
2015-02-04,All-Floors,Alumni,28,981,354667,25802735795,1681648476,27484384271
2015-02-04,All-Floors,Others(HKUST),28,1310,784172,439087526,305715955,744803481
2015-02-04,All-Floors,Non-HKUST,65,962,261326,3245337907,865996373,4111334280
2015-02-04,All-Floors,Total,4034,104078,26486093,731785321071,173517408558,905302729629
2015-02-05,1,Staff,64,784,780747,573697845,161545430,735243275
2015-02-05,1,TPG,59,619,674497,76362065957,13085797773,89447863730
2015-02-05,1,RPG,25,313,285708,572504176,218528732,791032908
2015-02-05,1,UG,391,4052,3551485,62343140160,5723859893,68067000053
2015-02-05,1,Alumni,6,46,44880,22389988,6964371,29354359
2015-02-05,1,Others(HKUST),4,27,14524,178522,84490,263012
2015-02-05,1,Non-HKUST,5,98,34927,431023074,36866670,467889744
2015-02-05,1,Total,554,5939,5386768,140304999722,19233647359,159538647081
2015-02-05,G,Staff,137,875,669842,488767829,78796517,567564346
2015-02-05,G,TPG,329,1803,1187079,3335302357,1997060948,5332363305
2015-02-05,G,RPG,147,620,548637,828419385,35738865,864158250
2015-02-05,G,UG,1282,5726,3385804,10311116589,1073669122,11384785711
2015-02-05,G,Alumni,11,68,30509,222301794,21700190,244001984
2015-02-05,G,Others(HKUST),18,125,199706,7782374,2017908,9800282
2015-02-05,G,Non-HKUST,24,61,38066,0,0,0
2015-02-05,G,Total,1948,9278,6059643,15193690328,3208983550,18402673878
2015-02-05,LG1,Staff,87,481,306545,1449435,719527,2168962
2015-02-05,LG1,TPG,389,4165,4225959,25068731279,6440816043,31509547322
2015-02-05,LG1,RPG,175,1843,1777249,14442520440,841157639,15283678079
2015-02-05,LG1,UG,1707,14435,11273924,23345859591,7737271782,31083131373
2015-02-05,LG1,Alumni,14,86,92872,26067776,1154151,27221927
2015-02-05,LG1,Others(HKUST),13,84,393315,14280070,9683290,23963360
2015-02-05,LG1,Non-HKUST,28,100,111795,0,0,0
2015-02-05,LG1,Total,2413,21194,18181659,62898908591,15030802432,77929711023
2015-02-05,LG3,Staff,78,329,231294,1781795,949762,2731557
2015-02-05,LG3,TPG,208,1539,1455103,3063748637,1202394051,4266142688
2015-02-05,LG3,RPG,103,888,1078856,1768423665,63189591,1831613256
2015-02-05,LG3,UG,725,3473,2639603,7369148883,1004102093,8373250976
2015-02-05,LG3,Alumni,7,65,72936,0,0,0
2015-02-05,LG3,Others(HKUST),9,53,56882,0,0,0
2015-02-05,LG3,Non-HKUST,13,35,36740,279422,280953,560375
2015-02-05,LG3,Total,1143,6382,5571414,12203382402,2270916450,14474298852
2015-02-05,LG4,Staff,83,373,280753,13667611,6842395,20510006
2015-02-05,LG4,TPG,222,2980,3230043,10237562751,1264778435,11502341186
2015-02-05,LG4,RPG,111,702,687915,918084309,63358462,981442771
2015-02-05,LG4,UG,905,3944,2646239,6660146163,502565534,7162711697
2015-02-05,LG4,Alumni,4,80,84441,26067776,1154151,27221927
2015-02-05,LG4,Others(HKUST),15,224,195867,19610598,414873,20025471
2015-02-05,LG4,Non-HKUST,13,71,84231,0,0,0
2015-02-05,LG4,Total,1353,8374,7209489,17875139208,1839113850,19714253058
2015-02-05,All-Floors,Staff,273,2842,2269181,1079364515,248853631,1328218146
2015-02-05,All-Floors,TPG,623,11106,10772681,118067410981,23990847250,142058258231
2015-02-05,All-Floors,RPG,329,4366,4378365,18529951975,1221973289,19751925264
2015-02-05,All-Floors,UG,3136,31630,23497055,110029411386,16041468424,126070879810
2015-02-05,All-Floors,Alumni,26,345,325638,296827334,30972863,327800197
2015-02-05,All-Floors,Others(HKUST),28,513,860294,41851564,12200561,54052125
2015-02-05,All-Floors,Non-HKUST,56,365,305759,431302496,37147623,468450119
2015-02-05,All-Floors,Total,4471,51167,42408973,248476120251,41583463641,290059583892
2015-02-06,1,Staff,58,642,678925,3231783749,213301945,3445085694
2015-02-06,1,TPG,56,772,965337,37302236400,4852150153,42154386553
2015-02-06,1,RPG,26,281,327438,4163743420,322595658,4486339078
2015-02-06,1,UG,341,3374,3483755,41543123105,7747811377,49290934482
2015-02-06,1,Alumni,2,24,7860,4847360,1108788,5956148
2015-02-06,1,Others(HKUST),3,15,14540,20883626,7939095,28822721
2015-02-06,1,Non-HKUST,11,152,97346,66886687,7969823,74856510
2015-02-06,1,Total,497,5260,5575201,86333504347,13152876839,99486381186
2015-02-06,G,Staff,124,676,561625,4872235024,894055677,5766290701
2015-02-06,G,TPG,257,1296,957807,28491828956,2265860229,30757689185
2015-02-06,G,RPG,130,516,564965,522360507,84188945,606549452
2015-02-06,G,UG,1036,4277,2913437,3972841648,632985635,4605827283
2015-02-06,G,Alumni,13,112,45847,0,0,0
2015-02-06,G,Others(HKUST),16,102,201962,24184,15245,39429
2015-02-06,G,Non-HKUST,26,69,24981,10557,39934,50491
2015-02-06,G,Total,1602,7048,5270624,37859300876,3877145665,41736446541
2015-02-06,LG1,Staff,89,489,281355,264081074,7516129,271597203
2015-02-06,LG1,TPG,369,3229,3574991,38977229011,2883305270,41860534281
2015-02-06,LG1,RPG,181,1564,1789730,763186006,115695167,878881173
2015-02-06,LG1,UG,1362,10074,10011765,13834796161,6205751414,20040547575
2015-02-06,LG1,Alumni,18,166,202904,439436010,1045695382,1485131392
2015-02-06,LG1,Others(HKUST),16,165,535986,188630544,56302999,244933543
2015-02-06,LG1,Non-HKUST,36,145,171540,21114,79868,100982
2015-02-06,LG1,Total,2071,15832,16568271,54467379920,10314346229,64781726149
2015-02-06,LG3,Staff,63,266,267827,144614247,68371005,212985252
2015-02-06,LG3,TPG,183,1297,1592650,10368510582,9288621361,19657131943
2015-02-06,LG3,RPG,131,962,1413415,6274719142,674110486,6948829628
2015-02-06,LG3,UG,521,2225,2079152,13357740042,6058267660,19416007702
2015-02-06,LG3,Alumni,10,62,64914,111054392,9584908,120639300
2015-02-06,LG3,Others(HKUST),5,26,31820,0,0,0
2015-02-06,LG3,Non-HKUST,12,73,110329,30948,20918,51866
2015-02-06,LG3,Total,925,4911,5560107,30256669353,16098976338,46355645691
2015-02-06,LG4,Staff,85,356,244740,1529199,897861,2427060
2015-02-06,LG4,TPG,205,2347,2772959,8727554108,1303342567,10030896675
2015-02-06,LG4,RPG,109,777,855374,366422162,18417614,384839776
2015-02-06,LG4,UG,701,2640,2507597,11124527533,554453403,11678980936
2015-02-06,LG4,Alumni,7,72,69757,2968630488,78191915,3046822403
2015-02-06,LG4,Others(HKUST),11,152,176959,10401,3802,14203
2015-02-06,LG4,Non-HKUST,10,81,92783,0,0,0
2015-02-06,LG4,Total,1128,6425,6720169,23188673891,1955307162,25143981053
2015-02-06,All-Floors,Staff,250,2429,2034472,8514243293,1184142617,9698385910
2015-02-06,All-Floors,TPG,565,8941,9863744,123867359057,20593279580,144460638637
2015-02-06,All-Floors,RPG,342,4100,4950922,12090431237,1215007870,13305439107
2015-02-06,All-Floors,UG,2550,22590,20995706,83833028489,21199269489,105032297978
2015-02-06,All-Floors,Alumni,30,436,391282,3523968250,1134580993,4658549243
2015-02-06,All-Floors,Others(HKUST),25,460,961267,209548755,64261141,273809896
2015-02-06,All-Floors,Non-HKUST,59,520,496979,66949306,8110543,75059849
2015-02-06,All-Floors,Total,3821,39476,39694372,232105528387,45398652233,277504180620
2015-02-07,1,Staff,15,194,169432,452726023,29843961,482569984
2015-02-07,1,TPG,59,515,793746,3961459563,2772680306,6734139869
2015-02-07,1,RPG,14,118,123331,1827981832,130425704,1958407536
2015-02-07,1,UG,80,847,1330658,8798406329,2649100816,11447507145
2015-02-07,1,Alumni,3,7,5271,0,0,0
2015-02-07,1,Others(HKUST),3,29,53448,1761804,1125546,2887350
2015-02-07,1,Non-HKUST,4,17,30680,263167,3465203,3728370
2015-02-07,1,Total,178,1727,2506566,15042598718,5586641536,20629240254
2015-02-07,G,Staff,42,200,250263,670171708,18673340,688845048
2015-02-07,G,TPG,180,951,802901,950297800,74142429,1024440229
2015-02-07,G,RPG,85,309,373955,609319974,73938948,683258922
2015-02-07,G,UG,223,905,837416,539296963,75253877,614550840
2015-02-07,G,Alumni,22,54,28158,638950743,21620171,660570914
2015-02-07,G,Others(HKUST),6,41,172266,5836131,5584095,11420226
2015-02-07,G,Non-HKUST,10,43,72136,84892534,6070867,90963401
2015-02-07,G,Total,568,2503,2537095,3498765853,275283727,3774049580
2015-02-07,LG1,Staff,41,250,343110,1380549441,948708421,2329257862
2015-02-07,LG1,TPG,290,2779,3686958,10607847555,624303949,11232151504
2015-02-07,LG1,RPG,140,1324,1871236,5192830728,529959992,5722790720
2015-02-07,LG1,UG,517,4384,6035745,4979065747,8686013444,13665079191
2015-02-07,LG1,Alumni,29,183,256476,297064742,508791331,805856073
2015-02-07,LG1,Others(HKUST),8,140,475878,15610391,14950175,30560566
2015-02-07,LG1,Non-HKUST,28,145,179396,110564642,12027599,122592241
2015-02-07,LG1,Total,1053,9205,12848799,22583533246,11324754911,33908288157
2015-02-07,LG3,Staff,25,139,110706,137096958,11440774,148537732
2015-02-07,LG3,TPG,119,745,1058668,5004807419,559707942,5564515361
2015-02-07,LG3,RPG,86,598,929730,728337885,163440328,891778213
2015-02-07,LG3,UG,143,690,614690,161711870,27482386,189194256
2015-02-07,LG3,Alumni,19,179,210337,152813644,11953022,164766666
2015-02-07,LG3,Others(HKUST),5,14,1926,415027,117721,532748
2015-02-07,LG3,Non-HKUST,12,48,69593,0,0,0
2015-02-07,LG3,Total,409,2413,2995650,6185182803,774142173,6959324976
2015-02-07,LG4,Staff,25,107,121434,169254682,28553172,197807854
2015-02-07,LG4,TPG,127,953,1432702,8717982523,2025573566,10743556089
2015-02-07,LG4,RPG,78,451,572947,114040171,12801210,126841381
2015-02-07,LG4,UG,225,810,926386,4182501573,1122705448,5305207021
2015-02-07,LG4,Alumni,18,113,128084,2554129793,11042079348,13596209141
2015-02-07,LG4,Others(HKUST),4,178,393894,15909888214,7169241876,23079130090
2015-02-07,LG4,Non-HKUST,22,112,224045,259964,137004,396968
2015-02-07,LG4,Total,499,2724,3799492,31648056920,21401091624,53049148544
2015-02-07,All-Floors,Staff,97,890,994945,2809798812,1037219668,3847018480
2015-02-07,All-Floors,TPG,432,5943,7774975,29242394860,6056408192,35298803052
2015-02-07,All-Floors,RPG,232,2800,3871199,8472510590,910566182,9383076772
2015-02-07,All-Floors,UG,776,7636,9744895,18660982482,12560555971,31221538453
2015-02-07,All-Floors,Alumni,48,536,628326,3642958922,11584443872,15227402794
2015-02-07,All-Floors,Others(HKUST),14,402,1097412,15933511567,7191019413,23124530980
2015-02-07,All-Floors,Non-HKUST,53,365,575850,195980307,21700673,217680980
2015-02-07,All-Floors,Total,1652,18572,24687602,78958137540,39361913971,118320051511
2015-02-08,1,Staff,10,151,48080,74177,36191,110368
2015-02-08,1,TPG,33,474,553520,648426738,142940882,791367620
2015-02-08,1,RPG,9,45,40947,7314336,2569282,9883618
2015-02-08,1,UG,107,1299,1882705,22492443995,3648566271,26141010266
2015-02-08,1,Alumni,3,7,6719,0,0,0
2015-02-08,1,Others(HKUST),3,17,26796,34004930,4028845,38033775
2015-02-08,1,Non-HKUST,7,35,64716,83962777,4064002,88026779
2015-02-08,1,Total,172,2028,2623483,23266226953,3802205473,27068432426
2015-02-08,G,Staff,31,211,203291,6464988,2391030,8856018
2015-02-08,G,TPG,147,859,751140,1876238263,44021704,1920259967
2015-02-08,G,RPG,95,446,409844,11946841,1900569,13847410
2015-02-08,G,UG,305,1231,1068377,1022552662,229621549,1252174211
2015-02-08,G,Alumni,25,81,80894,3695099,1152790,4847889
2015-02-08,G,Others(HKUST),5,86,197097,26054039,6978924,33032963
2015-02-08,G,Non-HKUST,15,162,123872,18247052,1041438,19288490
2015-02-08,G,Total,623,3076,2834515,2965198944,287108004,3252306948
2015-02-08,LG1,Staff,37,236,302567,5789921,2437086,8227007
2015-02-08,LG1,TPG,270,3335,4161674,39361916050,8813389945,48175305995
2015-02-08,LG1,RPG,147,1499,2002855,5475700201,1878329259,7354029460
2015-02-08,LG1,UG,609,6753,7859151,15765880343,5645506670,21411387013
2015-02-08,LG1,Alumni,36,279,327422,1216359515,43392656,1259752171
2015-02-08,LG1,Others(HKUST),7,240,559416,41971124,36451541,78422665
2015-02-08,LG1,Non-HKUST,20,92,112385,172348197,8848534,181196731
2015-02-08,LG1,Total,1126,12434,15325470,62039965351,16428355691,78468321042
2015-02-08,LG3,Staff,26,124,98303,1319188,412103,1731291
2015-02-08,LG3,TPG,111,792,946717,1428983369,166795889,1595779258
2015-02-08,LG3,RPG,77,613,721948,3423339645,105435155,3528774800
2015-02-08,LG3,UG,210,847,889493,371500390,26110966,397611356
2015-02-08,LG3,Alumni,21,169,168251,3120681,2210820,5331501
2015-02-08,LG3,Others(HKUST),5,26,34193,0,0,0
2015-02-08,LG3,Non-HKUST,12,52,78028,0,0,0
2015-02-08,LG3,Total,462,2623,2936933,5228263273,300964933,5529228206
2015-02-08,LG4,Staff,18,92,126413,12523354,3778944,16302298
2015-02-08,LG4,TPG,104,1236,1564361,23482164234,1630148009,25112312243
2015-02-08,LG4,RPG,93,678,716398,1610674885,111875589,1722550474
2015-02-08,LG4,UG,247,1110,1194015,8379620559,308446553,8688067112
2015-02-08,LG4,Alumni,29,328,321699,1138158080,145021791,1283179871
2015-02-08,LG4,Others(HKUST),6,92,244356,15001614264,3205566360,18207180624
2015-02-08,LG4,Non-HKUST,17,124,174274,139995668,31555512,171551180
2015-02-08,LG4,Total,514,3660,4341516,49764751044,5436392758,55201143802
2015-02-08,All-Floors,Staff,79,814,778654,26171628,9055354,35226982
2015-02-08,All-Floors,TPG,347,6696,7977412,66797728654,10797296429,77595025083
2015-02-08,All-Floors,RPG,248,3281,3891992,10528975908,2100109854,12629085762
2015-02-08,All-Floors,UG,886,11240,12893741,48031997949,9858252009,57890249958
2015-02-08,All-Floors,Alumni,60,864,904985,2361333375,191778057,2553111432
2015-02-08,All-Floors,Others(HKUST),13,461,1061858,15103644357,3253025670,18356670027
2015-02-08,All-Floors,Non-HKUST,49,465,553275,414553694,45509486,460063180
2015-02-08,All-Floors,Total,1682,23821,28061917,143264405565,26255026859,169519432424
2015-02-09,1,Staff,62,965,737269,2740244856,134301642,2874546498
2015-02-09,1,TPG,77,1527,1461255,31115787016,30792558954,61908345970
2015-02-09,1,RPG,35,381,329574,415318624,269349818,684668442
2015-02-09,1,UG,502,5871,4617487,66941146291,7855307024,74796453315
2015-02-09,1,Alumni,6,31,39936,1042966794,54064596,1097031390
2015-02-09,1,Others(HKUST),8,75,69304,507757331,48940237,556697568
2015-02-09,1,Non-HKUST,19,94,97367,94851986,16892439,111744425
2015-02-09,1,Total,709,8944,7352192,102858072898,39171414710,142029487608
2015-02-09,G,Staff,132,760,618261,279851844,66015276,345867120
2015-02-09,G,TPG,330,2247,1150707,1442028733,171997012,1614025745
2015-02-09,G,RPG,168,716,473354,280737450,98204662,378942112
2015-02-09,G,UG,1402,6604,3505894,7260783890,530258933,7791042823
2015-02-09,G,Alumni,10,37,26767,0,0,0
2015-02-09,G,Others(HKUST),9,87,131997,25445819,22149032,47594851
2015-02-09,G,Non-HKUST,28,192,144965,2281893,1413042,3694935
2015-02-09,G,Total,2079,10643,6051945,9291129629,890037957,10181167586
2015-02-09,LG1,Staff,102,735,456056,164597015,29192308,193789323
2015-02-09,LG1,TPG,454,6349,5458854,36228787517,6454226826,42683014343
2015-02-09,LG1,RPG,222,2778,2431888,9930434495,3490613912,13421048407
2015-02-09,LG1,UG,1898,16746,12107369,20831399833,7160144564,27991544397
2015-02-09,LG1,Alumni,19,167,130018,565022241,87214558,652236799
2015-02-09,LG1,Others(HKUST),12,347,577403,76179188,69229046,145408234
2015-02-09,LG1,Non-HKUST,31,222,187848,19358101,3976642,23334743
2015-02-09,LG1,Total,2738,27344,21349436,67815778390,17294597856,85110376246
2015-02-09,LG3,Staff,72,475,183765,232920520,26235123,259155643
2015-02-09,LG3,TPG,225,1865,1952969,1205683252,415737979,1621421231
2015-02-09,LG3,RPG,139,1339,1443113,4235327242,1786868624,6022195866
2015-02-09,LG3,UG,751,3870,2567108,8071326363,376968785,8448295148
2015-02-09,LG3,Alumni,9,39,20557,45745146,2077644,47822790
2015-02-09,LG3,Others(HKUST),4,22,7234,0,0,0
2015-02-09,LG3,Non-HKUST,10,45,73885,0,0,0
2015-02-09,LG3,Total,1210,7655,6248631,13791002523,2607888155,16398890678
2015-02-09,LG4,Staff,83,424,247701,272529549,34894063,307423612
2015-02-09,LG4,TPG,259,3625,3507277,46573928203,2887245406,49461173609
2015-02-09,LG4,RPG,170,1143,925386,625859326,47994353,673853679
2015-02-09,LG4,UG,1030,5244,3631206,30902282147,4630446724,35532728871
2015-02-09,LG4,Alumni,9,203,128403,276733943,12307181,289041124
2015-02-09,LG4,Others(HKUST),8,218,281607,11350688473,2960236815,14310925288
2015-02-09,LG4,Non-HKUST,13,86,74158,24563356,4726395,29289751
2015-02-09,LG4,Total,1572,10943,8795738,90026584997,10577850937,100604435934
2015-02-09,All-Floors,Staff,265,3359,2243052,3690143784,290638412,3980782196
2015-02-09,All-Floors,TPG,645,15613,13531062,116566214721,40721766177,157287980898
2015-02-09,All-Floors,RPG,396,6357,5603315,15487677137,5693031369,21180708506
2015-02-09,All-Floors,UG,3212,38335,26429064,134006938524,20553126030,154560064554
2015-02-09,All-Floors,Alumni,31,477,345681,1930468124,155663979,2086132103
2015-02-09,All-Floors,Others(HKUST),22,749,1067545,11960070811,3100555130,15060625941
2015-02-09,All-Floors,Non-HKUST,65,639,578223,141055336,27008518,168063854
2015-02-09,All-Floors,Total,4636,65529,49797942,283782568437,70541789615,354324358052
2015-02-10,1,Staff,64,778,709981,1391362344,265632136,1656994480
2015-02-10,1,TPG,85,1381,1258636,20056881172,6372012179,26428893351
2015-02-10,1,RPG,24,290,236806,8291903952,822484657,9114388609
2015-02-10,1,UG,542,5440,4843761,98109667193,8768097507,106877764700
2015-02-10,1,Alumni,6,42,59419,9630621,1637079,11267700
2015-02-10,1,Others(HKUST),8,85,95219,221750259,37829780,259580039
2015-02-10,1,Non-HKUST,13,97,148523,377057144,45336080,422393224
2015-02-10,1,Total,742,8113,7352345,128458252685,16313029418,144771282103
2015-02-10,G,Staff,117,819,550713,79575125,98668365,178243490
2015-02-10,G,TPG,346,1954,1324043,2044166151,816091270,2860257421
2015-02-10,G,RPG,147,639,437856,1294264217,166844500,1461108717
2015-02-10,G,UG,1320,6496,3785478,5619563087,1578213186,7197776273
2015-02-10,G,Alumni,19,93,60068,535173,335566,870739
2015-02-10,G,Others(HKUST),16,179,208802,28442170,27841605,56283775
2015-02-10,G,Non-HKUST,33,137,53725,1805201,904424,2709625
2015-02-10,G,Total,1998,10317,6420685,9068351124,2688898916,11757250040
2015-02-10,LG1,Staff,102,565,581499,310476313,95901896,406378209
2015-02-10,LG1,TPG,467,5607,5261559,48287321174,43355163432,91642484606
2015-02-10,LG1,RPG,201,2247,2258911,4348815438,409226613,4758042051
2015-02-10,LG1,UG,1843,15232,12371462,44147509422,7684837931,51832347353
2015-02-10,LG1,Alumni,16,125,120986,204409,74257,278666
2015-02-10,LG1,Others(HKUST),17,472,671121,138664154,39031219,177695373
2015-02-10,LG1,Non-HKUST,42,269,268585,3693332524,102119277,3795451801
2015-02-10,LG1,Total,2688,24517,21534123,100926323434,51686354625,152612678059
2015-02-10,LG3,Staff,76,315,202775,7433960,1931311,9365271
2015-02-10,LG3,TPG,199,1499,1624791,14903813654,2679522228,17583335882
2015-02-10,LG3,RPG,129,1174,1190893,2690031022,164858671,2854889693
2015-02-10,LG3,UG,716,3513,2572021,8336989618,9115487460,17452477078
2015-02-10,LG3,Alumni,13,66,79278,749526,441825,1191351
2015-02-10,LG3,Others(HKUST),5,28,19707,8226,10302,18528
2015-02-10,LG3,Non-HKUST,17,159,175386,86829369,21996182,108825551
2015-02-10,LG3,Total,1155,6754,5864851,26025855375,11984247979,38010103354
2015-02-10,LG4,Staff,98,346,229265,21750,7881,29631
2015-02-10,LG4,TPG,255,3047,2975167,11462368264,3314675790,14777044054
2015-02-10,LG4,RPG,130,967,885408,1093425966,163046148,1256472114
2015-02-10,LG4,UG,871,4268,3242178,2868040899,1496917486,4364958385
2015-02-10,LG4,Alumni,13,222,197836,7753090,4678201,12431291
2015-02-10,LG4,Others(HKUST),13,268,235370,1418970676,36608030,1455578706
2015-02-10,LG4,Non-HKUST,21,85,163865,10378366,6276605,16654971
2015-02-10,LG4,Total,1401,9203,7929089,16860959011,5022210141,21883169152
2015-02-10,All-Floors,Staff,261,2823,2274233,1788869492,462141589,2251011081
2015-02-10,All-Floors,TPG,647,13488,12444196,96754550415,56537464899,153292015314
2015-02-10,All-Floors,RPG,353,5317,5009874,17718440595,1726460589,19444901184
2015-02-10,All-Floors,UG,3125,34949,26814900,159081770219,28643553570,187725323789
2015-02-10,All-Floors,Alumni,38,548,517587,18872819,7166928,26039747
2015-02-10,All-Floors,Others(HKUST),30,1032,1230219,1807835485,141320936,1949156421
2015-02-10,All-Floors,Non-HKUST,80,747,810084,4169402604,176632568,4346035172
2015-02-10,All-Floors,Total,4534,58904,49101093,281339741629,87694741079,369034482708
2015-02-11,1,Staff,56,716,703533,3229933860,203856482,3433790342
2015-02-11,1,TPG,62,632,731957,25469718269,2301799695,27771517964
2015-02-11,1,RPG,31,420,434748,7991948514,491915009,8483863523
2015-02-11,1,UG,479,4753,4171529,60046807851,12770171172,72816979023
2015-02-11,1,Alumni,5,23,22750,149877116,5520234,155397350
2015-02-11,1,Others(HKUST),7,38,47301,7209204,1219274,8428478
2015-02-11,1,Non-HKUST,13,101,109641,488300619,54455593,542756212
2015-02-11,1,Total,653,6683,6221459,97383795433,15828937459,113212732892
2015-02-11,G,Staff,127,853,533530,96026979,43794521,139821500
2015-02-11,G,TPG,303,1809,1040035,350832025,36563777,387395802
2015-02-11,G,RPG,138,568,493928,4448421179,99968525,4548389704
2015-02-11,G,UG,1396,6198,3483011,4310166545,1101838274,5412004819
2015-02-11,G,Alumni,17,71,78751,3131165,436035,3567200
2015-02-11,G,Others(HKUST),11,168,291908,127237935,141033030,268270965
2015-02-11,G,Non-HKUST,29,140,89964,20790578,10909889,31700467
2015-02-11,G,Total,2021,9807,6011127,9356606406,1434544051,10791150457
2015-02-11,LG1,Staff,100,521,329079,15899539,783086,16682625
2015-02-11,LG1,TPG,450,5133,4907182,19929753388,1996530203,21926283591
2015-02-11,LG1,RPG,200,2336,2121662,4738261917,240716319,4978978236
2015-02-11,LG1,UG,1801,14598,11620722,49569785259,7127999052,56697784311
2015-02-11,LG1,Alumni,11,69,40165,137197687,9396930,146594617
2015-02-11,LG1,Others(HKUST),12,243,415279,663738323,94546744,758285067
2015-02-11,LG1,Non-HKUST,41,239,279423,191115060,12970939,204085999
2015-02-11,LG1,Total,2615,23139,19713512,75245751173,9482943273,84728694446
2015-02-11,LG3,Staff,57,351,222207,1288070432,76597472,1364667904
2015-02-11,LG3,TPG,191,1380,1390998,345263859,64547230,409811089
2015-02-11,LG3,RPG,117,1130,1068475,1261399794,196963886,1458363680
2015-02-11,LG3,UG,699,3170,2290135,2687700035,177122072,2864822107
2015-02-11,LG3,Alumni,10,88,65900,7617,17539,25156
2015-02-11,LG3,Others(HKUST),9,59,68897,91153,21753,112906
2015-02-11,LG3,Non-HKUST,9,50,96273,15249593,5336908,20586501
2015-02-11,LG3,Total,1092,6228,5202885,5597782483,520606860,6118389343
2015-02-11,LG4,Staff,88,366,231116,3818395271,160972252,3979367523
2015-02-11,LG4,TPG,224,2953,2896671,20578672299,13239757875,33818430174
2015-02-11,LG4,RPG,130,990,965655,345244273,187000220,532244493
2015-02-11,LG4,UG,850,4388,3385547,25010658747,1969460511,26980119258
2015-02-11,LG4,Alumni,8,114,125340,514130904,23639667,537770571
2015-02-11,LG4,Others(HKUST),12,207,251339,4273360460,6330856837,10604217297
2015-02-11,LG4,Non-HKUST,11,99,86131,544592285,25636716,570229001
2015-02-11,LG4,Total,1323,9117,7941799,55085054239,21937324078,77022378317
2015-02-11,All-Floors,Staff,271,2807,2019465,8448326081,486003813,8934329894
2015-02-11,All-Floors,TPG,642,11907,10966843,66674239840,17639198780,84313438620
2015-02-11,All-Floors,RPG,363,5444,5084468,18785275677,1216563959,20001839636
2015-02-11,All-Floors,UG,3147,33107,24950944,141625118437,23146591081,164771709518
2015-02-11,All-Floors,Alumni,28,365,332906,804344489,39010405,843354894
2015-02-11,All-Floors,Others(HKUST),24,715,1074724,5071637075,6567677638,11639314713
2015-02-11,All-Floors,Non-HKUST,71,629,661432,1260048135,109310045,1369358180
2015-02-11,All-Floors,Total,4546,54974,45090782,242668989734,49204355721,291873345455
2015-02-12,1,Staff,64,1010,821092,2459098953,111627868,2570726821
2015-02-12,1,TPG,56,669,674264,6990178008,1972749505,8962927513
2015-02-12,1,RPG,31,367,493273,9137839018,584687529,9722526547
2015-02-12,1,UG,452,4791,4079398,35572991562,3938063208,39511054770
2015-02-12,1,Alumni,6,59,56487,254159407,29590995,283750402
2015-02-12,1,Others(HKUST),5,73,56692,289226643,78838482,368065125
2015-02-12,1,Non-HKUST,16,93,146559,199530016,12448574,211978590
2015-02-12,1,Total,630,7062,6327765,54903023607,6728006161,61631029768
2015-02-12,G,Staff,127,860,554062,1668337699,49734225,1718071924
2015-02-12,G,TPG,348,1910,1121079,780228791,287810643,1068039434
2015-02-12,G,RPG,144,797,670873,4484334514,269198993,4753533507
2015-02-12,G,UG,1404,6717,3872071,4093783881,335891348,4429675229
2015-02-12,G,Alumni,16,41,37901,1838721,1066255,2904976
2015-02-12,G,Others(HKUST),20,144,172784,11548094,1305212,12853306
2015-02-12,G,Non-HKUST,22,68,27182,59961,40244,100205
2015-02-12,G,Total,2081,10537,6455952,11040131661,945046920,11985178581
2015-02-12,LG1,Staff,89,511,384765,42031504,173193502,215225006
2015-02-12,LG1,TPG,444,4963,4400908,5470356726,3680423341,9150780067
2015-02-12,LG1,RPG,176,1688,1804804,12004338592,493373877,12497712469
2015-02-12,LG1,UG,1818,16075,12605248,19578724959,1772154728,21350879687
2015-02-12,LG1,Alumni,19,177,172895,981596,700442,1682038
2015-02-12,LG1,Others(HKUST),18,291,376710,46404664,5823995,52228659
2015-02-12,LG1,Non-HKUST,39,200,202570,57431497909,9361546602,66793044511
2015-02-12,LG1,Total,2603,23905,19947900,94574335950,15487216487,110061552437
2015-02-12,LG3,Staff,61,301,214069,788342779,21478079,809820858
2015-02-12,LG3,TPG,209,1620,1489019,6824757687,2052638382,8877396069
2015-02-12,LG3,RPG,115,1206,1139918,4467432272,320690056,4788122328
2015-02-12,LG3,UG,645,3340,2219396,6696714409,4561947984,11258662393
2015-02-12,LG3,Alumni,11,70,37096,0,0,0
2015-02-12,LG3,Others(HKUST),7,20,13643,92384752,10441696,102826448
2015-02-12,LG3,Non-HKUST,16,53,50145,0,0,0
2015-02-12,LG3,Total,1064,6610,5163286,18869631899,6967196197,25836828096
2015-02-12,LG4,Staff,99,324,153524,1325586384,63849545,1389435929
2015-02-12,LG4,TPG,247,3238,3032671,14094789278,6730143182,20824932460
2015-02-12,LG4,RPG,152,1234,1089187,2595027515,1290254296,3885281811
2015-02-12,LG4,UG,850,4488,3167894,9556524599,522867910,10079392509
2015-02-12,LG4,Alumni,13,146,151062,897266623,85686262,982952885
2015-02-12,LG4,Others(HKUST),11,223,217763,3149075867,2332607055,5481682922
2015-02-12,LG4,Non-HKUST,15,220,241668,0,0,0
2015-02-12,LG4,Total,1387,9873,8053769,31618270266,11025408250,42643678516
2015-02-12,All-Floors,Staff,267,3006,2127512,6283397319,419883219,6703280538
2015-02-12,All-Floors,TPG,662,12400,10717941,34160310490,14723765053,48884075543
2015-02-12,All-Floors,RPG,353,5292,5198055,32688971911,2958204751,35647176662
2015-02-12,All-Floors,UG,3133,35411,25944007,75498739410,11130925178,86629664588
2015-02-12,All-Floors,Alumni,32,493,455441,1154246347,117043954,1271290301
2015-02-12,All-Floors,Others(HKUST),33,751,837592,3588640020,2429016440,6017656460
2015-02-12,All-Floors,Non-HKUST,68,634,668124,57631087886,9374035420,67005123306
2015-02-12,All-Floors,Total,4548,57987,45948672,211005393383,41152874015,252158267398
2015-02-13,1,Staff,67,927,897139,18671270367,634229351,19305499718
2015-02-13,1,TPG,50,619,802234,6379687896,547362918,6927050814
2015-02-13,1,RPG,21,178,189043,1090124228,57949186,1148073414
2015-02-13,1,UG,362,3141,3187812,20292973751,3999990440,24292964191
2015-02-13,1,Alumni,2,7,5032,0,0,0
2015-02-13,1,Others(HKUST),5,67,66053,863703434,486669024,1350372458
2015-02-13,1,Non-HKUST,11,72,122214,8314732,1854579,10169311
2015-02-13,1,Total,518,5011,5269527,47306074408,5728055498,53034129906
2015-02-13,G,Staff,115,619,587218,570106382,19475293,589581675
2015-02-13,G,TPG,223,1199,936937,688174001,95059114,783233115
2015-02-13,G,RPG,112,514,335730,1359457,463186,1822643
2015-02-13,G,UG,1068,4473,3246628,7373427314,373963901,7747391215
2015-02-13,G,Alumni,13,38,26476,0,0,0
2015-02-13,G,Others(HKUST),14,131,169697,0,0,0
2015-02-13,G,Non-HKUST,26,95,56324,31774105,81529160,113303265
2015-02-13,G,Total,1571,7069,5359010,8664841259,570490654,9235331913
2015-02-13,LG1,Staff,86,458,363547,243316580,14518398,257834978
2015-02-13,LG1,TPG,327,3404,3891433,6516965699,678646090,7195611789
2015-02-13,LG1,RPG,161,1665,1761809,7477118610,159842473,7636961083
2015-02-13,LG1,UG,1473,10944,9844813,10400722559,13654703507,24055426066
2015-02-13,LG1,Alumni,16,135,168394,0,0,0
2015-02-13,LG1,Others(HKUST),10,270,583348,20431829,14020249,34452078
2015-02-13,LG1,Non-HKUST,41,173,245601,57766763611,9470146842,67236910453
2015-02-13,LG1,Total,2114,17049,16858945,82425318888,23991877559,106417196447
2015-02-13,LG3,Staff,65,223,109730,395689205,34747426,430436631
2015-02-13,LG3,TPG,133,857,1103136,2243880771,278727630,2522608401
2015-02-13,LG3,RPG,93,932,984659,7444199336,441092374,7885291710
2015-02-13,LG3,UG,547,2074,1559374,3601549508,306883262,3908432770
2015-02-13,LG3,Alumni,10,71,87757,0,0,0
2015-02-13,LG3,Others(HKUST),4,6,122,0,0,0
2015-02-13,LG3,Non-HKUST,17,93,104092,19060602,704988,19765590
2015-02-13,LG3,Total,869,4256,3948870,13704379422,1062155680,14766535102
2015-02-13,LG4,Staff,85,257,124646,257743898,37040895,294784793
2015-02-13,LG4,TPG,157,2372,2705458,22049788731,2831002003,24880790734
2015-02-13,LG4,RPG,81,544,555961,995171157,1801551159,2796722316
2015-02-13,LG4,UG,677,3203,2782639,8440033649,1748932291,10188965940
2015-02-13,LG4,Alumni,10,129,214137,2649130538,190756282,2839886820
2015-02-13,LG4,Others(HKUST),7,196,325289,125355485,24688081,150043566
2015-02-13,LG4,Non-HKUST,21,152,98928,136794155,22652798,159446953
2015-02-13,LG4,Total,1038,6853,6807058,34654017613,6656623509,41310641122
2015-02-13,All-Floors,Staff,251,2484,2082280,20138126432,740011363,20878137795
2015-02-13,All-Floors,TPG,484,8451,9439198,37878497098,4430797755,42309294853
2015-02-13,All-Floors,RPG,283,3833,3827202,17007972788,2460898378,19468871166
2015-02-13,All-Floors,UG,2618,23835,20621266,50108706781,20084473401,70193180182
2015-02-13,All-Floors,Alumni,29,380,501796,2649130538,190756282,2839886820
2015-02-13,All-Floors,Others(HKUST),23,670,1144509,1009490748,525377354,1534868102
2015-02-13,All-Floors,Non-HKUST,81,585,627159,57962707205,9576888367,67539595572
2015-02-13,All-Floors,Total,3769,40238,38243410,186754631590,38009202900,224763834490
2015-02-14,1,Staff,11,140,203555,1316,0,1316
2015-02-14,1,TPG,31,349,512706,6127003336,3309892484,9436895820
2015-02-14,1,RPG,6,44,112279,95,75,170
2015-02-14,1,UG,69,625,957707,19113802358,897778509,20011580867
2015-02-14,1,Alumni,2,17,18621,2660682,374933,3035615
2015-02-14,1,Others(HKUST),3,33,37644,184060799,45827790,229888589
2015-02-14,1,Non-HKUST,2,26,52867,31635559,6802826,38438385
2015-02-14,1,Total,124,1234,1895379,25459164145,4260676617,29719840762
2015-02-14,G,Staff,23,114,150316,161557,83844,245401
2015-02-14,G,TPG,139,550,489488,2663224837,1245115675,3908340512
2015-02-14,G,RPG,35,81,59324,4432449,745976,5178425
2015-02-14,G,UG,249,1201,1422142,3390777175,324953683,3715730858
2015-02-14,G,Alumni,18,48,40509,2660682,374933,3035615
2015-02-14,G,Others(HKUST),9,38,105122,0,0,0
2015-02-14,G,Non-HKUST,12,68,97606,0,0,0
2015-02-14,G,Total,485,2100,2364507,6061256700,1571274111,7632530811
2015-02-14,LG1,Staff,27,133,120596,11025,2456,13481
2015-02-14,LG1,TPG,218,2038,3494244,15930143258,9829420363,25759563621
2015-02-14,LG1,RPG,65,442,631802,194750608,23005030,217755638
2015-02-14,LG1,UG,432,3683,5536910,6676511218,1558231809,8234743027
2015-02-14,LG1,Alumni,25,132,262140,16120113,2741485,18861598
2015-02-14,LG1,Others(HKUST),9,134,491784,12008184,10425560,22433744
2015-02-14,LG1,Non-HKUST,19,89,106785,183574549,87891041,271465590
2015-02-14,LG1,Total,795,6651,10644261,23013118955,11511717744,34524836699
2015-02-14,LG3,Staff,9,38,38223,0,0,0
2015-02-14,LG3,TPG,84,482,739071,111157991,9079390,120237381
2015-02-14,LG3,RPG,37,263,330313,78131532,6892299,85023831
2015-02-14,LG3,UG,163,714,924049,669010129,29498886,698509015
2015-02-14,LG3,Alumni,15,90,118371,78615509,6246033,84861542
2015-02-14,LG3,Others(HKUST),6,10,3017,0,0,0
2015-02-14,LG3,Non-HKUST,11,28,38161,37532886,4967530,42500416
2015-02-14,LG3,Total,325,1625,2191205,974448047,56684138,1031132185
2015-02-14,LG4,Staff,15,34,33496,0,0,0
2015-02-14,LG4,TPG,73,379,656813,12274647029,1008519792,13283166821
2015-02-14,LG4,RPG,40,149,214797,3111417986,152817571,3264235557
2015-02-14,LG4,UG,178,1030,1376639,2525274596,210359705,2735634301
2015-02-14,LG4,Alumni,14,189,187212,183789744,19019999,202809743
2015-02-14,LG4,Others(HKUST),5,186,449523,4535878961,1334016700,5869895661
2015-02-14,LG4,Non-HKUST,11,53,81320,2743924,464977,3208901
2015-02-14,LG4,Total,336,2020,2999800,22633752240,2725198744,25358950984
2015-02-14,All-Floors,Staff,58,459,546186,173898,86300,260198
2015-02-14,All-Floors,TPG,326,3798,5892322,37106176451,15402027704,52508204155
2015-02-14,All-Floors,RPG,127,979,1348515,3388732670,183460951,3572193621
2015-02-14,All-Floors,UG,700,7253,10217447,32375375476,3020822592,35396198068
2015-02-14,All-Floors,Alumni,38,476,626853,283846730,28757383,312604113
2015-02-14,All-Floors,Others(HKUST),14,401,1087090,4731947944,1390270050,6122217994
2015-02-14,All-Floors,Non-HKUST,39,264,376739,255486918,100126374,355613292
2015-02-14,All-Floors,Total,1302,13630,20095152,78141740087,20125551354,98267291441
2015-02-15,1,Staff,8,77,143755,313935,251614,565549
2015-02-15,1,TPG,20,241,438403,2458788250,136405703,2595193953
2015-02-15,1,RPG,8,22,31077,545681,648046,1193727
2015-02-15,1,UG,120,1490,2094084,29790872986,5588991318,35379864304
2015-02-15,1,Alumni,3,64,45010,0,0,0
2015-02-15,1,Others(HKUST),2,43,27580,4570184,879699,5449883
2015-02-15,1,Non-HKUST,8,61,71206,0,0,0
2015-02-15,1,Total,169,1998,2851115,32255091036,5727176380,37982267416
2015-02-15,G,Staff,21,97,117990,3615364,2864059,6479423
2015-02-15,G,TPG,89,565,457689,81949107,7320723,89269830
2015-02-15,G,RPG,52,158,143755,12716719,2227506,14944225
2015-02-15,G,UG,309,1556,1718438,11759887465,324282471,12084169936
2015-02-15,G,Alumni,11,28,12731,0,0,0
2015-02-15,G,Others(HKUST),3,19,18484,1143959,513269,1657228
2015-02-15,G,Non-HKUST,20,155,86066,0,0,0
2015-02-15,G,Total,505,2578,2555153,11859312614,337208028,12196520642
2015-02-15,LG1,Staff,16,133,187888,1218836491,143919377,1362755868
2015-02-15,LG1,TPG,200,2502,3406336,7824559329,6396253270,14220812599
2015-02-15,LG1,RPG,92,800,1299372,11354590564,4977397293,16331987857
2015-02-15,LG1,UG,673,7281,9274084,4580205541,462687297,5042892838
2015-02-15,LG1,Alumni,20,236,319328,1574563625,114760124,1689323749
2015-02-15,LG1,Others(HKUST),7,112,101918,3262201,3452170,6714371
2015-02-15,LG1,Non-HKUST,30,188,226860,490007172,19108269,509115441
2015-02-15,LG1,Total,1038,11252,14815786,27046024923,12117577800,39163602723
2015-02-15,LG3,Staff,14,17,2386,0,0,0
2015-02-15,LG3,TPG,89,615,814769,1053732481,162142763,1215875244
2015-02-15,LG3,RPG,46,224,276970,165766464,17469188,183235652
2015-02-15,LG3,UG,239,855,971869,730914182,82407618,813321800
2015-02-15,LG3,Alumni,9,114,65957,160285314,54793606,215078920
2015-02-15,LG3,Others(HKUST),2,2,0,0,0,0
2015-02-15,LG3,Non-HKUST,12,74,112753,0,0,0
2015-02-15,LG3,Total,411,1901,2244704,2110698441,316813175,2427511616
2015-02-15,LG4,Staff,15,22,1088,0,0,0
2015-02-15,LG4,TPG,82,701,1073153,181460,220441,401901
2015-02-15,LG4,RPG,48,243,259881,1075399930,75518030,1150917960
2015-02-15,LG4,UG,227,1201,1171272,707230229,256468487,963698716
2015-02-15,LG4,Alumni,12,101,137930,0,0,0
2015-02-15,LG4,Others(HKUST),4,59,169229,2572156433,1078333576,3650490009
2015-02-15,LG4,Non-HKUST,9,102,101309,0,0,0
2015-02-15,LG4,Total,397,2429,2913862,4354968052,1410540534,5765508586
2015-02-15,All-Floors,Staff,52,346,453107,1222765790,147035050,1369800840
2015-02-15,All-Floors,TPG,244,4624,6190350,11419210627,6702342900,18121553527
2015-02-15,All-Floors,RPG,147,1447,2011055,12609019358,5073260063,17682279421
2015-02-15,All-Floors,UG,937,12383,15229747,47569110403,6714837191,54283947594
2015-02-15,All-Floors,Alumni,31,543,580956,1734848939,169553730,1904402669
2015-02-15,All-Floors,Others(HKUST),9,235,317211,2581132777,1083178714,3664311491
2015-02-15,All-Floors,Non-HKUST,47,580,598194,490007172,19108269,509115441
2015-02-15,All-Floors,Total,1467,20158,25380620,77626095066,19909315917,97535410983
2015-02-16,1,Staff,58,800,745705,8405250659,303644417,8708895076
2015-02-16,1,TPG,56,839,992856,21589529859,1316101573,22905631432
2015-02-16,1,RPG,12,52,39963,70340285,10707642,81047927
2015-02-16,1,UG,414,4070,4014200,53647370679,11849050417,65496421096
2015-02-16,1,Alumni,2,8,16757,0,0,0
2015-02-16,1,Others(HKUST),3,8,7691,0,0,0
2015-02-16,1,Non-HKUST,13,99,124040,988912967,57786211,1046699178
2015-02-16,1,Total,558,5876,5941212,84701404449,13537290260,98238694709
2015-02-16,G,Staff,111,725,568963,62461149,42226612,104687761
2015-02-16,G,TPG,222,1285,800878,4064710533,940654923,5005365456
2015-02-16,G,RPG,67,264,130459,26474611,683070,27157681
2015-02-16,G,UG,1397,7185,4368185,6937418419,2059540952,8996959371
2015-02-16,G,Alumni,7,41,28210,780111792,25827724,805939516
2015-02-16,G,Others(HKUST),10,87,95660,0,0,0
2015-02-16,G,Non-HKUST,28,104,81294,0,0,0
2015-02-16,G,Total,1842,9691,6073649,11871176504,3068933281,14940109785
2015-02-16,LG1,Staff,87,505,319500,37727301,6239952,43967253
2015-02-16,LG1,TPG,289,2964,3192094,3130847864,217460347,3348308211
2015-02-16,LG1,RPG,86,848,783609,4489928334,161392027,4651320361
2015-02-16,LG1,UG,1878,17049,14422125,53615678283,11483494717,65099173000
2015-02-16,LG1,Alumni,14,100,164358,0,0,0
2015-02-16,LG1,Others(HKUST),12,105,440063,3884860,2465913,6350773
2015-02-16,LG1,Non-HKUST,47,240,252902,1258401918,212542853,1470944771
2015-02-16,LG1,Total,2413,21811,19574651,62536468560,12083595809,74620064369
2015-02-16,LG3,Staff,43,147,41733,1132336,189199,1321535
2015-02-16,LG3,TPG,134,1061,1358171,882884629,636501831,1519386460
2015-02-16,LG3,RPG,47,301,335720,118293,280494,398787
2015-02-16,LG3,UG,743,3262,2638425,2590004956,160601092,2750606048
2015-02-16,LG3,Alumni,7,73,98094,6696284,866782,7563066
2015-02-16,LG3,Others(HKUST),8,31,13226,0,0,0
2015-02-16,LG3,Non-HKUST,18,77,58909,0,0,0
2015-02-16,LG3,Total,1000,4952,4544278,3480836498,798439398,4279275896
2015-02-16,LG4,Staff,88,247,173202,1337286,360682,1697968
2015-02-16,LG4,TPG,134,1628,1886423,8697781461,973385438,9671166899
2015-02-16,LG4,RPG,46,283,246805,0,0,0
2015-02-16,LG4,UG,974,4789,3659011,8673193785,1162392980,9835586765
2015-02-16,LG4,Alumni,4,68,45643,0,0,0
2015-02-16,LG4,Others(HKUST),6,191,252700,68759931,7664609,76424540
2015-02-16,LG4,Non-HKUST,23,119,198526,3489209,387400,3876609
2015-02-16,LG4,Total,1275,7325,6462310,17444561672,2144191109,19588752781
2015-02-16,All-Floors,Staff,235,2424,1849103,8507908731,352660862,8860569593
2015-02-16,All-Floors,TPG,422,7777,8230422,38365754346,4084104112,42449858458
2015-02-16,All-Floors,RPG,171,1748,1536556,4586861523,173063233,4759924756
2015-02-16,All-Floors,UG,3191,36355,29101946,125463666122,26715080158,152178746280
2015-02-16,All-Floors,Alumni,22,290,353062,786808076,26694506,813502582
2015-02-16,All-Floors,Others(HKUST),21,422,809340,72644791,10130522,82775313
2015-02-16,All-Floors,Non-HKUST,78,639,715671,2250804094,270716464,2521520558
2015-02-16,All-Floors,Total,4140,49655,42596100,180034447683,31632449857,211666897540
2015-02-17,1,Staff,46,776,812465,3460897719,598529034,4059426753
2015-02-17,1,TPG,42,415,552238,11827640781,1203537407,13031178188
2015-02-17,1,RPG,8,102,97336,998117100,1239613067,2237730167
2015-02-17,1,UG,409,4121,3595351,29791675932,1663622178,31455298110
2015-02-17,1,Alumni,2,3,5701,0,0,0
2015-02-17,1,Others(HKUST),4,64,45410,4019547,2268458,6288005
2015-02-17,1,Non-HKUST,9,21,21353,46381733,7614166,53995899
2015-02-17,1,Total,520,5502,5129854,46128732812,4715184310,50843917122
2015-02-17,G,Staff,95,670,389040,493092958,52183640,545276598
2015-02-17,G,TPG,162,758,465867,84230046,14445647,98675693
2015-02-17,G,RPG,57,151,97435,475409,297361,772770
2015-02-17,G,UG,1254,5801,3999599,10731068407,369144879,11100213286
2015-02-17,G,Alumni,8,37,20236,0,0,0
2015-02-17,G,Others(HKUST),14,69,131337,0,0,0
2015-02-17,G,Non-HKUST,22,80,37200,0,0,0
2015-02-17,G,Total,1612,7566,5140714,11308866820,436071527,11744938347
2015-02-17,LG1,Staff,82,350,253736,1286173367,62254730,1348428097
2015-02-17,LG1,TPG,221,1987,2099915,5226373407,316750130,5543123537
2015-02-17,LG1,RPG,65,478,603012,326768017,17441360,344209377
2015-02-17,LG1,UG,1810,14683,12924214,39342633066,2717134948,42059768014
2015-02-17,LG1,Alumni,13,131,246043,2292556,1087122,3379678
2015-02-17,LG1,Others(HKUST),12,121,551542,9855247,8740345,18595592
2015-02-17,LG1,Non-HKUST,28,135,151963,13102582,2173625,15276207
2015-02-17,LG1,Total,2231,17885,16830425,46207198242,3125582260,49332780502
2015-02-17,LG3,Staff,53,165,78919,10105,10991,21096
2015-02-17,LG3,TPG,100,658,745451,975799479,316998516,1292797995
2015-02-17,LG3,RPG,46,203,277790,1134884,828766,1963650
2015-02-17,LG3,UG,692,2899,2310797,3475868425,714423397,4190291822
2015-02-17,LG3,Alumni,8,59,68078,0,0,0
2015-02-17,LG3,Others(HKUST),8,20,1291,0,0,0
2015-02-17,LG3,Non-HKUST,8,17,8831,126845,61200,188045
2015-02-17,LG3,Total,915,4021,3491157,4452939738,1032322870,5485262608
2015-02-17,LG4,Staff,74,204,72735,3015550,1003412,4018962
2015-02-17,LG4,TPG,102,1224,1463331,2554879782,475407247,3030287029
2015-02-17,LG4,RPG,46,299,341662,65551410,4658921,70210331
2015-02-17,LG4,UG,837,3342,2856735,4996780923,652337912,5649118835
2015-02-17,LG4,Alumni,7,109,154955,0,0,0
2015-02-17,LG4,Others(HKUST),6,145,181306,321376,350995,672371
2015-02-17,LG4,Non-HKUST,20,97,91670,126845,61200,188045
2015-02-17,LG4,Total,1092,5420,5162394,7620675886,1133819687,8754495573
2015-02-17,All-Floors,Staff,214,2165,1606895,5243189699,713981807,5957171506
2015-02-17,All-Floors,TPG,323,5042,5326802,20668923495,2327138947,22996062442
2015-02-17,All-Floors,RPG,138,1233,1417235,1392046820,1262839475,2654886295
2015-02-17,All-Floors,UG,3013,30846,25686696,88338026753,6116663314,94454690067
2015-02-17,All-Floors,Alumni,21,339,495013,2292556,1087122,3379678
2015-02-17,All-Floors,Others(HKUST),24,419,910886,14196170,11359798,25555968
2015-02-17,All-Floors,Non-HKUST,56,350,311017,59738005,9910191,69648196
2015-02-17,All-Floors,Total,3789,40394,35754544,115718413498,10442980654,126161394152
2015-02-18,1,Staff,36,471,490992,1206058978,306382792,1512441770
2015-02-18,1,TPG,12,76,121511,2420495718,95930349,2516426067
2015-02-18,1,RPG,4,6,5370,0,0,0
2015-02-18,1,UG,174,963,987370,6894343476,1916132905,8810476381
2015-02-18,1,Alumni,1,1,636,0,0,0
2015-02-18,1,Others(HKUST),4,19,13102,8807740,649812,9457552
2015-02-18,1,Non-HKUST,3,19,51159,2185,799,2984
2015-02-18,1,Total,234,1555,1670140,10529708097,2319096657,12848804754
2015-02-18,G,Staff,65,316,283383,68927482,3804790,72732272
2015-02-18,G,TPG,34,148,117254,415082203,104879374,519961577
2015-02-18,G,RPG,27,83,31118,602058,124666,726724
2015-02-18,G,UG,738,2695,1888495,3163494025,1310131069,4473625094
2015-02-18,G,Alumni,2,4,474,0,0,0
2015-02-18,G,Others(HKUST),8,22,94698,8766155,625009,9391164
2015-02-18,G,Non-HKUST,10,47,27626,43644,32664,76308
2015-02-18,G,Total,884,3315,2443048,3656915567,1419597572,5076513139
2015-02-18,LG1,Staff,46,183,126082,26755003,3395618,30150621
2015-02-18,LG1,TPG,54,265,322416,1029198340,207781462,1236979802
2015-02-18,LG1,RPG,30,194,250115,136168,131776,267944
2015-02-18,LG1,UG,1005,5903,5395719,7728753328,849699721,8578453049
2015-02-18,LG1,Alumni,6,36,86425,0,0,0
2015-02-18,LG1,Others(HKUST),7,156,463831,12477260,10971515,23448775
2015-02-18,LG1,Non-HKUST,15,64,60985,0,0,0
2015-02-18,LG1,Total,1163,6801,6705573,8797320099,1071980092,9869300191
2015-02-18,LG3,Staff,36,114,79746,661516,437681,1099197
2015-02-18,LG3,TPG,23,101,117201,87305621,90979623,178285244
2015-02-18,LG3,RPG,20,129,154752,147468491,9015062,156483553
2015-02-18,LG3,UG,358,1087,705597,534294347,53211186,587505533
2015-02-18,LG3,Alumni,6,30,29095,0,0,0
2015-02-18,LG3,Others(HKUST),3,4,2793,0,0,0
2015-02-18,LG3,Non-HKUST,3,7,6193,0,0,0
2015-02-18,LG3,Total,449,1472,1095377,769729975,153643552,923373527
2015-02-18,LG4,Staff,38,111,70308,1271577,853887,2125464
2015-02-18,LG4,TPG,20,136,152816,0,0,0
2015-02-18,LG4,RPG,20,65,53203,1791117,369174,2160291
2015-02-18,LG4,UG,491,1517,1003951,1520180455,852353371,2372533826
2015-02-18,LG4,Alumni,2,36,22163,0,0,0
2015-02-18,LG4,Others(HKUST),8,143,195237,176454,240717,417171
2015-02-18,LG4,Non-HKUST,10,82,41961,0,0,0
2015-02-18,LG4,Total,589,2090,1539639,1523419603,853817149,2377236752
2015-02-18,All-Floors,Staff,126,1195,1050511,1303674556,314874768,1618549324
2015-02-18,All-Floors,TPG,81,726,831198,3952081882,499570808,4451652690
2015-02-18,All-Floors,RPG,63,477,494558,149997834,9640678,159638512
2015-02-18,All-Floors,UG,1900,12165,9981132,19841065631,4981528252,24822593883
2015-02-18,All-Floors,Alumni,13,107,138793,0,0,0
2015-02-18,All-Floors,Others(HKUST),17,344,769661,30227609,12487053,42714662
2015-02-18,All-Floors,Non-HKUST,27,219,187924,45829,33463,79292
2015-02-18,All-Floors,Total,2227,15233,13453777,25277093341,5818135022,31095228363
2015-02-19,1,Staff,3,161,53679,1315905,266751,1582656
2015-02-19,1,TPG,0,0,0,0,0,0
2015-02-19,1,RPG,1,1,0,0,0,0
2015-02-19,1,UG,2,2,0,0,0,0
2015-02-19,1,Alumni,0,0,0,0,0,0
2015-02-19,1,Others(HKUST),0,0,0,0,0,0
2015-02-19,1,Non-HKUST,0,0,0,0,0,0
2015-02-19,1,Total,6,164,53679,1315905,266751,1582656
2015-02-19,G,Staff,1,1,0,0,0,0
2015-02-19,G,TPG,0,0,0,0,0,0
2015-02-19,G,RPG,1,1,0,0,0,0
2015-02-19,G,UG,5,5,123,0,0,0
2015-02-19,G,Alumni,0,0,0,0,0,0
2015-02-19,G,Others(HKUST),1,1,86399,0,0,0
2015-02-19,G,Non-HKUST,0,0,0,0,0,0
2015-02-19,G,Total,8,8,86522,0,0,0
2015-02-19,LG1,Staff,3,3,119,0,0,0
2015-02-19,LG1,TPG,0,0,0,0,0,0
2015-02-19,LG1,RPG,2,2,120,0,0,0
2015-02-19,LG1,UG,7,11,3115,0,0,0
2015-02-19,LG1,Alumni,0,0,0,0,0,0
2015-02-19,LG1,Others(HKUST),2,98,447084,4664697,4323829,8988526
2015-02-19,LG1,Non-HKUST,0,0,0,0,0,0
2015-02-19,LG1,Total,14,114,450438,4664697,4323829,8988526
2015-02-19,LG3,Staff,0,0,0,0,0,0
2015-02-19,LG3,TPG,0,0,0,0,0,0
2015-02-19,LG3,RPG,0,0,0,0,0,0
2015-02-19,LG3,UG,2,2,0,0,0,0
2015-02-19,LG3,Alumni,0,0,0,0,0,0
2015-02-19,LG3,Others(HKUST),0,0,0,0,0,0
2015-02-19,LG3,Non-HKUST,0,0,0,0,0,0
2015-02-19,LG3,Total,2,2,0,0,0,0
2015-02-19,LG4,Staff,4,5,121,0,0,0
2015-02-19,LG4,TPG,4,15,3122,0,0,0
2015-02-19,LG4,RPG,8,8,362,0,0,0
2015-02-19,LG4,UG,25,37,9821,0,0,0
2015-02-19,LG4,Alumni,0,0,0,0,0,0
2015-02-19,LG4,Others(HKUST),3,70,204848,12364,3096,15460
2015-02-19,LG4,Non-HKUST,2,6,359,0,0,0
2015-02-19,LG4,Total,46,141,218633,12364,3096,15460
2015-02-19,All-Floors,Staff,11,170,53919,1315905,266751,1582656
2015-02-19,All-Floors,TPG,4,15,3122,0,0,0
2015-02-19,All-Floors,RPG,11,12,482,0,0,0
2015-02-19,All-Floors,UG,40,57,13059,0,0,0
2015-02-19,All-Floors,Alumni,0,0,0,0,0,0
2015-02-19,All-Floors,Others(HKUST),5,169,738331,4677061,4326925,9003986
2015-02-19,All-Floors,Non-HKUST,2,6,359,0,0,0
2015-02-19,All-Floors,Total,73,429,809272,5992966,4593676,10586642
2015-02-20,1,Staff,3,129,25705,0,0,0
2015-02-20,1,TPG,0,0,0,0,0,0
2015-02-20,1,RPG,1,1,599,0,0,0
2015-02-20,1,UG,1,1,0,0,0,0
2015-02-20,1,Alumni,0,0,0,0,0,0
2015-02-20,1,Others(HKUST),0,0,0,0,0,0
2015-02-20,1,Non-HKUST,0,0,0,0,0,0
2015-02-20,1,Total,5,131,26304,0,0,0
2015-02-20,G,Staff,2,9,359,0,0,0
2015-02-20,G,TPG,0,0,0,0,0,0
2015-02-20,G,RPG,0,0,0,0,0,0
2015-02-20,G,UG,4,4,0,0,0,0
2015-02-20,G,Alumni,0,0,0,0,0,0
2015-02-20,G,Others(HKUST),1,1,86399,0,0,0
2015-02-20,G,Non-HKUST,0,0,0,0,0,0
2015-02-20,G,Total,7,14,86758,0,0,0
2015-02-20,LG1,Staff,2,2,0,0,0,0
2015-02-20,LG1,TPG,1,1,119,0,0,0
2015-02-20,LG1,RPG,1,1,0,0,0,0
2015-02-20,LG1,UG,4,5,964,0,0,0
2015-02-20,LG1,Alumni,0,0,0,0,0,0
2015-02-20,LG1,Others(HKUST),4,101,441569,4664697,4323829,8988526
2015-02-20,LG1,Non-HKUST,0,0,0,0,0,0
2015-02-20,LG1,Total,12,110,442652,4664697,4323829,8988526
2015-02-20,LG3,Staff,2,2,0,0,0,0
2015-02-20,LG3,TPG,1,1,0,0,0,0
2015-02-20,LG3,RPG,0,0,0,0,0,0
2015-02-20,LG3,UG,4,4,0,0,0,0
2015-02-20,LG3,Alumni,0,0,0,0,0,0
2015-02-20,LG3,Others(HKUST),0,0,0,0,0,0
2015-02-20,LG3,Non-HKUST,0,0,0,0,0,0
2015-02-20,LG3,Total,7,7,0,0,0,0
2015-02-20,LG4,Staff,3,4,120,0,0,0
2015-02-20,LG4,TPG,1,1,0,0,0,0
2015-02-20,LG4,RPG,7,9,241,0,0,0
2015-02-20,LG4,UG,38,59,17053,0,0,0
2015-02-20,LG4,Alumni,0,0,0,0,0,0
2015-02-20,LG4,Others(HKUST),1,80,202813,0,0,0
2015-02-20,LG4,Non-HKUST,1,6,360,0,0,0
2015-02-20,LG4,Total,51,159,220587,0,0,0
2015-02-20,All-Floors,Staff,10,146,26184,0,0,0
2015-02-20,All-Floors,TPG,3,3,119,0,0,0
2015-02-20,All-Floors,RPG,9,11,840,0,0,0
2015-02-20,All-Floors,UG,50,73,18017,0,0,0
2015-02-20,All-Floors,Alumni,0,0,0,0,0,0
2015-02-20,All-Floors,Others(HKUST),4,182,730781,4664697,4323829,8988526
2015-02-20,All-Floors,Non-HKUST,1,6,360,0,0,0
2015-02-20,All-Floors,Total,77,421,776301,4664697,4323829,8988526
2015-02-21,1,Staff,5,131,24970,0,0,0
2015-02-21,1,TPG,0,0,0,0,0,0
2015-02-21,1,RPG,0,0,0,0,0,0
2015-02-21,1,UG,4,4,0,0,0,0
2015-02-21,1,Alumni,1,2,241,0,0,0
2015-02-21,1,Others(HKUST),0,0,0,0,0,0
2015-02-21,1,Non-HKUST,0,0,0,0,0,0
2015-02-21,1,Total,10,137,25211,0,0,0
2015-02-21,G,Staff,2,6,2516,15414,10512,25926
2015-02-21,G,TPG,6,6,2388,34681,29201,63882
2015-02-21,G,RPG,3,3,0,0,0,0
2015-02-21,G,UG,12,12,3717,0,0,0
2015-02-21,G,Alumni,0,0,0,0,0,0
2015-02-21,G,Others(HKUST),1,1,86170,0,0,0
2015-02-21,G,Non-HKUST,0,0,0,0,0,0
2015-02-21,G,Total,24,28,94791,50095,39713,89808
2015-02-21,LG1,Staff,7,24,70449,5138,3504,8642
2015-02-21,LG1,TPG,79,1207,2548739,15046658503,2553180342,17599838845
2015-02-21,LG1,RPG,29,349,575238,31029327,20279175,51308502
2015-02-21,LG1,UG,290,3099,5354408,3760154900,333884809,4094039709
2015-02-21,LG1,Alumni,4,53,62523,0,0,0
2015-02-21,LG1,Others(HKUST),4,144,509989,6728136,6434039,13162175
2015-02-21,LG1,Non-HKUST,12,79,86402,0,0,0
2015-02-21,LG1,Total,425,4955,9207748,18844576004,2913781869,21758357873
2015-02-21,LG3,Staff,3,5,952,10276,7008,17284
2015-02-21,LG3,TPG,18,26,38293,774754,218660,993414
2015-02-21,LG3,RPG,8,12,8772,0,0,0
2015-02-21,LG3,UG,55,87,44159,92569599,72160592,164730191
2015-02-21,LG3,Alumni,2,4,2274,0,0,0
2015-02-21,LG3,Others(HKUST),1,1,0,0,0,0
2015-02-21,LG3,Non-HKUST,1,1,121,0,0,0
2015-02-21,LG3,Total,88,136,94571,93354629,72386260,165740889
2015-02-21,LG4,Staff,5,6,362,0,0,0
2015-02-21,LG4,TPG,4,14,2042,0,0,0
2015-02-21,LG4,RPG,9,9,838,0,0,0
2015-02-21,LG4,UG,56,82,11280,2710755,309655,3020410
2015-02-21,LG4,Alumni,0,0,0,0,0,0
2015-02-21,LG4,Others(HKUST),3,52,168817,0,0,0
2015-02-21,LG4,Non-HKUST,5,12,1558,0,0,0
2015-02-21,LG4,Total,82,175,184897,2710755,309655,3020410
2015-02-21,All-Floors,Staff,18,172,99249,30828,21024,51852
2015-02-21,All-Floors,TPG,81,1253,2591462,15047467938,2553428203,17600896141
2015-02-21,All-Floors,RPG,38,373,584848,31029327,20279175,51308502
2015-02-21,All-Floors,UG,329,3284,5413564,3855435254,406355056,4261790310
2015-02-21,All-Floors,Alumni,5,59,65038,0,0,0
2015-02-21,All-Floors,Others(HKUST),6,198,764976,6728136,6434039,13162175
2015-02-21,All-Floors,Non-HKUST,15,92,88081,0,0,0
2015-02-21,All-Floors,Total,492,5431,9607218,18940691483,2986517497,21927208980
2015-02-22,1,Staff,7,186,70097,13311289,4803333,18114622
2015-02-22,1,TPG,14,245,417943,2026329415,97904772,2124234187
2015-02-22,1,RPG,7,27,62198,58701792,5695257,64397049
2015-02-22,1,UG,72,682,1018710,2431633199,109477410,2541110609
2015-02-22,1,Alumni,4,72,128997,114381,199155,313536
2015-02-22,1,Others(HKUST),2,3,122,0,0,0
2015-02-22,1,Non-HKUST,2,25,72662,0,0,0
2015-02-22,1,Total,108,1240,1770729,4530090076,218079927,4748170003
2015-02-22,G,Staff,21,148,146765,329206451,30828872,360035323
2015-02-22,G,TPG,65,254,278046,59781435,3870251,63651686
2015-02-22,G,RPG,29,128,97453,3444776107,48952338,3493728445
2015-02-22,G,UG,235,1160,1180357,733016515,27624146,760640661
2015-02-22,G,Alumni,16,100,52491,50154755,4730857,54885612
2015-02-22,G,Others(HKUST),4,38,106910,11001646,8631206,19632852
2015-02-22,G,Non-HKUST,8,25,27980,0,0,0
2015-02-22,G,Total,378,1853,1890002,4627936909,124637670,4752574579
2015-02-22,LG1,Staff,20,74,95948,249076,215788,464864
2015-02-22,LG1,TPG,183,2886,4436868,32879161252,5854101888,38733263140
2015-02-22,LG1,RPG,46,521,653742,1112688401,52184289,1164872690
2015-02-22,LG1,UG,609,7410,9607315,22351697488,2282078990,24633776478
2015-02-22,LG1,Alumni,17,101,78930,173199725,1236157891,1409357616
2015-02-22,LG1,Others(HKUST),6,196,555949,15069729,13178305,28248034
2015-02-22,LG1,Non-HKUST,31,214,199987,241552445,49118972,290671417
2015-02-22,LG1,Total,912,11402,15628739,56773618116,9487036123,66260654239
2015-02-22,LG3,Staff,16,31,16810,249076,215788,464864
2015-02-22,LG3,TPG,84,442,729514,440035498,38842442,478877940
2015-02-22,LG3,RPG,24,102,134532,39140185,3799438,42939623
2015-02-22,LG3,UG,239,1049,950927,4204919226,117774286,4322693512
2015-02-22,LG3,Alumni,16,116,211820,0,0,0
2015-02-22,LG3,Others(HKUST),0,0,0,0,0,0
2015-02-22,LG3,Non-HKUST,13,123,188493,0,0,0
2015-02-22,LG3,Total,392,1863,2232096,4684343985,160631954,4844975939
2015-02-22,LG4,Staff,13,27,4799,0,0,0
2015-02-22,LG4,TPG,56,502,695339,1475266544,418159343,1893425887
2015-02-22,LG4,RPG,27,78,78491,0,0,0
2015-02-22,LG4,UG,192,946,1149724,1363099294,88454072,1451553366
2015-02-22,LG4,Alumni,15,175,250565,0,0,0
2015-02-22,LG4,Others(HKUST),5,58,226305,368498,170098,538596
2015-02-22,LG4,Non-HKUST,17,151,116863,0,0,0
2015-02-22,LG4,Total,325,1937,2522086,2838734336,506783513,3345517849
2015-02-22,All-Floors,Staff,51,466,334419,343015892,36063781,379079673
2015-02-22,All-Floors,TPG,216,4329,6557710,36880574144,6412878696,43293452840
2015-02-22,All-Floors,RPG,84,856,1026416,4655306485,110631322,4765937807
2015-02-22,All-Floors,UG,811,11247,13907033,31084365722,2625408904,33709774626
2015-02-22,All-Floors,Alumni,37,564,722803,223468861,1241087903,1464556764
2015-02-22,All-Floors,Others(HKUST),10,295,889286,26439873,21979609,48419482
2015-02-22,All-Floors,Non-HKUST,42,538,605985,241552445,49118972,290671417
2015-02-22,All-Floors,Total,1251,18295,24043652,73454723422,10497169187,83951892609
2015-02-23,1,Staff,63,734,911230,12453575558,300463789,12754039347
2015-02-23,1,TPG,70,1081,957396,47695361539,12538199330,60233560869
2015-02-23,1,RPG,16,252,193104,1976794883,103762392,2080557275
2015-02-23,1,UG,514,5828,5210565,74973945786,16556298233,91530244019
2015-02-23,1,Alumni,3,58,38687,108541075,10421855,118962930
2015-02-23,1,Others(HKUST),8,133,83744,539606,278088,817694
2015-02-23,1,Non-HKUST,11,65,104456,92167823,4068805,96236628
2015-02-23,1,Total,685,8151,7499182,137300926270,29513492492,166814418762
2015-02-23,G,Staff,106,647,499533,8739417172,175527771,8914944943
2015-02-23,G,TPG,236,1311,900318,1841866469,1084814016,2926680485
2015-02-23,G,RPG,88,447,249644,896660899,27907744,924568643
2015-02-23,G,UG,1507,7944,4910230,3985242399,2276019143,6261261542
2015-02-23,G,Alumni,12,50,21639,0,0,0
2015-02-23,G,Others(HKUST),14,92,127580,11001646,8631206,19632852
2015-02-23,G,Non-HKUST,31,93,50738,0,0,0
2015-02-23,G,Total,1994,10584,6759682,15474188585,3572899880,19047088465
2015-02-23,LG1,Staff,78,393,181661,9000721,1987494,10988215
2015-02-23,LG1,TPG,341,4345,4633026,38105039531,2606036721,40711076252
2015-02-23,LG1,RPG,96,878,825902,5311190913,148613479,5459804392
2015-02-23,LG1,UG,2130,21195,17622860,43941127875,12352254892,56293382767
2015-02-23,LG1,Alumni,13,126,123611,0,0,0
2015-02-23,LG1,Others(HKUST),13,240,540056,14968902,12855180,27824082
2015-02-23,LG1,Non-HKUST,58,236,253620,0,0,0
2015-02-23,LG1,Total,2729,27413,24180736,87381327942,15121747766,102503075708
2015-02-23,LG3,Staff,63,199,99871,23084,12919,36003
2015-02-23,LG3,TPG,187,1505,1657006,16049625408,637741258,16687366666
2015-02-23,LG3,RPG,64,498,527952,5774325691,630406181,6404731872
2015-02-23,LG3,UG,930,4819,3549763,6091356480,351014739,6442371219
2015-02-23,LG3,Alumni,11,61,68938,31003675,5843333,36847008
2015-02-23,LG3,Others(HKUST),7,39,30296,0,0,0
2015-02-23,LG3,Non-HKUST,23,120,115367,0,0,0
2015-02-23,LG3,Total,1285,7241,6049193,27946334338,1625018430,29571352768
2015-02-23,LG4,Staff,85,301,196258,105646791,14933058,120579849
2015-02-23,LG4,TPG,189,2591,2645454,44141358782,7617038190,51758396972
2015-02-23,LG4,RPG,92,554,433353,1398443484,72345062,1470788546
2015-02-23,LG4,UG,1189,6805,5751756,14975866837,1636443286,16612310123
2015-02-23,LG4,Alumni,13,215,225651,2159406647,385416916,2544823563
2015-02-23,LG4,Others(HKUST),8,179,264875,1667358738,446783374,2114142112
2015-02-23,LG4,Non-HKUST,40,322,190150,11088,8832,19920
2015-02-23,LG4,Total,1616,10967,9707497,64448092367,10172968718,74621061085
2015-02-23,All-Floors,Staff,233,2274,1888553,21307663326,492925031,21800588357
2015-02-23,All-Floors,TPG,516,10833,10793200,147833251729,24483829515,172317081244
2015-02-23,All-Floors,RPG,206,2629,2229955,15357415870,983034858,16340450728
2015-02-23,All-Floors,UG,3545,46591,37045174,143967539377,33172030293,177139569670
2015-02-23,All-Floors,Alumni,25,510,478526,2298951397,401682104,2700633501
2015-02-23,All-Floors,Others(HKUST),22,683,1046551,1693868892,468547848,2162416740
2015-02-23,All-Floors,Non-HKUST,98,836,714331,92178911,4077637,96256548
2015-02-23,All-Floors,Total,4645,64356,54196290,332550869502,60006127286,392556996788
2015-02-24,1,Staff,64,961,820975,7777110570,1381275726,9158386296
2015-02-24,1,TPG,81,902,958305,33057379702,2851725239,35909104941
2015-02-24,1,RPG,16,125,122648,2191603072,207199416,2398802488
2015-02-24,1,UG,640,6513,6260254,49354499413,9619998586,58974497999
2015-02-24,1,Alumni,5,37,31514,0,0,0
2015-02-24,1,Others(HKUST),7,82,44376,13203683,3042456,16246139
2015-02-24,1,Non-HKUST,15,74,62435,22288908,1829079,24117987
2015-02-24,1,Total,828,8694,8300507,92416085348,14065070502,106481155850
2015-02-24,G,Staff,120,747,598890,857142676,32444817,889587493
2015-02-24,G,TPG,315,1971,1027007,1162044505,1497338978,2659383483
2015-02-24,G,RPG,105,461,386060,15345282,3919126,19264408
2015-02-24,G,UG,1557,7917,4457333,10868484366,1341171931,12209656297
2015-02-24,G,Alumni,17,100,52421,0,0,0
2015-02-24,G,Others(HKUST),15,135,154699,11001646,8631206,19632852
2015-02-24,G,Non-HKUST,26,95,48995,0,0,0
2015-02-24,G,Total,2155,11426,6725405,12914018475,2883506058,15797524533
2015-02-24,LG1,Staff,100,621,318902,88612676,14446247,103058923
2015-02-24,LG1,TPG,455,5172,4839822,15943740200,5656897789,21600637989
2015-02-24,LG1,RPG,127,1158,1239831,4968655603,328864930,5297520533
2015-02-24,LG1,UG,2297,21754,17977886,19530410062,5137031236,24667441298
2015-02-24,LG1,Alumni,10,68,78061,0,0,0
2015-02-24,LG1,Others(HKUST),15,221,550242,183637890,88786661,272424551
2015-02-24,LG1,Non-HKUST,59,302,274093,139281966,40474620,179756586
2015-02-24,LG1,Total,3063,29296,25278837,40854338397,11266501483,52120839880
2015-02-24,LG3,Staff,73,276,185587,1182496120,37429944,1219926064
2015-02-24,LG3,TPG,238,2219,2263657,3669405500,635761355,4305166855
2015-02-24,LG3,RPG,83,612,635022,5202424492,436086933,5638511425
2015-02-24,LG3,UG,912,4819,3415063,3932362858,196499532,4128862390
2015-02-24,LG3,Alumni,7,116,126200,0,0,0
2015-02-24,LG3,Others(HKUST),5,12,3699,0,0,0
2015-02-24,LG3,Non-HKUST,23,79,48861,6872402,2120256,8992658
2015-02-24,LG3,Total,1341,8133,6678089,13993561372,1307898020,15301459392
2015-02-24,LG4,Staff,102,427,235381,548001709,65272185,613273894
2015-02-24,LG4,TPG,269,4225,4093234,32060170429,26710108530,58770278959
2015-02-24,LG4,RPG,105,552,564070,4875059403,242092313,5117151716
2015-02-24,LG4,UG,1189,6806,5606927,11099145632,600003691,11699149323
2015-02-24,LG4,Alumni,11,152,134880,1695229109,200220477,1895449586
2015-02-24,LG4,Others(HKUST),14,257,305026,1208719081,172848697,1381567778
2015-02-24,LG4,Non-HKUST,29,380,329021,125286123,14420484,139706607
2015-02-24,LG4,Total,1719,12799,11268539,51611611486,28004966377,79616577863
2015-02-24,All-Floors,Staff,272,3032,2159735,10453363751,1530868919,11984232670
2015-02-24,All-Floors,TPG,618,14489,13182025,85892740336,37351831891,123244572227
2015-02-24,All-Floors,RPG,258,2908,2947631,17253087852,1218162718,18471250570
2015-02-24,All-Floors,UG,3653,47809,37717463,94784902331,16894704976,111679607307
2015-02-24,All-Floors,Alumni,29,473,423076,1695229109,200220477,1895449586
2015-02-24,All-Floors,Others(HKUST),31,707,1058042,1416562300,273309020,1689871320
2015-02-24,All-Floors,Non-HKUST,92,930,763405,293729399,58844439,352573838
2015-02-24,All-Floors,Total,4953,70348,58251377,211789615078,57527942440,269317557518
2015-02-25,1,Staff,65,812,775513,1706546240,684467470,2391013710
2015-02-25,1,TPG,87,1131,1264403,19579588159,6149048624,25728636783
2015-02-25,1,RPG,20,266,269397,368434272,83418449,451852721
2015-02-25,1,UG,695,6692,6578327,61469248868,5626533188,67095782056
2015-02-25,1,Alumni,3,16,10181,101307882,22558301,123866183
2015-02-25,1,Others(HKUST),5,51,28859,396929,254404,651333
2015-02-25,1,Non-HKUST,17,102,112936,573239815,25161478,598401293
2015-02-25,1,Total,892,9070,9039616,83798762165,12591441914,96390204079
2015-02-25,G,Staff,111,762,558429,262365018,22566581,284931599
2015-02-25,G,TPG,332,1621,1083820,254119904,466866028,720985932
2015-02-25,G,RPG,97,477,334740,2280731,1096767,3377498
2015-02-25,G,UG,1595,7770,4843975,3129081115,574526288,3703607403
2015-02-25,G,Alumni,14,75,33991,0,0,0
2015-02-25,G,Others(HKUST),15,163,131889,33193649,27008573,60202222
2015-02-25,G,Non-HKUST,40,153,77570,115192960,5481318,120674278
2015-02-25,G,Total,2204,11021,7064414,3796233377,1097545555,4893778932
2015-02-25,LG1,Staff,108,705,426785,528449669,39382831,567832500
2015-02-25,LG1,TPG,450,4485,4460576,22488484416,2116036679,24604521095
2015-02-25,LG1,RPG,113,1032,1144378,3013078310,168137096,3181215406
2015-02-25,LG1,UG,2256,20117,17622152,41579637898,5828336088,47407973986
2015-02-25,LG1,Alumni,18,145,102502,101904263,34422982,136327245
2015-02-25,LG1,Others(HKUST),18,546,692481,2001262833,139741908,2141004741
2015-02-25,LG1,Non-HKUST,62,514,422342,368493128,98053460,466546588
2015-02-25,LG1,Total,3025,27544,24871216,70081310517,8424111044,78505421561
2015-02-25,LG3,Staff,64,261,263124,30685918,4576114,35262032
2015-02-25,LG3,TPG,235,1802,2027777,4849948799,335682176,5185630975
2015-02-25,LG3,RPG,76,543,552463,526301748,64558313,590860061
2015-02-25,LG3,UG,967,5085,4101872,2491270360,349210395,2840480755
2015-02-25,LG3,Alumni,13,119,133833,564116873,99090667,663207540
2015-02-25,LG3,Others(HKUST),14,84,65738,0,0,0
2015-02-25,LG3,Non-HKUST,23,88,69534,0,0,0
2015-02-25,LG3,Total,1392,7982,7214341,8462323698,853117665,9315441363
2015-02-25,LG4,Staff,110,583,322278,82245548,13852928,96098476
2015-02-25,LG4,TPG,273,3724,4390521,14228350579,4743828532,18972179111
2015-02-25,LG4,RPG,83,561,540035,320524485,10075365,330599850
2015-02-25,LG4,UG,1148,7175,6428651,25027276711,3950213686,28977490397
2015-02-25,LG4,Alumni,15,196,210624,5214031,2389422,7603453
2015-02-25,LG4,Others(HKUST),12,406,425781,1140810,273385,1414195
2015-02-25,LG4,Non-HKUST,43,480,451505,79866290,19180060,99046350
2015-02-25,LG4,Total,1684,13125,12769395,39744618454,8739813378,48484431832
2015-02-25,All-Floors,Staff,253,3123,2346129,2610292393,764845924,3375138317
2015-02-25,All-Floors,TPG,660,12763,13227097,61400491857,13811462039,75211953896
2015-02-25,All-Floors,RPG,227,2879,2841013,4230619546,327285990,4557905536
2015-02-25,All-Floors,UG,3698,46839,39574977,133696514952,16328819645,150025334597
2015-02-25,All-Floors,Alumni,30,551,491131,772543049,158461372,931004421
2015-02-25,All-Floors,Others(HKUST),29,1250,1344748,2035994221,167278270,2203272491
2015-02-25,All-Floors,Non-HKUST,98,1337,1133887,1136792193,147876316,1284668509
2015-02-25,All-Floors,Total,4995,68742,60958982,205883248211,31706029556,237589277767
2015-02-26,1,Staff,67,972,732935,3090528512,2236851183,5327379695
2015-02-26,1,TPG,86,1219,1487526,14893541998,5227484075,20121026073
2015-02-26,1,RPG,14,58,67348,6542473,1264882,7807355
2015-02-26,1,UG,599,5910,5848773,52343497704,17489004057,69832501761
2015-02-26,1,Alumni,6,56,77968,7133,4014,11147
2015-02-26,1,Others(HKUST),6,36,71748,0,0,0
2015-02-26,1,Non-HKUST,18,135,100863,789489982,57419631,846909613
2015-02-26,1,Total,796,8386,8387161,71123607802,25012027842,96135635644
2015-02-26,G,Staff,114,794,508130,1312315596,33428573,1345744169
2015-02-26,G,TPG,397,2127,1320328,3405161916,1154164751,4559326667
2015-02-26,G,RPG,103,531,510333,39012359,261223876,300236235
2015-02-26,G,UG,1597,7262,4222237,6686495965,688300140,7374796105
2015-02-26,G,Alumni,14,91,38024,0,0,0
2015-02-26,G,Others(HKUST),17,112,153453,18938192,13859536,32797728
2015-02-26,G,Non-HKUST,48,118,29968,7376271,3901503,11277774
2015-02-26,G,Total,2290,11035,6782473,11469300299,2154878379,13624178678
2015-02-26,LG1,Staff,103,653,333891,678815557,36889026,715704583
2015-02-26,LG1,TPG,486,5346,5039170,3800875543,1394247001,5195122544
2015-02-26,LG1,RPG,128,970,907177,2108966786,107474114,2216440900
2015-02-26,LG1,UG,2140,19276,16191558,43412233338,5795702429,49207935767
2015-02-26,LG1,Alumni,13,94,109296,0,0,0
2015-02-26,LG1,Others(HKUST),16,422,698790,24049677,22530498,46580175
2015-02-26,LG1,Non-HKUST,75,555,366511,231471747,46928027,278399774
2015-02-26,LG1,Total,2961,27316,23646393,50256412648,7403771095,57660183743
2015-02-26,LG3,Staff,61,364,301798,155022696,30871684,185894380
2015-02-26,LG3,TPG,237,1981,2127597,1337043613,2019146251,3356189864
2015-02-26,LG3,RPG,85,592,618844,2624989341,770967053,3395956394
2015-02-26,LG3,UG,822,3938,3051305,6509499684,350704843,6860204527
2015-02-26,LG3,Alumni,12,116,76839,8204239,1545148,9749387
2015-02-26,LG3,Others(HKUST),8,40,7445,0,0,0
2015-02-26,LG3,Non-HKUST,22,60,50271,3541349,1816152,5357501
2015-02-26,LG3,Total,1247,7091,6234099,10638300922,3175051131,13813352053
2015-02-26,LG4,Staff,103,498,393282,241171847,74676309,315848156
2015-02-26,LG4,TPG,254,3385,3948297,14750027967,7340684007,22090711974
2015-02-26,LG4,RPG,112,829,817460,17257685643,883849025,18141534668
2015-02-26,LG4,UG,1138,6450,5665357,22904785760,1363260613,24268046373
2015-02-26,LG4,Alumni,17,176,218118,8443673962,1112696571,9556370533
2015-02-26,LG4,Others(HKUST),11,358,402670,1947974,633592,2581566
2015-02-26,LG4,Non-HKUST,46,478,440930,1768919,902949,2671868
2015-02-26,LG4,Total,1681,12174,11886114,63601062072,10776703066,74377765138
2015-02-26,All-Floors,Staff,251,3281,2270036,5477854208,2412716775,7890570983
2015-02-26,All-Floors,TPG,690,14058,13922918,38186651037,17135726085,55322377122
2015-02-26,All-Floors,RPG,253,2980,2921162,22037196602,2024778950,24061975552
2015-02-26,All-Floors,UG,3485,42836,34979230,131856512451,25686972082,157543484533
2015-02-26,All-Floors,Alumni,36,533,520245,8451885334,1114245733,9566131067
2015-02-26,All-Floors,Others(HKUST),28,968,1334106,44935843,37023626,81959469
2015-02-26,All-Floors,Non-HKUST,104,1346,988543,1033648268,110968262,1144616530
2015-02-26,All-Floors,Total,4847,66002,56936240,207088683743,48522431513,255611115256
2015-02-27,1,Staff,57,778,743053,535877908,521032535,1056910443
2015-02-27,1,TPG,87,1596,1813244,25835252091,7061932719,32897184810
2015-02-27,1,RPG,20,276,304016,4732249007,181007231,4913256238
2015-02-27,1,UG,558,5649,4898746,68664664376,12670335962,81335000338
2015-02-27,1,Alumni,8,38,25603,560730300,11121249,571851549
2015-02-27,1,Others(HKUST),9,69,73154,457046,145927,602973
2015-02-27,1,Non-HKUST,13,60,94741,213191451,16532436,229723887
2015-02-27,1,Total,752,8466,7952557,100542422179,20462108059,121004530238
2015-02-27,G,Staff,118,646,603257,9318536,2221236,11539772
2015-02-27,G,TPG,291,1324,991301,2514254268,164266507,2678520775
2015-02-27,G,RPG,118,668,661702,151609956,17942594,169552550
2015-02-27,G,UG,1361,6271,3806720,7221881653,797792123,8019673776
2015-02-27,G,Alumni,16,91,30781,11538,9422,20960
2015-02-27,G,Others(HKUST),16,172,229620,735245,149267,884512
2015-02-27,G,Non-HKUST,39,123,85606,59587513,2230553,61818066
2015-02-27,G,Total,1959,9295,6408987,9957398709,984611702,10942010411
2015-02-27,LG1,Staff,112,614,367103,320755996,9822225,330578221
2015-02-27,LG1,TPG,411,5246,5462355,52663985391,5412779011,58076764402
2015-02-27,LG1,RPG,137,1082,1196248,676285259,86043182,762328441
2015-02-27,LG1,UG,1853,16755,14089738,51473459593,13042044350,64515503943
2015-02-27,LG1,Alumni,20,169,119304,750337687,9231443,759569130
2015-02-27,LG1,Others(HKUST),17,516,687208,53979436,35783282,89762718
2015-02-27,LG1,Non-HKUST,58,441,304633,486108748,35446592,521555340
2015-02-27,LG1,Total,2608,24823,22226589,106424912110,18631150085,125056062195
2015-02-27,LG3,Staff,76,326,317353,638712,582863,1221575
2015-02-27,LG3,TPG,199,1632,1857783,7743290362,323828468,8067118830
2015-02-27,LG3,RPG,87,681,727456,19117256,3791682,22908938
2015-02-27,LG3,UG,706,3440,3145887,2443407440,126325516,2569732956
2015-02-27,LG3,Alumni,13,120,105257,54016698,10192543,64209241
2015-02-27,LG3,Others(HKUST),10,52,60653,0,0,0
2015-02-27,LG3,Non-HKUST,28,126,134618,268143255,10034910,278178165
2015-02-27,LG3,Total,1119,6377,6349007,10528613723,474755982,11003369705
2015-02-27,LG4,Staff,99,527,417410,10880583,3126654,14007237
2015-02-27,LG4,TPG,234,3838,3982886,282451284,79373132,361824416
2015-02-27,LG4,RPG,114,732,668519,8336617,2173388,10510005
2015-02-27,LG4,UG,953,5209,4338162,24812865857,2420097999,27232963856
2015-02-27,LG4,Alumni,14,182,193402,2649681581,296015097,2945696678
2015-02-27,LG4,Others(HKUST),10,456,542380,45085086,8255190,53340276
2015-02-27,LG4,Non-HKUST,45,547,497719,29793695,1114990,30908685
2015-02-27,LG4,Total,1469,11491,10640478,27839094703,2810156450,30649251153
2015-02-27,All-Floors,Staff,259,2891,2448176,877471735,536785513,1414257248
2015-02-27,All-Floors,TPG,585,13636,14107569,89039233396,13042179837,102081413233
2015-02-27,All-Floors,RPG,281,3439,3557941,5587598095,290958077,5878556172
2015-02-27,All-Floors,UG,3162,37324,30279253,154616278919,29056595950,183672874869
2015-02-27,All-Floors,Alumni,39,600,474347,4014777804,326569754,4341347558
2015-02-27,All-Floors,Others(HKUST),26,1265,1593015,100256813,44333666,144590479
2015-02-27,All-Floors,Non-HKUST,93,1297,1117317,1056824662,65359481,1122184143
2015-02-27,All-Floors,Total,4445,60452,53577618,255292441424,43362782278,298655223702
2015-02-28,1,Staff,21,247,227816,2837886265,202786647,3040672912
2015-02-28,1,TPG,60,818,1185813,13538180108,607461603,14145641711
2015-02-28,1,RPG,17,167,190162,5316732433,1607274138,6924006571
2015-02-28,1,UG,169,2421,2966326,81038054469,32441645365,113479699834
2015-02-28,1,Alumni,5,79,79649,2091137103,623046471,2714183574
2015-02-28,1,Others(HKUST),3,10,18159,292836,78336,371172
2015-02-28,1,Non-HKUST,5,19,37101,467706767,22382563,490089330
2015-02-28,1,Total,280,3761,4705026,105289989981,35504675123,140794665104
2015-02-28,G,Staff,45,281,380316,29257395,9037285,38294680
2015-02-28,G,TPG,244,1151,1046949,7385973523,402521617,7788495140
2015-02-28,G,RPG,77,390,479498,236720231,14676217,251396448
2015-02-28,G,UG,368,1630,1596156,4825938590,502393819,5328332409
2015-02-28,G,Alumni,22,64,46319,448273853,202794366,651068219
2015-02-28,G,Others(HKUST),8,36,257905,0,0,0
2015-02-28,G,Non-HKUST,26,92,78906,11593947,570366,12164313
2015-02-28,G,Total,790,3644,3886049,12937757539,1131993670,14069751209
2015-02-28,LG1,Staff,28,208,156128,53654707,735702509,789357216
2015-02-28,LG1,TPG,443,5892,7665748,55373183466,26033490336,81406673802
2015-02-28,LG1,RPG,124,1154,1452133,3063145388,3737547785,6800693173
2015-02-28,LG1,UG,807,9206,11851314,46971115052,8410572994,55381688046
2015-02-28,LG1,Alumni,24,187,199019,2008617,485717,2494334
2015-02-28,LG1,Others(HKUST),8,229,728330,37672495,28470368,66142863
2015-02-28,LG1,Non-HKUST,32,209,277668,369866519,31658615,401525134
2015-02-28,LG1,Total,1466,17085,22330340,105870646244,38977928324,144848574568
2015-02-28,LG3,Staff,31,154,169935,110153495,747791290,857944785
2015-02-28,LG3,TPG,208,1112,1533350,6760065842,1299263657,8059329499
2015-02-28,LG3,RPG,66,367,530429,63435272,12923811,76359083
2015-02-28,LG3,UG,286,1389,1374484,4192794156,238845157,4431639313
2015-02-28,LG3,Alumni,18,226,289221,1983851,471400,2455251
2015-02-28,LG3,Others(HKUST),9,24,1432,0,0,0
2015-02-28,LG3,Non-HKUST,18,141,136157,7936404,1671675,9608079
2015-02-28,LG3,Total,636,3413,4035008,11136369020,2300966990,13437336010
2015-02-28,LG4,Staff,27,115,108826,1035704,882372,1918076
2015-02-28,LG4,TPG,184,2112,2281214,4520553051,564321797,5084874848
2015-02-28,LG4,RPG,74,289,312935,6243855,1069121,7312976
2015-02-28,LG4,UG,348,2584,2689568,3939284209,419231007,4358515216
2015-02-28,LG4,Alumni,23,265,303381,1506746,1733031,3239777
2015-02-28,LG4,Others(HKUST),5,162,386817,0,0,0
2015-02-28,LG4,Non-HKUST,25,158,195288,857648109,68693413,926341522
2015-02-28,LG4,Total,686,5685,6278029,9326271674,1055930741,10382202415
2015-02-28,All-Floors,Staff,91,1005,1043021,3031987566,1696200103,4728187669
2015-02-28,All-Floors,TPG,582,11085,13713074,87577955990,28907059010,116485015000
2015-02-28,All-Floors,RPG,214,2367,2965157,8686277179,5373491072,14059768251
2015-02-28,All-Floors,UG,1135,17230,20477848,140967186476,42012688342,182979874818
2015-02-28,All-Floors,Alumni,50,821,917589,2544910170,828530985,3373441155
2015-02-28,All-Floors,Others(HKUST),18,461,1392643,37965331,28548704,66514035
2015-02-28,All-Floors,Non-HKUST,63,619,725120,1714751746,124976632,1839728378
2015-02-28,All-Floors,Total,2153,33588,41234452,244561034458,78971494848,323532529306