Date,Floor,User-Group,User-Count,WiFi-Conn,Duration-Sec,Traffic-In-Byte,Traffic-Out-Byte,Traffic-Both-Byte
2015-03-01,1,Staff,13,325,87537,1200734,223569,1424303
2015-03-01,1,TPG,47,678,818196,12878633453,5574682686,18453316139
2015-03-01,1,RPG,15,143,166973,3069192763,3003334679,6072527442
2015-03-01,1,UG,196,2855,4341793,62515163438,18926491828,81441655266
2015-03-01,1,Alumni,6,55,45591,65301515,3740733,69042248
2015-03-01,1,Others(HKUST),4,26,102814,1277528,1641911,2919439
2015-03-01,1,Non-HKUST,5,23,29769,17167268,2084985,19252253
2015-03-01,1,Total,286,4105,5592673,78547936699,27512200391,106060137090
2015-03-01,G,Staff,38,166,244760,137666578,6939621,144606199
2015-03-01,G,TPG,174,1082,1106891,137622855,24048871,161671726
2015-03-01,G,RPG,72,348,425875,3573162,2354916,5928078
2015-03-01,G,UG,428,2340,2310771,6299934348,1603068939,7903003287
2015-03-01,G,Alumni,25,92,54673,1625277,564919,2190196
2015-03-01,G,Others(HKUST),9,112,164753,172345711,60842015,233187726
2015-03-01,G,Non-HKUST,22,84,42600,16656472,1737330,18393802
2015-03-01,G,Total,768,4224,4350323,6769424403,1699556611,8468981014
2015-03-01,LG1,Staff,37,259,187688,74377367,4049275,78426642
2015-03-01,LG1,TPG,353,5294,6271206,72492464883,6470064372,78962529255
2015-03-01,LG1,RPG,116,1469,1809795,2144549656,2756155508,4900705164
2015-03-01,LG1,UG,897,13174,15447668,40064344316,30056265056,70120609372
2015-03-01,LG1,Alumni,31,313,308836,0,0,0
2015-03-01,LG1,Others(HKUST),7,223,561661,241863035,53230351,295093386
2015-03-01,LG1,Non-HKUST,37,280,231033,716561451,174422334,890983785
2015-03-01,LG1,Total,1478,21012,24817887,115734160708,39514186896,155248347604
2015-03-01,LG3,Staff,28,111,159647,98011720,5698685,103710405
2015-03-01,LG3,TPG,164,1301,1703930,1993102919,298913744,2292016663
2015-03-01,LG3,RPG,77,470,501928,642048266,83862495,725910761
2015-03-01,LG3,UG,384,1962,2358860,6156784041,379650889,6536434930
2015-03-01,LG3,Alumni,24,281,308524,626914351,57715765,684630116
2015-03-01,LG3,Others(HKUST),4,14,17817,0,0,0
2015-03-01,LG3,Non-HKUST,25,229,241732,462506465,30163434,492669899
2015-03-01,LG3,Total,706,4368,5292438,9979367762,856005012,10835372774
2015-03-01,LG4,Staff,24,56,40739,0,0,0
2015-03-01,LG4,TPG,154,2041,3156385,7868348386,3076737949,10945086335
2015-03-01,LG4,RPG,83,463,524416,1169493034,164347678,1333840712
2015-03-01,LG4,UG,386,3019,3236577,4363335469,414487004,4777822473
2015-03-01,LG4,Alumni,30,424,426961,225,0,225
2015-03-01,LG4,Others(HKUST),6,145,249091,836828,360096,1196924
2015-03-01,LG4,Non-HKUST,30,207,168737,55083180,3575040,58658220
2015-03-01,LG4,Total,713,6355,7802906,13457097122,3659507767,17116604889
2015-03-01,All-Floors,Staff,92,917,720371,311256399,16911150,328167549
2015-03-01,All-Floors,TPG,427,10396,13056608,95370172496,15444447622,110814620118
2015-03-01,All-Floors,RPG,201,2893,3428987,7028856881,6010055276,13038912157
2015-03-01,All-Floors,UG,1185,23350,27695669,119399561612,51379963716,170779525328
2015-03-01,All-Floors,Alumni,55,1165,1144585,693841368,62021417,755862785
2015-03-01,All-Floors,Others(HKUST),14,520,1096136,416323102,116074373,532397475
2015-03-01,All-Floors,Non-HKUST,68,823,713871,1267974836,211983123,1479957959
2015-03-01,All-Floors,Total,2042,40064,47856227,224487986694,73241456677,297729443371
2015-03-02,1,Staff,63,2624,684337,7013008309,329685841,7342694150
2015-03-02,1,TPG,109,4935,1292055,29574659690,2689926002,32264585692
2015-03-02,1,RPG,27,775,250891,39255972519,1230178521,40486151040
2015-03-02,1,UG,756,21598,5844277,370836682695,49508331660,420345014355
2015-03-02,1,Alumni,7,89,28483,32499917,6936017,39435934
2015-03-02,1,Others(HKUST),7,210,112367,411433180,191097322,602530502
2015-03-02,1,Non-HKUST,23,381,103422,2048954927,307453303,2356408230
2015-03-02,1,Total,992,30612,8315832,449173211237,54263608666,503436819903
2015-03-02,G,Staff,119,2123,588053,3389345048,297016404,3686361452
2015-03-02,G,TPG,362,4487,957422,4463340496,347038895,4810379391
2015-03-02,G,RPG,132,1247,393048,6256544400,196195085,6452739485
2015-03-02,G,UG,1748,16929,3754431,30806096932,8018365311,38824462243
2015-03-02,G,Alumni,12,42,23949,48223,50100,98323
2015-03-02,G,Others(HKUST),15,440,125397,618314616,480260592,1098575208
2015-03-02,G,Non-HKUST,26,226,38992,13907261188,552142804,14459403992
2015-03-02,G,Total,2414,25494,5881292,59440950903,9891069191,69332020094
2015-03-02,LG1,Staff,114,1212,319630,66352097,11002264,77354361
2015-03-02,LG1,TPG,517,17795,4922898,152950019802,533870483189,686820502991
2015-03-02,LG1,RPG,189,3706,1365164,5131365612,438562490,5569928102
2015-03-02,LG1,UG,2580,54545,18196246,88165500527,16570063142,104735563669
2015-03-02,LG1,Alumni,17,240,76560,252669747,107571064,360240811
2015-03-02,LG1,Others(HKUST),14,741,425021,106625282,88374391,194999673
2015-03-02,LG1,Non-HKUST,54,616,200714,5656943439,478642423,6135585862
2015-03-02,LG1,Total,3485,78855,25506233,252329476506,551564698963,803894175469
2015-03-02,LG3,Staff,82,1188,229634,6187635669,117573867619,123761503288
2015-03-02,LG3,TPG,283,7754,1823688,59710287502,3360436654,63070724156
2015-03-02,LG3,RPG,109,2231,757611,23474850497,3205593239,26680443736
2015-03-02,LG3,UG,1063,13404,3180942,26086268165,1484548781,27570816946
2015-03-02,LG3,Alumni,7,132,62762,288365,110517,398882
2015-03-02,LG3,Others(HKUST),6,51,7991,0,0,0
2015-03-02,LG3,Non-HKUST,23,256,73018,138474709,14507690,152982399
2015-03-02,LG3,Total,1573,25016,6135646,115597804907,125639064500,241236869407
2015-03-02,LG4,Staff,87,810,173865,36331336815,2024285892,38355622707
2015-03-02,LG4,TPG,315,16025,3998191,99313651976,16539846852,115853498828
2015-03-02,LG4,RPG,134,3272,881152,30326775656,1435323413,31762099069
2015-03-02,LG4,UG,1391,26833,6988596,57753015535,3957483636,61710499171
2015-03-02,LG4,Alumni,13,604,129921,31367352195,2113630203,33480982398
2015-03-02,LG4,Others(HKUST),10,360,160044,4373756030,1705869099,6079625129
2015-03-02,LG4,Non-HKUST,26,495,161731,778312,356788,1135100
2015-03-02,LG4,Total,1976,48399,12493500,259466666519,27776795883,287243462402
2015-03-02,All-Floors,Staff,264,7957,1995519,52987677938,120235858020,173223535958
2015-03-02,All-Floors,TPG,726,50996,12994254,346011959466,556807731592,902819691058
2015-03-02,All-Floors,RPG,333,11231,3647866,104445508684,6505852748,110951361432
2015-03-02,All-Floors,UG,4001,133309,37964492,573647563854,79538792530,653186356384
2015-03-02,All-Floors,Alumni,33,1107,321675,31652858447,2228297901,33881156348
2015-03-02,All-Floors,Others(HKUST),29,1802,830820,5510129108,2465601404,7975730512
2015-03-02,All-Floors,Non-HKUST,92,1974,577877,21752412575,1353103008,23105515583
2015-03-02,All-Floors,Total,5478,208376,58332503,1136008110072,769135237203,1905143347275
2015-03-03,1,Staff,74,988,1203929,12343561226,441871511,12785432737
2015-03-03,1,TPG,107,1348,1513681,14851096607,3977883068,18828979675
2015-03-03,1,RPG,20,276,353608,505845518,24983575,530829093
2015-03-03,1,UG,680,7687,7777595,97720959462,10801509742,108522469204
2015-03-03,1,Alumni,4,31,30028,537427,4167,541594
2015-03-03,1,Others(HKUST),8,105,139589,27313493,1021282146,1048595639
2015-03-03,1,Non-HKUST,11,61,74885,113582367,17966543,131548910
2015-03-03,1,Total,904,10496,11093315,125562896100,16285500752,141848396852
2015-03-03,G,Staff,127,950,802440,2244532060,112065226,2356597286
2015-03-03,G,TPG,399,2673,1712937,3516195671,533211936,4049407607
2015-03-03,G,RPG,125,711,605279,9512831187,393624461,9906455648
2015-03-03,G,UG,1528,7961,5068825,9396768179,1823231267,11219999446
2015-03-03,G,Alumni,13,81,50099,0,0,0
2015-03-03,G,Others(HKUST),17,167,157034,20213449638,1121795553,21335245191
2015-03-03,G,Non-HKUST,21,97,101584,0,0,0
2015-03-03,G,Total,2230,12640,8498198,44883776735,3983928443,48867705178
2015-03-03,LG1,Staff,107,602,485278,1137868439,33800364,1171668803
2015-03-03,LG1,TPG,543,6652,6289894,14424311682,2215701623,16640013305
2015-03-03,LG1,RPG,160,1432,1324703,3129864216,295448668,3425312884
2015-03-03,LG1,UG,2398,24618,21333305,102100265687,11938129167,114038394854
2015-03-03,LG1,Alumni,14,155,138972,28942090,6436382,35378472
2015-03-03,LG1,Others(HKUST),17,268,435419,10082594075,293004328,10375598403
2015-03-03,LG1,Non-HKUST,50,321,329567,11707219005,973531263,12680750268
2015-03-03,LG1,Total,3289,34048,30337138,142611065194,15756051795,158367116989
2015-03-03,LG3,Staff,81,401,291304,73898776,12080927,85979703
2015-03-03,LG3,TPG,280,2737,2592365,19048610236,3080270223,22128880459
2015-03-03,LG3,RPG,107,936,965146,206365157,287142805,493507962
2015-03-03,LG3,UG,1044,6198,5056777,21172057321,2340042626,23512099947
2015-03-03,LG3,Alumni,9,68,69409,0,0,0
2015-03-03,LG3,Others(HKUST),9,91,40927,898220,382702,1280922
2015-03-03,LG3,Non-HKUST,13,110,83505,0,0,0
2015-03-03,LG3,Total,1543,10541,9099433,40501829710,5719919283,46221748993
2015-03-03,LG4,Staff,103,525,305432,2231391156,9317919614,11549310770
2015-03-03,LG4,TPG,307,5376,4894104,7929766763,1466312721,9396079484
2015-03-03,LG4,RPG,131,1213,1221863,6025883188,4672154818,10698038006
2015-03-03,LG4,UG,1226,9508,7417949,33619607250,3548228458,37167835708
2015-03-03,LG4,Alumni,12,198,222443,6327570,4366715,10694285
2015-03-03,LG4,Others(HKUST),12,272,360196,12175151895,7938604721,20113756616
2015-03-03,LG4,Non-HKUST,26,200,116851,175941383,10842555,186783938
2015-03-03,LG4,Total,1817,17292,14538838,62164069205,26958429602,89122498807
2015-03-03,All-Floors,Staff,284,3466,3088383,18031251657,9917737642,27948989299
2015-03-03,All-Floors,TPG,763,18786,17002981,59769980959,11273379571,71043360530
2015-03-03,All-Floors,RPG,315,4568,4470599,19380789266,5673354327,25054143593
2015-03-03,All-Floors,UG,3779,55972,46654451,264009657899,30451141260,294460799159
2015-03-03,All-Floors,Alumni,33,533,510951,35807087,10807264,46614351
2015-03-03,All-Floors,Others(HKUST),30,903,1133165,42499407321,10375069450,52874476771
2015-03-03,All-Floors,Non-HKUST,80,789,706392,11996742755,1002340361,12999083116
2015-03-03,All-Floors,Total,5284,85017,73566922,415723636944,68703829875,484427466819
2015-03-04,1,Staff,63,858,940909,622821919,28176254,650998173
2015-03-04,1,TPG,93,1302,1401855,35503956608,3704158000,39208114608
2015-03-04,1,RPG,18,215,201778,217246596,26550301,243796897
2015-03-04,1,UG,681,8668,7702305,112538459904,8848516759,121386976663
2015-03-04,1,Alumni,4,36,54665,228938871,21124173,250063044
2015-03-04,1,Others(HKUST),6,71,77522,466610612,117642446,584253058
2015-03-04,1,Non-HKUST,14,127,119707,276765801,41911152,318676953
2015-03-04,1,Total,879,11277,10498741,149854800311,12788079085,162642879396
2015-03-04,G,Staff,115,725,584530,44857939,19148932,64006871
2015-03-04,G,TPG,342,2114,1290705,3564385271,433741846,3998127117
2015-03-04,G,RPG,117,563,477723,5364479514,282313271,5646792785
2015-03-04,G,UG,1467,7318,4786095,5830768829,1009004050,6839772879
2015-03-04,G,Alumni,10,71,54957,222781151,20958758,243739909
2015-03-04,G,Others(HKUST),11,80,127173,15161321,11481102,26642423
2015-03-04,G,Non-HKUST,20,107,66013,1497833441,54022054,1551855495
2015-03-04,G,Total,2082,10978,7387196,16540267466,1830670013,18370937479
2015-03-04,LG1,Staff,117,623,455079,395185059,78320635,473505694
2015-03-04,LG1,TPG,499,6099,6137598,13603739344,5456296723,19060036067
2015-03-04,LG1,RPG,192,1425,1662287,5307433058,2271123844,7578556902
2015-03-04,LG1,UG,2430,24412,22401617,47661483635,9785604311,57447087946
2015-03-04,LG1,Alumni,21,130,141288,77130498,45293052,122423550
2015-03-04,LG1,Others(HKUST),11,221,380175,67876258,11589639,79465897
2015-03-04,LG1,Non-HKUST,35,201,126405,395237678,29489494,424727172
2015-03-04,LG1,Total,3305,33111,31304449,67508085530,17677717698,85185803228
2015-03-04,LG3,Staff,97,459,289347,849863171,226483820,1076346991
2015-03-04,LG3,TPG,266,2524,2516216,5066177752,461192163,5527369915
2015-03-04,LG3,RPG,122,920,1193272,6902721049,559564767,7462285816
2015-03-04,LG3,UG,989,6285,5134901,5661331629,759639613,6420971242
2015-03-04,LG3,Alumni,6,70,41720,0,0,0
2015-03-04,LG3,Others(HKUST),7,17,17468,0,0,0
2015-03-04,LG3,Non-HKUST,12,47,46319,0,0,0
2015-03-04,LG3,Total,1499,10322,9239243,18480093601,2006880363,20486973964
2015-03-04,LG4,Staff,106,454,241146,130030376,24600364,154630740
2015-03-04,LG4,TPG,289,4656,4547863,15744425148,9791823597,25536248745
2015-03-04,LG4,RPG,127,1331,1369639,4263938963,351372869,4615311832
2015-03-04,LG4,UG,1310,10319,9151596,45432580089,7355805236,52788385325
2015-03-04,LG4,Alumni,15,200,218520,1066979067,176320554,1243299621
2015-03-04,LG4,Others(HKUST),11,234,178412,7445856098,2571496164,10017352262
2015-03-04,LG4,Non-HKUST,25,158,128401,27960004,2556089,30516093
2015-03-04,LG4,Total,1883,17352,15835577,74111769745,20273974873,94385744618
2015-03-04,All-Floors,Staff,289,3119,2511011,2042758464,376730005,2419488469
2015-03-04,All-Floors,TPG,730,16695,15894237,73482684123,19847212329,93329896452
2015-03-04,All-Floors,RPG,332,4454,4904699,22055819180,3490925052,25546744232
2015-03-04,All-Floors,UG,3853,57002,49176514,217124624086,27758569969,244883194055
2015-03-04,All-Floors,Alumni,33,507,511150,1595829587,263696537,1859526124
2015-03-04,All-Floors,Others(HKUST),23,623,780750,7995504289,2712209351,10707713640
2015-03-04,All-Floors,Non-HKUST,77,640,486845,2197796924,127978789,2325775713
2015-03-04,All-Floors,Total,5337,83040,74265206,326495016653,54577322032,381072338685
2015-03-05,1,Staff,59,654,854468,509922389,84162942,594085331
2015-03-05,1,TPG,90,1357,1597859,52261698645,15856384447,68118083092
2015-03-05,1,RPG,26,155,157733,578016289,106662551,684678840
2015-03-05,1,UG,685,7124,7271334,57946836552,9101419713,67048256265
2015-03-05,1,Alumni,4,14,9574,0,0,0
2015-03-05,1,Others(HKUST),6,58,51637,657066,500802,1157868
2015-03-05,1,Non-HKUST,12,77,103838,402510852,27141931,429652783
2015-03-05,1,Total,882,9439,10046443,111699641793,25176272386,136875914179
2015-03-05,G,Staff,118,685,636132,5532280,1313071,6845351
2015-03-05,G,TPG,305,1811,1389511,9207755932,5310388803,14518144735
2015-03-05,G,RPG,122,673,514867,3370121219,324205795,3694327014
2015-03-05,G,UG,1481,7132,4594295,7559135951,1004531718,8563667669
2015-03-05,G,Alumni,9,40,15909,0,0,0
2015-03-05,G,Others(HKUST),17,76,142787,66452047,21723711,88175758
2015-03-05,G,Non-HKUST,22,66,56217,1035026,366074,1401100
2015-03-05,G,Total,2074,10483,7349718,20210032455,6662529172,26872561627
2015-03-05,LG1,Staff,101,432,321918,161979478,455216803,617196281
2015-03-05,LG1,TPG,475,5491,4956887,8721346146,7403561064,16124907210
2015-03-05,LG1,RPG,170,1524,1543231,5017825716,268976961,5286802677
2015-03-05,LG1,UG,2425,24605,21014805,58888314504,12346946277,71235260781
2015-03-05,LG1,Alumni,15,186,136595,0,0,0
2015-03-05,LG1,Others(HKUST),11,185,453313,24946212,20883844,45830056
2015-03-05,LG1,Non-HKUST,44,167,127846,107593261,35428477,143021738
2015-03-05,LG1,Total,3241,32590,28554595,72922005317,20531013426,93453018743
2015-03-05,LG3,Staff,94,445,322959,70101301,6943880,77045181
2015-03-05,LG3,TPG,261,2006,2202105,27396523858,31252551051,58649074909
2015-03-05,LG3,RPG,118,911,1015033,9111518761,398326419,9509845180
2015-03-05,LG3,UG,1066,5594,4461281,16231988384,655839954,16887828338
2015-03-05,LG3,Alumni,11,73,46498,0,0,0
2015-03-05,LG3,Others(HKUST),16,52,25719,7806,21026,28832
2015-03-05,LG3,Non-HKUST,20,74,56712,14018599,1351039,15369638
2015-03-05,LG3,Total,1586,9155,8130307,52824158709,32315033369,85139192078
2015-03-05,LG4,Staff,113,786,504885,283637020,11151084,294788104
2015-03-05,LG4,TPG,282,3741,3754237,12451875870,3123587452,15575463322
2015-03-05,LG4,RPG,163,1301,1249244,12792796558,695638919,13488435477
2015-03-05,LG4,UG,1324,10533,8316005,25908100257,2963968875,28872069132
2015-03-05,LG4,Alumni,15,213,243326,1045202532,90826737,1136029269
2015-03-05,LG4,Others(HKUST),9,165,254576,19774458659,5639716063,25414174722
2015-03-05,LG4,Non-HKUST,24,201,184777,0,0,0
2015-03-05,LG4,Total,1930,16940,14507050,72256070896,12524889130,84780960026
2015-03-05,All-Floors,Staff,298,3002,2640362,1031172468,558787780,1589960248
2015-03-05,All-Floors,TPG,688,14406,13900599,110039200451,62946472817,172985673268
2015-03-05,All-Floors,RPG,354,4564,4480108,30870278543,1793810645,32664089188
2015-03-05,All-Floors,UG,3841,54988,45657720,166534375648,26072706537,192607082185
2015-03-05,All-Floors,Alumni,30,526,451902,1045202532,90826737,1136029269
2015-03-05,All-Floors,Others(HKUST),33,536,928032,19866521790,5682845446,25549367236
2015-03-05,All-Floors,Non-HKUST,74,585,529390,525157738,64287521,589445259
2015-03-05,All-Floors,Total,5318,78607,68588113,329911909170,97209737483,427121646653
2015-03-06,1,Staff,62,673,777131,4221049041,166280818,4387329859
2015-03-06,1,TPG,65,948,1193614,67771859450,19450382949,87222242399
2015-03-06,1,RPG,13,109,132554,278852048,48431223,327283271
2015-03-06,1,UG,587,6292,6472444,82287321777,12991710598,95279032375
2015-03-06,1,Alumni,0,0,0,0,0,0
2015-03-06,1,Others(HKUST),6,89,65012,96937,87381,184318
2015-03-06,1,Non-HKUST,14,82,52572,122980890,12528403,135509293
2015-03-06,1,Total,747,8193,8693327,154682160143,32669421372,187351581515
2015-03-06,G,Staff,119,694,660438,942090693,26503368,968594061
2015-03-06,G,TPG,302,1515,1366847,364330822,823508986,1187839808
2015-03-06,G,RPG,121,519,533255,156410857,11696257,168107114
2015-03-06,G,UG,1281,5810,4321726,5017478929,483386306,5500865235
2015-03-06,G,Alumni,13,43,34627,0,0,0
2015-03-06,G,Others(HKUST),14,139,231018,226271946,29808106,256080052
2015-03-06,G,Non-HKUST,22,100,65252,1794,1632,3426
2015-03-06,G,Total,1872,8820,7213163,6706585041,1374904655,8081489696
2015-03-06,LG1,Staff,112,621,418178,651554960,17407143,668962103
2015-03-06,LG1,TPG,441,5048,6182278,5736821693,3778946012,9515767705
2015-03-06,LG1,RPG,168,1404,1685164,5365818643,262961307,5628779950
2015-03-06,LG1,UG,2059,18587,18702626,28581828704,6877947223,35459775927
2015-03-06,LG1,Alumni,16,149,138395,6842140,274300,7116440
2015-03-06,LG1,Others(HKUST),11,222,518555,47260785,37286814,84547599
2015-03-06,LG1,Non-HKUST,41,302,398612,3975985154,144476538,4120461692
2015-03-06,LG1,Total,2848,26333,28043808,44366112079,11119299337,55485411416
2015-03-06,LG3,Staff,81,422,375111,4333738659,564861496,4898600155
2015-03-06,LG3,TPG,242,1953,2383593,7281747310,8892809475,16174556785
2015-03-06,LG3,RPG,116,783,1060408,523964655,72648642,596613297
2015-03-06,LG3,UG,861,3909,3271248,7010131835,370799113,7380930948
2015-03-06,LG3,Alumni,11,67,78047,2109221615,137098512,2246320127
2015-03-06,LG3,Others(HKUST),10,38,39548,0,0,0
2015-03-06,LG3,Non-HKUST,13,122,165868,1689700,908388,2598088
2015-03-06,LG3,Total,1334,7294,7373823,21260493774,10039125626,31299619400
2015-03-06,LG4,Staff,102,389,289836,4909127792,591664360,5500792152
2015-03-06,LG4,TPG,255,3345,4156799,17833476840,3447118688,21280595528
2015-03-06,LG4,RPG,136,772,883590,205090537,32306993,237397530
2015-03-06,LG4,UG,1118,6173,5822448,10117504155,5246235536,15363739691
2015-03-06,LG4,Alumni,12,207,234841,903120010,64430181,967550191
2015-03-06,LG4,Others(HKUST),13,179,255822,30938677358,3308477012,34247154370
2015-03-06,LG4,Non-HKUST,19,69,55578,198592,100013,298605
2015-03-06,LG4,Total,1655,11134,11698914,64907195284,12690332783,77597528067
2015-03-06,All-Floors,Staff,286,2799,2520694,15057561145,1366717185,16424278330
2015-03-06,All-Floors,TPG,622,12809,15283131,98988236115,36392766110,135381002225
2015-03-06,All-Floors,RPG,328,3587,4294971,6530136740,428044422,6958181162
2015-03-06,All-Floors,UG,3439,40771,38590492,133014265400,25970078776,158984344176
2015-03-06,All-Floors,Alumni,31,466,485910,3019183765,201802993,3220986758
2015-03-06,All-Floors,Others(HKUST),30,667,1109955,31212307026,3375659313,34587966339
2015-03-06,All-Floors,Non-HKUST,72,675,737882,4100856130,158014974,4258871104
2015-03-06,All-Floors,Total,4808,61774,63023035,291922546321,67893083773,359815630094
2015-03-07,1,Staff,15,204,176005,1489341,902034,2391375
2015-03-07,1,TPG,64,854,1174420,16174059248,970542276,17144601524
2015-03-07,1,RPG,14,59,72150,891502203,115894149,1007396352
2015-03-07,1,UG,144,1669,2668757,47979793006,6228631985,54208424991
2015-03-07,1,Alumni,2,4,7442,0,0,0
2015-03-07,1,Others(HKUST),2,50,24858,91946,27573,119519
2015-03-07,1,Non-HKUST,10,103,113318,7802147368,897915645,8700063013
2015-03-07,1,Total,251,2943,4236950,72849083112,8213913662,81062996774
2015-03-07,G,Staff,38,153,189897,39530925,2141650,41672575
2015-03-07,G,TPG,219,1144,1153286,2613630636,4415340586,7028971222
2015-03-07,G,RPG,92,406,457548,176159863,15324613,191484476
2015-03-07,G,UG,343,1681,2137916,4314672078,2052657742,6367329820
2015-03-07,G,Alumni,29,93,99056,0,0,0
2015-03-07,G,Others(HKUST),12,78,182091,1127056,813070,1940126
2015-03-07,G,Non-HKUST,19,69,92065,515020677,20631017,535651694
2015-03-07,G,Total,752,3624,4311859,7660141235,6506908678,14167049913
2015-03-07,LG1,Staff,48,207,348679,25028521,6632283,31660804
2015-03-07,LG1,TPG,398,4550,6867857,11096456232,5719006296,16815462528
2015-03-07,LG1,RPG,128,1119,1814866,5689547152,679665068,6369212220
2015-03-07,LG1,UG,807,8616,13708101,25323968652,2733155807,28057124459
2015-03-07,LG1,Alumni,34,329,382205,854628704,75609855,930238559
2015-03-07,LG1,Others(HKUST),10,179,554765,5473506,3934040,9407546
2015-03-07,LG1,Non-HKUST,32,164,167142,16659524,2335677,18995201
2015-03-07,LG1,Total,1457,15164,23843615,43011762291,9220339026,52232101317
2015-03-07,LG3,Staff,33,149,187519,8389277,4054083,12443360
2015-03-07,LG3,TPG,172,1073,1550549,7504018054,4544876455,12048894509
2015-03-07,LG3,RPG,77,564,719695,1794471286,429705068,2224176354
2015-03-07,LG3,UG,295,1123,1637941,11363863063,2114196735,13478059798
2015-03-07,LG3,Alumni,30,321,382205,23451947,4598864,28050811
2015-03-07,LG3,Others(HKUST),10,48,59661,110110498,22291235,132401733
2015-03-07,LG3,Non-HKUST,15,151,204795,930449,882551,1813000
2015-03-07,LG3,Total,632,3429,4742365,20805234574,7120604991,27925839565
2015-03-07,LG4,Staff,38,129,184271,3644735,799147,4443882
2015-03-07,LG4,TPG,181,1622,2714754,5964460330,2028247305,7992707635
2015-03-07,LG4,RPG,90,671,697045,69963144,11813546,81776690
2015-03-07,LG4,UG,321,1363,1967400,2640627923,319617691,2960245614
2015-03-07,LG4,Alumni,29,327,559922,80247720,13609290,93857010
2015-03-07,LG4,Others(HKUST),7,141,363808,61440,24552,85992
2015-03-07,LG4,Non-HKUST,16,131,150964,335722,171152,506874
2015-03-07,LG4,Total,682,4384,6638164,8759341014,2374282683,11133623697
2015-03-07,All-Floors,Staff,104,842,1086371,78082799,14529197,92611996
2015-03-07,All-Floors,TPG,552,9243,13460866,43352624500,17678012918,61030637418
2015-03-07,All-Floors,RPG,241,2819,3761304,8621643648,1252402444,9874046092
2015-03-07,All-Floors,UG,1190,14452,22120115,91622924722,13448259960,105071184682
2015-03-07,All-Floors,Alumni,65,1074,1430830,958328371,93818009,1052146380
2015-03-07,All-Floors,Others(HKUST),21,496,1185183,116864446,27090470,143954916
2015-03-07,All-Floors,Non-HKUST,61,618,728284,8335093740,921936042,9257029782
2015-03-07,All-Floors,Total,2234,29544,43772953,153085562226,33436049040,186521611266
2015-03-08,1,Staff,14,93,93844,45948591,4771041,50719632
2015-03-08,1,TPG,65,909,1339764,36970001923,2632991017,39602992940
2015-03-08,1,RPG,15,103,132974,6495426376,978658312,7474084688
2015-03-08,1,UG,192,2213,3502697,24379935523,8065668613,32445604136
2015-03-08,1,Alumni,12,187,155580,6052361540,262276422,6314637962
2015-03-08,1,Others(HKUST),2,30,69627,3162498903,458079863,3620578766
2015-03-08,1,Non-HKUST,8,63,127426,2652385462,538068438,3190453900
2015-03-08,1,Total,308,3598,5421912,79758558318,12940513706,92699072024
2015-03-08,G,Staff,38,208,157740,76549267,6835397,83384664
2015-03-08,G,TPG,207,1086,1165307,1067993482,263947258,1331940740
2015-03-08,G,RPG,93,336,390064,16457080,1710369,18167449
2015-03-08,G,UG,468,2637,2312531,5583021155,1035110581,6618131736
2015-03-08,G,Alumni,38,146,124281,21410664,4277222,25687886
2015-03-08,G,Others(HKUST),8,139,216644,20874135,5920732,26794867
2015-03-08,G,Non-HKUST,15,161,110698,0,0,0
2015-03-08,G,Total,867,4713,4477265,6786305783,1317801559,8104107342
2015-03-08,LG1,Staff,34,165,338680,1432528545,124701090,1557229635
2015-03-08,LG1,TPG,384,5579,8041679,19165896752,7710369650,26876266402
2015-03-08,LG1,RPG,165,1682,2193532,5199669070,504762732,5704431802
2015-03-08,LG1,UG,1114,12891,18164832,31372674847,3684976733,35057651580
2015-03-08,LG1,Alumni,41,289,263243,2196591191,106830424,2303421615
2015-03-08,LG1,Others(HKUST),8,155,504342,25691605,6239948,31931553
2015-03-08,LG1,Non-HKUST,32,240,262145,447027,460712,907739
2015-03-08,LG1,Total,1778,21001,29768453,59393499037,12138341289,71531840326
2015-03-08,LG3,Staff,34,208,165512,35048,8408,43456
2015-03-08,LG3,TPG,184,1352,1913204,26983469106,1607795219,28591264325
2015-03-08,LG3,RPG,86,610,851841,891088942,678217143,1569306085
2015-03-08,LG3,UG,427,2006,2150885,958788975,295067565,1253856540
2015-03-08,LG3,Alumni,33,293,329839,2282499388,103320874,2385820262
2015-03-08,LG3,Others(HKUST),6,12,2909,63675,60075,123750
2015-03-08,LG3,Non-HKUST,25,155,224510,62706,67889,130595
2015-03-08,LG3,Total,795,4636,5638700,31116007840,2684537173,33800545013
2015-03-08,LG4,Staff,33,172,171631,95676,28512,124188
2015-03-08,LG4,TPG,180,1933,3179444,23296893056,2436775693,25733668749
2015-03-08,LG4,RPG,98,432,475594,15370435,3223519,18593954
2015-03-08,LG4,UG,430,2678,3675752,14801559229,5801825436,20603384665
2015-03-08,LG4,Alumni,43,538,698065,2994348233,130389454,3124737687
2015-03-08,LG4,Others(HKUST),8,92,243344,12935,10984,23919
2015-03-08,LG4,Non-HKUST,22,128,189913,423705834,135684726,559390560
2015-03-08,LG4,Total,814,5973,8633743,41531985398,8507938324,50039923722
2015-03-08,All-Floors,Staff,83,846,927407,1555157127,136344448,1691501575
2015-03-08,All-Floors,TPG,464,10859,15639398,107484254319,14651878837,122136133156
2015-03-08,All-Floors,RPG,274,3163,4044005,12618011903,2166572075,14784583978
2015-03-08,All-Floors,UG,1455,22425,29806697,77095979729,18882648928,95978628657
2015-03-08,All-Floors,Alumni,73,1453,1571008,13547211016,607094396,14154305412
2015-03-08,All-Floors,Others(HKUST),16,428,1036866,3209141253,470311602,3679452855
2015-03-08,All-Floors,Non-HKUST,60,747,914692,3076601029,674281765,3750882794
2015-03-08,All-Floors,Total,2425,39921,53940073,218586356376,37589132051,256175488427
2015-03-09,1,Staff,62,2547,627610,13706553935,425153844,14131707779
2015-03-09,1,TPG,87,4567,1054220,71471487043,7882724966,79354212009
2015-03-09,1,RPG,29,730,227037,35399618770,1135710627,36535329397
2015-03-09,1,UG,756,23195,5166109,347416546937,40959096496,388375643433
2015-03-09,1,Alumni,5,23,7711,283272,147740,431012
2015-03-09,1,Others(HKUST),6,87,20817,0,0,0
2015-03-09,1,Non-HKUST,17,391,72215,702073723,156112384,858186107
2015-03-09,1,Total,962,31540,7175719,468696563680,50558946057,519255509737
2015-03-09,G,Staff,131,2257,507307,1781377724,136604198,1917981922
2015-03-09,G,TPG,353,5379,1143086,10033593354,946628400,10980221754
2015-03-09,G,RPG,129,1497,309451,58694892686,4797244987,63492137673
2015-03-09,G,UG,1529,17868,3602811,19910513220,2064829796,21975343016
2015-03-09,G,Alumni,15,122,42937,0,0,0
2015-03-09,G,Others(HKUST),17,360,104528,568540112,117362887,685902999
2015-03-09,G,Non-HKUST,30,343,46273,51834769,13006331,64841100
2015-03-09,G,Total,2204,27826,5756393,91040751865,8075676599,99116428464
2015-03-09,LG1,Staff,108,1009,200240,145134144,361957266,507091410
2015-03-09,LG1,TPG,518,17943,4457992,229708240786,71397314663,301105555449
2015-03-09,LG1,RPG,168,3513,1038657,70352449997,5458503724,75810953721
2015-03-09,LG1,UG,2601,56169,17257856,464222986454,56433191501,520656177955
2015-03-09,LG1,Alumni,18,231,74487,25743234,743404,26486638
2015-03-09,LG1,Others(HKUST),14,911,411340,126745458,61003079,187748537
2015-03-09,LG1,Non-HKUST,50,370,98756,1484015788,50836100,1534851888
2015-03-09,LG1,Total,3477,80146,23539328,766065315861,133763549737,899828865598
2015-03-09,LG3,Staff,100,825,175524,3043749191,295978809,3339728000
2015-03-09,LG3,TPG,272,6025,1273118,23104171192,8812057381,31916228573
2015-03-09,LG3,RPG,109,2578,730885,27039729485,1250609028,28290338513
2015-03-09,LG3,UG,1142,15758,3288712,210918078079,22228864309,233146942388
2015-03-09,LG3,Alumni,10,280,36633,83351988,18495122,101847110
2015-03-09,LG3,Others(HKUST),12,116,17987,12916396,3792798,16709194
2015-03-09,LG3,Non-HKUST,25,316,50016,75040337,13791337,88831674
2015-03-09,LG3,Total,1670,25898,5572875,264277036668,32623588784,296900625452
2015-03-09,LG4,Staff,131,1577,292612,974275088,115154852,1089429940
2015-03-09,LG4,TPG,336,15641,3102126,280612653486,23479229680,304091883166
2015-03-09,LG4,RPG,170,3208,764225,8898139842,837850348,9735990190
2015-03-09,LG4,UG,1532,30480,6371833,121730226596,24482956280,146213182876
2015-03-09,LG4,Alumni,11,796,158720,18714597717,17273881412,35988479129
2015-03-09,LG4,Others(HKUST),14,604,173606,3390907902,94181742,3485089644
2015-03-09,LG4,Non-HKUST,43,1092,249057,1544269441,721938372,2266207813
2015-03-09,LG4,Total,2237,53398,11112179,435865070072,67005192686,502870262758
2015-03-09,All-Floors,Staff,309,8215,1803293,19651090082,1334848969,20985939051
2015-03-09,All-Floors,TPG,739,49555,11030542,614930145861,112517955090,727448100951
2015-03-09,All-Floors,RPG,366,11526,3070255,200384830780,13479918714,213864749494
2015-03-09,All-Floors,UG,4133,143470,35687321,1164198351286,146168938382,1310367289668
2015-03-09,All-Floors,Alumni,31,1452,320488,18823976211,17293267678,36117243889
2015-03-09,All-Floors,Others(HKUST),32,2078,728278,4099109868,276340506,4375450374
2015-03-09,All-Floors,Non-HKUST,97,2512,516317,3857234058,955684524,4812918582
2015-03-09,All-Floors,Total,5707,218808,53156494,2025944738146,292026953863,2317971692009
2015-03-10,1,Staff,67,791,919472,2023367843,115466905,2138834748
2015-03-10,1,TPG,95,1418,1493021,10639400150,707815532,11347215682
2015-03-10,1,RPG,27,261,396407,11003443548,771104231,11774547779
2015-03-10,1,UG,771,9092,8450486,111377753756,11118563640,122496317396
2015-03-10,1,Alumni,6,38,14627,2771764,504917,3276681
2015-03-10,1,Others(HKUST),3,7,8512,0,0,0
2015-03-10,1,Non-HKUST,15,90,117989,195158117,151185028,346343145
2015-03-10,1,Total,984,11697,11400514,135241895178,12864640253,148106535431
2015-03-10,G,Staff,134,851,793665,1426756293,176162798,1602919091
2015-03-10,G,TPG,383,2281,1569791,3341909758,5616669632,8958579390
2015-03-10,G,RPG,137,514,436753,1326906618,48708411,1375615029
2015-03-10,G,UG,1639,7978,5400945,13232619878,813227411,14045847289
2015-03-10,G,Alumni,9,20,7814,0,0,0
2015-03-10,G,Others(HKUST),15,74,150308,3689475,2741558,6431033
2015-03-10,G,Non-HKUST,27,81,27402,1067067,258557,1325624
2015-03-10,G,Total,2344,11799,8386678,19332949089,6657768367,25990717456
2015-03-10,LG1,Staff,96,404,265135,105586564,7118048,112704612
2015-03-10,LG1,TPG,525,6136,6583140,9411469130,2039933549,11451402679
2015-03-10,LG1,RPG,171,1493,1607254,2701308651,292706829,2994015480
2015-03-10,LG1,UG,2634,25400,24988857,198033254401,50171606955,248204861356
2015-03-10,LG1,Alumni,15,142,214808,342064382,16087032,358151414
2015-03-10,LG1,Others(HKUST),11,182,508349,126815537,9852642,136668179
2015-03-10,LG1,Non-HKUST,62,387,361527,4592486,1684825,6277311
2015-03-10,LG1,Total,3514,34144,34529070,210725091151,52538989880,263264081031
2015-03-10,LG3,Staff,80,335,265527,185385326,7608992,192994318
2015-03-10,LG3,TPG,297,2580,2421238,7063885627,2512117432,9576003059
2015-03-10,LG3,RPG,119,907,1072959,6155328084,576825596,6732153680
2015-03-10,LG3,UG,1096,5910,4500330,26392640351,1536296771,27928937122
2015-03-10,LG3,Alumni,9,96,73343,4443175491,226869220,4670044711
2015-03-10,LG3,Others(HKUST),6,52,34799,1188569355,208878910,1397448265
2015-03-10,LG3,Non-HKUST,20,144,101688,23458924,6332586,29791510
2015-03-10,LG3,Total,1627,10024,8469884,45452443158,5074929507,50527372665
2015-03-10,LG4,Staff,123,561,378964,2712990081,402400930,3115391011
2015-03-10,LG4,TPG,363,5489,5696823,17267907259,13141933874,30409841133
2015-03-10,LG4,RPG,164,1443,1350910,2501706447,978836736,3480543183
2015-03-10,LG4,UG,1509,11969,10054640,24987866713,3884261984,28872128697
2015-03-10,LG4,Alumni,16,297,224500,0,24230583,24230583
2015-03-10,LG4,Others(HKUST),12,301,251375,2270571937,768176444,3038748381
2015-03-10,LG4,Non-HKUST,40,261,313411,115078179,60775729,175853908
2015-03-10,LG4,Total,2227,20321,18270623,49856120616,19260616280,69116736896
2015-03-10,All-Floors,Staff,309,2942,2622763,6454086107,708757673,7162843780
2015-03-10,All-Floors,TPG,759,17904,17764013,47724571924,24018470019,71743041943
2015-03-10,All-Floors,RPG,357,4618,4864283,23688693348,2668181803,26356875151
2015-03-10,All-Floors,UG,4148,60349,53395258,374024135099,67523956761,441548091860
2015-03-10,All-Floors,Alumni,29,593,535092,4788011637,267691752,5055703389
2015-03-10,All-Floors,Others(HKUST),24,616,953343,3589646304,989649554,4579295858
2015-03-10,All-Floors,Non-HKUST,104,963,922017,339354773,220236725,559591498
2015-03-10,All-Floors,Total,5730,87985,81056769,460608499192,96396944287,557005443479
2015-03-11,1,Staff,58,789,963000,4414377711,325904994,4740282705
2015-03-11,1,TPG,99,1494,1700044,34635176369,3377868309,38013044678
2015-03-11,1,RPG,22,182,263562,307266811,447973288,755240099
2015-03-11,1,UG,744,8820,8176120,127690889659,148026207804,275717097463
2015-03-11,1,Alumni,1,4,5953,0,0,0
2015-03-11,1,Others(HKUST),4,48,60832,8418309,2416968,10835277
2015-03-11,1,Non-HKUST,7,48,53705,921564311,81204902,1002769213
2015-03-11,1,Total,935,11385,11223216,167977693170,152261576265,320239269435
2015-03-11,G,Staff,115,642,509760,489272428,31735034,521007462
2015-03-11,G,TPG,344,2399,1672617,695411135,412430127,1107841262
2015-03-11,G,RPG,133,714,501881,1485858252,51117534,1536975786
2015-03-11,G,UG,1628,8165,5108211,12383399398,1387724328,13771123726
2015-03-11,G,Alumni,18,52,29578,18848,15340,34188
2015-03-11,G,Others(HKUST),10,43,150685,26886294,3925476,30811770
2015-03-11,G,Non-HKUST,25,73,36480,1397463845,45694973,1443158818
2015-03-11,G,Total,2273,12088,8009212,16478310200,1932642812,18410953012
2015-03-11,LG1,Staff,115,449,277052,186726187,11997945,198724132
2015-03-11,LG1,TPG,510,6793,6520541,22609001913,5208594969,27817596882
2015-03-11,LG1,RPG,189,1720,1871257,10649724370,2142969619,12792693989
2015-03-11,LG1,UG,2568,27224,23682289,76987761130,15337920677,92325681807
2015-03-11,LG1,Alumni,21,154,176300,634330126,44215152,678545278
2015-03-11,LG1,Others(HKUST),12,121,420780,8073954,5332410,13406364
2015-03-11,LG1,Non-HKUST,41,230,215059,1205790940,90880087,1296671027
2015-03-11,LG1,Total,3456,36691,33163278,112281408620,22841910859,135123319479
2015-03-11,LG3,Staff,77,383,326026,99284108,14100702,113384810
2015-03-11,LG3,TPG,274,2069,1955068,17964835403,2253042095,20217877498
2015-03-11,LG3,RPG,131,1319,1355624,3383736507,331530399,3715266906
2015-03-11,LG3,UG,1085,6227,4594124,11612642997,841010426,12453653423
2015-03-11,LG3,Alumni,15,199,96842,1057260380,645969520,1703229900
2015-03-11,LG3,Others(HKUST),8,38,25099,833721,197340,1031061
2015-03-11,LG3,Non-HKUST,19,187,162380,5814820818,315035046,6129855864
2015-03-11,LG3,Total,1609,10422,8515163,39933413934,4400885528,44334299462
2015-03-11,LG4,Staff,104,512,327833,309279964,26181650,335461614
2015-03-11,LG4,TPG,334,5026,5130104,8505899249,3160928744,11666827993
2015-03-11,LG4,RPG,163,1181,1238891,10791486956,1060839755,11852326711
2015-03-11,LG4,UG,1502,13034,10699886,33833717744,2307144407,36140862151
2015-03-11,LG4,Alumni,18,447,283864,44840471,10160328,55000799
2015-03-11,LG4,Others(HKUST),9,169,172271,8647043,785692,9432735
2015-03-11,LG4,Non-HKUST,30,243,279311,438112484,56897192,495009676
2015-03-11,LG4,Total,2160,20612,18132160,53931983911,6622937768,60554921679
2015-03-11,All-Floors,Staff,282,2775,2403671,5498940398,409920325,5908860723
2015-03-11,All-Floors,TPG,725,17781,16978374,84410324069,14412864244,98823188313
2015-03-11,All-Floors,RPG,377,5116,5231215,26618072896,4034430595,30652503491
2015-03-11,All-Floors,UG,4077,63470,52260630,262508410928,167900007642,430408418570
2015-03-11,All-Floors,Alumni,38,856,592537,1736449825,700360340,2436810165
2015-03-11,All-Floors,Others(HKUST),20,419,829667,52859321,12657886,65517207
2015-03-11,All-Floors,Non-HKUST,78,781,746935,9777752398,589712200,10367464598
2015-03-11,All-Floors,Total,5597,91198,79043029,390602809835,188059953232,578662763067
2015-03-12,1,Staff,60,853,942712,1047465658,80785241,1128250899
2015-03-12,1,TPG,103,1747,1992325,22468143953,2558406829,25026550782
2015-03-12,1,RPG,26,310,401483,4517264509,419953536,4937218045
2015-03-12,1,UG,745,9057,8143405,73033123784,20870344260,93903468044
2015-03-12,1,Alumni,4,44,38921,0,0,0
2015-03-12,1,Others(HKUST),5,50,49315,0,0,0
2015-03-12,1,Non-HKUST,17,119,116064,691762326,103549453,795311779
2015-03-12,1,Total,960,12180,11684225,101757760230,24033039319,125790799549
2015-03-12,G,Staff,125,754,577399,8767649,3331904,12099553
2015-03-12,G,TPG,357,2126,1449402,3874698720,108418365,3983117085
2015-03-12,G,RPG,123,564,410186,397366775,66039888,463406663
2015-03-12,G,UG,1690,8358,5008696,5575846924,1730561506,7306408430
2015-03-12,G,Alumni,9,28,5735,17257256,1994616,19251872
2015-03-12,G,Others(HKUST),12,64,177055,27633953,4107767,31741720
2015-03-12,G,Non-HKUST,20,86,37232,219542,187244,406786
2015-03-12,G,Total,2336,11980,7665705,9901790819,1914641290,11816432109
2015-03-12,LG1,Staff,113,576,406853,3387969,1550934,4938903
2015-03-12,LG1,TPG,516,6499,6780103,14781213018,5410034089,20191247107
2015-03-12,LG1,RPG,167,1325,1223919,2026478218,923738304,2950216522
2015-03-12,LG1,UG,2506,26790,22835207,77163231925,16862114128,94025346053
2015-03-12,LG1,Alumni,13,157,166805,2025126006,74609076,2099735082
2015-03-12,LG1,Others(HKUST),8,176,476002,595833186,36530254,632363440
2015-03-12,LG1,Non-HKUST,47,315,225858,194162144,13547017,207709161
2015-03-12,LG1,Total,3370,35838,32114747,96789432466,23322123802,120111556268
2015-03-12,LG3,Staff,67,324,232356,805473,562500,1367973
2015-03-12,LG3,TPG,265,2448,2450470,16690521612,1997865106,18688386718
2015-03-12,LG3,RPG,110,985,1054347,3878198066,290588854,4168786920
2015-03-12,LG3,UG,1108,6614,5158143,4992282761,509812946,5502095707
2015-03-12,LG3,Alumni,8,69,58143,0,0,0
2015-03-12,LG3,Others(HKUST),6,25,6493,10759356,1319776,12079132
2015-03-12,LG3,Non-HKUST,22,184,149367,7643315903,295882939,7939198842
2015-03-12,LG3,Total,1586,10649,9109319,33215883171,3096032121,36311915292
2015-03-12,LG4,Staff,125,511,327862,144251060,357763588,502014648
2015-03-12,LG4,TPG,298,4344,4504351,16628188828,2944285542,19572474370
2015-03-12,LG4,RPG,134,1019,980059,6875290995,1849746385,8725037380
2015-03-12,LG4,UG,1589,14981,11821883,30297971226,2596287652,32894258878
2015-03-12,LG4,Alumni,12,255,273001,76375527,166620861,242996388
2015-03-12,LG4,Others(HKUST),9,144,180065,154575561,7914456,162490017
2015-03-12,LG4,Non-HKUST,33,287,249629,678650719,29625113,708275832
2015-03-12,LG4,Total,2200,21541,18336850,54855303916,7952243597,62807547513
2015-03-12,All-Floors,Staff,300,3018,2487182,1204677809,443994167,1648671976
2015-03-12,All-Floors,TPG,714,17164,17176651,74442766131,13019009931,87461776062
2015-03-12,All-Floors,RPG,335,4203,4069994,17694598563,3550066967,21244665530
2015-03-12,All-Floors,UG,3987,65800,52967334,191062456620,42569120492,233631577112
2015-03-12,All-Floors,Alumni,25,553,542605,2118758789,243224553,2361983342
2015-03-12,All-Floors,Others(HKUST),25,459,888930,788802056,49872253,838674309
2015-03-12,All-Floors,Non-HKUST,86,991,778150,9208110634,442791766,9650902400
2015-03-12,All-Floors,Total,5472,92188,78910846,296520170602,60318080129,356838250731
2015-03-13,1,Staff,63,616,944252,4981422894,669023613,5650446507
2015-03-13,1,TPG,83,1266,1628208,29412426338,5543038027,34955464365
2015-03-13,1,RPG,21,73,123271,570985326,64913964,635899290
2015-03-13,1,UG,613,5937,6473929,63445415739,9697143103,73142558842
2015-03-13,1,Alumni,2,20,27442,236106108,11155924,247262032
2015-03-13,1,Others(HKUST),6,30,26007,2277266,193163,2470429
2015-03-13,1,Non-HKUST,10,101,95180,20595171,50929983,71525154
2015-03-13,1,Total,798,8043,9318289,98669228842,16036397777,114705626619
2015-03-13,G,Staff,134,594,578728,93493489,11316330,104809819
2015-03-13,G,TPG,315,1753,1567112,542620568,154880643,697501211
2015-03-13,G,RPG,123,602,529019,110491688,12246973,122738661
2015-03-13,G,UG,1311,5747,4510339,2728051322,692940493,3420991815
2015-03-13,G,Alumni,15,60,68186,0,0,0
2015-03-13,G,Others(HKUST),14,82,206884,754534,65705,820239
2015-03-13,G,Non-HKUST,23,127,72256,0,0,0
2015-03-13,G,Total,1935,8965,7532524,3475411601,871450144,4346861745
2015-03-13,LG1,Staff,90,399,265292,185969332,20952312,206921644
2015-03-13,LG1,TPG,500,6594,7460382,28133456236,1724578649,29858034885
2015-03-13,LG1,RPG,153,1373,1738471,17198909493,5962848003,23161757496
2015-03-13,LG1,UG,2197,19842,20269970,84445919106,14500181767,98946100873
2015-03-13,LG1,Alumni,17,111,132893,0,0,0
2015-03-13,LG1,Others(HKUST),16,182,576084,38662858,19452016,58114874
2015-03-13,LG1,Non-HKUST,47,217,164597,0,0,0
2015-03-13,LG1,Total,3020,28718,30607689,130002917025,22228012747,152230929772
2015-03-13,LG3,Staff,59,227,252180,507764865,26549949,534314814
2015-03-13,LG3,TPG,249,2183,2525384,5516227541,369995732,5886223273
2015-03-13,LG3,RPG,112,809,973640,3940444837,358313211,4298758048
2015-03-13,LG3,UG,891,4475,3629360,25597894615,2160343422,27758238037
2015-03-13,LG3,Alumni,10,185,136982,76642114,14130175,90772289
2015-03-13,LG3,Others(HKUST),12,54,16260,0,0,0
2015-03-13,LG3,Non-HKUST,19,266,239597,0,0,0
2015-03-13,LG3,Total,1352,8199,7773403,35638973972,2929332489,38568306461
2015-03-13,LG4,Staff,83,362,238998,268743102,276322847,545065949
2015-03-13,LG4,TPG,281,4055,5129578,52308220891,4438569173,56746790064
2015-03-13,LG4,RPG,145,1006,1060885,3239239330,969499835,4208739165
2015-03-13,LG4,UG,1165,7777,6873380,17068956332,2504656022,19573612354
2015-03-13,LG4,Alumni,11,209,183791,5393702593,193390139,5587092732
2015-03-13,LG4,Others(HKUST),8,184,216744,3143018160,1618181324,4761199484
2015-03-13,LG4,Non-HKUST,31,242,223738,215358513,12950376,228308889
2015-03-13,LG4,Total,1724,13835,13927114,81637238921,10013569716,91650808637
2015-03-13,All-Floors,Staff,275,2198,2279450,6037393682,1004165051,7041558733
2015-03-13,All-Floors,TPG,696,15851,18310664,115912951574,12231062224,128144013798
2015-03-13,All-Floors,RPG,343,3863,4425286,25060070674,7367821986,32427892660
2015-03-13,All-Floors,UG,3546,43778,41756978,193286237114,29555264807,222841501921
2015-03-13,All-Floors,Alumni,32,585,549294,5706450815,218676238,5925127053
2015-03-13,All-Floors,Others(HKUST),29,532,1041979,3184712818,1637892208,4822605026
2015-03-13,All-Floors,Non-HKUST,86,953,795368,235953684,63880359,299834043
2015-03-13,All-Floors,Total,5007,67760,69159019,349423770361,52078762873,401502533234
2015-03-14,1,Staff,10,135,244144,1311812,957977,2269789
2015-03-14,1,TPG,66,774,1227740,12765910184,3334547755,16100457939
2015-03-14,1,RPG,23,126,215946,1526457994,163871112,1690329106
2015-03-14,1,UG,231,2654,4477727,38990824559,15014705586,54005530145
2015-03-14,1,Alumni,7,19,27963,4453203,535947,4989150
2015-03-14,1,Others(HKUST),4,45,43797,13523720,2807016,16330736
2015-03-14,1,Non-HKUST,9,32,75598,20065034606,7970852215,28035886821
2015-03-14,1,Total,350,3785,6312915,73367516078,26488277608,99855793686
2015-03-14,G,Staff,39,166,250732,0,0,0
2015-03-14,G,TPG,244,1225,1332393,751831353,261135057,1012966410
2015-03-14,G,RPG,71,265,271547,2291360,251995,2543355
2015-03-14,G,UG,455,2131,2106684,1617403637,377342643,1994746280
2015-03-14,G,Alumni,31,92,68025,4453203,535947,4989150
2015-03-14,G,Others(HKUST),8,59,214421,60717,77595,138312
2015-03-14,G,Non-HKUST,15,79,44966,0,0,0
2015-03-14,G,Total,863,4017,4288768,2376040270,639343237,3015383507
2015-03-14,LG1,Staff,43,243,263387,73752070,9032674,82784744
2015-03-14,LG1,TPG,405,4906,7048771,29273967569,18115380552,47389348121
2015-03-14,LG1,RPG,128,1146,1552325,2263004803,56472927,2319477730
2015-03-14,LG1,UG,1053,10775,16774529,54372590497,9763381891,64135972388
2015-03-14,LG1,Alumni,40,266,309442,4453203,535947,4989150
2015-03-14,LG1,Others(HKUST),7,170,568667,8039386,3836756,11876142
2015-03-14,LG1,Non-HKUST,33,207,219717,17651423515,15702799052,33354222567
2015-03-14,LG1,Total,1709,17713,26736838,103647231043,43651439799,147298670842
2015-03-14,LG3,Staff,27,88,61402,26835,12666,39501
2015-03-14,LG3,TPG,178,1315,2011521,7383053406,623046508,8006099914
2015-03-14,LG3,RPG,88,674,919930,4172562366,481884689,4654447055
2015-03-14,LG3,UG,361,1930,2242133,3378665027,1669528277,5048193304
2015-03-14,LG3,Alumni,23,166,219393,112451538,48709317,161160855
2015-03-14,LG3,Others(HKUST),9,36,42151,1396801521,216487292,1613288813
2015-03-14,LG3,Non-HKUST,12,73,92392,194520487,28513727,223034214
2015-03-14,LG3,Total,698,4282,5588922,16638081180,3068182476,19706263656
2015-03-14,LG4,Staff,21,95,119231,188147705,26497590,214645295
2015-03-14,LG4,TPG,188,1632,2266134,7263928598,515682661,7779611259
2015-03-14,LG4,RPG,86,436,531559,1630995686,130652833,1761648519
2015-03-14,LG4,UG,428,3105,4096628,4965809188,173403501,5139212689
2015-03-14,LG4,Alumni,28,394,404146,1753708152,137957446,1891665598
2015-03-14,LG4,Others(HKUST),8,99,199383,416186049,17828838,434014887
2015-03-14,LG4,Non-HKUST,15,155,153869,741767983,53975976,795743959
2015-03-14,LG4,Total,774,5916,7770950,16960543361,1055998845,18016542206
2015-03-14,All-Floors,Staff,91,727,938896,263238422,36500907,299739329
2015-03-14,All-Floors,TPG,559,9852,13886559,57438691110,22849792533,80288483643
2015-03-14,All-Floors,RPG,240,2647,3491307,9595312209,833133556,10428445765
2015-03-14,All-Floors,UG,1433,20595,29697701,103325292908,26998361898,130323654806
2015-03-14,All-Floors,Alumni,64,937,1028969,1879519299,188274604,2067793903
2015-03-14,All-Floors,Others(HKUST),18,409,1068419,1834611393,241037497,2075648890
2015-03-14,All-Floors,Non-HKUST,51,546,586542,38652746591,23756140970,62408887561
2015-03-14,All-Floors,Total,2456,35713,50698393,212989411932,74903241965,287892653897
2015-03-15,1,Staff,11,140,214136,4148145,5370282,9518427
2015-03-15,1,TPG,73,1191,1764936,51019806603,3565590779,54585397382
2015-03-15,1,RPG,15,85,135128,1738318969,63257556,1801576525
2015-03-15,1,UG,241,2872,4362014,69142383105,14924604923,84066988028
2015-03-15,1,Alumni,8,52,51142,131027473,456940428,587967901
2015-03-15,1,Others(HKUST),1,10,23927,0,0,0
2015-03-15,1,Non-HKUST,8,52,93215,1131014742,121444238,1252458980
2015-03-15,1,Total,357,4402,6644498,123166699037,19137208206,142303907243
2015-03-15,G,Staff,35,276,244621,516505508,15808838,532314346
2015-03-15,G,TPG,218,1308,1253350,22153974750,2273594087,24427568837
2015-03-15,G,RPG,98,507,595305,2378612817,142609007,2521221824
2015-03-15,G,UG,519,2543,2339496,6870259377,886834536,7757093913
2015-03-15,G,Alumni,31,127,71850,601783,201743,803526
2015-03-15,G,Others(HKUST),6,39,175617,4785,2891,7676
2015-03-15,G,Non-HKUST,20,34,6036,324801336,36998032,361799368
2015-03-15,G,Total,927,4834,4686275,32244760356,3356049134,35600809490
2015-03-15,LG1,Staff,33,257,323959,129824862,4779921,134604783
2015-03-15,LG1,TPG,418,7178,9889412,10142604986,3448191442,13590796428
2015-03-15,LG1,RPG,155,1232,1576581,717882160,39216388,757098548
2015-03-15,LG1,UG,1186,15547,20278680,41991653079,3353619491,45345272570
2015-03-15,LG1,Alumni,36,215,235781,10959637,1755264,12714901
2015-03-15,LG1,Others(HKUST),6,159,506105,2533135,2197292,4730427
2015-03-15,LG1,Non-HKUST,39,222,263764,3526311950,3142196148,6668508098
2015-03-15,LG1,Total,1873,24810,33074282,56521769809,9991955946,66513725755
2015-03-15,LG3,Staff,37,178,164112,89537858,17595065,107132923
2015-03-15,LG3,TPG,226,1804,2381976,3414736141,272696693,3687432834
2015-03-15,LG3,RPG,88,835,1014960,493895225,26577654,520472879
2015-03-15,LG3,UG,489,2233,2384757,6492460065,383857738,6876317803
2015-03-15,LG3,Alumni,26,204,205312,20640266,925853,21566119
2015-03-15,LG3,Others(HKUST),4,6,2619,0,0,0
2015-03-15,LG3,Non-HKUST,24,211,193825,3122249,1252117,4374366
2015-03-15,LG3,Total,894,5471,6347561,10514391804,702905120,11217296924
2015-03-15,LG4,Staff,32,247,308250,32887577,6983126,39870703
2015-03-15,LG4,TPG,206,2688,3853648,17043835003,1207230739,18251065742
2015-03-15,LG4,RPG,126,749,889239,6011091072,1709778394,7720869466
2015-03-15,LG4,UG,543,4151,5217254,48395623950,4216758810,52612382760
2015-03-15,LG4,Alumni,42,614,782719,318861549,31943596,350805145
2015-03-15,LG4,Others(HKUST),6,99,175487,416415,250134,666549
2015-03-15,LG4,Non-HKUST,37,316,445315,316469088,18188777,334657865
2015-03-15,LG4,Total,992,8864,11671912,72119184654,7191133576,79310318230
2015-03-15,All-Floors,Staff,80,1098,1255078,772903950,50537232,823441182
2015-03-15,All-Floors,TPG,502,14169,19143322,103774957483,10767303740,114542261223
2015-03-15,All-Floors,RPG,269,3408,4211213,11339800243,1981438999,13321239242
2015-03-15,All-Floors,UG,1559,27346,34582201,172892379576,23765675498,196658055074
2015-03-15,All-Floors,Alumni,71,1212,1346804,482090708,491766884,973857592
2015-03-15,All-Floors,Others(HKUST),13,313,883755,2954335,2450317,5404652
2015-03-15,All-Floors,Non-HKUST,77,835,1002155,5301719365,3320079312,8621798677
2015-03-15,All-Floors,Total,2571,48381,62424528,294566805660,40379251982,334946057642
2015-03-16,1,Staff,66,1064,1003545,14938043684,279231461,15217275145
2015-03-16,1,TPG,130,2786,2527497,19702048950,4498820452,24200869402
2015-03-16,1,RPG,31,390,418099,4230549685,270388308,4500937993
2015-03-16,1,UG,853,11942,9175965,99947035399,21416668988,121363704387
2015-03-16,1,Alumni,5,37,30865,1597751,466505,2064256
2015-03-16,1,Others(HKUST),7,60,55949,61980438,2270898095,2332878533
2015-03-16,1,Non-HKUST,12,100,66329,26554011,6614831,33168842
2015-03-16,1,Total,1104,16379,13278249,138907809918,28743088640,167650898558
2015-03-16,G,Staff,125,935,742728,133345995,15320673,148666668
2015-03-16,G,TPG,382,3353,1997080,2327764283,273800709,2601564992
2015-03-16,G,RPG,161,945,722619,3275384243,148641396,3424025639
2015-03-16,G,UG,1790,10562,5301827,10983142410,4014911478,14998053888
2015-03-16,G,Alumni,11,67,36424,0,0,0
2015-03-16,G,Others(HKUST),15,109,187557,573456286,40690417,614146703
2015-03-16,G,Non-HKUST,34,234,116340,1162821,210057,1372878
2015-03-16,G,Total,2518,16205,9104575,17294256038,4493574730,21787830768
2015-03-16,LG1,Staff,105,671,330763,281854,345675,627529
2015-03-16,LG1,TPG,565,10084,8193546,23160898676,20357415839,43518314515
2015-03-16,LG1,RPG,183,1983,1642597,16740640602,1492521689,18233162291
2015-03-16,LG1,UG,2801,33945,24507497,87532724108,10675184907,98207909015
2015-03-16,LG1,Alumni,19,135,115399,145194,48704,193898
2015-03-16,LG1,Others(HKUST),17,333,535483,19812630,7739493,27552123
2015-03-16,LG1,Non-HKUST,52,250,144250,2896466,1291350,4187816
2015-03-16,LG1,Total,3742,47401,35469535,127457399530,32534547657,159991947187
2015-03-16,LG3,Staff,88,433,172703,347069464,24543853,371613317
2015-03-16,LG3,TPG,305,3803,2612922,5989258507,2033944781,8023203288
2015-03-16,LG3,RPG,110,1150,1082745,199546386,56967513,256513899
2015-03-16,LG3,UG,1374,9809,5553725,26885268758,4835493124,31720761882
2015-03-16,LG3,Alumni,10,38,25565,23842,5637,29479
2015-03-16,LG3,Others(HKUST),9,33,15144,12213225,1147617,13360842
2015-03-16,LG3,Non-HKUST,28,241,110865,178267056,19248352,197515408
2015-03-16,LG3,Total,1924,15507,9573669,33611647238,6971350877,40582998115
2015-03-16,LG4,Staff,103,736,365400,17208652,2696698,19905350
2015-03-16,LG4,TPG,360,6703,5539870,56365193351,3954828409,60320021760
2015-03-16,LG4,RPG,165,1895,1399170,2521578212,581375375,3102953587
2015-03-16,LG4,UG,1796,20002,13094951,19888978889,1946997708,21835976597
2015-03-16,LG4,Alumni,16,340,301707,3545477418,206809512,3752286930
2015-03-16,LG4,Others(HKUST),13,231,200429,1541042584,17414334608,18955377192
2015-03-16,LG4,Non-HKUST,51,416,389014,2007575006,201328521,2208903527
2015-03-16,LG4,Total,2504,30323,21290541,85887054112,24308370831,110195424943
2015-03-16,All-Floors,Staff,289,3839,2615139,15435949649,322138360,15758088009
2015-03-16,All-Floors,TPG,787,26729,20870915,107545163767,31118810190,138663973957
2015-03-16,All-Floors,RPG,375,6363,5265230,26967699128,2549894281,29517593409
2015-03-16,All-Floors,UG,4339,86260,57633965,245237149564,42889256205,288126405769
2015-03-16,All-Floors,Alumni,34,617,509960,3547244205,207330358,3754574563
2015-03-16,All-Floors,Others(HKUST),31,766,994562,2208505163,19734810230,21943315393
2015-03-16,All-Floors,Non-HKUST,109,1241,826798,2216455360,228693111,2445148471
2015-03-16,All-Floors,Total,5964,125815,88716569,403158166836,97050932735,500209099571
2015-03-17,1,Staff,70,675,990640,6956450231,525393080,7481843311
2015-03-17,1,TPG,126,1632,2829966,92232175314,15717627217,107949802531
2015-03-17,1,RPG,33,241,352471,10267763736,2826155316,13093919052
2015-03-17,1,UG,868,7218,10092067,268116493414,43698314556,311814807970
2015-03-17,1,Alumni,5,13,6474,1351926,684830,2036756
2015-03-17,1,Others(HKUST),7,35,31439,829202099,204961178,1034163277
2015-03-17,1,Non-HKUST,10,81,98525,1164694825,151093681,1315788506
2015-03-17,1,Total,1119,9895,14401582,379568131545,63124229858,442692361403
2015-03-17,G,Staff,134,919,718915,1868767311,342061596,2210828907
2015-03-17,G,TPG,400,2690,1849670,5758800097,1548118796,7306918893
2015-03-17,G,RPG,141,838,781957,2846469456,1820759108,4667228564
2015-03-17,G,UG,1987,11191,6847909,32968718977,4595203685,37563922662
2015-03-17,G,Alumni,15,40,23089,29684214,4212087,33896301
2015-03-17,G,Others(HKUST),18,205,216662,114212591,11587720,125800311
2015-03-17,G,Non-HKUST,30,107,64059,236705042,16711766,253416808
2015-03-17,G,Total,2725,15990,10502261,43823357688,8338654758,52162012446
2015-03-17,LG1,Staff,127,617,390699,314973580,46896776,361870356
2015-03-17,LG1,TPG,589,8347,7820289,70025980522,9212951960,79238932482
2015-03-17,LG1,RPG,208,1708,1708160,16133878743,2172628341,18306507084
2015-03-17,LG1,UG,3204,33380,30077170,159114241918,24082356703,183196598621
2015-03-17,LG1,Alumni,21,149,170150,1631715636,84076803,1715792439
2015-03-17,LG1,Others(HKUST),11,304,555361,86976801,5570158,92546959
2015-03-17,LG1,Non-HKUST,51,383,295874,1898529231,374169269,2272698500
2015-03-17,LG1,Total,4211,44888,41017703,249206296431,35978650010,285184946441
2015-03-17,LG3,Staff,83,285,274491,3337833448,672314599,4010148047
2015-03-17,LG3,TPG,335,2191,2925641,84945593521,16278007789,101223601310
2015-03-17,LG3,RPG,131,1115,1630880,62800800677,6595251318,69396051995
2015-03-17,LG3,UG,1457,6105,6559939,213134169292,24994561552,238128730844
2015-03-17,LG3,Alumni,12,61,73833,1079731738,90738525,1170470263
2015-03-17,LG3,Others(HKUST),9,26,26408,102694783,22426821,125121604
2015-03-17,LG3,Non-HKUST,20,72,70567,2510383734,309675743,2820059477
2015-03-17,LG3,Total,2047,9855,11561759,367911207193,48962976347,416874183540
2015-03-17,LG4,Staff,169,517,398129,28942233753,8918750546,37860984299
2015-03-17,LG4,TPG,427,4053,6828191,235694943724,65989845354,301684789078
2015-03-17,LG4,RPG,265,1132,1569057,27394675376,5858978614,33253653990
2015-03-17,LG4,UG,2443,14186,17409791,480856265904,83299110583,564155376487
2015-03-17,LG4,Alumni,22,167,312338,16223788620,4822978367,21046766987
2015-03-17,LG4,Others(HKUST),16,178,226708,7582787957,1269669384,8852457341
2015-03-17,LG4,Non-HKUST,27,111,190236,1464776353,351045797,1815822150
2015-03-17,LG4,Total,3369,20344,26934450,798159471687,170510378645,968669850332
2015-03-17,All-Floors,Staff,353,3013,2772874,41420258323,10505416597,51925674920
2015-03-17,All-Floors,TPG,771,18913,22253757,488657493178,108746551116,597404044294
2015-03-17,All-Floors,RPG,437,5034,6042525,119443587988,19273772697,138717360685
2015-03-17,All-Floors,UG,4722,72080,70986876,1154189889505,180669547079,1334859436584
2015-03-17,All-Floors,Alumni,37,430,585884,18966272134,5002690612,23968962746
2015-03-17,All-Floors,Others(HKUST),32,748,1056578,8715874231,1514215261,10230089492
2015-03-17,All-Floors,Non-HKUST,80,754,719261,7275089185,1202696256,8477785441
2015-03-17,All-Floors,Total,6432,100972,104417755,1838668464544,326914889618,2165583354162
2015-03-18,1,Staff,59,817,965299,15776046339,1011795063,16787841402
2015-03-18,1,TPG,117,1852,2385423,183741717095,27081048467,210822765562
2015-03-18,1,RPG,24,179,184616,2159953553,199904636,2359858189
2015-03-18,1,UG,825,8562,9298932,315936444952,39601888991,355538333943
2015-03-18,1,Alumni,4,15,8894,2749450,1010098,3759548
2015-03-18,1,Others(HKUST),5,91,94577,1428396353,312592226,1740988579
2015-03-18,1,Non-HKUST,14,79,94279,1277701366,159707556,1437408922
2015-03-18,1,Total,1048,11595,13032020,520323009108,68367947037,588690956145
2015-03-18,G,Staff,129,715,679505,4314757965,266639245,4581397210
2015-03-18,G,TPG,378,2210,1555998,17163918735,2447659581,19611578316
2015-03-18,G,RPG,148,651,595018,3828082915,508567395,4336650310
2015-03-18,G,UG,1753,8292,6313478,59174624236,5069437623,64244061859
2015-03-18,G,Alumni,18,69,48210,405602183,156562862,562165045
2015-03-18,G,Others(HKUST),16,101,170602,488121002,57340554,545461556
2015-03-18,G,Non-HKUST,27,69,40664,3837731316,2737807271,6575538587
2015-03-18,G,Total,2469,12107,9403475,89212838352,11244014531,100456852883
2015-03-18,LG1,Staff,100,537,368741,1266133369,281351282,1547484651
2015-03-18,LG1,TPG,552,6444,6496405,101819548390,21366006211,123185554601
2015-03-18,LG1,RPG,175,1315,1626249,43756038074,15721385200,59477423274
2015-03-18,LG1,UG,2699,28436,26855168,257650293013,20977136343,278627429356
2015-03-18,LG1,Alumni,24,214,232732,1192570706,165223044,1357793750
2015-03-18,LG1,Others(HKUST),16,288,507419,232541166,64900866,297442032
2015-03-18,LG1,Non-HKUST,45,214,169635,383385641,69791116,453176757
2015-03-18,LG1,Total,3611,37448,36256349,406300510359,58645794062,464946304421
2015-03-18,LG3,Staff,72,280,174231,6845909887,318633139,7164543026
2015-03-18,LG3,TPG,311,2370,2317324,69304076957,24256950916,93561027873
2015-03-18,LG3,RPG,141,956,1034376,32096103625,11346558549,43442662174
2015-03-18,LG3,UG,1257,6379,5526194,181049559861,16535758366,197585318227
2015-03-18,LG3,Alumni,16,125,134527,9171880016,393973999,9565854015
2015-03-18,LG3,Others(HKUST),8,35,12851,201942,118273,320215
2015-03-18,LG3,Non-HKUST,18,62,76388,617897945,38567442,656465387
2015-03-18,LG3,Total,1823,10207,9275891,299085630233,52890560684,351976190917
2015-03-18,LG4,Staff,106,427,367901,17520295868,1924407096,19444702964
2015-03-18,LG4,TPG,368,5456,6331746,322626520441,69404013772,392030534213
2015-03-18,LG4,RPG,180,1560,1670306,79929410279,15016101174,94945511453
2015-03-18,LG4,UG,1714,13260,12351090,501460222905,69380540709,570840763614
2015-03-18,LG4,Alumni,16,283,292286,19806328336,932494029,20738822365
2015-03-18,LG4,Others(HKUST),12,183,211605,9208947581,1056323104,10265270685
2015-03-18,LG4,Non-HKUST,27,269,293083,4413167667,462873549,4876041216
2015-03-18,LG4,Total,2423,21438,21518017,954964893077,158176753433,1113141646510
2015-03-18,All-Floors,Staff,279,2776,2555677,45723143428,3802825825,49525969253
2015-03-18,All-Floors,TPG,764,18332,19086896,694655781618,144555678947,839211460565
2015-03-18,All-Floors,RPG,393,4661,5110565,161769588446,42792516954,204562105400
2015-03-18,All-Floors,UG,4237,64929,60344862,1315271144967,151564762032,1466835906999
2015-03-18,All-Floors,Alumni,37,706,716649,30579130691,1649264032,32228394723
2015-03-18,All-Floors,Others(HKUST),33,698,997054,11358208044,1491275023,12849483067
2015-03-18,All-Floors,Non-HKUST,80,693,674049,10529883935,3468746934,13998630869
2015-03-18,All-Floors,Total,5823,92795,89485752,2269886881129,349325069747,2619211950876
2015-03-19,1,Staff,61,752,1000630,3914053439,542874198,4456927637
2015-03-19,1,TPG,116,1668,2135253,95915929596,26370867342,122286796938
2015-03-19,1,RPG,22,159,352855,7364702528,1846952713,9211655241
2015-03-19,1,UG,829,7997,9582142,193442101127,53577014949,247019116076
2015-03-19,1,Alumni,5,22,6975,34437647,7434207,41871854
2015-03-19,1,Others(HKUST),4,38,58420,1105267222,71982416,1177249638
2015-03-19,1,Non-HKUST,16,90,128752,2233881736,175548356,2409430092
2015-03-19,1,Total,1053,10726,13265027,304010373295,82592674181,386603047476
2015-03-19,G,Staff,108,577,591149,3165143331,259652502,3424795833
2015-03-19,G,TPG,387,2202,1741940,11892939386,2332100552,14225039938
2015-03-19,G,RPG,128,573,486471,1425864627,128817933,1554682560
2015-03-19,G,UG,1735,8497,5933688,18548168547,4464941822,23013110369
2015-03-19,G,Alumni,10,51,32093,228774817,86975359,315750176
2015-03-19,G,Others(HKUST),9,31,145792,16013595,958173,16971768
2015-03-19,G,Non-HKUST,27,95,41367,432952229,25710495,458662724
2015-03-19,G,Total,2404,12026,8972500,35709856532,7299156836,43009013368
2015-03-19,LG1,Staff,99,508,407104,3656367878,239418443,3895786321
2015-03-19,LG1,TPG,514,5868,6459775,56787559373,5539752987,62327312360
2015-03-19,LG1,RPG,190,1521,2008255,20086023817,1017509788,21103533605
2015-03-19,LG1,UG,2647,26692,27443810,112415898242,18904651795,131320550037
2015-03-19,LG1,Alumni,20,181,250433,598542495,65229128,663771623
2015-03-19,LG1,Others(HKUST),13,298,498886,2491331,1404534,3895865
2015-03-19,LG1,Non-HKUST,45,304,254520,443903008,36753866,480656874
2015-03-19,LG1,Total,3528,35372,37322783,193990786144,25804720541,219795506685
2015-03-19,LG3,Staff,67,207,142610,1879699354,72155919,1951855273
2015-03-19,LG3,TPG,269,2450,2728011,27076346198,4365589075,31441935273
2015-03-19,LG3,RPG,105,761,964120,11530129106,1151937410,12682066516
2015-03-19,LG3,UG,1179,5584,4988383,50715649574,8438997491,59154647065
2015-03-19,LG3,Alumni,10,91,109953,921109587,162174046,1083283633
2015-03-19,LG3,Others(HKUST),8,24,25057,1429965845,73997177,1503963022
2015-03-19,LG3,Non-HKUST,20,89,103154,196026256,36614828,232641084
2015-03-19,LG3,Total,1658,9206,9061288,93748925920,14301465946,108050391866
2015-03-19,LG4,Staff,96,425,398161,9573143805,535204680,10108348485
2015-03-19,LG4,TPG,342,4307,5921446,101011276591,18010467029,119021743620
2015-03-19,LG4,RPG,150,1259,1543140,16688181463,2422047749,19110229212
2015-03-19,LG4,UG,1588,12158,13230576,184550471966,14873902996,199424374962
2015-03-19,LG4,Alumni,13,111,200886,6506123541,395863614,6901987155
2015-03-19,LG4,Others(HKUST),13,166,246581,17594909060,4012098341,21607007401
2015-03-19,LG4,Non-HKUST,31,156,138289,467202586,67525673,534728259
2015-03-19,LG4,Total,2233,18582,21679079,336391309012,40317110082,376708419094
2015-03-19,All-Floors,Staff,258,2469,2539654,22188407807,1649305742,23837713549
2015-03-19,All-Floors,TPG,742,16495,18986425,292684051144,56618776985,349302828129
2015-03-19,All-Floors,RPG,346,4273,5354841,57094901541,6567265593,63662167134
2015-03-19,All-Floors,UG,4183,60928,61178599,559672289456,100259509053,659931798509
2015-03-19,All-Floors,Alumni,34,456,600340,8288988087,717676354,9006664441
2015-03-19,All-Floors,Others(HKUST),26,557,974736,20148647053,4160440641,24309087694
2015-03-19,All-Floors,Non-HKUST,81,734,666082,3773965815,342153218,4116119033
2015-03-19,All-Floors,Total,5670,85912,90300677,963851250903,170315127586,1134166378489
2015-03-20,1,Staff,49,612,968836,9317148626,550308008,9867456634
2015-03-20,1,TPG,99,1740,2245715,141845271631,19774290588,161619562219
2015-03-20,1,RPG,21,190,327194,11777992811,3093262660,14871255471
2015-03-20,1,UG,638,6984,8245020,126280314553,22540802143,148821116696
2015-03-20,1,Alumni,6,35,37269,21507888,3071261,24579149
2015-03-20,1,Others(HKUST),4,25,56359,5686144117,184237725,5870381842
2015-03-20,1,Non-HKUST,15,74,106628,678514268,137018828,815533096
2015-03-20,1,Total,832,9660,11987021,295606893894,46282991213,341889885107
2015-03-20,G,Staff,94,670,670435,2888248528,4043478497,6931727025
2015-03-20,G,TPG,294,1531,1329778,3581567735,747551997,4329119732
2015-03-20,G,RPG,122,495,306508,293648732,21186899,314835631
2015-03-20,G,UG,1401,6903,5473004,14514467490,1030589632,15545057122
2015-03-20,G,Alumni,17,66,62675,118028114,12979292,131007406
2015-03-20,G,Others(HKUST),11,60,170415,996199353,38752347,1034951700
2015-03-20,G,Non-HKUST,27,107,54496,1742200002,1026968130,2769168132
2015-03-20,G,Total,1966,9832,8067311,24134359954,6921506794,31055866748
2015-03-20,LG1,Staff,84,455,414409,824265663,67827232,892092895
2015-03-20,LG1,TPG,478,5907,6950991,73824485101,12841068449,86665553550
2015-03-20,LG1,RPG,181,1336,1565029,20758647778,1627994223,22386642001
2015-03-20,LG1,UG,2223,21921,23932630,88666888870,13286566979,101953455849
2015-03-20,LG1,Alumni,22,195,180177,350437701,353432397,703870098
2015-03-20,LG1,Others(HKUST),12,228,550944,23792145,12755446,36547591
2015-03-20,LG1,Non-HKUST,36,186,129418,2418501280,125280917,2543782197
2015-03-20,LG1,Total,3036,30228,33723598,186867018538,28314925643,215181944181
2015-03-20,LG3,Staff,57,211,113291,2718411477,88457976,2806869453
2015-03-20,LG3,TPG,255,2513,2684797,30891352364,11538409593,42429761957
2015-03-20,LG3,RPG,110,914,1093159,18342647825,6702822861,25045470686
2015-03-20,LG3,UG,953,4673,4197891,67368413486,5108251481,72476664967
2015-03-20,LG3,Alumni,10,41,35565,432603799,28202187,460805986
2015-03-20,LG3,Others(HKUST),5,25,25324,0,0,0
2015-03-20,LG3,Non-HKUST,18,100,62507,388147986,18528898,406676884
2015-03-20,LG3,Total,1408,8477,8212534,120141576937,23484672996,143626249933
2015-03-20,LG4,Staff,75,228,159564,767460662,45123164,812583826
2015-03-20,LG4,TPG,274,4211,6056818,139724659727,31382087901,171106747628
2015-03-20,LG4,RPG,145,980,1270639,13766173569,8979625540,22745799109
2015-03-20,LG4,UG,1257,9042,9625685,89187006747,10260878584,99447885331
2015-03-20,LG4,Alumni,22,294,374605,2388769920,242864030,2631633950
2015-03-20,LG4,Others(HKUST),7,136,220697,13855237950,5697804836,19553042786
2015-03-20,LG4,Non-HKUST,25,173,233065,15650815535,1000974595,16651790130
2015-03-20,LG4,Total,1805,15064,17941073,275340124110,57609358650,332949482760
2015-03-20,All-Floors,Staff,214,2176,2326535,16515534956,4795194877,21310729833
2015-03-20,All-Floors,TPG,663,15902,19268099,389867336558,76283408528,466150745086
2015-03-20,All-Floors,RPG,353,3915,4562529,64939110715,20424892183,85364002898
2015-03-20,All-Floors,UG,3546,49523,51474230,386017091146,52227088819,438244179965
2015-03-20,All-Floors,Alumni,40,631,690291,3311347422,640549167,3951896589
2015-03-20,All-Floors,Others(HKUST),22,474,1023739,20561373565,5933550354,26494923919
2015-03-20,All-Floors,Non-HKUST,68,640,586114,20878179071,2308771368,23186950439
2015-03-20,All-Floors,Total,4906,73261,79931537,902089973433,162613455296,1064703428729
2015-03-21,1,Staff,4,26,55303,19560209,28374763,47934972
2015-03-21,1,TPG,0,0,0,0,0,0
2015-03-21,1,RPG,1,1,0,5744,1592,7336
2015-03-21,1,UG,3,4,718,10818,5135,15953
2015-03-21,1,Alumni,0,0,0,0,0,0
2015-03-21,1,Others(HKUST),1,1,31249,0,0,0
2015-03-21,1,Non-HKUST,0,0,0,0,0,0
2015-03-21,1,Total,9,32,87270,19576771,28381490,47958261
2015-03-21,G,Staff,3,14,18509,0,0,0
2015-03-21,G,TPG,0,0,0,0,0,0
2015-03-21,G,RPG,0,0,0,0,0,0
2015-03-21,G,UG,8,11,14131,385201225,115668600,500869825
2015-03-21,G,Alumni,0,0,0,0,0,0
2015-03-21,G,Others(HKUST),1,3,62106,0,0,0
2015-03-21,G,Non-HKUST,0,0,0,0,0,0
2015-03-21,G,Total,12,28,94746,385201225,115668600,500869825
2015-03-21,LG1,Staff,1,1,0,0,0,0
2015-03-21,LG1,TPG,58,256,493226,22840206691,1222492931,24062699622
2015-03-21,LG1,RPG,13,43,152634,3863313344,416190639,4279503983
2015-03-21,LG1,UG,283,1373,2532885,4940002992,613031227,5553034219
2015-03-21,LG1,Alumni,1,25,40211,0,0,0
2015-03-21,LG1,Others(HKUST),3,44,293173,0,0,0
2015-03-21,LG1,Non-HKUST,2,3,2571,2618268,1582518,4200786
2015-03-21,LG1,Total,361,1745,3514700,31646141295,2253297315,33899438610
2015-03-21,LG3,Staff,1,2,374,0,0,0
2015-03-21,LG3,TPG,7,10,10327,1039941,1181585,2221526
2015-03-21,LG3,RPG,2,2,1943,0,0,0
2015-03-21,LG3,UG,25,30,23315,287001998,76194236,363196234
2015-03-21,LG3,Alumni,0,0,0,0,0,0
2015-03-21,LG3,Others(HKUST),1,1,0,0,0,0
2015-03-21,LG3,Non-HKUST,1,1,362,0,0,0
2015-03-21,LG3,Total,37,46,36321,288041939,77375821,365417760
2015-03-21,LG4,Staff,1,1,127,0,0,0
2015-03-21,LG4,TPG,1,2,2041,0,0,0
2015-03-21,LG4,RPG,0,0,0,0,0,0
2015-03-21,LG4,UG,30,37,8892,478277,183444,661721
2015-03-21,LG4,Alumni,0,0,0,0,0,0
2015-03-21,LG4,Others(HKUST),1,18,70062,5784446514,2413122939,8197569453
2015-03-21,LG4,Non-HKUST,0,0,0,0,0,0
2015-03-21,LG4,Total,33,58,81122,5784924791,2413306383,8198231174
2015-03-21,All-Floors,Staff,8,44,74313,19560209,28374763,47934972
2015-03-21,All-Floors,TPG,59,268,505594,22841246632,1223674516,24064921148
2015-03-21,All-Floors,RPG,14,46,154577,3863319088,416192231,4279511319
2015-03-21,All-Floors,UG,310,1455,2579941,5612695310,805082642,6417777952
2015-03-21,All-Floors,Alumni,1,25,40211,0,0,0
2015-03-21,All-Floors,Others(HKUST),4,67,456590,5784446514,2413122939,8197569453
2015-03-21,All-Floors,Non-HKUST,3,4,2933,2618268,1582518,4200786
2015-03-21,All-Floors,Total,399,1909,3814159,38123886021,4888029609,43011915630
2015-03-22,1,Staff,0,0,0,0,0,0
2015-03-22,1,TPG,0,0,0,0,0,0
2015-03-22,1,RPG,0,0,0,0,0,0
2015-03-22,1,UG,0,0,0,0,0,0
2015-03-22,1,Alumni,0,0,0,0,0,0
2015-03-22,1,Others(HKUST),0,0,0,0,0,0
2015-03-22,1,Non-HKUST,0,0,0,0,0,0
2015-03-22,1,Total,0,0,0,0,0,0
2015-03-22,G,Staff,0,0,0,0,0,0
2015-03-22,G,TPG,0,0,0,0,0,0
2015-03-22,G,RPG,0,0,0,0,0,0
2015-03-22,G,UG,0,0,0,0,0,0
2015-03-22,G,Alumni,0,0,0,0,0,0
2015-03-22,G,Others(HKUST),0,0,0,0,0,0
2015-03-22,G,Non-HKUST,0,0,0,0,0,0
2015-03-22,G,Total,0,0,0,0,0,0
2015-03-22,LG1,Staff,0,0,0,0,0,0
2015-03-22,LG1,TPG,0,0,0,0,0,0
2015-03-22,LG1,RPG,0,0,0,0,0,0
2015-03-22,LG1,UG,0,0,0,0,0,0
2015-03-22,LG1,Alumni,0,0,0,0,0,0
2015-03-22,LG1,Others(HKUST),1,2,172798,0,0,0
2015-03-22,LG1,Non-HKUST,0,0,0,0,0,0
2015-03-22,LG1,Total,1,2,172798,0,0,0
2015-03-22,LG3,Staff,0,0,0,0,0,0
2015-03-22,LG3,TPG,0,0,0,0,0,0
2015-03-22,LG3,RPG,0,0,0,0,0,0
2015-03-22,LG3,UG,0,0,0,0,0,0
2015-03-22,LG3,Alumni,0,0,0,0,0,0
2015-03-22,LG3,Others(HKUST),0,0,0,0,0,0
2015-03-22,LG3,Non-HKUST,0,0,0,0,0,0
2015-03-22,LG3,Total,0,0,0,0,0,0
2015-03-22,LG4,Staff,0,0,0,0,0,0
2015-03-22,LG4,TPG,0,0,0,0,0,0
2015-03-22,LG4,RPG,0,0,0,0,0,0
2015-03-22,LG4,UG,0,0,0,0,0,0
2015-03-22,LG4,Alumni,0,0,0,0,0,0
2015-03-22,LG4,Others(HKUST),0,0,0,0,0,0
2015-03-22,LG4,Non-HKUST,0,0,0,0,0,0
2015-03-22,LG4,Total,0,0,0,0,0,0
2015-03-22,All-Floors,Staff,0,0,0,0,0,0
2015-03-22,All-Floors,TPG,0,0,0,0,0,0
2015-03-22,All-Floors,RPG,0,0,0,0,0,0
2015-03-22,All-Floors,UG,0,0,0,0,0,0
2015-03-22,All-Floors,Alumni,0,0,0,0,0,0
2015-03-22,All-Floors,Others(HKUST),1,2,172798,0,0,0
2015-03-22,All-Floors,Non-HKUST,0,0,0,0,0,0
2015-03-22,All-Floors,Total,1,2,172798,0,0,0
2015-03-23,1,Staff,59,718,777870,15330756303,555838414,15886594717
2015-03-23,1,TPG,111,2416,2673528,429806436382,54698902291,484505338673
2015-03-23,1,RPG,30,191,294985,3961489162,863961890,4825451052
2015-03-23,1,UG,812,8696,9089620,149506478106,17042041488,166548519594
2015-03-23,1,Alumni,4,17,19234,2821858,723913,3545771
2015-03-23,1,Others(HKUST),4,48,45504,3513754661,89940352,3603695013
2015-03-23,1,Non-HKUST,13,81,105985,349301870,40098816,389400686
2015-03-23,1,Total,1033,12167,13006726,602471038342,73291507164,675762545506
2015-03-23,G,Staff,131,773,747751,1613043570,652524077,2265567647
2015-03-23,G,TPG,355,2258,1643700,23799080113,1739045456,25538125569
2015-03-23,G,RPG,123,602,474941,1834053837,115538604,1949592441
2015-03-23,G,UG,1773,9373,6131588,11820156179,1095992930,12916149109
2015-03-23,G,Alumni,12,70,41740,33435909,3896626,37332535
2015-03-23,G,Others(HKUST),14,109,178535,30404204,2993130,33397334
2015-03-23,G,Non-HKUST,26,100,74049,74719558,10419019,85138577
2015-03-23,G,Total,2434,13285,9292304,39204893370,3620409842,42825303212
2015-03-23,LG1,Staff,91,390,315285,226439392,32627924,259067316
2015-03-23,LG1,TPG,520,6406,6209949,39921342338,45047737254,84969079592
2015-03-23,LG1,RPG,155,1431,1367579,2315758807,283343591,2599102398
2015-03-23,LG1,UG,2514,26863,21706682,72438943348,7561188721,80000132069
2015-03-23,LG1,Alumni,16,151,108574,1321761644,52750874,1374512518
2015-03-23,LG1,Others(HKUST),20,246,415412,188109136,19326505,207435641
2015-03-23,LG1,Non-HKUST,42,242,130801,633981186,31806793,665787979
2015-03-23,LG1,Total,3358,35729,30254282,117046335851,53028781662,170075117513
2015-03-23,LG3,Staff,71,357,278478,352363590,34621352,386984942
2015-03-23,LG3,TPG,273,2824,2941935,78563947016,4685266275,83249213291
2015-03-23,LG3,RPG,115,970,1016330,12413081765,4095167144,16508248909
2015-03-23,LG3,UG,1203,6741,5400886,46313175779,6163624560,52476800339
2015-03-23,LG3,Alumni,10,83,69831,8405341326,312984800,8718326126
2015-03-23,LG3,Others(HKUST),12,64,25701,0,0,0
2015-03-23,LG3,Non-HKUST,29,173,169312,672177146,25738602,697915748
2015-03-23,LG3,Total,1713,11212,9902473,146720086622,15317402733,162037489355
2015-03-23,LG4,Staff,98,447,301455,1939775754,3174708549,5114484303
2015-03-23,LG4,TPG,319,5464,5923967,29051570212,11967084645,41018654857
2015-03-23,LG4,RPG,164,1194,1095449,8157614345,2298425805,10456040150
2015-03-23,LG4,UG,1681,14640,13448814,122587066970,11840874701,134427941671
2015-03-23,LG4,Alumni,14,198,215434,424494069,36367591,460861660
2015-03-23,LG4,Others(HKUST),12,100,63682,7927668496,5224504033,13152172529
2015-03-23,LG4,Non-HKUST,34,216,230006,74639870,4870474,79510344
2015-03-23,LG4,Total,2322,22259,21278807,170162829716,34546835798,204709665514
2015-03-23,All-Floors,Staff,267,2685,2420839,19462378609,4450320316,23912698925
2015-03-23,All-Floors,TPG,722,19368,19393079,601142376061,118138035921,719280411982
2015-03-23,All-Floors,RPG,346,4388,4249284,28681997916,7656437034,36338434950
2015-03-23,All-Floors,UG,4046,66313,55777590,402665820382,43703722400,446369542782
2015-03-23,All-Floors,Alumni,27,519,454813,10187854806,406723804,10594578610
2015-03-23,All-Floors,Others(HKUST),31,567,728834,11659936497,5336764020,16996700517
2015-03-23,All-Floors,Non-HKUST,78,812,710153,1804819630,112933704,1917753334
2015-03-23,All-Floors,Total,5517,94652,83734592,1075605183901,179804937199,1255410121100
2015-03-24,1,Staff,62,774,1016996,1689563956,152060786,1841624742
2015-03-24,1,TPG,108,2108,2581489,161771119084,22355535098,184126654182
2015-03-24,1,RPG,30,233,316342,5203765937,899235307,6103001244
2015-03-24,1,UG,798,8762,8995941,157790303253,37690623316,195480926569
2015-03-24,1,Alumni,2,9,19581,77179,91364,168543
2015-03-24,1,Others(HKUST),4,41,45744,564695298,35407794,600103092
2015-03-24,1,Non-HKUST,13,82,72884,1125281931,146901415,1272183346
2015-03-24,1,Total,1017,12009,13048977,328144806638,61279855080,389424661718
2015-03-24,G,Staff,128,738,661739,613073894,67933989,681007883
2015-03-24,G,TPG,362,2304,1761459,6287451476,3832357162,10119808638
2015-03-24,G,RPG,177,943,731614,232817379,97268550,330085929
2015-03-24,G,UG,1772,9017,6118665,15686953666,1058400394,16745354060
2015-03-24,G,Alumni,10,20,7563,31681,31095,62776
2015-03-24,G,Others(HKUST),14,102,217161,23068720,8020878,31089598
2015-03-24,G,Non-HKUST,26,107,109485,746154592,637769190,1383923782
2015-03-24,G,Total,2489,13231,9607686,23589551408,5701781258,29291332666
2015-03-24,LG1,Staff,114,621,360892,42006924,9004973,51011897
2015-03-24,LG1,TPG,543,7471,7693015,30937858423,9777908219,40715766642
2015-03-24,LG1,RPG,185,1610,1298162,7988118733,1319618002,9307736735
2015-03-24,LG1,UG,2656,29946,26303249,102230092577,22237268246,124467360823
2015-03-24,LG1,Alumni,16,95,121642,988329986,46384885,1034714871
2015-03-24,LG1,Others(HKUST),11,262,465035,4806021,3815561,8621582
2015-03-24,LG1,Non-HKUST,52,234,221583,2116920611,160724529,2277645140
2015-03-24,LG1,Total,3577,40239,36463578,144308133275,33554724415,177862857690
2015-03-24,LG3,Staff,75,312,288071,417292518,29522557,446815075
2015-03-24,LG3,TPG,309,2914,2897119,22656052525,1666127173,24322179698
2015-03-24,LG3,RPG,132,1381,1516413,4513439477,539766288,5053205765
2015-03-24,LG3,UG,1181,6603,5498085,44566475810,14667148048,59233623858
2015-03-24,LG3,Alumni,11,34,35620,600167502,53565808,653733310
2015-03-24,LG3,Others(HKUST),9,26,738,0,0,0
2015-03-24,LG3,Non-HKUST,22,174,232086,16271390794,536066364,16807457158
2015-03-24,LG3,Total,1739,11444,10468132,89024818626,17492196238,106517014864
2015-03-24,LG4,Staff,124,558,294064,2641235811,2123758620,4764994431
2015-03-24,LG4,TPG,351,5348,5609033,57248096043,29460226145,86708322188
2015-03-24,LG4,RPG,214,1740,1777804,16622827136,10344475367,26967302503
2015-03-24,LG4,UG,1704,15830,14040228,90289942270,10433447561,100723389831
2015-03-24,LG4,Alumni,14,245,225619,6733135649,287099181,7020234830
2015-03-24,LG4,Others(HKUST),17,226,240847,37987167581,23871461801,61858629382
2015-03-24,LG4,Non-HKUST,33,235,169374,4066243777,167885055,4234128832
2015-03-24,LG4,Total,2457,24182,22356969,215588648267,76688353730,292277001997
2015-03-24,All-Floors,Staff,293,3003,2621762,5403173103,2382280925,7785454028
2015-03-24,All-Floors,TPG,739,20145,20542115,278900577551,67092153797,345992731348
2015-03-24,All-Floors,RPG,398,5907,5640335,34560968662,13200363514,47761332176
2015-03-24,All-Floors,UG,4139,70158,60956168,410563767576,86086887565,496650655141
2015-03-24,All-Floors,Alumni,30,403,410025,8321741997,387172333,8708914330
2015-03-24,All-Floors,Others(HKUST),30,657,969525,38579737620,23918706034,62498443654
2015-03-24,All-Floors,Non-HKUST,87,832,805412,24325991705,1649346553,25975338258
2015-03-24,All-Floors,Total,5716,101105,91945342,800655958214,194716910721,995372868935
2015-03-25,1,Staff,61,733,967489,30338641859,943074830,31281716689
2015-03-25,1,TPG,109,1965,2359101,99594187255,18623103644,118217290899
2015-03-25,1,RPG,25,169,179300,1633525981,697745323,2331271304
2015-03-25,1,UG,814,8520,9232279,177770342652,28198575538,205968918190
2015-03-25,1,Alumni,4,40,63073,378256767,110128630,488385397
2015-03-25,1,Others(HKUST),4,78,66522,107138664,22261635,129400299
2015-03-25,1,Non-HKUST,7,51,65425,852627452,76524075,929151527
2015-03-25,1,Total,1024,11556,12933189,310674720630,48671413675,359346134305
2015-03-25,G,Staff,110,630,539809,623609457,70375525,693984982
2015-03-25,G,TPG,363,2017,1674584,5730679505,3317222877,9047902382
2015-03-25,G,RPG,128,577,544639,571430549,64375499,635806048
2015-03-25,G,UG,1719,8358,6094581,20719561695,2904994278,23624555973
2015-03-25,G,Alumni,12,61,38296,60053927,3908261,63962188
2015-03-25,G,Others(HKUST),9,68,170463,2416612,1639100,4055712
2015-03-25,G,Non-HKUST,24,91,71600,429984798,105305913,535290711
2015-03-25,G,Total,2365,11802,9133972,28137736543,6467821453,34605557996
2015-03-25,LG1,Staff,75,402,290227,70475961,10674954,81150915
2015-03-25,LG1,TPG,488,7446,6968857,29362819132,3694344385,33057163517
2015-03-25,LG1,RPG,196,1854,1830431,5737066690,590388886,6327455576
2015-03-25,LG1,UG,2606,27034,25754954,109026906074,24757675485,133784581559
2015-03-25,LG1,Alumni,9,95,146933,182801817,12453318,195255135
2015-03-25,LG1,Others(HKUST),7,193,379854,289335,168280,457615
2015-03-25,LG1,Non-HKUST,42,242,210694,2418331960,162080620,2580412580
2015-03-25,LG1,Total,3423,37266,35581950,146798690969,29227785928,176026476897
2015-03-25,LG3,Staff,80,332,299906,3874075218,183709477,4057784695
2015-03-25,LG3,TPG,286,2558,2910573,16812590738,2581391403,19393982141
2015-03-25,LG3,RPG,132,1091,1108875,3940658796,513156183,4453814979
2015-03-25,LG3,UG,1113,5713,5093936,73532538852,4697330159,78229869011
2015-03-25,LG3,Alumni,8,65,57631,44025677,3431185,47456862
2015-03-25,LG3,Others(HKUST),5,5,1121,0,0,0
2015-03-25,LG3,Non-HKUST,18,83,94348,0,0,0
2015-03-25,LG3,Total,1642,9847,9566390,98203889281,7979018407,106182907688
2015-03-25,LG4,Staff,94,428,278096,257424732,323514080,580938812
2015-03-25,LG4,TPG,317,4634,5357843,93564813520,12464437881,106029251401
2015-03-25,LG4,RPG,148,917,882930,13930831593,7096940174,21027771767
2015-03-25,LG4,UG,1648,13536,13093893,101775894241,10985518106,112761412347
2015-03-25,LG4,Alumni,14,219,199943,838901978,88253421,927155399
2015-03-25,LG4,Others(HKUST),4,116,130282,1556961032,730607502,2287568534
2015-03-25,LG4,Non-HKUST,32,218,195658,951939137,58009223,1009948360
2015-03-25,LG4,Total,2257,20068,20138645,212876766233,31747280387,244624046620
2015-03-25,All-Floors,Staff,250,2525,2375527,35164227227,1531348866,36695576093
2015-03-25,All-Floors,TPG,720,18620,19270958,245065090150,40680500190,285745590340
2015-03-25,All-Floors,RPG,367,4608,4546175,25813513609,8962606065,34776119674
2015-03-25,All-Floors,UG,4138,63161,59269643,482825243514,71544093566,554369337080
2015-03-25,All-Floors,Alumni,25,480,505876,1504040166,218174815,1722214981
2015-03-25,All-Floors,Others(HKUST),17,460,748242,1666805643,754676517,2421482160
2015-03-25,All-Floors,Non-HKUST,73,685,637725,4652883347,401919831,5054803178
2015-03-25,All-Floors,Total,5590,90539,87354146,796691803656,124093319850,920785123506
2015-03-26,1,Staff,67,664,1090458,4971010058,1340514206,6311524264
2015-03-26,1,TPG,96,1726,2565182,47824127384,15399500382,63223627766
2015-03-26,1,RPG,30,184,223888,5173189020,263946811,5437135831
2015-03-26,1,UG,695,6798,8140424,105400930978,8649395201,114050326179
2015-03-26,1,Alumni,4,13,17636,141305,53439,194744
2015-03-26,1,Others(HKUST),4,13,22299,45816,15849,61665
2015-03-26,1,Non-HKUST,13,65,118972,657056721,180950894,838007615
2015-03-26,1,Total,909,9463,12178859,164026501282,25834376782,189860878064
2015-03-26,G,Staff,132,658,597964,293438031,522559887,815997918
2015-03-26,G,TPG,352,2194,2031573,1060177025,798292741,1858469766
2015-03-26,G,RPG,137,501,348817,53284488,4183227,57467715
2015-03-26,G,UG,1650,7807,5913131,14989117351,772819109,15761936460
2015-03-26,G,Alumni,10,23,7605,714575,149116,863691
2015-03-26,G,Others(HKUST),11,52,150392,9799434,7834831,17634265
2015-03-26,G,Non-HKUST,19,66,29942,24945554,3196012,28141566
2015-03-26,G,Total,2311,11301,9079424,16431476458,2109034923,18540511381
2015-03-26,LG1,Staff,102,522,424929,769128129,204208348,973336477
2015-03-26,LG1,TPG,505,7014,7590518,33649702329,18093812282,51743514611
2015-03-26,LG1,RPG,185,1650,1824858,4707261509,283509068,4990770577
2015-03-26,LG1,UG,2401,24254,24327436,74155738787,15664929694,89820668481
2015-03-26,LG1,Alumni,9,67,74081,0,0,0
2015-03-26,LG1,Others(HKUST),8,176,382149,36096,14696,50792
2015-03-26,LG1,Non-HKUST,35,167,155568,11523959,508236769,519760728
2015-03-26,LG1,Total,3245,33850,34779539,113293390809,34754710857,148048101666
2015-03-26,LG3,Staff,57,236,261654,91447549,222737938,314185487
2015-03-26,LG3,TPG,267,2216,2547074,7633067701,554631590,8187699291
2015-03-26,LG3,RPG,128,902,1187441,8074125174,494252358,8568377532
2015-03-26,LG3,UG,1099,5597,4983747,28322049040,2596709825,30918758865
2015-03-26,LG3,Alumni,5,29,31146,0,0,0
2015-03-26,LG3,Others(HKUST),4,4,0,35900,14663,50563
2015-03-26,LG3,Non-HKUST,13,51,77980,170518374,10758615,181276989
2015-03-26,LG3,Total,1573,9035,9089042,44291243738,3879104989,48170348727
2015-03-26,LG4,Staff,102,401,278392,907909486,1164116994,2072026480
2015-03-26,LG4,TPG,315,3874,5010997,59904474409,10747579275,70652053684
2015-03-26,LG4,RPG,184,1074,1121689,14074979489,762388017,14837367506
2015-03-26,LG4,UG,1532,11992,12224221,51635877488,9502749128,61138626616
2015-03-26,LG4,Alumni,11,175,248102,647569881,105868678,753438559
2015-03-26,LG4,Others(HKUST),7,142,221319,8118245009,5849168079,13967413088
2015-03-26,LG4,Non-HKUST,21,126,128644,196137832,134040727,330178559
2015-03-26,LG4,Total,2172,17784,19233364,135485193594,28265910898,163751104492
2015-03-26,All-Floors,Staff,278,2481,2653397,7032933253,3454137373,10487070626
2015-03-26,All-Floors,TPG,733,17024,19745344,150071548848,45593816270,195665365118
2015-03-26,All-Floors,RPG,398,4311,4706693,32082839680,1808279481,33891119161
2015-03-26,All-Floors,UG,3879,56448,55588959,274503713644,37186602957,311690316601
2015-03-26,All-Floors,Alumni,24,307,378570,648425761,106071233,754496994
2015-03-26,All-Floors,Others(HKUST),17,387,776159,8128162255,5857048118,13985210373
2015-03-26,All-Floors,Non-HKUST,64,475,511106,1060182440,837183017,1897365457
2015-03-26,All-Floors,Total,5393,81433,84360228,473527805881,94843138449,568370944330
2015-03-27,1,Staff,60,780,949950,2274024260,261743579,2535767839
2015-03-27,1,TPG,104,1776,2300964,53756379071,10745898955,64502278026
2015-03-27,1,RPG,21,196,201694,2477546809,875169636,3352716445
2015-03-27,1,UG,561,6026,7949215,125642251087,19369513483,145011764570
2015-03-27,1,Alumni,1,9,13187,105598,67186,172784
2015-03-27,1,Others(HKUST),2,17,29938,894958,268369,1163327
2015-03-27,1,Non-HKUST,16,144,132875,1695852689,6787603906,8483456595
2015-03-27,1,Total,765,8948,11577823,185847054472,38040265114,223887319586
2015-03-27,G,Staff,115,615,533206,1352180357,56835887,1409016244
2015-03-27,G,TPG,340,1923,1550046,4749678448,667933191,5417611639
2015-03-27,G,RPG,123,414,250015,1234283,890670,2124953
2015-03-27,G,UG,1318,6141,5031253,13497800568,1503859458,15001660026
2015-03-27,G,Alumni,11,27,18147,0,0,0
2015-03-27,G,Others(HKUST),11,73,194375,9799434,7834831,17634265
2015-03-27,G,Non-HKUST,28,107,44371,8359291,1262974,9622265
2015-03-27,G,Total,1946,9300,7621413,19619052381,2238617011,21857669392
2015-03-27,LG1,Staff,80,372,172414,60811305,6656800,67468105
2015-03-27,LG1,TPG,487,7074,8594629,83378022982,17131384649,100509407631
2015-03-27,LG1,RPG,177,1380,1502091,11858208725,12828073861,24686282586
2015-03-27,LG1,UG,2036,21572,22203311,74366534584,9717851439,84084386023
2015-03-27,LG1,Alumni,8,72,116192,2020346,300961,2321307
2015-03-27,LG1,Others(HKUST),10,254,434416,0,0,0
2015-03-27,LG1,Non-HKUST,35,126,123087,1389979,1604905,2994884
2015-03-27,LG1,Total,2833,30850,33146140,169666987921,39685872615,209352860536
2015-03-27,LG3,Staff,68,223,159483,29691524,7168226,36859750
2015-03-27,LG3,TPG,260,2164,2793547,14725462256,1730751051,16456213307
2015-03-27,LG3,RPG,93,804,1028780,11945824668,5683311635,17629136303
2015-03-27,LG3,UG,919,4379,3883722,39987120590,3404372168,43391492758
2015-03-27,LG3,Alumni,6,38,30783,28192353,2067942,30260295
2015-03-27,LG3,Others(HKUST),11,28,16595,1564257036,120297655,1684554691
2015-03-27,LG3,Non-HKUST,10,47,63383,225073784,23076750,248150534
2015-03-27,LG3,Total,1367,7683,7976293,68505622211,10971045427,79476667638
2015-03-27,LG4,Staff,96,233,212724,591021114,45850014,636871128
2015-03-27,LG4,TPG,262,3595,5255639,61852471487,14806335978,76658807465
2015-03-27,LG4,RPG,145,780,862467,14496320647,915225458,15411546105
2015-03-27,LG4,UG,1136,8091,9162615,63671751304,7043460696,70715212000
2015-03-27,LG4,Alumni,8,97,111539,0,0,0
2015-03-27,LG4,Others(HKUST),10,135,128177,8461562784,8033001571,16494564355
2015-03-27,LG4,Non-HKUST,25,164,204563,35787237,4926175,40713412
2015-03-27,LG4,Total,1682,13095,15937724,149108914573,30848799892,179957714465
2015-03-27,All-Floors,Staff,262,2223,2027777,4307728560,378254506,4685983066
2015-03-27,All-Floors,TPG,679,16532,20494825,218462014244,45082303824,263544318068
2015-03-27,All-Floors,RPG,351,3574,3845047,40779135132,20302671260,61081806392
2015-03-27,All-Floors,UG,3248,46209,48230116,317165458133,41039057244,358204515377
2015-03-27,All-Floors,Alumni,19,243,289848,30318297,2436089,32754386
2015-03-27,All-Floors,Others(HKUST),25,507,803501,10036514212,8161402426,18197916638
2015-03-27,All-Floors,Non-HKUST,68,588,568279,1966462980,6818474710,8784937690
2015-03-27,All-Floors,Total,4652,69876,76259393,592747631558,121784600059,714532231617
2015-03-28,1,Staff,3,11,6854,109922,69437,179359
2015-03-28,1,TPG,0,0,0,0,0,0
2015-03-28,1,RPG,0,0,0,0,0,0
2015-03-28,1,UG,0,0,0,0,0,0
2015-03-28,1,Alumni,0,0,0,0,0,0
2015-03-28,1,Others(HKUST),0,0,0,0,0,0
2015-03-28,1,Non-HKUST,0,0,0,0,0,0
2015-03-28,1,Total,3,11,6854,109922,69437,179359
2015-03-28,G,Staff,0,0,0,0,0,0
2015-03-28,G,TPG,2,2,0,0,0,0
2015-03-28,G,RPG,0,0,0,0,0,0
2015-03-28,G,UG,3,5,357,0,0,0
2015-03-28,G,Alumni,0,0,0,0,0,0
2015-03-28,G,Others(HKUST),1,2,86516,9799434,7834831,17634265
2015-03-28,G,Non-HKUST,1,1,0,0,0,0
2015-03-28,G,Total,7,10,86873,9799434,7834831,17634265
2015-03-28,LG1,Staff,1,1,119,0,0,0
2015-03-28,LG1,TPG,55,259,398420,768310228,97692837,866003065
2015-03-28,LG1,RPG,17,49,91189,379575566,1779507052,2159082618
2015-03-28,LG1,UG,273,1758,3004517,3673133850,513382518,4186516368
2015-03-28,LG1,Alumni,1,1,1818,0,0,0
2015-03-28,LG1,Others(HKUST),3,41,282906,0,0,0
2015-03-28,LG1,Non-HKUST,2,13,27031,0,0,0
2015-03-28,LG1,Total,352,2122,3806000,4821019644,2390582407,7211602051
2015-03-28,LG3,Staff,0,0,0,0,0,0
2015-03-28,LG3,TPG,6,6,3056,0,0,0
2015-03-28,LG3,RPG,0,0,0,0,0,0
2015-03-28,LG3,UG,34,55,13321,883270,477531,1360801
2015-03-28,LG3,Alumni,0,0,0,0,0,0
2015-03-28,LG3,Others(HKUST),1,4,1318,0,0,0
2015-03-28,LG3,Non-HKUST,1,1,0,0,0,0
2015-03-28,LG3,Total,42,66,17695,883270,477531,1360801
2015-03-28,LG4,Staff,0,0,0,0,0,0
2015-03-28,LG4,TPG,2,7,9731,0,0,0
2015-03-28,LG4,RPG,0,0,0,0,0,0
2015-03-28,LG4,UG,15,25,6011,0,0,0
2015-03-28,LG4,Alumni,0,0,0,0,0,0
2015-03-28,LG4,Others(HKUST),1,12,56968,408961624,2193454701,2602416325
2015-03-28,LG4,Non-HKUST,0,0,0,0,0,0
2015-03-28,LG4,Total,18,44,72710,408961624,2193454701,2602416325
2015-03-28,All-Floors,Staff,4,12,6973,109922,69437,179359
2015-03-28,All-Floors,TPG,58,274,411207,768310228,97692837,866003065
2015-03-28,All-Floors,RPG,17,49,91189,379575566,1779507052,2159082618
2015-03-28,All-Floors,UG,286,1843,3024206,3674017120,513860049,4187877169
2015-03-28,All-Floors,Alumni,1,1,1818,0,0,0
2015-03-28,All-Floors,Others(HKUST),4,59,427708,418761058,2201289532,2620050590
2015-03-28,All-Floors,Non-HKUST,2,15,27031,0,0,0
2015-03-28,All-Floors,Total,372,2253,3990132,5240773894,4592418907,9833192801
2015-03-29,1,Staff,0,0,0,0,0,0
2015-03-29,1,TPG,0,0,0,0,0,0
2015-03-29,1,RPG,0,0,0,0,0,0
2015-03-29,1,UG,0,0,0,0,0,0
2015-03-29,1,Alumni,0,0,0,0,0,0
2015-03-29,1,Others(HKUST),0,0,0,0,0,0
2015-03-29,1,Non-HKUST,0,0,0,0,0,0
2015-03-29,1,Total,0,0,0,0,0,0
2015-03-29,G,Staff,0,0,0,0,0,0
2015-03-29,G,TPG,0,0,0,0,0,0
2015-03-29,G,RPG,0,0,0,0,0,0
2015-03-29,G,UG,0,0,0,0,0,0
2015-03-29,G,Alumni,0,0,0,0,0,0
2015-03-29,G,Others(HKUST),1,1,86399,9799434,7834831,17634265
2015-03-29,G,Non-HKUST,0,0,0,0,0,0
2015-03-29,G,Total,1,1,86399,9799434,7834831,17634265
2015-03-29,LG1,Staff,0,0,0,0,0,0
2015-03-29,LG1,TPG,0,0,0,0,0,0
2015-03-29,LG1,RPG,0,0,0,0,0,0
2015-03-29,LG1,UG,0,0,0,0,0,0
2015-03-29,LG1,Alumni,0,0,0,0,0,0
2015-03-29,LG1,Others(HKUST),1,3,259197,0,0,0
2015-03-29,LG1,Non-HKUST,0,0,0,0,0,0
2015-03-29,LG1,Total,1,3,259197,0,0,0
2015-03-29,LG3,Staff,0,0,0,0,0,0
2015-03-29,LG3,TPG,0,0,0,0,0,0
2015-03-29,LG3,RPG,0,0,0,0,0,0
2015-03-29,LG3,UG,0,0,0,0,0,0
2015-03-29,LG3,Alumni,0,0,0,0,0,0
2015-03-29,LG3,Others(HKUST),0,0,0,0,0,0
2015-03-29,LG3,Non-HKUST,0,0,0,0,0,0
2015-03-29,LG3,Total,0,0,0,0,0,0
2015-03-29,LG4,Staff,0,0,0,0,0,0
2015-03-29,LG4,TPG,0,0,0,0,0,0
2015-03-29,LG4,RPG,0,0,0,0,0,0
2015-03-29,LG4,UG,0,0,0,0,0,0
2015-03-29,LG4,Alumni,0,0,0,0,0,0
2015-03-29,LG4,Others(HKUST),0,0,0,0,0,0
2015-03-29,LG4,Non-HKUST,0,0,0,0,0,0
2015-03-29,LG4,Total,0,0,0,0,0,0
2015-03-29,All-Floors,Staff,0,0,0,0,0,0
2015-03-29,All-Floors,TPG,0,0,0,0,0,0
2015-03-29,All-Floors,RPG,0,0,0,0,0,0
2015-03-29,All-Floors,UG,0,0,0,0,0,0
2015-03-29,All-Floors,Alumni,0,0,0,0,0,0
2015-03-29,All-Floors,Others(HKUST),1,4,345596,9799434,7834831,17634265
2015-03-29,All-Floors,Non-HKUST,0,0,0,0,0,0
2015-03-29,All-Floors,Total,1,4,345596,9799434,7834831,17634265
2015-03-30,1,Staff,61,722,832447,18015760174,865019513,18880779687
2015-03-30,1,TPG,144,2597,3242479,82017647991,30721091488,112738739479
2015-03-30,1,RPG,25,331,355220,10104916879,1170262106,11275178985
2015-03-30,1,UG,669,6839,6647749,116127076961,11228197785,127355274746
2015-03-30,1,Alumni,3,24,19981,17336,11959,29295
2015-03-30,1,Others(HKUST),6,75,119300,458112800,106820008,564932808
2015-03-30,1,Non-HKUST,17,124,102465,124097170,21614881,145712051
2015-03-30,1,Total,925,10712,11319641,226847629311,44113017740,270960647051
2015-03-30,G,Staff,113,587,471331,601320196,61285612,662605808
2015-03-30,G,TPG,424,2791,2239162,4087128906,1946758845,6033887751
2015-03-30,G,RPG,128,688,653711,1010873618,63680864,1074554482
2015-03-30,G,UG,1586,8448,5727032,17532969110,5286893989,22819863099
2015-03-30,G,Alumni,11,29,20137,0,0,0
2015-03-30,G,Others(HKUST),13,87,192175,19598868,15669662,35268530
2015-03-30,G,Non-HKUST,31,144,98975,39701,84204,123905
2015-03-30,G,Total,2306,12774,9402523,23251930399,7374373176,30626303575
2015-03-30,LG1,Staff,68,398,273970,808552387,73892617,882445004
2015-03-30,LG1,TPG,526,8344,8234981,57052392735,12210851499,69263244234
2015-03-30,LG1,RPG,168,1301,1332473,1068291865,318441520,1386733385
2015-03-30,LG1,UG,2306,25176,19861093,42844270617,16716481062,59560751679
2015-03-30,LG1,Alumni,12,130,142803,230739789,22274009,253013798
2015-03-30,LG1,Others(HKUST),10,268,439055,0,0,0
2015-03-30,LG1,Non-HKUST,43,162,125722,196496916,9579120,206076036
2015-03-30,LG1,Total,3133,35779,30410097,102200744309,29351519827,131552264136
2015-03-30,LG3,Staff,55,148,100387,843189372,65111235,908300607
2015-03-30,LG3,TPG,294,2887,3174305,32459339177,3033404968,35492744145
2015-03-30,LG3,RPG,111,725,797320,16945162126,1735950775,18681112901
2015-03-30,LG3,UG,1042,5125,4124814,34764064589,4515994430,39280059019
2015-03-30,LG3,Alumni,9,55,53810,133519719,16930582,150450301
2015-03-30,LG3,Others(HKUST),9,58,43527,144061528,10551756,154613284
2015-03-30,LG3,Non-HKUST,22,84,126403,292016552,23947845,315964397
2015-03-30,LG3,Total,1542,9082,8420566,85581353063,9401891591,94983244654
2015-03-30,LG4,Staff,85,357,221461,73020541,18904649,91925190
2015-03-30,LG4,TPG,339,4953,5659511,83433904812,17957189441,101391094253
2015-03-30,LG4,RPG,160,1269,1420855,2892650273,272616775,3165267048
2015-03-30,LG4,UG,1419,10289,9435477,80360984351,12518933212,92879917563
2015-03-30,LG4,Alumni,8,83,83576,280231126,15904791,296135917
2015-03-30,LG4,Others(HKUST),14,203,152156,74364350,3755937,78120287
2015-03-30,LG4,Non-HKUST,23,255,184303,0,0,0
2015-03-30,LG4,Total,2048,17409,17157339,167115155453,30787304805,197902460258
2015-03-30,All-Floors,Staff,231,2212,1899596,20341842670,1084213626,21426056296
2015-03-30,All-Floors,TPG,741,21572,22550438,259050413621,65869296241,324919709862
2015-03-30,All-Floors,RPG,359,4314,4559579,32021894761,3560952040,35582846801
2015-03-30,All-Floors,UG,3782,55877,45796165,291629365628,50266500478,341895866106
2015-03-30,All-Floors,Alumni,24,321,320307,644507970,55121341,699629311
2015-03-30,All-Floors,Others(HKUST),31,691,946213,696137546,136797363,832934909
2015-03-30,All-Floors,Non-HKUST,81,769,637868,612650339,55226050,667876389
2015-03-30,All-Floors,Total,5249,85756,76710166,604996812535,121028107139,726024919674
2015-03-31,1,Staff,57,719,1007255,3063131323,427994513,3491125836
2015-03-31,1,TPG,138,2339,3121987,79348708975,12208060706,91556769681
2015-03-31,1,RPG,33,268,400931,435087333,136521666,571608999
2015-03-31,1,UG,640,6740,7177017,72819634162,12277603115,85097237277
2015-03-31,1,Alumni,3,9,26379,0,0,0
2015-03-31,1,Others(HKUST),4,72,63826,11674,6880,18554
2015-03-31,1,Non-HKUST,12,121,77709,2399654305,717985073,3117639378
2015-03-31,1,Total,887,10268,11875104,158066227772,25768171953,183834399725
2015-03-31,G,Staff,106,640,527710,441780806,233890967,675671773
2015-03-31,G,TPG,394,2497,2385191,2275590276,248362916,2523953192
2015-03-31,G,RPG,153,739,560965,808185757,121530832,929716589
2015-03-31,G,UG,1545,7915,5407232,4944377716,1170561356,6114939072
2015-03-31,G,Alumni,9,30,6459,0,0,0
2015-03-31,G,Others(HKUST),10,100,202867,9908921,7853203,17762124
2015-03-31,G,Non-HKUST,21,112,65566,1157815,1752070,2909885
2015-03-31,G,Total,2238,12033,9155990,8481001291,1783951344,10264952635
2015-03-31,LG1,Staff,85,521,341282,1153251984,70018249,1223270233
2015-03-31,LG1,TPG,543,8528,8925326,109518226197,13253218993,122771445190
2015-03-31,LG1,RPG,210,1487,1600716,6520962701,662178549,7183141250
2015-03-31,LG1,UG,2295,24155,21810382,118006330686,36373650954,154379981640
2015-03-31,LG1,Alumni,8,75,122859,1110963643,82689541,1193653184
2015-03-31,LG1,Others(HKUST),9,347,426632,561065653,18008628,579074281
2015-03-31,LG1,Non-HKUST,35,168,93108,2225256224,706467592,2931723816
2015-03-31,LG1,Total,3185,35281,33320305,239096057088,51166232506,290262289594
2015-03-31,LG3,Staff,68,278,235249,847008704,32558718,879567422
2015-03-31,LG3,TPG,284,2761,3280624,17703798262,5234779682,22938577944
2015-03-31,LG3,RPG,116,870,1029917,1769553505,173617952,1943171457
2015-03-31,LG3,UG,965,4971,4320520,31378930796,3152104416,34531035212
2015-03-31,LG3,Alumni,6,48,60566,54502778,7128297,61631075
2015-03-31,LG3,Others(HKUST),6,22,22350,4044864,905499,4950363
2015-03-31,LG3,Non-HKUST,13,132,160770,296167472,80085145,376252617
2015-03-31,LG3,Total,1458,9082,9109996,52054006381,8681179709,60735186090
2015-03-31,LG4,Staff,111,429,261671,435284026,25602950,460886976
2015-03-31,LG4,TPG,308,4337,5364600,44311508498,19681972747,63993481245
2015-03-31,LG4,RPG,182,1309,1416190,10268943245,579561490,10848504735
2015-03-31,LG4,UG,1348,8874,8689910,41916138073,5473014730,47389152803
2015-03-31,LG4,Alumni,8,143,128268,14576,9272,23848
2015-03-31,LG4,Others(HKUST),12,258,287731,1873968132,61862618,1935830750
2015-03-31,LG4,Non-HKUST,14,85,60530,715767872,18863347,734631219
2015-03-31,LG4,Total,1983,15435,16208900,99521624422,25840887154,125362511576
2015-03-31,All-Floors,Staff,263,2587,2373167,5940456843,790065397,6730522240
2015-03-31,All-Floors,TPG,736,20462,23077728,253157832208,50626395044,303784227252
2015-03-31,All-Floors,RPG,396,4673,5008719,19802732541,1673410489,21476143030
2015-03-31,All-Floors,UG,3696,52655,47405061,269065411433,58446934571,327512346004
2015-03-31,All-Floors,Alumni,19,305,344531,1165480997,89827110,1255308107
2015-03-31,All-Floors,Others(HKUST),24,799,1003406,2448999244,88636828,2537636072
2015-03-31,All-Floors,Non-HKUST,64,618,457683,5638003688,1525153227,7163156915
2015-03-31,All-Floors,Total,5198,82099,79670295,557218916954,113240422666,670459339620