Date,Floor,User-Group,User-Count,WiFi-Conn,Duration-Sec,Traffic-In-Byte,Traffic-Out-Byte,Traffic-Both-Byte
2015-07-01,1,Staff,3,3,49594,2862071,5366042,8228113
2015-07-01,1,TPG,1,1,0,15733,6100,21833
2015-07-01,1,RPG,7,19,44746,763889265,118938762,882828027
2015-07-01,1,UG,3,3,0,12353947,2016352,14370299
2015-07-01,1,Alumni,0,0,0,0,0,0
2015-07-01,1,Others(HKUST),2,124,210048,13668841,3807342,17476183
2015-07-01,1,Non-HKUST,0,0,0,0,0,0
2015-07-01,1,Total,16,150,304388,792789857,130134598,922924455
2015-07-01,G,Staff,4,9,120,55533646,1845978,57379624
2015-07-01,G,TPG,0,0,0,0,0,0
2015-07-01,G,RPG,0,0,0,0,0,0
2015-07-01,G,UG,4,4,841,293871,3339144,3633015
2015-07-01,G,Alumni,0,0,0,0,0,0
2015-07-01,G,Others(HKUST),2,2,86399,59847170,45861593,105708763
2015-07-01,G,Non-HKUST,0,0,0,0,0,0
2015-07-01,G,Total,10,15,87360,115674687,51046715,166721402
2015-07-01,LG1,Staff,9,32,7428,20946518,1488109,22434627
2015-07-01,LG1,TPG,2,3,487,3768770,545386,4314156
2015-07-01,LG1,RPG,1,1,0,56987,31502,88489
2015-07-01,LG1,UG,8,8,1693,1757705,738077,2495782
2015-07-01,LG1,Alumni,0,0,0,0,0,0
2015-07-01,LG1,Others(HKUST),3,50,500071,1586393627,325204579,1911598206
2015-07-01,LG1,Non-HKUST,0,0,0,0,0,0
2015-07-01,LG1,Total,23,94,509679,1612923607,328007653,1940931260
2015-07-01,LG3,Staff,17,25,7330,430398085,16709151,447107236
2015-07-01,LG3,TPG,10,12,2275,69583020,7217957,76800977
2015-07-01,LG3,RPG,17,19,7096,32526825,2440005,34966830
2015-07-01,LG3,UG,85,111,36457,702355939,87135916,789491855
2015-07-01,LG3,Alumni,0,0,0,0,0,0
2015-07-01,LG3,Others(HKUST),2,8,8525,295799991,9385789,305185780
2015-07-01,LG3,Non-HKUST,0,0,0,0,0,0
2015-07-01,LG3,Total,131,175,61683,1530663860,122888818,1653552678
2015-07-01,LG4,Staff,21,24,2507,63313494,4631524,67945018
2015-07-01,LG4,TPG,9,9,0,2222365,582562,2804927
2015-07-01,LG4,RPG,53,60,8038,778372281,144166339,922538620
2015-07-01,LG4,UG,100,177,89392,2833586228,241839053,3075425281
2015-07-01,LG4,Alumni,5,6,0,12516145,1444565,13960710
2015-07-01,LG4,Others(HKUST),7,59,184147,50093356309,8987455706,59080812015
2015-07-01,LG4,Non-HKUST,7,10,5047,729280348,28846458,758126806
2015-07-01,LG4,Total,202,345,289131,54512647170,9408966207,63921613377
2015-07-01,All-Floors,Staff,49,93,66979,573053814,30040804,603094618
2015-07-01,All-Floors,TPG,20,25,2762,75589888,8352005,83941893
2015-07-01,All-Floors,RPG,77,99,59880,1574845358,265576608,1840421966
2015-07-01,All-Floors,UG,183,303,128383,3550347690,335068542,3885416232
2015-07-01,All-Floors,Alumni,5,6,0,12516145,1444565,13960710
2015-07-01,All-Floors,Others(HKUST),12,243,989190,52049065938,9371715009,61420780947
2015-07-01,All-Floors,Non-HKUST,7,10,5047,729280348,28846458,758126806
2015-07-01,All-Floors,Total,353,779,1252241,58564699181,10041043991,68605743172
2015-07-02,1,Staff,57,505,738778,9238403385,2211589709,11449993094
2015-07-02,1,TPG,29,482,679297,63836528906,15068689971,78905218877
2015-07-02,1,RPG,42,551,921049,60211296623,21237642472,81448939095
2015-07-02,1,UG,72,680,935972,37256005958,3387306544,40643312502
2015-07-02,1,Alumni,1,2,0,59245,136404,195649
2015-07-02,1,Others(HKUST),5,191,217339,541816152,24703939,566520091
2015-07-02,1,Non-HKUST,0,0,0,0,0,0
2015-07-02,1,Total,206,2411,3492435,171084110269,41930069039,213014179308
2015-07-02,G,Staff,135,828,705978,7925952452,2110183463,10036135915
2015-07-02,G,TPG,95,548,394136,63246414575,13231680191,76478094766
2015-07-02,G,RPG,162,934,812272,107033628410,13152368566,120185996976
2015-07-02,G,UG,339,1951,1645548,111089551839,9440179707,120529731546
2015-07-02,G,Alumni,13,71,121653,9907560002,3479035469,13386595471
2015-07-02,G,Others(HKUST),16,104,138439,2242727916,794983346,3037711262
2015-07-02,G,Non-HKUST,8,22,22344,149063120,28801923,177865043
2015-07-02,G,Total,768,4458,3840370,301594898314,42237232665,343832130979
2015-07-02,LG1,Staff,85,475,345996,14561336769,2077910887,16639247656
2015-07-02,LG1,TPG,114,1304,1365069,184184357016,22579695498,206764052514
2015-07-02,LG1,RPG,149,1151,1384010,70036648783,10856409553,80893058336
2015-07-02,LG1,UG,368,3550,3526095,252341601066,33888876616,286230477682
2015-07-02,LG1,Alumni,17,125,168620,25135934887,1123958268,26259893155
2015-07-02,LG1,Others(HKUST),12,224,688163,10086417800,1764374559,11850792359
2015-07-02,LG1,Non-HKUST,12,85,33048,10703203779,617926888,11321130667
2015-07-02,LG1,Total,757,6914,7511001,567049500100,72909152269,639958652369
2015-07-02,LG3,Staff,94,298,178728,2636578707,1756129780,4392708487
2015-07-02,LG3,TPG,52,219,278866,33890503796,4818761513,38709265309
2015-07-02,LG3,RPG,102,743,1024668,59962684855,8393836268,68356521123
2015-07-02,LG3,UG,194,742,617601,56780746484,7537280873,64318027357
2015-07-02,LG3,Alumni,11,156,129192,17156582654,1598627150,18755209804
2015-07-02,LG3,Others(HKUST),8,19,10306,674354996,22012190,696367186
2015-07-02,LG3,Non-HKUST,8,122,205109,20229743049,2460165947,22689908996
2015-07-02,LG3,Total,469,2299,2444470,191331194541,26586813721,217918008262
2015-07-02,LG4,Staff,90,375,302449,6051526117,4818934442,10870460559
2015-07-02,LG4,TPG,41,492,798658,36082611051,3879325075,39961936126
2015-07-02,LG4,RPG,124,665,764249,53239957833,4938046684,58178004517
2015-07-02,LG4,UG,210,1005,1070148,108634786294,9747613002,118382399296
2015-07-02,LG4,Alumni,9,87,162981,9278166030,1018351883,10296517913
2015-07-02,LG4,Others(HKUST),11,175,254551,25945150134,6658329410,32603479544
2015-07-02,LG4,Non-HKUST,15,100,146792,3610974636,497093221,4108067857
2015-07-02,LG4,Total,500,2899,3499828,242843172095,31557693717,274400865812
2015-07-02,All-Floors,Staff,281,2481,2271929,40413797430,12974748281,53388545711
2015-07-02,All-Floors,TPG,174,3045,3516026,381240415344,59578152248,440818567592
2015-07-02,All-Floors,RPG,335,4044,4906248,350484216504,58578303543,409062520047
2015-07-02,All-Floors,UG,720,7928,7795364,566102691641,64001256742,630103948383
2015-07-02,All-Floors,Alumni,24,441,582446,61478302818,7220109174,68698411992
2015-07-02,All-Floors,Others(HKUST),25,713,1308798,39490466998,9264403444,48754870442
2015-07-02,All-Floors,Non-HKUST,29,329,407293,34692984584,3603987979,38296972563
2015-07-02,All-Floors,Total,1588,18981,20788104,1473902875319,215220961411,1689123836730
2015-07-03,1,Staff,51,461,773803,13251936373,975666260,14227602633
2015-07-03,1,TPG,29,427,714563,52000400414,9192333147,61192733561
2015-07-03,1,RPG,40,339,607878,36654007082,2983633063,39637640145
2015-07-03,1,UG,70,715,827683,55288336872,28111752668,83400089540
2015-07-03,1,Alumni,0,0,0,0,0,0
2015-07-03,1,Others(HKUST),5,152,195209,15570242,4313592,19883834
2015-07-03,1,Non-HKUST,6,55,21421,740792574,63916664,804709238
2015-07-03,1,Total,201,2149,3140557,157951043557,41331615394,199282658951
2015-07-03,G,Staff,132,821,717087,10139844524,1719124443,11858968967
2015-07-03,G,TPG,89,663,551431,24534390199,3827915805,28362306004
2015-07-03,G,RPG,141,958,787578,37305694198,6675734158,43981428356
2015-07-03,G,UG,398,2507,2095958,106981204586,23153301926,130134506512
2015-07-03,G,Alumni,11,41,21619,3471679481,1016396591,4488076072
2015-07-03,G,Others(HKUST),20,208,215048,7069528433,613825257,7683353690
2015-07-03,G,Non-HKUST,23,164,134463,9171702462,1313217039,10484919501
2015-07-03,G,Total,814,5362,4523184,198674043883,38319515219,236993559102
2015-07-03,LG1,Staff,97,602,444797,11067563348,1323937001,12391500349
2015-07-03,LG1,TPG,90,1159,1062552,101963283365,22350545574,124313828939
2015-07-03,LG1,RPG,140,1500,1650769,96147979656,10171797725,106319777381
2015-07-03,LG1,UG,465,3542,3289887,216480089125,27763779298,244243868423
2015-07-03,LG1,Alumni,12,73,117915,8467237435,711968091,9179205526
2015-07-03,LG1,Others(HKUST),13,227,636225,11640255858,16435846285,28076102143
2015-07-03,LG1,Non-HKUST,22,97,36946,1722550308,193918284,1916468592
2015-07-03,LG1,Total,839,7200,7239091,447488959095,78951792258,526440751353
2015-07-03,LG3,Staff,78,256,114096,7952027973,398476824,8350504797
2015-07-03,LG3,TPG,45,161,175178,21913054308,5319549612,27232603920
2015-07-03,LG3,RPG,92,442,657135,34749470771,3269341815,38018812586
2015-07-03,LG3,UG,207,588,457436,49664937993,2927075625,52592013618
2015-07-03,LG3,Alumni,12,121,121605,12184681702,1381852167,13566533869
2015-07-03,LG3,Others(HKUST),11,26,11277,50573525,40270861,90844386
2015-07-03,LG3,Non-HKUST,18,110,137290,8701299843,888015508,9589315351
2015-07-03,LG3,Total,463,1704,1674017,135216046115,14224582412,149440628527
2015-07-03,LG4,Staff,123,401,284397,12422234450,5136111234,17558345684
2015-07-03,LG4,TPG,34,232,325707,37542001407,4563854784,42105856191
2015-07-03,LG4,RPG,132,650,797163,57768384011,4098539293,61866923304
2015-07-03,LG4,UG,279,1082,1003839,99685097591,12589829320,112274926911
2015-07-03,LG4,Alumni,13,134,146931,10960627950,2208699424,13169327374
2015-07-03,LG4,Others(HKUST),13,286,226458,28074910974,7815008295,35889919269
2015-07-03,LG4,Non-HKUST,19,114,135861,8456604693,1178803726,9635408419
2015-07-03,LG4,Total,613,2899,2920356,254909861076,37590846076,292500707152
2015-07-03,All-Floors,Staff,315,2541,2334180,54833606668,9553315762,64386922430
2015-07-03,All-Floors,TPG,154,2642,2829431,237953129693,45254198922,283207328615
2015-07-03,All-Floors,RPG,334,3889,4500523,262625535718,27199046054,289824581772
2015-07-03,All-Floors,UG,904,8434,7674803,528099666167,94545738837,622645405004
2015-07-03,All-Floors,Alumni,25,369,408070,35084226568,5318916273,40403142841
2015-07-03,All-Floors,Others(HKUST),32,899,1284217,46850839032,24909264290,71760103322
2015-07-03,All-Floors,Non-HKUST,46,540,465981,28792949880,3637871221,32430821101
2015-07-03,All-Floors,Total,1810,19314,19497205,1194239953726,210418351359,1404658305085
2015-07-04,1,Staff,17,127,197755,663197489,78091120,741288609
2015-07-04,1,TPG,21,148,264211,13691678739,1652011059,15343689798
2015-07-04,1,RPG,32,344,457506,16325607804,1920970838,18246578642
2015-07-04,1,UG,38,288,453969,13332748192,2815331441,16148079633
2015-07-04,1,Alumni,4,15,25921,161360900,32564623,193925523
2015-07-04,1,Others(HKUST),3,120,179237,7136899,6624405,13761304
2015-07-04,1,Non-HKUST,5,17,35270,1119690798,79297063,1198987861
2015-07-04,1,Total,120,1059,1613869,45301420821,6584890549,51886311370
2015-07-04,G,Staff,45,308,280007,12448928891,2500881674,14949810565
2015-07-04,G,TPG,91,612,460783,84840878484,8158909905,92999788389
2015-07-04,G,RPG,110,759,556219,46071628802,10194993736,56266622538
2015-07-04,G,UG,210,1975,1669597,62840624515,29164219515,92004844030
2015-07-04,G,Alumni,32,162,111831,14628407373,2863245443,17491652816
2015-07-04,G,Others(HKUST),21,179,303364,7832896673,732314530,8565211203
2015-07-04,G,Non-HKUST,26,124,88546,7732608374,676148618,8408756992
2015-07-04,G,Total,535,4119,3470347,236395973112,54290713421,290686686533
2015-07-04,LG1,Staff,39,240,298961,8145727324,3336720871,11482448195
2015-07-04,LG1,TPG,102,858,805789,76185701968,29697265640,105882967608
2015-07-04,LG1,RPG,102,790,1151451,109841965093,11194018969,121035984062
2015-07-04,LG1,UG,219,2099,2184980,103426472447,13428339117,116854811564
2015-07-04,LG1,Alumni,29,226,243200,24833089440,1450519268,26283608708
2015-07-04,LG1,Others(HKUST),13,147,576292,5712328065,816152163,6528480228
2015-07-04,LG1,Non-HKUST,21,117,158164,6399345238,483944514,6883289752
2015-07-04,LG1,Total,525,4477,5418837,334544629575,60406960542,394951590117
2015-07-04,LG3,Staff,31,68,69772,1609939687,255187488,1865127175
2015-07-04,LG3,TPG,46,209,265772,24803015838,1591457960,26394473798
2015-07-04,LG3,RPG,52,298,528808,31302253758,4177508022,35479761780
2015-07-04,LG3,UG,154,507,536521,27684641375,8010479142,35695120517
2015-07-04,LG3,Alumni,24,208,232298,15740061655,731360132,16471421787
2015-07-04,LG3,Others(HKUST),8,53,55421,3173229919,2412696352,5585926271
2015-07-04,LG3,Non-HKUST,16,61,71692,1996457850,284691143,2281148993
2015-07-04,LG3,Total,331,1404,1760284,106309600082,17463380239,123772980321
2015-07-04,LG4,Staff,30,75,49680,417175747,1033240245,1450415992
2015-07-04,LG4,TPG,42,295,368031,39748551445,3306345824,43054897269
2015-07-04,LG4,RPG,69,266,334897,14671275667,2520560489,17191836156
2015-07-04,LG4,UG,164,760,734090,42049417388,9170919575,51220336963
2015-07-04,LG4,Alumni,30,257,456445,38455179928,3759333339,42214513267
2015-07-04,LG4,Others(HKUST),11,237,304297,86487839356,25921227096,112409066452
2015-07-04,LG4,Non-HKUST,25,240,227501,31424351715,3510440513,34934792228
2015-07-04,LG4,Total,371,2130,2474941,253253791246,49222067081,302475858327
2015-07-04,All-Floors,Staff,109,818,896175,23284969138,7204121398,30489090536
2015-07-04,All-Floors,TPG,164,2122,2164586,239269826474,44405990388,283675816862
2015-07-04,All-Floors,RPG,232,2457,3028881,218212731124,30008052054,248220783178
2015-07-04,All-Floors,UG,466,5629,5579157,249333903917,62589288790,311923192707
2015-07-04,All-Floors,Alumni,62,868,1069695,93818099296,8837022805,102655122101
2015-07-04,All-Floors,Others(HKUST),28,736,1418611,103213430912,29889014546,133102445458
2015-07-04,All-Floors,Non-HKUST,49,559,581173,48672453975,5034521851,53706975826
2015-07-04,All-Floors,Total,1110,13189,14738278,975805414836,187968011832,1163773426668
2015-07-05,1,Staff,13,119,219337,962753429,59831744,1022585173
2015-07-05,1,TPG,16,188,221445,7455275310,1997587095,9452862405
2015-07-05,1,RPG,25,137,329278,14038133941,1470160260,15508294201
2015-07-05,1,UG,23,260,368432,32630248332,3721019981,36351268313
2015-07-05,1,Alumni,4,35,49103,1563035212,97537237,1660572449
2015-07-05,1,Others(HKUST),6,154,239041,503034504,57016558,560051062
2015-07-05,1,Non-HKUST,2,2,0,162913101,9477269,172390370
2015-07-05,1,Total,89,895,1426636,57315393829,7412630144,64728023973
2015-07-05,G,Staff,26,124,146910,6451453868,260638640,6712092508
2015-07-05,G,TPG,54,358,283799,8258932105,1528512603,9787444708
2015-07-05,G,RPG,77,334,380095,14742694599,1156831585,15899526184
2015-07-05,G,UG,159,786,756328,48315661356,3707007047,52022668403
2015-07-05,G,Alumni,25,99,66036,10162751479,780644430,10943395909
2015-07-05,G,Others(HKUST),12,50,197325,869101441,70726396,939827837
2015-07-05,G,Non-HKUST,12,44,42282,1683298236,175773752,1859071988
2015-07-05,G,Total,365,1795,1872775,90483893084,7680134453,98164027537
2015-07-05,LG1,Staff,32,170,335789,12970775987,3229894611,16200670598
2015-07-05,LG1,TPG,67,702,674608,62634964050,9353967744,71988931794
2015-07-05,LG1,RPG,64,558,604588,59656634254,6562819967,66219454221
2015-07-05,LG1,UG,177,1605,1946227,92267441905,15354565454,107622007359
2015-07-05,LG1,Alumni,24,151,238999,7089588749,1014096199,8103684948
2015-07-05,LG1,Others(HKUST),6,110,523816,4654697855,272469646,4927167501
2015-07-05,LG1,Non-HKUST,11,19,19560,617723909,22041237,639765146
2015-07-05,LG1,Total,381,3315,4343587,239891826709,35809854858,275701681567
2015-07-05,LG3,Staff,28,66,79129,3606687129,376329107,3983016236
2015-07-05,LG3,TPG,29,179,180192,45793033634,4621133501,50414167135
2015-07-05,LG3,RPG,39,201,310995,25233066045,4425709402,29658775447
2015-07-05,LG3,UG,131,532,459437,53989835231,3799139389,57788974620
2015-07-05,LG3,Alumni,18,130,110383,2816724799,624276965,3441001764
2015-07-05,LG3,Others(HKUST),7,11,961,462887784,31830042,494717826
2015-07-05,LG3,Non-HKUST,16,65,120961,7005765298,393280673,7399045971
2015-07-05,LG3,Total,268,1184,1262058,138907999920,14271699079,153179698999
2015-07-05,LG4,Staff,19,39,18921,130562284,17272140,147834424
2015-07-05,LG4,TPG,23,109,112712,8316041774,958979572,9275021346
2015-07-05,LG4,RPG,80,273,259336,15486456977,1265670648,16752127625
2015-07-05,LG4,UG,138,581,590988,45790182783,5259812722,51049995505
2015-07-05,LG4,Alumni,24,186,226585,15345729704,1309952152,16655681856
2015-07-05,LG4,Others(HKUST),9,78,171342,33515239940,6651777232,40167017172
2015-07-05,LG4,Non-HKUST,13,90,81388,6040320385,713878643,6754199028
2015-07-05,LG4,Total,306,1356,1461272,124624533847,16177343109,140801876956
2015-07-05,All-Floors,Staff,77,518,800086,24122232697,3943966242,28066198939
2015-07-05,All-Floors,TPG,95,1536,1472756,132458246873,18460180515,150918427388
2015-07-05,All-Floors,RPG,191,1503,1884292,129156985816,14881191862,144038177678
2015-07-05,All-Floors,UG,387,3764,4121412,272993369607,31841544593,304834914200
2015-07-05,All-Floors,Alumni,47,601,691106,36977829943,3826506983,40804336926
2015-07-05,All-Floors,Others(HKUST),22,403,1132485,40004961524,7083819874,47088781398
2015-07-05,All-Floors,Non-HKUST,35,220,264191,15510020929,1314451574,16824472503
2015-07-05,All-Floors,Total,854,8545,10366328,651223647389,81351661643,732575309032
2015-07-06,1,Staff,59,574,1024076,11821123040,809872938,12630995978
2015-07-06,1,TPG,29,624,725591,55650561059,6923302806,62573863865
2015-07-06,1,RPG,41,444,702763,26059459238,2637928943,28697388181
2015-07-06,1,UG,72,669,879122,29493410504,3740120270,33233530774
2015-07-06,1,Alumni,0,0,0,0,0,0
2015-07-06,1,Others(HKUST),6,203,237757,1577755158,3363883654,4941638812
2015-07-06,1,Non-HKUST,2,5,9483,810617560,78756316,889373876
2015-07-06,1,Total,209,2519,3578792,125412926559,17553864927,142966791486
2015-07-06,G,Staff,142,626,587379,10537226257,9027708947,19564935204
2015-07-06,G,TPG,98,603,484580,70351222864,7032504884,77383727748
2015-07-06,G,RPG,173,851,732855,36415643829,3505159229,39920803058
2015-07-06,G,UG,376,2056,1762320,126623591832,34583503258,161207095090
2015-07-06,G,Alumni,8,29,13801,933539014,119066316,1052605330
2015-07-06,G,Others(HKUST),19,109,178155,1896214615,165755468,2061970083
2015-07-06,G,Non-HKUST,22,94,72450,3200473072,299429940,3499903012
2015-07-06,G,Total,838,4368,3831540,249957911483,54733128042,304691039525
2015-07-06,LG1,Staff,88,514,367806,10810742447,1420540571,12231283018
2015-07-06,LG1,TPG,117,1400,1372473,123025925462,22760245305,145786170767
2015-07-06,LG1,RPG,150,1664,1808557,151253391435,18543340467,169796731902
2015-07-06,LG1,UG,409,3890,3566080,474835715318,49287799722,524123515040
2015-07-06,LG1,Alumni,14,79,87039,1441858147,208183654,1650041801
2015-07-06,LG1,Others(HKUST),11,138,526358,3983205843,346287143,4329492986
2015-07-06,LG1,Non-HKUST,15,92,83586,10919719987,663369153,11583089140
2015-07-06,LG1,Total,804,7777,7811899,776270558639,93229766015,869500324654
2015-07-06,LG3,Staff,87,276,113685,5862197292,2499772385,8361969677
2015-07-06,LG3,TPG,46,294,309315,35650353003,7706131039,43356484042
2015-07-06,LG3,RPG,104,529,782244,77775955058,9595221968,87371177026
2015-07-06,LG3,UG,235,1144,949034,210810015286,18181079488,228991094774
2015-07-06,LG3,Alumni,18,195,188880,8981664723,840802827,9822467550
2015-07-06,LG3,Others(HKUST),7,76,71694,3043713391,189714762,3233428153
2015-07-06,LG3,Non-HKUST,12,72,109793,3904499258,5774897883,9679397141
2015-07-06,LG3,Total,509,2586,2524645,346028398011,44787620352,390816018363
2015-07-06,LG4,Staff,123,340,233654,7713363437,1919520226,9632883663
2015-07-06,LG4,TPG,39,414,585511,54308580425,3316769509,57625349934
2015-07-06,LG4,RPG,168,879,868888,57567228924,6630154037,64197382961
2015-07-06,LG4,UG,322,1052,976013,68347184749,10994339654,79341524403
2015-07-06,LG4,Alumni,11,110,180124,15429753057,1037227660,16466980717
2015-07-06,LG4,Others(HKUST),14,193,226211,16579572440,2985221649,19564794089
2015-07-06,LG4,Non-HKUST,24,158,210498,7888229771,2873429083,10761658854
2015-07-06,LG4,Total,701,3146,3280899,227833912803,29756661818,257590574621
2015-07-06,All-Floors,Staff,320,2330,2326600,46744652473,15677415067,62422067540
2015-07-06,All-Floors,TPG,168,3335,3477470,338986642813,47738953543,386725596356
2015-07-06,All-Floors,RPG,382,4367,4895307,349071678484,40911804644,389983483128
2015-07-06,All-Floors,UG,864,8811,8132569,910109917689,116786842392,1026896760081
2015-07-06,All-Floors,Alumni,25,413,469844,26786814941,2205280457,28992095398
2015-07-06,All-Floors,Others(HKUST),30,719,1240175,27080461447,7050862676,34131324123
2015-07-06,All-Floors,Non-HKUST,45,421,485810,26723539648,9689882375,36413422023
2015-07-06,All-Floors,Total,1834,20396,21027775,1725503707495,240061041154,1965564748649
2015-07-07,1,Staff,59,592,1027228,11495873572,1522225637,13018099209
2015-07-07,1,TPG,28,355,463786,52830238455,43590419994,96420658449
2015-07-07,1,RPG,41,486,760260,41158392822,5448462942,46606855764
2015-07-07,1,UG,89,796,1171953,69358776620,9344330211,78703106831
2015-07-07,1,Alumni,1,3,3713,1937117,1190304,3127421
2015-07-07,1,Others(HKUST),6,190,214298,3454181093,1344037716,4798218809
2015-07-07,1,Non-HKUST,3,4,11761,767939460,57003374,824942834
2015-07-07,1,Total,227,2426,3652999,179067339139,61307670178,240375009317
2015-07-07,G,Staff,108,630,586606,40219952727,14146681951,54366634678
2015-07-07,G,TPG,88,579,405482,36094975955,6517476675,42612452630
2015-07-07,G,RPG,144,820,973037,57972763393,4403280817,62376044210
2015-07-07,G,UG,372,1661,1270975,83079409312,9457031053,92536440365
2015-07-07,G,Alumni,11,48,94737,953040880,131012088,1084052968
2015-07-07,G,Others(HKUST),18,223,158466,5041813736,679950738,5721764474
2015-07-07,G,Non-HKUST,21,130,74066,1742674296,375667500,2118341796
2015-07-07,G,Total,762,4091,3563369,225104630299,35711100822,260815731121
2015-07-07,LG1,Staff,81,397,467562,27615829436,2783228800,30399058236
2015-07-07,LG1,TPG,96,1086,1086890,86433747661,14449055238,100882802899
2015-07-07,LG1,RPG,158,1804,2093957,157122225712,13677046579,170799272291
2015-07-07,LG1,UG,414,4458,4508886,409605473019,64905131927,474510604946
2015-07-07,LG1,Alumni,7,39,60228,630817618,65510050,696327668
2015-07-07,LG1,Others(HKUST),14,324,787364,13325485970,1119671279,14445157249
2015-07-07,LG1,Non-HKUST,17,88,65090,2168938165,208650499,2377588664
2015-07-07,LG1,Total,787,8196,9069977,696902517581,97208294372,794110811953
2015-07-07,LG3,Staff,95,254,132181,6292944017,2430653851,8723597868
2015-07-07,LG3,TPG,46,295,452635,24179627668,2358072374,26537700042
2015-07-07,LG3,RPG,116,529,805482,69595536648,6108079568,75703616216
2015-07-07,LG3,UG,257,917,829340,125012193535,23444164522,148456358057
2015-07-07,LG3,Alumni,9,83,87560,6919821344,668899266,7588720610
2015-07-07,LG3,Others(HKUST),8,58,80361,218160798,25996278,244157076
2015-07-07,LG3,Non-HKUST,14,146,195428,3751119296,2249770999,6000890295
2015-07-07,LG3,Total,545,2282,2582987,235969403306,37285636858,273255040164
2015-07-07,LG4,Staff,121,379,297303,11662081314,2256544474,13918625788
2015-07-07,LG4,TPG,45,386,585059,43705639918,24001643808,67707283726
2015-07-07,LG4,RPG,151,624,625543,34939214170,2802420116,37741634286
2015-07-07,LG4,UG,302,1444,1510774,101777740573,21902969405,123680709978
2015-07-07,LG4,Alumni,15,111,164353,9754732708,731549306,10486282014
2015-07-07,LG4,Others(HKUST),15,224,238108,34011756077,10140712910,44152468987
2015-07-07,LG4,Non-HKUST,16,101,114912,6010558361,286820835,6297379196
2015-07-07,LG4,Total,665,3269,3536052,241861723121,62122660854,303984383975
2015-07-07,All-Floors,Staff,288,2252,2510880,97286681066,23139334713,120426015779
2015-07-07,All-Floors,TPG,159,2701,2993852,243244229657,90916668089,334160897746
2015-07-07,All-Floors,RPG,385,4263,5258279,360788132745,32439290022,393227422767
2015-07-07,All-Floors,UG,856,9276,9291928,788833593059,129053627118,917887220177
2015-07-07,All-Floors,Alumni,27,284,410591,18260349667,1598161014,19858510681
2015-07-07,All-Floors,Others(HKUST),29,1019,1478597,56051397674,13310368921,69361766595
2015-07-07,All-Floors,Non-HKUST,46,469,461257,14441229578,3177913207,17619142785
2015-07-07,All-Floors,Total,1790,20264,22405384,1578905613446,293635363084,1872540976530
2015-07-08,1,Staff,61,636,1104282,22741604705,1254526704,23996131409
2015-07-08,1,TPG,27,486,683431,65753103375,6685611012,72438714387
2015-07-08,1,RPG,42,595,887774,38041855831,26090447532,64132303363
2015-07-08,1,UG,76,540,603009,43452598003,3022110486,46474708489
2015-07-08,1,Alumni,2,6,29030,1732644537,1167018867,2899663404
2015-07-08,1,Others(HKUST),6,243,196390,1241458112,121092681,1362550793
2015-07-08,1,Non-HKUST,4,11,12698,274401000,51040775,325441775
2015-07-08,1,Total,218,2517,3516614,173237665563,38391848057,211629513620
2015-07-08,G,Staff,143,728,623129,21419081961,5711243418,27130325379
2015-07-08,G,TPG,93,565,395682,49615156855,3499659830,53114816685
2015-07-08,G,RPG,157,770,772548,35323481090,6064026592,41387507682
2015-07-08,G,UG,355,1962,1502155,100206432123,9974372584,110180804707
2015-07-08,G,Alumni,6,21,43249,3480968069,210468800,3691436869
2015-07-08,G,Others(HKUST),20,294,173708,10681491084,2262991003,12944482087
2015-07-08,G,Non-HKUST,21,74,56482,4423287319,522119009,4945406328
2015-07-08,G,Total,795,4414,3566953,225149898501,28244881236,253394779737
2015-07-08,LG1,Staff,92,506,522681,22137483986,2561835406,24699319392
2015-07-08,LG1,TPG,91,1398,1218381,148163154178,17660069821,165823223999
2015-07-08,LG1,RPG,131,1396,1740728,135220252966,11498540191,146718793157
2015-07-08,LG1,UG,431,3633,3395322,295274595784,39377374814,334651970598
2015-07-08,LG1,Alumni,11,83,151406,85120556908,3830468724,88951025632
2015-07-08,LG1,Others(HKUST),10,143,364364,1252343601,6814126401,8066470002
2015-07-08,LG1,Non-HKUST,16,40,33377,1730707898,165727096,1896434994
2015-07-08,LG1,Total,782,7199,7426259,688899095321,81908142453,770807237774
2015-07-08,LG3,Staff,88,327,179907,13729468101,6059893511,19789361612
2015-07-08,LG3,TPG,51,218,261975,40163060047,3656117737,43819177784
2015-07-08,LG3,RPG,98,492,754316,75652317773,8600214116,84252531889
2015-07-08,LG3,UG,242,801,651199,107231483954,12651054967,119882538921
2015-07-08,LG3,Alumni,13,84,134971,3792603717,593114197,4385717914
2015-07-08,LG3,Others(HKUST),9,66,87462,826853894,54609352,881463246
2015-07-08,LG3,Non-HKUST,9,74,160314,8504939219,2006198551,10511137770
2015-07-08,LG3,Total,510,2062,2230144,249900726705,33621202431,283521929136
2015-07-08,LG4,Staff,111,433,303493,10823225988,714159658,11537385646
2015-07-08,LG4,TPG,49,435,500562,29467434698,12137731155,41605165853
2015-07-08,LG4,RPG,147,666,720344,62677226273,4614814054,67292040327
2015-07-08,LG4,UG,264,894,906620,133137344562,17781011704,150918356266
2015-07-08,LG4,Alumni,11,163,166997,25860391980,1690625378,27551017358
2015-07-08,LG4,Others(HKUST),13,188,254582,22092568804,4783771122,26876339926
2015-07-08,LG4,Non-HKUST,13,43,37037,1789754650,245979920,2035734570
2015-07-08,LG4,Total,608,2822,2889635,285847946955,41968092991,327816039946
2015-07-08,All-Floors,Staff,292,2630,2733492,90850864741,16301658697,107152523438
2015-07-08,All-Floors,TPG,152,3102,3060031,333161909153,43639189555,376801098708
2015-07-08,All-Floors,RPG,348,3919,4875710,346915133933,56868042485,403783176418
2015-07-08,All-Floors,UG,865,7830,7058305,679302454426,82805924555,762108378981
2015-07-08,All-Floors,Alumni,24,357,525653,119987165211,7491695966,127478861177
2015-07-08,All-Floors,Others(HKUST),28,934,1076506,36094715495,14036590559,50131306054
2015-07-08,All-Floors,Non-HKUST,41,242,299908,16723090086,2991065351,19714155437
2015-07-08,All-Floors,Total,1750,19014,19629605,1623035333045,224134167168,1847169500213
2015-07-09,1,Staff,53,605,870926,9199369661,668908635,9868278296
2015-07-09,1,TPG,20,288,305446,40878436436,3151436597,44029873033
2015-07-09,1,RPG,38,389,450436,51553851869,17218556642,68772408511
2015-07-09,1,UG,49,355,414421,16538943129,1438655142,17977598271
2015-07-09,1,Alumni,1,1,3621,84884774,13088393,97973167
2015-07-09,1,Others(HKUST),12,193,171951,1539522000,187864813,1727386813
2015-07-09,1,Non-HKUST,3,5,8877,1077562552,127438912,1205001464
2015-07-09,1,Total,176,1836,2225678,120872570421,22805949134,143678519555
2015-07-09,G,Staff,105,496,426912,15854062828,1208157050,17062219878
2015-07-09,G,TPG,60,358,232266,9992167384,1487499369,11479666753
2015-07-09,G,RPG,111,471,613700,14921823317,2718040523,17639863840
2015-07-09,G,UG,201,905,566111,31261905650,4689651204,35951556854
2015-07-09,G,Alumni,4,21,59813,2951332930,299175657,3250508587
2015-07-09,G,Others(HKUST),20,194,168693,2187162119,387669406,2574831525
2015-07-09,G,Non-HKUST,15,62,55059,2328912006,217044731,2545956737
2015-07-09,G,Total,516,2507,2122554,79497366234,11007237940,90504604174
2015-07-09,LG1,Staff,83,317,265475,11383655386,1552247874,12935903260
2015-07-09,LG1,TPG,68,697,604934,57497053580,6784451254,64281504834
2015-07-09,LG1,RPG,99,914,862062,54837637638,4335207272,59172844910
2015-07-09,LG1,UG,251,1994,1775694,118623565982,23766044649,142389610631
2015-07-09,LG1,Alumni,6,25,59057,5788803502,331765523,6120569025
2015-07-09,LG1,Others(HKUST),12,184,545201,2265423038,426817194,2692240232
2015-07-09,LG1,Non-HKUST,17,74,75488,3340831753,281006496,3621838249
2015-07-09,LG1,Total,536,4205,4187911,253736970879,37477540262,291214511141
2015-07-09,LG3,Staff,74,245,130503,5889445830,2483691004,8373136834
2015-07-09,LG3,TPG,25,182,149201,12611156032,1643666358,14254822390
2015-07-09,LG3,RPG,64,345,432785,16856420426,2079641686,18936062112
2015-07-09,LG3,UG,141,455,370830,23463985229,7788833956,31252819185
2015-07-09,LG3,Alumni,7,30,53862,2177797091,219883641,2397680732
2015-07-09,LG3,Others(HKUST),12,69,79731,89693571,53150385,142843956
2015-07-09,LG3,Non-HKUST,8,45,72224,1711277282,210405219,1921682501
2015-07-09,LG3,Total,331,1371,1289136,62799775461,14479272249,77279047710
2015-07-09,LG4,Staff,114,364,181678,15132740655,845896573,15978637228
2015-07-09,LG4,TPG,24,132,101828,1103216183,340238156,1443454339
2015-07-09,LG4,RPG,167,536,448839,20787164495,1753718103,22540882598
2015-07-09,LG4,UG,243,742,467359,47976747282,3909047569,51885794851
2015-07-09,LG4,Alumni,7,51,93542,5675384023,367085576,6042469599
2015-07-09,LG4,Others(HKUST),16,254,331033,147416582289,63981904611,211398486900
2015-07-09,LG4,Non-HKUST,10,21,10066,1282796267,82409973,1365206240
2015-07-09,LG4,Total,581,2100,1634345,239374631194,71280300561,310654931755
2015-07-09,All-Floors,Staff,274,2027,1875494,57459274360,6758901136,64218175496
2015-07-09,All-Floors,TPG,118,1657,1393675,122082029615,13407291734,135489321349
2015-07-09,All-Floors,RPG,328,2655,2807822,158956897745,28105164226,187062061971
2015-07-09,All-Floors,UG,590,4451,3594415,237865147272,41592232520,279457379792
2015-07-09,All-Floors,Alumni,16,128,269895,16678202320,1230998790,17909201110
2015-07-09,All-Floors,Others(HKUST),31,894,1296609,153498383017,65037406409,218535789426
2015-07-09,All-Floors,Non-HKUST,35,207,221714,9741379860,918305331,10659685191
2015-07-09,All-Floors,Total,1392,12019,11459624,756281314189,157050300146,913331614335
2015-07-10,1,Staff,63,804,1288510,10401682081,843909288,11245591369
2015-07-10,1,TPG,16,203,291736,43228346140,2176775357,45405121497
2015-07-10,1,RPG,24,337,527001,43937258212,2812501218,46749759430
2015-07-10,1,UG,59,524,645178,30534436070,4987304450,35521740520
2015-07-10,1,Alumni,1,10,16911,9002149,2527283,11529432
2015-07-10,1,Others(HKUST),7,155,150891,217487410,36327995,253815405
2015-07-10,1,Non-HKUST,4,19,46442,2517289521,687274307,3204563828
2015-07-10,1,Total,174,2052,2966669,130845501583,11546619898,142392121481
2015-07-10,G,Staff,138,766,708579,45540833306,6698016016,52238849322
2015-07-10,G,TPG,69,497,368051,42643406610,2497433898,45140840508
2015-07-10,G,RPG,135,546,644760,16375260137,1769282732,18144542869
2015-07-10,G,UG,306,1502,1108732,79909778194,19445503154,99355281348
2015-07-10,G,Alumni,10,39,56324,5861336065,293223326,6154559391
2015-07-10,G,Others(HKUST),18,206,219331,3864265795,638031098,4502296893
2015-07-10,G,Non-HKUST,20,90,91645,2239248157,243233221,2482481378
2015-07-10,G,Total,696,3646,3197422,196434128264,31584723445,228018851709
2015-07-10,LG1,Staff,110,474,572322,44907966547,4756947833,49664914380
2015-07-10,LG1,TPG,81,994,993098,163482627173,16517883175,180000510348
2015-07-10,LG1,RPG,120,1044,1187012,57954481031,6422818098,64377299129
2015-07-10,LG1,UG,461,3945,3553119,263130825244,37095122439,300225947683
2015-07-10,LG1,Alumni,9,78,83474,17489783656,864019233,18353802889
2015-07-10,LG1,Others(HKUST),11,172,558231,3468413732,552221307,4020635039
2015-07-10,LG1,Non-HKUST,14,64,33482,1023646397,232203171,1255849568
2015-07-10,LG1,Total,806,6771,6980738,551457743780,66441215256,617898959036
2015-07-10,LG3,Staff,87,288,164652,3964567547,3959767005,7924334552
2015-07-10,LG3,TPG,39,137,163205,26820166485,1761500603,28581667088
2015-07-10,LG3,RPG,102,651,910354,57393114881,7071868842,64464983723
2015-07-10,LG3,UG,210,629,397191,46191941111,3403999914,49595941025
2015-07-10,LG3,Alumni,8,82,107684,18617196688,756116346,19373313034
2015-07-10,LG3,Others(HKUST),11,70,108465,540424518,40014145,580438663
2015-07-10,LG3,Non-HKUST,8,81,109670,1577773214,439533742,2017306956
2015-07-10,LG3,Total,465,1938,1961221,155105184444,17432800597,172537985041
2015-07-10,LG4,Staff,105,366,330969,8190585093,923805837,9114390930
2015-07-10,LG4,TPG,46,230,281414,37801468693,24657506066,62458974759
2015-07-10,LG4,RPG,139,591,665132,35201129827,3571522454,38772652281
2015-07-10,LG4,UG,261,808,722481,59227448116,5237055822,64464503938
2015-07-10,LG4,Alumni,9,134,161769,10815019326,1193484063,12008503389
2015-07-10,LG4,Others(HKUST),17,256,338339,217503588666,94265443657,311769032323
2015-07-10,LG4,Non-HKUST,13,94,77432,1191615354,229019360,1420634714
2015-07-10,LG4,Total,590,2479,2577536,369930855075,130077837259,500008692334
2015-07-10,All-Floors,Staff,299,2698,3065032,113005634574,17182445979,130188080553
2015-07-10,All-Floors,TPG,126,2061,2097504,313976015101,47611099099,361587114200
2015-07-10,All-Floors,RPG,321,3169,3934259,210861244088,21647993344,232509237432
2015-07-10,All-Floors,UG,851,7408,6426701,478994428735,70168985779,549163414514
2015-07-10,All-Floors,Alumni,22,343,426162,52792337884,3109370251,55901708135
2015-07-10,All-Floors,Others(HKUST),31,859,1375257,225594180121,95532038202,321126218323
2015-07-10,All-Floors,Non-HKUST,39,348,358671,8549572643,1831263801,10380836444
2015-07-10,All-Floors,Total,1689,16886,17683586,1403773413146,257083196455,1660856609601
2015-07-11,1,Staff,14,196,370785,852439326,136214543,988653869
2015-07-11,1,TPG,17,101,175243,12464296592,495073210,12959369802
2015-07-11,1,RPG,23,150,260028,21639370734,2456795843,24096166577
2015-07-11,1,UG,29,171,304125,14710197014,1356512074,16066709088
2015-07-11,1,Alumni,5,11,3861,189962749,55284822,245247571
2015-07-11,1,Others(HKUST),9,157,258498,7344705717,427930774,7772636491
2015-07-11,1,Non-HKUST,7,14,34883,184538713,31714595,216253308
2015-07-11,1,Total,104,800,1407423,57385510845,4959525861,62345036706
2015-07-11,G,Staff,38,208,190653,14773210965,731214462,15504425427
2015-07-11,G,TPG,77,519,473532,36393039895,4249597430,40642637325
2015-07-11,G,RPG,93,511,685415,30659403349,6613819279,37273222628
2015-07-11,G,UG,156,852,850492,44417214814,3381252621,47798467435
2015-07-11,G,Alumni,27,114,70036,1415844905,673892266,2089737171
2015-07-11,G,Others(HKUST),16,102,211272,6600725388,374719584,6975444972
2015-07-11,G,Non-HKUST,19,45,65453,1165482496,114791440,1280273936
2015-07-11,G,Total,426,2351,2546853,135424921812,16139287082,151564208894
2015-07-11,LG1,Staff,35,152,229809,29921448382,4584730125,34506178507
2015-07-11,LG1,TPG,69,846,844565,178540121192,15647971302,194188092494
2015-07-11,LG1,RPG,95,609,803339,52661078710,15610890715,68271969425
2015-07-11,LG1,UG,192,1880,2000109,138688238438,12466486062,151154724500
2015-07-11,LG1,Alumni,30,163,168403,7077593031,1064505188,8142098219
2015-07-11,LG1,Others(HKUST),11,122,523069,14357228182,1109435049,15466663231
2015-07-11,LG1,Non-HKUST,20,182,334727,17542101081,1995126220,19537227301
2015-07-11,LG1,Total,452,3954,4904021,438787809016,52479144661,491266953677
2015-07-11,LG3,Staff,25,118,105423,10929329773,838402159,11767731932
2015-07-11,LG3,TPG,31,111,123590,7004692816,1082728132,8087420948
2015-07-11,LG3,RPG,80,425,703595,28498905869,5264707239,33763613108
2015-07-11,LG3,UG,156,380,379457,23504990945,5904547150,29409538095
2015-07-11,LG3,Alumni,27,128,135299,5178578994,471368464,5649947458
2015-07-11,LG3,Others(HKUST),14,78,136683,10279151916,357410004,10636561920
2015-07-11,LG3,Non-HKUST,19,81,137916,4890420541,602555038,5492975579
2015-07-11,LG3,Total,352,1321,1721963,90286070854,14521718186,104807789040
2015-07-11,LG4,Staff,31,92,110330,5123982107,1741729241,6865711348
2015-07-11,LG4,TPG,40,276,359187,40253134384,8146809451,48399943835
2015-07-11,LG4,RPG,85,379,393658,23340004045,6761281496,30101285541
2015-07-11,LG4,UG,162,698,847844,40282915464,3802615919,44085531383
2015-07-11,LG4,Alumni,29,290,479004,47231685157,4711832681,51943517838
2015-07-11,LG4,Others(HKUST),7,227,399279,145327420744,53638531149,198965951893
2015-07-11,LG4,Non-HKUST,21,129,151356,7664801462,780215068,8445016530
2015-07-11,LG4,Total,375,2091,2740658,309223943363,79583015005,388806958368
2015-07-11,All-Floors,Staff,87,766,1007000,61600410553,8032290530,69632701083
2015-07-11,All-Floors,TPG,129,1853,1976117,274655284879,29622179525,304277464404
2015-07-11,All-Floors,RPG,227,2074,2846035,156798762707,36707494572,193506257279
2015-07-11,All-Floors,UG,455,3981,4382027,261603556675,26911413826,288514970501
2015-07-11,All-Floors,Alumni,56,706,856603,61093664836,6976883421,68070548257
2015-07-11,All-Floors,Others(HKUST),26,686,1528801,183909231947,55908026560,239817258507
2015-07-11,All-Floors,Non-HKUST,52,451,724335,31447344293,3524402361,34971746654
2015-07-11,All-Floors,Total,1032,10517,13320918,1031108255890,167682690795,1198790946685
2015-07-12,1,Staff,14,260,416237,1552000611,131185601,1683186212
2015-07-12,1,TPG,8,50,89213,2982407649,193626838,3176034487
2015-07-12,1,RPG,12,55,126121,4492273598,317554007,4809827605
2015-07-12,1,UG,23,151,297634,8751223655,1081148842,9832372497
2015-07-12,1,Alumni,0,0,0,0,0,0
2015-07-12,1,Others(HKUST),6,122,291342,10639300499,1177366907,11816667406
2015-07-12,1,Non-HKUST,4,77,78613,4215863852,1391197534,5607061386
2015-07-12,1,Total,67,715,1299160,32633069864,4292079729,36925149593
2015-07-12,G,Staff,29,153,159996,2344339054,173594097,2517933151
2015-07-12,G,TPG,38,216,173992,12613097726,5251685564,17864783290
2015-07-12,G,RPG,59,297,317659,20245187006,4250538880,24495725886
2015-07-12,G,UG,130,534,483672,24158143035,3850877431,28009020466
2015-07-12,G,Alumni,22,75,38295,5800298752,403031513,6203330265
2015-07-12,G,Others(HKUST),8,33,116511,576756905,120638704,697395609
2015-07-12,G,Non-HKUST,11,53,40571,4440291332,315375284,4755666616
2015-07-12,G,Total,297,1361,1330696,70178113810,14365741473,84543855283
2015-07-12,LG1,Staff,30,191,312211,15166106944,1640096654,16806203598
2015-07-12,LG1,TPG,64,805,886326,124391317542,19953287655,144344605197
2015-07-12,LG1,RPG,52,452,533529,83799039924,4925784417,88724824341
2015-07-12,LG1,UG,160,1262,1691179,130143171024,13080437488,143223608512
2015-07-12,LG1,Alumni,21,150,152660,25556660864,1308404763,26865065627
2015-07-12,LG1,Others(HKUST),6,49,457358,1283175055,346631770,1629806825
2015-07-12,LG1,Non-HKUST,12,58,57338,4680489535,273860338,4954349873
2015-07-12,LG1,Total,345,2967,4090601,385019960888,41528503085,426548463973
2015-07-12,LG3,Staff,27,68,78972,1630710303,122935975,1753646278
2015-07-12,LG3,TPG,24,76,62330,25108238340,3391378279,28499616619
2015-07-12,LG3,RPG,52,258,343392,38659763730,7253887174,45913650904
2015-07-12,LG3,UG,122,385,401001,25142112998,4535303288,29677416286
2015-07-12,LG3,Alumni,21,193,194545,21245966315,3290520933,24536487248
2015-07-12,LG3,Others(HKUST),4,44,75459,123348021,14681404,138029425
2015-07-12,LG3,Non-HKUST,14,48,52251,1705125733,274711743,1979837476
2015-07-12,LG3,Total,264,1072,1207950,113615265440,18883418796,132498684236
2015-07-12,LG4,Staff,27,70,82856,1490443328,135612170,1626055498
2015-07-12,LG4,TPG,27,131,199140,16236970767,1248860535,17485831302
2015-07-12,LG4,RPG,67,140,131600,9046362402,565141982,9611504384
2015-07-12,LG4,UG,134,429,449131,24414341042,3994015366,28408356408
2015-07-12,LG4,Alumni,18,129,199337,1957571759,416763575,2374335334
2015-07-12,LG4,Others(HKUST),8,95,247028,48871031625,16213527153,65084558778
2015-07-12,LG4,Non-HKUST,13,88,83367,2887208722,328496545,3215705267
2015-07-12,LG4,Total,294,1082,1392459,104903929645,22902417326,127806346971
2015-07-12,All-Floors,Staff,78,742,1050272,22183600240,2203424497,24387024737
2015-07-12,All-Floors,TPG,91,1278,1411001,181332032024,30038838871,211370870895
2015-07-12,All-Floors,RPG,160,1202,1452301,156242626660,17312906460,173555533120
2015-07-12,All-Floors,UG,374,2761,3322617,212608991754,26541782415,239150774169
2015-07-12,All-Floors,Alumni,45,547,584837,54560497690,5418720784,59979218474
2015-07-12,All-Floors,Others(HKUST),18,343,1187698,61493612105,17872845938,79366458043
2015-07-12,All-Floors,Non-HKUST,34,324,312140,17928979174,2583641444,20512620618
2015-07-12,All-Floors,Total,800,7197,9320866,706350339647,101972160409,808322500056
2015-07-13,1,Staff,70,810,1169313,16291185336,2696909068,18988094404
2015-07-13,1,TPG,30,468,649858,37085556864,5461651079,42547207943
2015-07-13,1,RPG,41,392,626824,29888086022,3502705846,33390791868
2015-07-13,1,UG,77,662,938999,60464074891,7627551695,68091626586
2015-07-13,1,Alumni,4,11,32384,829240010,75378999,904619009
2015-07-13,1,Others(HKUST),10,137,163561,333307772,431159324,764467096
2015-07-13,1,Non-HKUST,4,11,6577,753870406,49433646,803304052
2015-07-13,1,Total,236,2491,3587516,145645321301,19844789657,165490110958
2015-07-13,G,Staff,136,685,538422,12554453878,1429128491,13983582369
2015-07-13,G,TPG,77,230,127572,15491123253,1809817645,17300940898
2015-07-13,G,RPG,141,738,604752,29678678844,7260663417,36939342261
2015-07-13,G,UG,333,1034,608018,44136513674,3771088692,47907602366
2015-07-13,G,Alumni,10,47,23787,164862338,31543113,196405451
2015-07-13,G,Others(HKUST),30,308,190819,4782557528,1106522036,5889079564
2015-07-13,G,Non-HKUST,17,52,20692,877748990,66658936,944407926
2015-07-13,G,Total,744,3094,2114062,107685938505,15475422330,123161360835
2015-07-13,LG1,Staff,97,490,571327,23012551052,3272487353,26285038405
2015-07-13,LG1,TPG,95,1488,1547009,128830841887,19293085637,148123927524
2015-07-13,LG1,RPG,145,1506,1553566,69975073446,7778595972,77753669418
2015-07-13,LG1,UG,557,5657,4812598,503616601343,80595008214,584211609557
2015-07-13,LG1,Alumni,11,192,191723,5590794023,528963563,6119757586
2015-07-13,LG1,Others(HKUST),18,289,554232,3278598900,757689592,4036288492
2015-07-13,LG1,Non-HKUST,32,125,91586,4731165251,284479853,5015645104
2015-07-13,LG1,Total,955,9747,9322041,739035625902,112510310184,851545936086
2015-07-13,LG3,Staff,87,217,126988,2393024719,2056096993,4449121712
2015-07-13,LG3,TPG,37,221,182285,46061661530,19698416937,65760078467
2015-07-13,LG3,RPG,128,705,1200555,62161599779,10021609075,72183208854
2015-07-13,LG3,UG,257,825,745801,53092452019,5331561076,58424013095
2015-07-13,LG3,Alumni,16,60,65225,1581960418,487799601,2069760019
2015-07-13,LG3,Others(HKUST),19,101,101454,767429833,116015276,883445109
2015-07-13,LG3,Non-HKUST,15,121,134633,7955054301,978219379,8933273680
2015-07-13,LG3,Total,559,2250,2556941,174013182599,38689718337,212702900936
2015-07-13,LG4,Staff,93,296,227058,31590333820,3971096801,35561430621
2015-07-13,LG4,TPG,34,345,523411,38191051348,41421277626,79612328974
2015-07-13,LG4,RPG,126,641,691556,45079104775,3823945790,48903050565
2015-07-13,LG4,UG,259,1083,1148176,69378068693,10939927763,80317996456
2015-07-13,LG4,Alumni,14,58,112833,4048428968,232891870,4281320838
2015-07-13,LG4,Others(HKUST),27,260,303113,27885171256,5412799621,33297970877
2015-07-13,LG4,Non-HKUST,14,42,46401,1329913503,367306552,1697220055
2015-07-13,LG4,Total,567,2725,3052548,217502072363,66169246023,283671318386
2015-07-13,All-Floors,Staff,275,2498,2633108,85841548805,13425718706,99267267511
2015-07-13,All-Floors,TPG,146,2752,3030135,265660234882,87684248924,353344483806
2015-07-13,All-Floors,RPG,330,3982,4677253,236782542866,32387520100,269170062966
2015-07-13,All-Floors,UG,919,9261,8253592,730687710620,108265137440,838952848060
2015-07-13,All-Floors,Alumni,28,368,425952,12215285757,1356577146,13571862903
2015-07-13,All-Floors,Others(HKUST),50,1095,1313179,37047065289,7824185849,44871251138
2015-07-13,All-Floors,Non-HKUST,53,351,299889,15647752451,1746098366,17393850817
2015-07-13,All-Floors,Total,1801,20307,20633108,1383882140670,252689486531,1636571627201
2015-07-14,1,Staff,62,747,1124884,11990117574,1096829617,13086947191
2015-07-14,1,TPG,25,523,661375,38935945595,7154729025,46090674620
2015-07-14,1,RPG,33,317,500865,21112918087,1988271889,23101189976
2015-07-14,1,UG,59,506,682555,36170536666,3888010778,40058547444
2015-07-14,1,Alumni,1,6,26201,1013178343,95065006,1108243349
2015-07-14,1,Others(HKUST),14,209,243657,5735159737,403235390,6138395127
2015-07-14,1,Non-HKUST,4,9,13451,575608850,134875459,710484309
2015-07-14,1,Total,198,2317,3252988,115533464852,14761017164,130294482016
2015-07-14,G,Staff,143,823,639477,11659268745,2920963125,14580231870
2015-07-14,G,TPG,63,229,114484,8609979925,2328757687,10938737612
2015-07-14,G,RPG,127,436,372663,22065820345,2103623739,24169444084
2015-07-14,G,UG,268,941,580966,84807700296,8808244512,93615944808
2015-07-14,G,Alumni,11,36,31431,643476171,125293256,768769427
2015-07-14,G,Others(HKUST),26,490,240137,6554175631,805029381,7359205012
2015-07-14,G,Non-HKUST,21,94,94718,4596353286,478772962,5075126248
2015-07-14,G,Total,659,3049,2073876,138936774399,17570684662,156507459061
2015-07-14,LG1,Staff,109,542,675181,26127569213,10965577915,37093147128
2015-07-14,LG1,TPG,108,1469,1497695,152549921503,35052149898,187602071401
2015-07-14,LG1,RPG,146,1492,1604417,95694330901,16835878176,112530209077
2015-07-14,LG1,UG,447,4507,4260826,274352043380,42148138099,316500181479
2015-07-14,LG1,Alumni,9,117,123365,4538067068,321452704,4859519772
2015-07-14,LG1,Others(HKUST),19,511,764252,9626169174,2448139409,12074308583
2015-07-14,LG1,Non-HKUST,17,91,84765,1863897028,621240640,2485137668
2015-07-14,LG1,Total,855,8729,9010501,564751998267,108392576841,673144575108
2015-07-14,LG3,Staff,82,206,96649,5308675853,393666888,5702342741
2015-07-14,LG3,TPG,39,233,260724,30304488355,3897637222,34202125577
2015-07-14,LG3,RPG,101,477,679835,51023555270,5864952916,56888508186
2015-07-14,LG3,UG,253,871,712911,50967495897,6475786495,57443282392
2015-07-14,LG3,Alumni,8,24,18462,1359201328,99321991,1458523319
2015-07-14,LG3,Others(HKUST),21,216,137677,1176966482,340797824,1517764306
2015-07-14,LG3,Non-HKUST,10,173,116517,4018497348,495205842,4513703190
2015-07-14,LG3,Total,514,2200,2022775,144158880533,17567369178,161726249711
2015-07-14,LG4,Staff,91,395,229524,23455951647,2183114559,25639066206
2015-07-14,LG4,TPG,36,424,603780,41326413587,6440309395,47766722982
2015-07-14,LG4,RPG,117,711,814338,58916388370,7825487102,66741875472
2015-07-14,LG4,UG,303,1437,1266290,117593335717,21476143163,139069478880
2015-07-14,LG4,Alumni,9,125,192241,7650704895,530527760,8181232655
2015-07-14,LG4,Others(HKUST),27,308,311712,50331992919,11210097780,61542090699
2015-07-14,LG4,Non-HKUST,9,50,28646,474428900,143816481,618245381
2015-07-14,LG4,Total,592,3450,3446531,299749216035,49809496240,349558712275
2015-07-14,All-Floors,Staff,289,2713,2765715,78541583032,17560152104,96101735136
2015-07-14,All-Floors,TPG,147,2878,3138058,271726748965,54873583227,326600332192
2015-07-14,All-Floors,RPG,320,3433,3972118,248813012973,34618213822,283431226795
2015-07-14,All-Floors,UG,813,8262,7503548,563891111956,82796323047,646687435003
2015-07-14,All-Floors,Alumni,23,308,391700,15204627805,1171660717,16376288522
2015-07-14,All-Floors,Others(HKUST),35,1734,1697435,73424463943,15207299784,88631763727
2015-07-14,All-Floors,Non-HKUST,38,417,338097,11528785412,1873911384,13402696796
2015-07-14,All-Floors,Total,1665,19745,19806671,1263130334086,208101144085,1471231478171
2015-07-15,1,Staff,63,620,922707,12607092464,1089842732,13696935196
2015-07-15,1,TPG,23,420,549049,65680406463,9832811172,75513217635
2015-07-15,1,RPG,40,431,617548,83669442965,5316635970,88986078935
2015-07-15,1,UG,106,910,1144267,65160405385,15920230890,81080636275
2015-07-15,1,Alumni,0,0,0,0,0,0
2015-07-15,1,Others(HKUST),9,216,194042,2434026263,117495649,2551521912
2015-07-15,1,Non-HKUST,4,14,11133,2540062226,180555905,2720618131
2015-07-15,1,Total,245,2611,3438746,232091435766,32457572318,264549008084
2015-07-15,G,Staff,116,656,648983,21654248441,2692180734,24346429175
2015-07-15,G,TPG,57,182,144654,5338046229,4933573801,10271620030
2015-07-15,G,RPG,124,521,527042,24850756606,2688557931,27539314537
2015-07-15,G,UG,317,1125,686266,64757201826,9200868750,73958070576
2015-07-15,G,Alumni,7,27,27972,576850308,220894866,797745174
2015-07-15,G,Others(HKUST),23,202,232666,9372752477,585761262,9958513739
2015-07-15,G,Non-HKUST,16,65,51374,2394908290,254025167,2648933457
2015-07-15,G,Total,660,2778,2318957,128944764177,20575862511,149520626688
2015-07-15,LG1,Staff,108,643,746586,17200804712,1800566154,19001370866
2015-07-15,LG1,TPG,94,1325,1213599,149928891307,43190609126,193119500433
2015-07-15,LG1,RPG,153,1565,1904478,131688170909,16284318494,147972489403
2015-07-15,LG1,UG,570,5121,4136944,307512775533,64414797914,371927573447
2015-07-15,LG1,Alumni,11,68,79315,2360754727,16162201402,18522956129
2015-07-15,LG1,Others(HKUST),17,348,539100,6717970122,1238244723,7956214845
2015-07-15,LG1,Non-HKUST,26,161,138982,11069390722,1330423207,12399813929
2015-07-15,LG1,Total,979,9231,8759004,626478758032,144421161020,770899919052
2015-07-15,LG3,Staff,86,247,111403,12374263591,2839714794,15213978385
2015-07-15,LG3,TPG,45,252,221749,188370401059,13953208650,202323609709
2015-07-15,LG3,RPG,113,753,987305,66181156187,6086555877,72267712064
2015-07-15,LG3,UG,294,845,637577,41938197810,7350696531,49288894341
2015-07-15,LG3,Alumni,13,68,74618,1711786956,129908884,1841695840
2015-07-15,LG3,Others(HKUST),19,165,183862,2911107702,440558380,3351666082
2015-07-15,LG3,Non-HKUST,15,156,156107,28080396922,2430852717,30511249639
2015-07-15,LG3,Total,585,2486,2372621,341567310227,33231495833,374798806060
2015-07-15,LG4,Staff,106,342,194544,65800866221,6671200079,72472066300
2015-07-15,LG4,TPG,48,517,527221,87116025350,16562384560,103678409910
2015-07-15,LG4,RPG,131,727,777866,58022161902,4613944764,62636106666
2015-07-15,LG4,UG,318,957,825855,39351411047,9444397826,48795808873
2015-07-15,LG4,Alumni,10,133,181308,14882525804,978665533,15861191337
2015-07-15,LG4,Others(HKUST),26,312,461295,35810429175,17295182212,53105611387
2015-07-15,LG4,Non-HKUST,17,59,49136,4016829136,190760807,4207589943
2015-07-15,LG4,Total,656,3047,3017225,305000248635,55756535781,360756784416
2015-07-15,All-Floors,Staff,289,2508,2624223,129637275429,15093504493,144730779922
2015-07-15,All-Floors,TPG,131,2696,2656272,496433770408,88472587309,584906357717
2015-07-15,All-Floors,RPG,331,3997,4814239,364411688569,34990013036,399401701605
2015-07-15,All-Floors,UG,998,8958,7430909,518719991601,106330991911,625050983512
2015-07-15,All-Floors,Alumni,24,296,363213,19531917795,17491670685,37023588480
2015-07-15,All-Floors,Others(HKUST),42,1243,1610965,57246285739,19677242226,76923527965
2015-07-15,All-Floors,Non-HKUST,49,455,406732,48101587296,4386617803,52488205099
2015-07-15,All-Floors,Total,1864,20153,19906553,1634082516837,286442627463,1920525144300
2015-07-16,1,Staff,67,754,1089059,18848118804,5168514175,24016632979
2015-07-16,1,TPG,18,299,399386,32511979644,6767885979,39279865623
2015-07-16,1,RPG,37,338,655751,19735048293,2461096190,22196144483
2015-07-16,1,UG,67,512,766115,58892762027,4310799169,63203561196
2015-07-16,1,Alumni,0,0,0,0,0,0
2015-07-16,1,Others(HKUST),14,143,167077,559740489,165253578,724994067
2015-07-16,1,Non-HKUST,2,10,10487,587718663,23138589,610857252
2015-07-16,1,Total,205,2056,3087875,131135367920,18896687680,150032055600
2015-07-16,G,Staff,129,613,526255,15014807579,12008107151,27022914730
2015-07-16,G,TPG,47,176,115778,6313425026,861525371,7174950397
2015-07-16,G,RPG,115,556,511311,37596997161,5072482621,42669479782
2015-07-16,G,UG,222,803,561450,62170380531,8892628523,71063009054
2015-07-16,G,Alumni,10,57,36608,1374382560,3315140946,4689523506
2015-07-16,G,Others(HKUST),27,408,334999,13299901787,3348870458,16648772245
2015-07-16,G,Non-HKUST,17,87,63453,2589691974,479547835,3069239809
2015-07-16,G,Total,567,2700,2149854,138359586618,33978302905,172337889523
2015-07-16,LG1,Staff,99,600,649790,33345230840,11875345164,45220576004
2015-07-16,LG1,TPG,82,1314,1167775,123858719179,18521270997,142379990176
2015-07-16,LG1,RPG,153,1680,1656258,82513209889,14855127082,97368336971
2015-07-16,LG1,UG,454,4937,5351273,590293980165,67976978399,658270958564
2015-07-16,LG1,Alumni,10,80,34206,1192696924,273725380,1466422304
2015-07-16,LG1,Others(HKUST),20,118,478247,2285861014,597786993,2883648007
2015-07-16,LG1,Non-HKUST,31,176,187432,14820549169,942626304,15763175473
2015-07-16,LG1,Total,849,8905,9524981,848310247180,115042860319,963353107499
2015-07-16,LG3,Staff,91,250,81599,2528880366,240228566,2769108932
2015-07-16,LG3,TPG,34,214,296999,29393777636,5545437827,34939215463
2015-07-16,LG3,RPG,114,718,1107983,47172506097,8632189725,55804695822
2015-07-16,LG3,UG,220,711,574875,66466593117,8786101025,75252694142
2015-07-16,LG3,Alumni,13,132,83875,3124595067,315512038,3440107105
2015-07-16,LG3,Others(HKUST),16,149,176145,588059773,112318887,700378660
2015-07-16,LG3,Non-HKUST,13,58,79708,3088473712,408680348,3497154060
2015-07-16,LG3,Total,501,2232,2401184,152362885768,24040468416,176403354184
2015-07-16,LG4,Staff,108,321,253033,22451930041,1445013060,23896943101
2015-07-16,LG4,TPG,32,172,265610,37588034725,6503928664,44091963389
2015-07-16,LG4,RPG,146,809,977088,58009542147,11866570667,69876112814
2015-07-16,LG4,UG,243,916,849396,77319598043,8308396835,85627994878
2015-07-16,LG4,Alumni,11,113,186854,7980352819,1000791656,8981144475
2015-07-16,LG4,Others(HKUST),36,363,337736,54740208919,23290707487,78030916406
2015-07-16,LG4,Non-HKUST,16,56,41987,2078926502,177520256,2256446758
2015-07-16,LG4,Total,592,2750,2911704,260168593196,52592928625,312761521821
2015-07-16,All-Floors,Staff,299,2538,2599736,92188967630,30737208116,122926175746
2015-07-16,All-Floors,TPG,120,2175,2245548,229665936210,38200048838,267865985048
2015-07-16,All-Floors,RPG,327,4101,4908391,245027303587,42887466285,287914769872
2015-07-16,All-Floors,UG,742,7879,8103109,855143313883,98274903951,953418217834
2015-07-16,All-Floors,Alumni,20,382,341543,13672027370,4905170020,18577197390
2015-07-16,All-Floors,Others(HKUST),51,1181,1494204,71473771982,27514937403,98988709385
2015-07-16,All-Floors,Non-HKUST,43,387,383067,23165360020,2031513332,25196873352
2015-07-16,All-Floors,Total,1602,18643,20075598,1530336680682,244551247945,1774887928627
2015-07-17,1,Staff,53,648,1057410,11533500551,917954195,12451454746
2015-07-17,1,TPG,18,200,450595,19525051857,1574443921,21099495778
2015-07-17,1,RPG,23,285,506476,17084385428,1748762068,18833147496
2015-07-17,1,UG,49,394,540165,30591613621,3220154210,33811767831
2015-07-17,1,Alumni,1,1,0,0,0,0
2015-07-17,1,Others(HKUST),8,117,163849,761259710,308272868,1069532578
2015-07-17,1,Non-HKUST,2,4,12687,668157555,63675891,731833446
2015-07-17,1,Total,154,1649,2731182,80163968722,7833263153,87997231875
2015-07-17,G,Staff,118,621,407529,14024459161,935318476,14959777637
2015-07-17,G,TPG,56,288,262488,16444758126,1927919688,18372677814
2015-07-17,G,RPG,138,533,515277,37449611358,8717300274,46166911632
2015-07-17,G,UG,275,987,565630,65837702538,8960202503,74797905041
2015-07-17,G,Alumni,8,24,7564,675953183,38468837,714422020
2015-07-17,G,Others(HKUST),21,294,249234,16414343043,2407620394,18821963437
2015-07-17,G,Non-HKUST,15,52,54352,5815739609,332000383,6147739992
2015-07-17,G,Total,631,2799,2062074,156662567018,23318830555,179981397573
2015-07-17,LG1,Staff,86,517,435924,17390213114,3101111051,20491324165
2015-07-17,LG1,TPG,87,1203,1010258,92266261154,14450839494,106717100648
2015-07-17,LG1,RPG,143,1081,1284504,60915405417,6005141394,66920546811
2015-07-17,LG1,UG,490,4640,4614277,266421277093,54087638842,320508915935
2015-07-17,LG1,Alumni,8,88,76180,1199034223,161994608,1361028831
2015-07-17,LG1,Others(HKUST),19,184,490388,1365918340,571296462,1937214802
2015-07-17,LG1,Non-HKUST,13,75,65138,6363374109,593400558,6956774667
2015-07-17,LG1,Total,846,7788,7976669,445921483450,78971422409,524892905859
2015-07-17,LG3,Staff,84,255,132561,3512090450,758612053,4270702503
2015-07-17,LG3,TPG,43,297,387013,71000362456,8546095004,79546457460
2015-07-17,LG3,RPG,106,676,1036744,37958236751,13590102132,51548338883
2015-07-17,LG3,UG,227,819,725422,49792386414,9303085162,59095471576
2015-07-17,LG3,Alumni,11,36,44723,449699852,88361315,538061167
2015-07-17,LG3,Others(HKUST),13,85,120342,797042734,303679311,1100722045
2015-07-17,LG3,Non-HKUST,8,65,90948,17603127407,840907242,18444034649
2015-07-17,LG3,Total,492,2233,2537753,181112946064,33430842219,214543788283
2015-07-17,LG4,Staff,110,312,233957,7622314701,691622311,8313937012
2015-07-17,LG4,TPG,33,266,415523,26348027018,4115153749,30463180767
2015-07-17,LG4,RPG,119,652,744148,42167913273,2943096819,45111010092
2015-07-17,LG4,UG,255,888,923235,56608582561,9017347156,65625929717
2015-07-17,LG4,Alumni,15,243,184508,4874918921,841599196,5716518117
2015-07-17,LG4,Others(HKUST),20,292,292692,63207510920,18153448979,81360959899
2015-07-17,LG4,Non-HKUST,14,43,65644,2309614489,260375006,2569989495
2015-07-17,LG4,Total,566,2696,2859707,203138881883,36022643216,239161525099
2015-07-17,All-Floors,Staff,279,2353,2267381,54082577977,6404618086,60487196063
2015-07-17,All-Floors,TPG,123,2254,2525877,225584460611,30614451856,256198912467
2015-07-17,All-Floors,RPG,303,3227,4087149,195575552227,33004402687,228579954914
2015-07-17,All-Floors,UG,857,7728,7368729,469251562227,84588427873,553839990100
2015-07-17,All-Floors,Alumni,20,392,312975,7199606179,1130423956,8330030135
2015-07-17,All-Floors,Others(HKUST),40,972,1316505,82546074747,21744318014,104290392761
2015-07-17,All-Floors,Non-HKUST,37,239,288769,32760013169,2090359080,34850372249
2015-07-17,All-Floors,Total,1659,17165,18167385,1066999847137,179577001552,1246576848689
2015-07-18,1,Staff,18,213,398047,2341716322,161542942,2503259264
2015-07-18,1,TPG,15,88,161505,7597532170,2251105687,9848637857
2015-07-18,1,RPG,15,142,234582,19119350033,2436252991,21555603024
2015-07-18,1,UG,29,201,275098,42310651985,2403485711,44714137696
2015-07-18,1,Alumni,3,3,2410,2350922,8504765,10855687
2015-07-18,1,Others(HKUST),7,108,198857,2654410383,1374838659,4029249042
2015-07-18,1,Non-HKUST,3,43,37324,8214253899,322318685,8536572584
2015-07-18,1,Total,90,798,1307823,82240265714,8958049440,91198315154
2015-07-18,G,Staff,48,312,231876,7797800118,1005448578,8803248696
2015-07-18,G,TPG,62,337,366314,24841327751,9994522884,34835850635
2015-07-18,G,RPG,67,247,296755,5118284715,540751630,5659036345
2015-07-18,G,UG,120,379,299219,22824756774,2172910178,24997666952
2015-07-18,G,Alumni,15,97,46236,1663975782,1025940619,2689916401
2015-07-18,G,Others(HKUST),17,174,219220,9109961437,1541511621,10651473058
2015-07-18,G,Non-HKUST,16,54,67846,1847204593,319199859,2166404452
2015-07-18,G,Total,345,1600,1527466,73203311170,16600285369,89803596539
2015-07-18,LG1,Staff,31,232,241700,16341786080,2048571530,18390357610
2015-07-18,LG1,TPG,69,763,861513,173448003641,20045125954,193493129595
2015-07-18,LG1,RPG,65,470,638172,53608446521,8157265988,61765712509
2015-07-18,LG1,UG,256,2788,3295177,166893199595,19866316917,186759516512
2015-07-18,LG1,Alumni,19,80,95978,5935921718,696611298,6632533016
2015-07-18,LG1,Others(HKUST),12,125,491519,2881259024,3047149736,5928408760
2015-07-18,LG1,Non-HKUST,15,51,44162,3092248033,159821753,3252069786
2015-07-18,LG1,Total,467,4509,5668221,422200864612,54020863176,476221727788
2015-07-18,LG3,Staff,29,85,33631,10010310746,386083274,10396394020
2015-07-18,LG3,TPG,30,148,186046,33616154977,2220303268,35836458245
2015-07-18,LG3,RPG,66,429,574732,32977907298,4917025405,37894932703
2015-07-18,LG3,UG,142,440,387211,17111770635,4492588491,21604359126
2015-07-18,LG3,Alumni,15,61,97241,3784567468,443542923,4228110391
2015-07-18,LG3,Others(HKUST),8,82,111319,1370603657,97851674,1468455331
2015-07-18,LG3,Non-HKUST,9,111,154475,20910770051,1076984414,21987754465
2015-07-18,LG3,Total,299,1356,1544655,119782084832,13634379449,133416464281
2015-07-18,LG4,Staff,33,79,27116,400578613,47568509,448147122
2015-07-18,LG4,TPG,25,144,185266,43744658944,5926895588,49671554532
2015-07-18,LG4,RPG,76,449,510571,49948625385,4034692148,53983317533
2015-07-18,LG4,UG,109,539,648018,34065184764,9830614429,43895799193
2015-07-18,LG4,Alumni,23,352,441285,45717142380,15210785442,60927927822
2015-07-18,LG4,Others(HKUST),9,207,306262,194452357002,42139235859,236591592861
2015-07-18,LG4,Non-HKUST,14,61,35014,6999303885,381620510,7380924395
2015-07-18,LG4,Total,289,1831,2153532,375327850973,77571412485,452899263458
2015-07-18,All-Floors,Staff,97,921,932370,36892191879,3649214833,40541406712
2015-07-18,All-Floors,TPG,127,1480,1760644,283247677483,40437953381,323685630864
2015-07-18,All-Floors,RPG,173,1737,2254812,160772613952,20085988162,180858602114
2015-07-18,All-Floors,UG,432,4347,4904723,283205563753,38765915726,321971479479
2015-07-18,All-Floors,Alumni,44,593,683150,57103958270,17385385047,74489343317
2015-07-18,All-Floors,Others(HKUST),30,696,1327177,210468591503,48200587549,258669179052
2015-07-18,All-Floors,Non-HKUST,33,320,338821,41063780461,2259945221,43323725682
2015-07-18,All-Floors,Total,936,10094,12201697,1072754377301,170784989919,1243539367220
2015-07-19,1,Staff,14,190,325617,689654467,147445867,837100334
2015-07-19,1,TPG,12,125,170390,22236013664,5468787316,27704800980
2015-07-19,1,RPG,18,77,200390,8534546525,2045142593,10579689118
2015-07-19,1,UG,29,198,296644,10908964205,6833023582,17741987787
2015-07-19,1,Alumni,2,5,1442,55885521,9696845,65582366
2015-07-19,1,Others(HKUST),5,77,164554,99366168,27723145,127089313
2015-07-19,1,Non-HKUST,3,5,12953,2823984916,699931005,3523915921
2015-07-19,1,Total,83,677,1171990,45348415466,15231750353,60580165819
2015-07-19,G,Staff,27,124,117585,3522862365,323354814,3846217179
2015-07-19,G,TPG,33,159,196079,6909196495,646085885,7555282380
2015-07-19,G,RPG,70,267,280119,6948334750,2248915147,9197249897
2015-07-19,G,UG,143,570,497412,37677611023,3320067177,40997678200
2015-07-19,G,Alumni,30,147,138942,8549168777,843674419,9392843196
2015-07-19,G,Others(HKUST),14,163,186506,3672983237,1409184289,5082167526
2015-07-19,G,Non-HKUST,10,26,23402,573921448,114843011,688764459
2015-07-19,G,Total,327,1456,1440045,67854078095,8906124742,76760202837
2015-07-19,LG1,Staff,28,152,139564,36752741688,2269318784,39022060472
2015-07-19,LG1,TPG,42,394,556461,77097321245,7673777631,84771098876
2015-07-19,LG1,RPG,54,409,395676,32252656823,5732685426,37985342249
2015-07-19,LG1,UG,231,2334,2680068,193437550696,22584787310,216022338006
2015-07-19,LG1,Alumni,29,174,197072,17315609350,988434676,18304044026
2015-07-19,LG1,Others(HKUST),7,42,446401,1471211773,431423580,1902635353
2015-07-19,LG1,Non-HKUST,15,111,79464,1364824620,271495396,1636320016
2015-07-19,LG1,Total,406,3616,4494706,359691916195,39951922803,399643838998
2015-07-19,LG3,Staff,31,50,11448,223452740,19769217,243221957
2015-07-19,LG3,TPG,17,40,33266,7675758693,259605639,7935364332
2015-07-19,LG3,RPG,48,164,208212,16842043539,1846082161,18688125700
2015-07-19,LG3,UG,130,416,313836,78814341733,11149360186,89963701919
2015-07-19,LG3,Alumni,26,161,192136,6824880853,1247128686,8072009539
2015-07-19,LG3,Others(HKUST),4,68,103799,606711689,67572813,674284502
2015-07-19,LG3,Non-HKUST,10,68,72347,1623612658,1046521221,2670133879
2015-07-19,LG3,Total,266,967,935044,112610801905,15636039923,128246841828
2015-07-19,LG4,Staff,31,68,46721,828127123,78493788,906620911
2015-07-19,LG4,TPG,23,92,155919,4108005857,557005306,4665011163
2015-07-19,LG4,RPG,63,272,289183,10783725123,2460906098,13244631221
2015-07-19,LG4,UG,167,590,580917,34917204714,4013120709,38930325423
2015-07-19,LG4,Alumni,26,276,253395,14114916026,1308421080,15423337106
2015-07-19,LG4,Others(HKUST),14,149,226189,87041978636,34010232912,121052211548
2015-07-19,LG4,Non-HKUST,7,34,65044,2189966611,328374731,2518341342
2015-07-19,LG4,Total,331,1481,1617368,153983924090,42756554624,196740478714
2015-07-19,All-Floors,Staff,83,584,640935,42016838383,2838382470,44855220853
2015-07-19,All-Floors,TPG,76,810,1112115,118026295954,14605261777,132631557731
2015-07-19,All-Floors,RPG,161,1189,1373580,75361306760,14333731425,89695038185
2015-07-19,All-Floors,UG,437,4108,4368877,355755672371,47900358964,403656031335
2015-07-19,All-Floors,Alumni,55,763,782987,46860460527,4397355706,51257816233
2015-07-19,All-Floors,Others(HKUST),31,499,1127449,92892251503,35946136739,128838388242
2015-07-19,All-Floors,Non-HKUST,32,244,253210,8576310253,2461165364,11037475617
2015-07-19,All-Floors,Total,875,8197,9659153,739489135751,122482392445,861971528196
2015-07-20,1,Staff,73,844,1313158,18950628809,16281473110,35232101919
2015-07-20,1,TPG,14,309,394662,19323394500,2970740534,22294135034
2015-07-20,1,RPG,35,361,558223,28126510545,4370126336,32496636881
2015-07-20,1,UG,63,529,684695,26952258834,3036415800,29988674634
2015-07-20,1,Alumni,1,22,9826,159489276,20130328,179619604
2015-07-20,1,Others(HKUST),11,138,166109,206654535,36056621,242711156
2015-07-20,1,Non-HKUST,5,18,34537,1540211872,415756366,1955968238
2015-07-20,1,Total,202,2221,3161210,95259148371,27130699095,122389847466
2015-07-20,G,Staff,134,679,545316,38099783186,2365287511,40465070697
2015-07-20,G,TPG,51,247,263948,9763338217,1179090427,10942428644
2015-07-20,G,RPG,117,607,587550,21936242672,1495715561,23431958233
2015-07-20,G,UG,310,1288,1070773,36134636799,7862465683,43997102482
2015-07-20,G,Alumni,4,14,4284,358921588,19370853,378292441
2015-07-20,G,Others(HKUST),84,354,319422,21798059426,1433101492,23231160918
2015-07-20,G,Non-HKUST,19,42,26226,2242499425,163525936,2406025361
2015-07-20,G,Total,719,3231,2817519,130333481313,14518557463,144852038776
2015-07-20,LG1,Staff,80,389,370738,8900880535,924990572,9825871107
2015-07-20,LG1,TPG,76,1032,1148734,127571290000,30325632161,157896922161
2015-07-20,LG1,RPG,130,1253,1389961,56999190440,5418555683,62417746123
2015-07-20,LG1,UG,500,4701,4596238,327432138822,77066592112,404498730934
2015-07-20,LG1,Alumni,4,42,99560,3891540160,286518627,4178058787
2015-07-20,LG1,Others(HKUST),60,373,701937,30687321476,3366779074,34054100550
2015-07-20,LG1,Non-HKUST,20,158,125813,5421506014,1215836366,6637342380
2015-07-20,LG1,Total,870,7948,8432981,560903867447,118604904595,679508772042
2015-07-20,LG3,Staff,92,251,125651,2754930530,205062765,2959993295
2015-07-20,LG3,TPG,26,102,131684,9288785191,1373441286,10662226477
2015-07-20,LG3,RPG,101,570,731741,30210898171,3293402935,33504301106
2015-07-20,LG3,UG,233,821,731172,62282782590,257893864933,320176647523
2015-07-20,LG3,Alumni,4,9,2402,121366610,22286021,143652631
2015-07-20,LG3,Others(HKUST),34,100,135552,2305052474,212486376,2517538850
2015-07-20,LG3,Non-HKUST,24,194,267143,14928174522,3492513117,18420687639
2015-07-20,LG3,Total,514,2047,2125345,121891990088,266493057433,388385047521
2015-07-20,LG4,Staff,107,436,265584,15357016837,1618148854,16975165691
2015-07-20,LG4,TPG,31,187,285039,26351374972,4499310429,30850685401
2015-07-20,LG4,RPG,134,590,649308,46893762166,7055736738,53949498904
2015-07-20,LG4,UG,292,1181,1198632,107787432736,131796070393,239583503129
2015-07-20,LG4,Alumni,5,46,52477,1449164956,157036024,1606200980
2015-07-20,LG4,Others(HKUST),65,399,247352,31926778721,4652151234,36578929955
2015-07-20,LG4,Non-HKUST,19,68,49920,1854484282,981852993,2836337275
2015-07-20,LG4,Total,653,2907,2748312,231620014670,150760306665,382380321335
2015-07-20,All-Floors,Staff,291,2599,2620447,84063239897,21394962812,105458202709
2015-07-20,All-Floors,TPG,118,1877,2224067,192298182880,40348214837,232646397717
2015-07-20,All-Floors,RPG,318,3381,3916783,184166603994,21633537253,205800141247
2015-07-20,All-Floors,UG,896,8520,8281510,560589249781,477655408921,1038244658702
2015-07-20,All-Floors,Alumni,10,133,168549,5980482590,505341853,6485824443
2015-07-20,All-Floors,Others(HKUST),144,1364,1570372,86923866632,9700574797,96624441429
2015-07-20,All-Floors,Non-HKUST,49,480,503639,25986876115,6269484778,32256360893
2015-07-20,All-Floors,Total,1826,18354,19285367,1140008501889,577507525251,1717516027140
2015-07-21,1,Staff,61,779,1196830,14147947195,4397887217,18545834412
2015-07-21,1,TPG,22,285,447200,20501494177,1676004344,22177498521
2015-07-21,1,RPG,38,290,613422,29551685464,2705095702,32256781166
2015-07-21,1,UG,60,713,925996,58766555769,44269262528,103035818297
2015-07-21,1,Alumni,0,0,0,0,0,0
2015-07-21,1,Others(HKUST),16,135,190457,446206099,280334105,726540204
2015-07-21,1,Non-HKUST,2,25,25424,2091397912,163937117,2255335029
2015-07-21,1,Total,199,2227,3399329,125505286616,53492521013,178997807629
2015-07-21,G,Staff,121,685,600201,30659686579,2513127714,33172814293
2015-07-21,G,TPG,60,364,344156,23229895466,3393470403,26623365869
2015-07-21,G,RPG,122,587,570034,30802220105,7736361655,38538581760
2015-07-21,G,UG,287,1314,1009951,74588893295,7334262333,81923155628
2015-07-21,G,Alumni,9,27,9218,1647406230,98899701,1746305931
2015-07-21,G,Others(HKUST),41,461,337970,20137818902,1651922731,21789741633
2015-07-21,G,Non-HKUST,16,55,59865,2213259885,299610910,2512870795
2015-07-21,G,Total,656,3493,2931395,183279180462,23027655447,206306835909
2015-07-21,LG1,Staff,91,463,507754,39252296512,2455890056,41708186568
2015-07-21,LG1,TPG,65,791,861942,46075343950,9221775489,55297119439
2015-07-21,LG1,RPG,132,1140,1214272,98404891513,5754997160,104159888673
2015-07-21,LG1,UG,440,5012,5362187,755895339204,59363709555,815259048759
2015-07-21,LG1,Alumni,8,78,68402,6069763618,391035205,6460798823
2015-07-21,LG1,Others(HKUST),34,366,731770,12665730227,3731665882,16397396109
2015-07-21,LG1,Non-HKUST,27,202,168278,14063685233,860877356,14924562589
2015-07-21,LG1,Total,797,8052,8914605,972427050257,81779950703,1054207000960
2015-07-21,LG3,Staff,98,291,138939,12688929253,554289161,13243218414
2015-07-21,LG3,TPG,30,165,154674,27206685732,2083293729,29289979461
2015-07-21,LG3,RPG,78,496,710338,28011119521,16820606268,44831725789
2015-07-21,LG3,UG,203,845,695593,77557668866,16453845743,94011514609
2015-07-21,LG3,Alumni,7,9,481,325668675,23668565,349337240
2015-07-21,LG3,Others(HKUST),18,173,245657,2306263273,442431860,2748695133
2015-07-21,LG3,Non-HKUST,10,142,155541,11190386595,1334222893,12524609488
2015-07-21,LG3,Total,444,2121,2101223,159286721915,37712358219,196999080134
2015-07-21,LG4,Staff,94,304,148097,4809434564,5524032021,10333466585
2015-07-21,LG4,TPG,29,294,265950,48161140983,4386610960,52547751943
2015-07-21,LG4,RPG,159,717,812214,91898616626,8101519273,100000135899
2015-07-21,LG4,UG,227,970,1057738,51037564728,8932195677,59969760405
2015-07-21,LG4,Alumni,11,206,239200,10744064057,903075604,11647139661
2015-07-21,LG4,Others(HKUST),51,272,263242,24424269193,4633982500,29058251693
2015-07-21,LG4,Non-HKUST,12,63,51530,5230109926,459879368,5689989294
2015-07-21,LG4,Total,583,2826,2837971,236305200077,32941295403,269246495480
2015-07-21,All-Floors,Staff,288,2522,2591821,101558294103,15445226169,117003520272
2015-07-21,All-Floors,TPG,115,1899,2073922,165174560308,20761154925,185935715233
2015-07-21,All-Floors,RPG,321,3230,3920280,278668533229,41118580058,319787113287
2015-07-21,All-Floors,UG,749,8854,9051465,1017846021862,136353275836,1154199297698
2015-07-21,All-Floors,Alumni,17,320,317301,18786902580,1416679075,20203581655
2015-07-21,All-Floors,Others(HKUST),97,1407,1769096,59980287694,10740337078,70720624772
2015-07-21,All-Floors,Non-HKUST,43,487,460638,34788839551,3118527644,37907367195
2015-07-21,All-Floors,Total,1630,18719,20184523,1676803439327,228953780785,1905757220112
2015-07-22,1,Staff,72,812,1174385,23080373424,18710277933,41790651357
2015-07-22,1,TPG,12,195,265815,11716935790,3497365774,15214301564
2015-07-22,1,RPG,36,336,538663,15429583531,1376836194,16806419725
2015-07-22,1,UG,67,539,778438,33391905284,10816879616,44208784900
2015-07-22,1,Alumni,1,6,5657,53148358,7762754,60911112
2015-07-22,1,Others(HKUST),8,143,150575,1550819037,200431398,1751250435
2015-07-22,1,Non-HKUST,3,18,45134,1389932532,264343616,1654276148
2015-07-22,1,Total,199,2049,2958667,86612697956,34873897285,121486595241
2015-07-22,G,Staff,116,691,561663,38509184116,2463983820,40973167936
2015-07-22,G,TPG,47,249,273958,29059734459,3969094636,33028829095
2015-07-22,G,RPG,126,627,656896,30246233922,3082131390,33328365312
2015-07-22,G,UG,325,1370,1094898,82025702904,9224126534,91249829438
2015-07-22,G,Alumni,5,26,9969,979542714,59440700,1038983414
2015-07-22,G,Others(HKUST),40,405,285236,22334912769,1789947912,24124860681
2015-07-22,G,Non-HKUST,18,97,61651,7185344054,468729801,7654073855
2015-07-22,G,Total,677,3465,2944271,210340654938,21057454793,231398109731
2015-07-22,LG1,Staff,110,512,540745,27059190986,1912638479,28971829465
2015-07-22,LG1,TPG,64,689,753361,71955657888,9987786265,81943444153
2015-07-22,LG1,RPG,121,1160,1166388,93155107294,13561850152,106716957446
2015-07-22,LG1,UG,513,4861,4567128,343885116146,36276049146,380161165292
2015-07-22,LG1,Alumni,5,51,34026,26200952462,1059821246,27260773708
2015-07-22,LG1,Others(HKUST),31,328,723502,17958155794,2110458694,20068614488
2015-07-22,LG1,Non-HKUST,24,169,194788,17278570604,2710207469,19988778073
2015-07-22,LG1,Total,868,7770,7979938,597492751174,67618811451,665111562625
2015-07-22,LG3,Staff,96,334,196673,8154845770,430868958,8585714728
2015-07-22,LG3,TPG,25,68,52986,4105331771,947342075,5052673846
2015-07-22,LG3,RPG,95,566,643491,44667648847,4405105255,49072754102
2015-07-22,LG3,UG,267,1128,1030817,131649468694,15119539858,146769008552
2015-07-22,LG3,Alumni,4,12,10669,524475017,45085151,569560168
2015-07-22,LG3,Others(HKUST),27,153,173043,2395253425,337437547,2732690972
2015-07-22,LG3,Non-HKUST,8,89,138500,3143606337,568505573,3712111910
2015-07-22,LG3,Total,522,2350,2246179,194640629861,21853884417,216494514278
2015-07-22,LG4,Staff,131,414,263866,25473835061,1293992157,26767827218
2015-07-22,LG4,TPG,27,242,278608,30181709671,4519472857,34701182528
2015-07-22,LG4,RPG,147,776,652254,31597742115,4586097343,36183839458
2015-07-22,LG4,UG,346,1062,1020016,92066512862,10446800596,102513313458
2015-07-22,LG4,Alumni,6,65,94315,2693031741,419063587,3112095328
2015-07-22,LG4,Others(HKUST),40,374,283882,34411159241,10170045494,44581204735
2015-07-22,LG4,Non-HKUST,13,60,41070,3200734464,291444166,3492178630
2015-07-22,LG4,Total,710,2993,2634011,219624725155,31726916200,251351641355
2015-07-22,All-Floors,Staff,319,2763,2737332,122277429357,24811761347,147089190704
2015-07-22,All-Floors,TPG,98,1443,1624728,147019369579,22921061607,169940431186
2015-07-22,All-Floors,RPG,333,3465,3657692,215096315709,27012020334,242108336043
2015-07-22,All-Floors,UG,927,8960,8491297,683018705890,81883395750,764902101640
2015-07-22,All-Floors,Alumni,10,160,154636,30451150292,1591173438,32042323730
2015-07-22,All-Floors,Others(HKUST),80,1403,1616238,78650300266,14608321045,93258621311
2015-07-22,All-Floors,Non-HKUST,43,433,481143,32198187991,4303230625,36501418616
2015-07-22,All-Floors,Total,1810,18627,18763066,1308711459084,177130964146,1485842423230
2015-07-23,1,Staff,68,752,1103497,18804364818,1266862564,20071227382
2015-07-23,1,TPG,12,97,127796,7722653071,3336021281,11058674352
2015-07-23,1,RPG,32,317,594577,25523968209,9747127495,35271095704
2015-07-23,1,UG,66,685,891902,47830148389,6995465108,54825613497
2015-07-23,1,Alumni,0,0,0,0,0,0
2015-07-23,1,Others(HKUST),13,156,176130,829205875,671925942,1501131817
2015-07-23,1,Non-HKUST,7,38,35147,2965441411,152187346,3117628757
2015-07-23,1,Total,198,2045,2929049,103675781773,22169589736,125845371509
2015-07-23,G,Staff,121,651,556953,30684205014,9391725806,40075930820
2015-07-23,G,TPG,45,221,263536,17498645168,2353136679,19851781847
2015-07-23,G,RPG,102,507,586058,24471774289,3455893416,27927667705
2015-07-23,G,UG,260,1336,1057647,121673084103,8508585264,130181669367
2015-07-23,G,Alumni,7,28,17966,35093081750,1154976452,36248058202
2015-07-23,G,Others(HKUST),38,479,222600,14660911690,3313029854,17973941544
2015-07-23,G,Non-HKUST,21,73,71834,15078567873,614499940,15693067813
2015-07-23,G,Total,594,3295,2776594,259160269887,28791847411,287952117298
2015-07-23,LG1,Staff,102,553,561208,22858931962,4034556519,26893488481
2015-07-23,LG1,TPG,60,772,878793,63582247398,17764343001,81346590399
2015-07-23,LG1,RPG,118,1218,1298518,169082152936,18384761248,187466914184
2015-07-23,LG1,UG,407,4926,4847703,399087172497,48466519588,447553692085
2015-07-23,LG1,Alumni,9,92,92774,2487737171,158133878,2645871049
2015-07-23,LG1,Others(HKUST),40,581,937257,24487363174,3832758327,28320121501
2015-07-23,LG1,Non-HKUST,23,140,162652,28708959964,3300325355,32009285319
2015-07-23,LG1,Total,759,8282,8778905,710294565102,95941397916,806235963018
2015-07-23,LG3,Staff,91,296,205389,4251079072,407121072,4658200144
2015-07-23,LG3,TPG,26,78,49651,10414704997,931781213,11346486210
2015-07-23,LG3,RPG,81,412,548101,45745277593,5524313607,51269591200
2015-07-23,LG3,UG,197,723,589223,30562922862,6218873076,36781795938
2015-07-23,LG3,Alumni,9,94,136202,7653493709,594637513,8248131222
2015-07-23,LG3,Others(HKUST),27,110,164543,5048493172,306718914,5355212086
2015-07-23,LG3,Non-HKUST,8,100,161810,5266938960,541058546,5807997506
2015-07-23,LG3,Total,439,1813,1854919,108942910365,14524503941,123467414306
2015-07-23,LG4,Staff,123,339,196101,12096326903,1501350074,13597676977
2015-07-23,LG4,TPG,19,82,147114,10273380437,3033611277,13306991714
2015-07-23,LG4,RPG,152,637,654269,61895297219,6564642378,68459939597
2015-07-23,LG4,UG,267,809,937107,54642838149,5370458455,60013296604
2015-07-23,LG4,Alumni,9,82,168692,5757869325,442309167,6200178492
2015-07-23,LG4,Others(HKUST),41,325,260113,34193569232,9343362942,43536932174
2015-07-23,LG4,Non-HKUST,10,39,43525,520643488,60693957,581337445
2015-07-23,LG4,Total,621,2313,2406921,179379924753,26316428250,205696353003
2015-07-23,All-Floors,Staff,319,2591,2623148,88694907769,16601616035,105296523804
2015-07-23,All-Floors,TPG,100,1250,1466890,109491631071,27418893451,136910524522
2015-07-23,All-Floors,RPG,309,3091,3681523,326718470246,43676738144,370395208390
2015-07-23,All-Floors,UG,741,8479,8323582,653796166000,75559901491,729356067491
2015-07-23,All-Floors,Alumni,17,296,415634,50992181955,2350057010,53342238965
2015-07-23,All-Floors,Others(HKUST),79,1651,1760643,79219543143,17467795979,96687339122
2015-07-23,All-Floors,Non-HKUST,44,390,474968,52540551696,4668765144,57209316840
2015-07-23,All-Floors,Total,1609,17748,18746388,1361453451880,187743767254,1549197219134
2015-07-24,1,Staff,60,590,911093,25641612792,1546722785,27188335577
2015-07-24,1,TPG,20,207,394546,17819640627,1744499529,19564140156
2015-07-24,1,RPG,23,211,440952,27811197805,1013981321,28825179126
2015-07-24,1,UG,68,570,743594,37265506694,13983724620,51249231314
2015-07-24,1,Alumni,1,1,0,0,0,0
2015-07-24,1,Others(HKUST),7,93,148221,1802087082,66692790,1868779872
2015-07-24,1,Non-HKUST,4,29,27252,906663651,133779158,1040442809
2015-07-24,1,Total,183,1701,2665658,111246708651,18489400203,129736108854
2015-07-24,G,Staff,121,653,601534,15653776193,1832518427,17486294620
2015-07-24,G,TPG,56,275,287351,26858734640,1499717357,28358451997
2015-07-24,G,RPG,124,456,349154,38959893002,4439584256,43399477258
2015-07-24,G,UG,306,1395,1048637,52133869290,15252016164,67385885454
2015-07-24,G,Alumni,10,43,8371,1892975614,103268155,1996243769
2015-07-24,G,Others(HKUST),33,187,222533,18540864537,1152349931,19693214468
2015-07-24,G,Non-HKUST,20,89,91156,15050336267,1541770862,16592107129
2015-07-24,G,Total,670,3098,2608736,169090449543,25821225152,194911674695
2015-07-24,LG1,Staff,97,570,501112,32212210780,2422288202,34634498982
2015-07-24,LG1,TPG,57,612,767439,130843803756,10385062096,141228865852
2015-07-24,LG1,RPG,126,1068,1294350,93948505046,9209395136,103157900182
2015-07-24,LG1,UG,412,3749,3345260,313474065904,25638349852,339112415756
2015-07-24,LG1,Alumni,16,156,172899,5468011286,254097532,5722108818
2015-07-24,LG1,Others(HKUST),28,228,622862,5885773008,1251396920,7137169928
2015-07-24,LG1,Non-HKUST,13,102,143400,15660275062,1040414119,16700689181
2015-07-24,LG1,Total,749,6485,6847322,597492644842,50201003857,647693648699
2015-07-24,LG3,Staff,83,295,172952,11131842955,419085348,11550928303
2015-07-24,LG3,TPG,33,156,202918,56154747438,4632525770,60787273208
2015-07-24,LG3,RPG,78,540,671212,22778613793,2937538207,25716152000
2015-07-24,LG3,UG,185,690,523521,49693387801,5193269144,54886656945
2015-07-24,LG3,Alumni,12,47,39281,1342224054,110846378,1453070432
2015-07-24,LG3,Others(HKUST),17,94,102351,1249440885,92258988,1341699873
2015-07-24,LG3,Non-HKUST,9,48,43056,7617020252,517435387,8134455639
2015-07-24,LG3,Total,417,1870,1755291,149967277178,13902959222,163870236400
2015-07-24,LG4,Staff,110,311,176611,14473694683,1135289652,15608984335
2015-07-24,LG4,TPG,30,224,284460,25083853971,2641002996,27724856967
2015-07-24,LG4,RPG,145,770,760608,38751177860,4065957653,42817135513
2015-07-24,LG4,UG,252,672,507781,40971861363,13215088757,54186950120
2015-07-24,LG4,Alumni,13,242,269397,19861483685,1714727205,21576210890
2015-07-24,LG4,Others(HKUST),37,222,305290,21389897607,3303054967,24692952574
2015-07-24,LG4,Non-HKUST,18,70,78372,5505960460,467923124,5973883584
2015-07-24,LG4,Total,605,2511,2382519,166037929629,26543044354,192580973983
2015-07-24,All-Floors,Staff,293,2419,2363302,99113137403,7355904414,106469041817
2015-07-24,All-Floors,TPG,105,1474,1936714,256760780432,20902807748,277663588180
2015-07-24,All-Floors,RPG,300,3045,3516276,222249387506,21666456573,243915844079
2015-07-24,All-Floors,UG,820,7076,6168793,493538691052,73282448537,566821139589
2015-07-24,All-Floors,Alumni,22,489,489948,28564694639,2182939270,30747633909
2015-07-24,All-Floors,Others(HKUST),77,824,1401257,48868063119,5865753596,54733816715
2015-07-24,All-Floors,Non-HKUST,38,338,383236,44740255692,3701322650,48441578342
2015-07-24,All-Floors,Total,1655,15665,16259526,1193835009843,134957632788,1328792642631
2015-07-25,1,Staff,13,154,290089,4259461220,1729853434,5989314654
2015-07-25,1,TPG,10,112,189610,14404502205,1793472223,16197974428
2015-07-25,1,RPG,20,130,234141,60823958656,3369105628,64193064284
2015-07-25,1,UG,16,73,122650,10031073952,580295424,10611369376
2015-07-25,1,Alumni,5,20,31173,1077471514,67401361,1144872875
2015-07-25,1,Others(HKUST),4,71,145100,6232620,2975846,9208466
2015-07-25,1,Non-HKUST,2,11,19797,240424958,44567254,284992212
2015-07-25,1,Total,70,571,1032560,90843125125,7587671170,98430796295
2015-07-25,G,Staff,40,234,270350,12245474971,876519437,13121994408
2015-07-25,G,TPG,53,306,362881,32539369111,3619722301,36159091412
2015-07-25,G,RPG,69,335,473147,27199053155,2708541381,29907594536
2015-07-25,G,UG,128,510,440872,47565754100,2898686283,50464440383
2015-07-25,G,Alumni,22,69,72221,3148068635,382753941,3530822576
2015-07-25,G,Others(HKUST),10,68,192872,2840904876,379126783,3220031659
2015-07-25,G,Non-HKUST,19,46,52680,2600443342,190096025,2790539367
2015-07-25,G,Total,341,1568,1865023,128139068190,11055446151,139194514341
2015-07-25,LG1,Staff,32,283,300301,37786545681,2275582522,40062128203
2015-07-25,LG1,TPG,58,603,699757,76204136730,8154943501,84359080231
2015-07-25,LG1,RPG,87,833,845529,109140028780,14154800467,123294829247
2015-07-25,LG1,UG,189,1668,1948476,179506120416,24189071515,203695191931
2015-07-25,LG1,Alumni,25,206,179783,28881182631,1588925935,30470108566
2015-07-25,LG1,Others(HKUST),8,61,446238,1635809317,884890834,2520700151
2015-07-25,LG1,Non-HKUST,19,124,107010,13258117823,2148449770,15406567593
2015-07-25,LG1,Total,418,3778,4527094,446411941378,53396664544,499808605922
2015-07-25,LG3,Staff,40,154,105766,5126564465,389895314,5516459779
2015-07-25,LG3,TPG,31,106,136655,9256168689,1157510497,10413679186
2015-07-25,LG3,RPG,52,249,358268,23317750541,4988389264,28306139805
2015-07-25,LG3,UG,123,444,402122,44403964569,6013399840,50417364409
2015-07-25,LG3,Alumni,18,83,133756,8400798815,475103290,8875902105
2015-07-25,LG3,Others(HKUST),9,68,90686,2796526889,190618366,2987145255
2015-07-25,LG3,Non-HKUST,13,118,147337,8379145623,601643827,8980789450
2015-07-25,LG3,Total,286,1222,1374590,101680919591,13816560398,115497479989
2015-07-25,LG4,Staff,50,104,65545,1219857166,639607725,1859464891
2015-07-25,LG4,TPG,38,98,60350,6640096060,1486539880,8126635940
2015-07-25,LG4,RPG,89,369,355002,40340748274,3047801864,43388550138
2015-07-25,LG4,UG,173,606,544563,30093762288,25481756274,55575518562
2015-07-25,LG4,Alumni,20,192,328960,27474794374,1047663733,28522458107
2015-07-25,LG4,Others(HKUST),9,242,402618,45125572447,4976201688,50101774135
2015-07-25,LG4,Non-HKUST,14,137,232577,10989732073,1185875410,12175607483
2015-07-25,LG4,Total,393,1748,1989615,161884562682,37865446574,199750009256
2015-07-25,All-Floors,Staff,109,929,1032051,60637903503,5911458432,66549361935
2015-07-25,All-Floors,TPG,116,1225,1449253,139044272795,16212188402,155256461197
2015-07-25,All-Floors,RPG,199,1916,2266087,260821539406,28268638604,289090178010
2015-07-25,All-Floors,UG,398,3301,3458683,311600675325,59163209336,370763884661
2015-07-25,All-Floors,Alumni,47,570,745893,68982315969,3561848260,72544164229
2015-07-25,All-Floors,Others(HKUST),21,510,1277514,52405046149,6433813517,58838859666
2015-07-25,All-Floors,Non-HKUST,42,436,559401,35467863819,4170632286,39638496105
2015-07-25,All-Floors,Total,932,8887,10788882,928959616966,123721788837,1052681405803
2015-07-26,1,Staff,9,77,173585,775306213,62870248,838176461
2015-07-26,1,TPG,10,52,49493,1607782312,209551958,1817334270
2015-07-26,1,RPG,17,94,185430,5591188426,1813009849,7404198275
2015-07-26,1,UG,22,104,206581,7970100414,877285853,8847386267
2015-07-26,1,Alumni,2,4,13445,980651333,59784304,1040435637
2015-07-26,1,Others(HKUST),7,89,170668,782244828,89224206,871469034
2015-07-26,1,Non-HKUST,1,2,3242,18099785,2557041,20656826
2015-07-26,1,Total,68,422,802444,17725373311,3114283459,20839656770
2015-07-26,G,Staff,25,156,170921,6412252559,493417594,6905670153
2015-07-26,G,TPG,37,240,215335,12659230949,1615965652,14275196601
2015-07-26,G,RPG,47,175,208585,15100325366,1891257435,16991582801
2015-07-26,G,UG,112,430,496352,22445250435,5703365745,28148616180
2015-07-26,G,Alumni,18,55,54377,8586926083,1634516682,10221442765
2015-07-26,G,Others(HKUST),11,60,140637,1441816750,521936895,1963753645
2015-07-26,G,Non-HKUST,11,39,23051,1326014962,132441707,1458456669
2015-07-26,G,Total,261,1155,1309258,67971817104,11992901710,79964718814
2015-07-26,LG1,Staff,19,105,108853,5722998816,409677794,6132676610
2015-07-26,LG1,TPG,45,413,604438,89824906485,7747839360,97572745845
2015-07-26,LG1,RPG,54,510,519714,60275666402,5320837085,65596503487
2015-07-26,LG1,UG,156,1249,1362271,61363888162,9384917485,70748805647
2015-07-26,LG1,Alumni,27,123,181991,43682898956,7526720701,51209619657
2015-07-26,LG1,Others(HKUST),5,136,469943,4695109594,1959246335,6654355929
2015-07-26,LG1,Non-HKUST,8,50,37294,2338575789,254682327,2593258116
2015-07-26,LG1,Total,314,2586,3284504,267904044204,32603921087,300507965291
2015-07-26,LG3,Staff,22,74,57897,6413315860,272111117,6685426977
2015-07-26,LG3,TPG,20,39,48055,24192244828,1005776886,25198021714
2015-07-26,LG3,RPG,40,185,217453,12460945013,783960704,13244905717
2015-07-26,LG3,UG,98,263,250971,12477618327,1475083037,13952701364
2015-07-26,LG3,Alumni,22,131,151017,10029339625,998401345,11027740970
2015-07-26,LG3,Others(HKUST),3,38,77509,14189769,81808699,95998468
2015-07-26,LG3,Non-HKUST,12,56,78365,4937849522,274172896,5212022418
2015-07-26,LG3,Total,217,786,881267,70525502944,4891314684,75416817628
2015-07-26,LG4,Staff,31,103,81933,1961594520,300742383,2262336903
2015-07-26,LG4,TPG,18,57,87866,4781134597,1639964427,6421099024
2015-07-26,LG4,RPG,67,322,343052,35103199773,3398517757,38501717530
2015-07-26,LG4,UG,131,442,483012,57287852566,4190373065,61478225631
2015-07-26,LG4,Alumni,20,204,260201,14844506990,1739028267,16583535257
2015-07-26,LG4,Others(HKUST),10,100,204628,34477561349,5469910204,39947471553
2015-07-26,LG4,Non-HKUST,9,36,86893,1085295654,90698252,1175993906
2015-07-26,LG4,Total,286,1264,1547585,149541145449,16829234355,166370379804
2015-07-26,All-Floors,Staff,67,515,593189,21285467968,1538819136,22824287104
2015-07-26,All-Floors,TPG,82,801,1005187,133065299171,12219098283,145284397454
2015-07-26,All-Floors,RPG,161,1286,1474234,128531324980,13207582830,141738907810
2015-07-26,All-Floors,UG,348,2488,2799187,161544709904,21631025185,183175735089
2015-07-26,All-Floors,Alumni,51,517,661031,78124322987,11958451299,90082774286
2015-07-26,All-Floors,Others(HKUST),22,423,1063385,41410922290,8122126339,49533048629
2015-07-26,All-Floors,Non-HKUST,31,183,228845,9705835712,754552223,10460387935
2015-07-26,All-Floors,Total,762,6213,7825058,573667883012,69431655295,643099538307
2015-07-27,1,Staff,67,646,965990,5680184985,4496619449,10176804434
2015-07-27,1,TPG,17,266,476394,32025903886,2057035841,34082939727
2015-07-27,1,RPG,39,312,499745,34057726024,6621464170,40679190194
2015-07-27,1,UG,55,451,624469,47042159846,9339809415,56381969261
2015-07-27,1,Alumni,0,0,0,0,0,0
2015-07-27,1,Others(HKUST),11,146,143719,2888917044,159148675,3048065719
2015-07-27,1,Non-HKUST,3,22,18210,1228887075,92865670,1321752745
2015-07-27,1,Total,192,1843,2728527,122923778860,22766943220,145690722080
2015-07-27,G,Staff,134,759,646556,16103982099,2516346583,18620328682
2015-07-27,G,TPG,55,353,260753,37856135715,3668760388,41524896103
2015-07-27,G,RPG,137,570,530546,38294038105,2492417789,40786455894
2015-07-27,G,UG,245,1235,855083,77510546688,5582810714,83093357402
2015-07-27,G,Alumni,9,33,7091,769557813,70713943,840271756
2015-07-27,G,Others(HKUST),43,324,402570,50599216627,2677646941,53276863568
2015-07-27,G,Non-HKUST,13,49,32920,1639098356,197629838,1836728194
2015-07-27,G,Total,636,3323,2735519,222772575403,17206326196,239978901599
2015-07-27,LG1,Staff,85,426,311271,20383964104,2267757130,22651721234
2015-07-27,LG1,TPG,65,1009,894443,534359943533,66404756951,600764700484
2015-07-27,LG1,RPG,134,1753,1775329,85694710129,11830107911,97524818040
2015-07-27,LG1,UG,355,3649,3403678,265854591286,27092115344,292946706630
2015-07-27,LG1,Alumni,16,157,177106,4681934143,444813501,5126747644
2015-07-27,LG1,Others(HKUST),25,327,802986,23061284803,7322745048,30384029851
2015-07-27,LG1,Non-HKUST,16,92,101377,7572396042,707153339,8279549381
2015-07-27,LG1,Total,696,7413,7466190,941608824040,116069449224,1057678273264
2015-07-27,LG3,Staff,85,275,83153,2188850234,292510736,2481360970
2015-07-27,LG3,TPG,23,131,97744,33894981310,3485820910,37380802220
2015-07-27,LG3,RPG,84,586,717734,65868883014,5601204235,71470087249
2015-07-27,LG3,UG,177,971,912136,91709499264,53209561129,144919060393
2015-07-27,LG3,Alumni,8,89,51257,4502907632,795355858,5298263490
2015-07-27,LG3,Others(HKUST),24,134,123920,2926741956,641810499,3568552455
2015-07-27,LG3,Non-HKUST,11,152,165346,20545521838,2503303335,23048825173
2015-07-27,LG3,Total,412,2338,2151290,221637385248,66529566702,288166951950
2015-07-27,LG4,Staff,131,426,200833,2348620799,375546297,2724167096
2015-07-27,LG4,TPG,27,264,368418,41890021905,9030589550,50920611455
2015-07-27,LG4,RPG,132,791,704173,52093810487,3714810862,55808621349
2015-07-27,LG4,UG,261,972,808248,52435335917,6512210449,58947546366
2015-07-27,LG4,Alumni,12,253,207674,23616541674,1920102411,25536644085
2015-07-27,LG4,Others(HKUST),34,296,294642,12273731742,3288867929,15562599671
2015-07-27,LG4,Non-HKUST,11,51,89402,5323943836,30382858848,35706802684
2015-07-27,LG4,Total,608,3053,2673390,189982006360,55224986346,245206992706
2015-07-27,All-Floors,Staff,308,2532,2207803,46705602221,9948780195,56654382416
2015-07-27,All-Floors,TPG,111,2023,2097752,680026986349,84646963640,764673949989
2015-07-27,All-Floors,RPG,320,4012,4227527,276009167759,30260004967,306269172726
2015-07-27,All-Floors,UG,675,7278,6603614,534552133001,101736507051,636288640052
2015-07-27,All-Floors,Alumni,23,532,443128,33570941262,3230985713,36801926975
2015-07-27,All-Floors,Others(HKUST),76,1227,1767837,91749892172,14090219092,105840111264
2015-07-27,All-Floors,Non-HKUST,39,366,407255,36309847147,33883811030,70193658177
2015-07-27,All-Floors,Total,1552,17970,17754916,1698924569911,277797271688,1976721841599
2015-07-28,1,Staff,60,631,1031144,13318204070,2707875357,16026079427
2015-07-28,1,TPG,23,350,481086,26433797564,4709867385,31143664949
2015-07-28,1,RPG,34,258,431100,33582104509,3984335409,37566439918
2015-07-28,1,UG,48,549,596263,32716811046,8685155806,41401966852
2015-07-28,1,Alumni,1,10,22215,108003196,21095019,129098215
2015-07-28,1,Others(HKUST),12,236,178496,19366041882,962714224,20328756106
2015-07-28,1,Non-HKUST,5,20,54884,3451504336,3331960948,6783465284
2015-07-28,1,Total,183,2054,2795188,128976466603,24403004148,153379470751
2015-07-28,G,Staff,103,714,762723,29282457469,4489512530,33771969999
2015-07-28,G,TPG,52,410,303402,150819012258,7237799644,158056811902
2015-07-28,G,RPG,116,508,431221,28761709669,2467089426,31228799095
2015-07-28,G,UG,260,1213,830839,67453683772,7295332662,74749016434
2015-07-28,G,Alumni,7,14,8271,269813659,54971864,324785523
2015-07-28,G,Others(HKUST),39,263,296031,33842031863,2569534435,36411566298
2015-07-28,G,Non-HKUST,18,57,35219,1671271752,434652320,2105924072
2015-07-28,G,Total,595,3179,2667706,312099980442,24548892881,336648873323
2015-07-28,LG1,Staff,85,550,422740,36023386924,1845555165,37868942089
2015-07-28,LG1,TPG,55,994,804840,127385303647,24060435465,151445739112
2015-07-28,LG1,RPG,134,1580,1509385,152605606107,23685229303,176290835410
2015-07-28,LG1,UG,377,3704,3392869,325063163557,38958664751,364021828308
2015-07-28,LG1,Alumni,10,175,236441,10650805059,2480430362,13131235421
2015-07-28,LG1,Others(HKUST),27,225,587404,8069743333,3177268000,11247011333
2015-07-28,LG1,Non-HKUST,22,185,153970,27109778278,3338193943,30447972221
2015-07-28,LG1,Total,710,7413,7107649,686907786905,97545776989,784453563894
2015-07-28,LG3,Staff,78,255,147592,6108461310,385329970,6493791280
2015-07-28,LG3,TPG,30,144,154835,6371153160,1714506374,8085659534
2015-07-28,LG3,RPG,84,550,742388,38001107470,5400344995,43401452465
2015-07-28,LG3,UG,202,808,671838,68966242622,8403020575,77369263197
2015-07-28,LG3,Alumni,12,65,43554,669391791,118107098,787498889
2015-07-28,LG3,Others(HKUST),23,145,138975,5796975054,438363377,6235338431
2015-07-28,LG3,Non-HKUST,10,85,106022,2508089410,384287477,2892376887
2015-07-28,LG3,Total,439,2052,2005204,128421420817,16843959866,145265380683
2015-07-28,LG4,Staff,134,459,202680,11364949021,1102326585,12467275606
2015-07-28,LG4,TPG,31,142,168847,23241876551,1270604786,24512481337
2015-07-28,LG4,RPG,154,699,654924,45338861289,3950028327,49288889616
2015-07-28,LG4,UG,317,1177,1069101,79486958764,13240764702,92727723466
2015-07-28,LG4,Alumni,13,112,155648,4895916320,882661428,5778577748
2015-07-28,LG4,Others(HKUST),40,314,255031,17688868712,8568700734,26257569446
2015-07-28,LG4,Non-HKUST,12,82,68253,6099621235,595163364,6694784599
2015-07-28,LG4,Total,701,2985,2574484,188117051892,29610249926,217727301818
2015-07-28,All-Floors,Staff,289,2609,2566879,96097458794,10530599607,106628058401
2015-07-28,All-Floors,TPG,92,2040,1913010,334251143180,38993213654,373244356834
2015-07-28,All-Floors,RPG,322,3595,3769018,298289389044,39487027460,337776416504
2015-07-28,All-Floors,UG,733,7451,6560910,573686859761,76582938496,650269798257
2015-07-28,All-Floors,Alumni,22,376,466129,16593930025,3557265771,20151195796
2015-07-28,All-Floors,Others(HKUST),73,1183,1455937,84763660844,15716580770,100480241614
2015-07-28,All-Floors,Non-HKUST,41,429,418348,40840265011,8084258052,48924523063
2015-07-28,All-Floors,Total,1572,17683,17150231,1444522706659,192951883810,1637474590469
2015-07-29,1,Staff,73,768,1138917,17858302921,3020038893,20878341814
2015-07-29,1,TPG,14,278,304118,22345185675,6432013493,28777199168
2015-07-29,1,RPG,31,262,342140,19740708848,1500555097,21241263945
2015-07-29,1,UG,61,623,765018,36508434394,8094023534,44602457928
2015-07-29,1,Alumni,0,0,0,0,0,0
2015-07-29,1,Others(HKUST),9,162,203955,2994223387,270689667,3264913054
2015-07-29,1,Non-HKUST,4,11,8625,927304061,43228143,970532204
2015-07-29,1,Total,192,2104,2762773,100374159286,19360548827,119734708113
2015-07-29,G,Staff,145,803,767913,27082186477,4246380962,31328567439
2015-07-29,G,TPG,60,370,337759,30722283807,12455123591,43177407398
2015-07-29,G,RPG,143,790,577367,32575727994,7650403073,40226131067
2015-07-29,G,UG,261,1351,838214,63637371360,5253500922,68890872282
2015-07-29,G,Alumni,7,30,13298,226786964,69205902,295992866
2015-07-29,G,Others(HKUST),41,252,366837,40371563645,7430970765,47802534410
2015-07-29,G,Non-HKUST,16,60,34449,2520026261,170358398,2690384659
2015-07-29,G,Total,673,3656,2935837,197135946508,37275943613,234411890121
2015-07-29,LG1,Staff,90,448,356170,17873809751,7063527965,24937337716
2015-07-29,LG1,TPG,63,987,851379,227266119699,22915173437,250181293136
2015-07-29,LG1,RPG,144,1704,1868429,178526329152,27784204285,206310533437
2015-07-29,LG1,UG,364,3676,3591535,413872957378,33756116526,447629073904
2015-07-29,LG1,Alumni,12,105,128327,1631466417,557323902,2188790319
2015-07-29,LG1,Others(HKUST),26,181,514501,9507743683,2561901012,12069644695
2015-07-29,LG1,Non-HKUST,18,107,44133,6500701532,420837819,6921539351
2015-07-29,LG1,Total,717,7208,7354474,855179127612,95059084946,950238212558
2015-07-29,LG3,Staff,93,326,234279,13798753129,1459773697,15258526826
2015-07-29,LG3,TPG,19,175,143351,40296601519,6435523506,46732125025
2015-07-29,LG3,RPG,118,813,999525,47506562143,6361452404,53868014547
2015-07-29,LG3,UG,168,640,559382,83328921207,8483806377,91812727584
2015-07-29,LG3,Alumni,9,71,100083,2091642542,334707133,2426349675
2015-07-29,LG3,Others(HKUST),15,125,161151,24847656106,1111511229,25959167335
2015-07-29,LG3,Non-HKUST,13,164,183273,12930554569,888584052,13819138621
2015-07-29,LG3,Total,435,2314,2381044,224800691215,25075358398,249876049613
2015-07-29,LG4,Staff,149,444,174397,15387471560,2103292815,17490764375
2015-07-29,LG4,TPG,28,132,133568,9686234752,1174425525,10860660277
2015-07-29,LG4,RPG,172,801,648027,30562507026,7222226615,37784733641
2015-07-29,LG4,UG,283,1235,867649,82646508868,9710752415,92357261283
2015-07-29,LG4,Alumni,9,99,147597,6793541750,485632896,7279174646
2015-07-29,LG4,Others(HKUST),41,365,368257,39616624172,9729293279,49345917451
2015-07-29,LG4,Non-HKUST,11,35,42704,5329202751,217949573,5547152324
2015-07-29,LG4,Total,693,3111,2382199,190022090879,30643573118,220665663997
2015-07-29,All-Floors,Staff,329,2789,2671676,92000523838,17893014332,109893538170
2015-07-29,All-Floors,TPG,103,1942,1770175,330316425452,49412259552,379728685004
2015-07-29,All-Floors,RPG,377,4370,4435488,308911835163,50518841474,359430676637
2015-07-29,All-Floors,UG,736,7525,6621798,679994193207,65298199774,745292392981
2015-07-29,All-Floors,Alumni,18,305,389305,10743437673,1446869833,12190307506
2015-07-29,All-Floors,Others(HKUST),79,1085,1614701,117337810993,21104365952,138442176945
2015-07-29,All-Floors,Non-HKUST,38,377,313184,28207789174,1740957985,29948747159
2015-07-29,All-Floors,Total,1680,18393,17816327,1567512015500,207414508902,1774926524402
2015-07-30,1,Staff,69,819,1034238,9752638701,783869221,10536507922
2015-07-30,1,TPG,20,222,332185,55742272701,3133735297,58876007998
2015-07-30,1,RPG,30,277,351283,13460844038,1047005881,14507849919
2015-07-30,1,UG,65,555,772487,34131842796,2995304953,37127147749
2015-07-30,1,Alumni,1,1,118,84516379,6817593,91333972
2015-07-30,1,Others(HKUST),8,190,216063,9155456159,1228089230,10383545389
2015-07-30,1,Non-HKUST,6,27,39749,2098778523,113532240,2212310763
2015-07-30,1,Total,199,2091,2746123,124426349297,9308354415,133734703712
2015-07-30,G,Staff,160,1088,1037390,29282461898,2018530581,31300992479
2015-07-30,G,TPG,61,582,594249,37947880816,3552529317,41500410133
2015-07-30,G,RPG,143,650,468269,21429396034,2337467995,23766864029
2015-07-30,G,UG,291,1689,1533569,117826970964,9063203932,126890174896
2015-07-30,G,Alumni,8,31,23572,7277626753,188807791,7466434544
2015-07-30,G,Others(HKUST),26,297,313680,32775236192,1786330098,34561566290
2015-07-30,G,Non-HKUST,14,46,41848,178249167,71154403,249403570
2015-07-30,G,Total,703,4383,4012577,246717821824,19018024117,265735845941
2015-07-30,LG1,Staff,113,640,484317,14009578660,11637801553,25647380213
2015-07-30,LG1,TPG,46,514,468154,49216386136,6636472666,55852858802
2015-07-30,LG1,RPG,121,1389,1608667,177129163856,25052966923,202182130779
2015-07-30,LG1,UG,349,3522,3308414,383147940843,23442978751,406590919594
2015-07-30,LG1,Alumni,7,39,12502,1128484805,68110535,1196595340
2015-07-30,LG1,Others(HKUST),25,194,610283,5670497640,541290916,6211788556
2015-07-30,LG1,Non-HKUST,17,119,95969,18042042422,1271212754,19313255176
2015-07-30,LG1,Total,678,6417,6588306,648344094362,68650834098,716994928460
2015-07-30,LG3,Staff,92,362,226095,12648063055,648129951,13296193006
2015-07-30,LG3,TPG,17,94,131492,3697050943,846909318,4543960261
2015-07-30,LG3,RPG,91,638,787559,121730265948,5339014212,127069280160
2015-07-30,LG3,UG,200,577,568903,37585892247,3234357834,40820250081
2015-07-30,LG3,Alumni,7,121,156022,17779204350,701066505,18480270855
2015-07-30,LG3,Others(HKUST),16,106,179779,4214093064,298577162,4512670226
2015-07-30,LG3,Non-HKUST,7,36,15210,4242609661,274110086,4516719747
2015-07-30,LG3,Total,430,1934,2065060,201897179268,11342165068,213239344336
2015-07-30,LG4,Staff,150,471,165468,7614935503,674817246,8289752749
2015-07-30,LG4,TPG,23,118,182319,12297063926,886810673,13183874599
2015-07-30,LG4,RPG,173,689,536110,38985990083,3062593142,42048583225
2015-07-30,LG4,UG,267,1029,824470,31382916994,2294741623,33677658617
2015-07-30,LG4,Alumni,9,230,251516,54280729900,2278377721,56559107621
2015-07-30,LG4,Others(HKUST),35,290,334495,15674601306,1556920256,17231521562
2015-07-30,LG4,Non-HKUST,10,18,8338,3358667151,246171152,3604838303
2015-07-30,LG4,Total,667,2845,2302716,163594904863,11000431813,174595336676
2015-07-30,All-Floors,Staff,340,3380,2947508,73307677817,15763148552,89070826369
2015-07-30,All-Floors,TPG,106,1530,1708399,158900654522,15056457271,173957111793
2015-07-30,All-Floors,RPG,347,3643,3751888,372735659959,36839048153,409574708112
2015-07-30,All-Floors,UG,724,7372,7007843,604075563844,41030587093,645106150937
2015-07-30,All-Floors,Alumni,15,422,443730,80550562187,3243180145,83793742332
2015-07-30,All-Floors,Others(HKUST),52,1077,1654300,67489884361,5411207662,72901092023
2015-07-30,All-Floors,Non-HKUST,39,246,201114,27920346924,1976180635,29896527559
2015-07-30,All-Floors,Total,1623,17670,17714782,1384980349614,119319809511,1504300159125
2015-07-31,1,Staff,64,618,988287,30013811285,2608309648,32622120933
2015-07-31,1,TPG,19,271,385303,22176085708,1561217823,23737303531
2015-07-31,1,RPG,29,257,461987,28989984052,2007581493,30997565545
2015-07-31,1,UG,53,577,769650,36716583935,2654215804,39370799739
2015-07-31,1,Alumni,2,33,27111,270693923,46451964,317145887
2015-07-31,1,Others(HKUST),13,141,195122,5153966080,271963443,5425929523
2015-07-31,1,Non-HKUST,6,25,11640,58579628,5176095,63755723
2015-07-31,1,Total,186,1922,2839100,123379704611,9154916270,132534620881
2015-07-31,G,Staff,155,924,922939,52475500650,3339885297,55815385947
2015-07-31,G,TPG,52,501,530594,14454611377,3906876076,18361487453
2015-07-31,G,RPG,145,663,558274,17475975888,2777985027,20253960915
2015-07-31,G,UG,251,1424,1208396,70394682592,5331592308,75726274900
2015-07-31,G,Alumni,15,66,76585,8592041309,542926352,9134967661
2015-07-31,G,Others(HKUST),45,311,293154,17295229603,1207760355,18502989958
2015-07-31,G,Non-HKUST,19,70,40225,376255179,235560505,611815684
2015-07-31,G,Total,682,3959,3630167,181064296598,17342585920,198406882518
2015-07-31,LG1,Staff,103,671,532004,54165440152,6878956656,61044396808
2015-07-31,LG1,TPG,42,664,564293,88441548612,13814924316,102256472928
2015-07-31,LG1,RPG,139,1490,1460913,102297219893,10849615085,113146834978
2015-07-31,LG1,UG,363,4349,4293647,322409364164,61653792629,384063156793
2015-07-31,LG1,Alumni,14,130,96735,3967832090,408025856,4375857946
2015-07-31,LG1,Others(HKUST),44,303,725099,10849542624,1380007957,12229550581
2015-07-31,LG1,Non-HKUST,17,127,77996,9097221997,804128527,9901350524
2015-07-31,LG1,Total,722,7734,7750687,591228169532,95789451026,687017620558
2015-07-31,LG3,Staff,97,357,265173,13426287778,1827294269,15253582047
2015-07-31,LG3,TPG,21,82,95861,17536512901,814150034,18350662935
2015-07-31,LG3,RPG,105,668,826553,48376873862,4493569972,52870443834
2015-07-31,LG3,UG,187,618,475616,96962432160,3651682367,100614114527
2015-07-31,LG3,Alumni,10,116,158652,8788515039,998572430,9787087469
2015-07-31,LG3,Others(HKUST),23,145,161126,33524923838,2608667946,36133591784
2015-07-31,LG3,Non-HKUST,15,147,213335,13589270559,1440313936,15029584495
2015-07-31,LG3,Total,458,2133,2196316,232204816137,15834250954,248039067091
2015-07-31,LG4,Staff,130,523,176246,6725497514,489933645,7215431159
2015-07-31,LG4,TPG,28,123,160754,9546338044,2304500662,11850838706
2015-07-31,LG4,RPG,140,631,506777,52737869158,58644992121,111382861279
2015-07-31,LG4,UG,235,861,632990,32631331824,4224085333,36855417157
2015-07-31,LG4,Alumni,12,163,217450,34506087697,1471702517,35977790214
2015-07-31,LG4,Others(HKUST),32,335,401051,40730559827,2548338370,43278898197
2015-07-31,LG4,Non-HKUST,13,41,29295,1112473784,420643053,1533116837
2015-07-31,LG4,Total,590,2677,2124563,177990157848,70104195701,248094353549
2015-07-31,All-Floors,Staff,328,3093,2884649,156806537379,15144379515,171950916894
2015-07-31,All-Floors,TPG,91,1641,1736805,152155096642,22401668911,174556765553
2015-07-31,All-Floors,RPG,325,3709,3814504,249877922853,78773743698,328651666551
2015-07-31,All-Floors,UG,687,7829,7380299,559114394675,77515368441,636629763116
2015-07-31,All-Floors,Alumni,26,508,576533,56125170058,3467679119,59592849177
2015-07-31,All-Floors,Others(HKUST),79,1235,1775552,107554221972,8016738071,115570960043
2015-07-31,All-Floors,Non-HKUST,40,410,372491,24233801147,2905822116,27139623263
2015-07-31,All-Floors,Total,1576,18425,18540833,1305867144726,208225399871,1514092544597
