Date,Floor,User-Group,User-Count,WiFi-Conn,Duration-Sec,Traffic-In-Byte,Traffic-Out-Byte,Traffic-Both-Byte
2015-01-01,1,Staff,2,77,16101,0,0,0
2015-01-01,1,TPG,0,0,0,0,0,0
2015-01-01,1,RPG,4,6,10200,25354541,30278121,55632662
2015-01-01,1,UG,1,1,0,0,0,0
2015-01-01,1,Alumni,0,0,0,0,0,0
2015-01-01,1,Others(HKUST),2,38,92270,149760328,3917123,153677451
2015-01-01,1,Non-HKUST,0,0,0,0,0,0
2015-01-01,1,Total,9,122,118571,175114869,34195244,209310113
2015-01-01,G,Staff,0,0,0,0,0,0
2015-01-01,G,TPG,0,0,0,0,0,0
2015-01-01,G,RPG,0,0,0,0,0,0
2015-01-01,G,UG,3,3,0,0,0,0
2015-01-01,G,Alumni,0,0,0,0,0,0
2015-01-01,G,Others(HKUST),1,1,86399,6981196,6598904,13580100
2015-01-01,G,Non-HKUST,0,0,0,0,0,0
2015-01-01,G,Total,4,4,86399,6981196,6598904,13580100
2015-01-01,LG1,Staff,5,5,0,0,0,0
2015-01-01,LG1,TPG,0,0,0,0,0,0
2015-01-01,LG1,RPG,3,3,0,190863931,7119662,197983593
2015-01-01,LG1,UG,5,5,239,0,0,0
2015-01-01,LG1,Alumni,0,0,0,0,0,0
2015-01-01,LG1,Others(HKUST),2,14,431037,13417490,12602076,26019566
2015-01-01,LG1,Non-HKUST,0,0,0,0,0,0
2015-01-01,LG1,Total,15,27,431276,204281421,19721738,224003159
2015-01-01,LG3,Staff,8,8,0,139408,45357,184765
2015-01-01,LG3,TPG,1,1,0,0,0,0
2015-01-01,LG3,RPG,7,7,0,1073056,368716,1441772
2015-01-01,LG3,UG,17,17,243,0,0,0
2015-01-01,LG3,Alumni,3,3,0,14926,5147,20073
2015-01-01,LG3,Others(HKUST),3,4,118,0,0,0
2015-01-01,LG3,Non-HKUST,1,1,0,0,0,0
2015-01-01,LG3,Total,40,41,361,1227390,419220,1646610
2015-01-01,LG4,Staff,16,16,702,37163954,3147088,40311042
2015-01-01,LG4,TPG,3,14,1575,0,0,0
2015-01-01,LG4,RPG,40,43,1808,4744779,1418421,6163200
2015-01-01,LG4,UG,48,109,34082,453169750,129302386,582472136
2015-01-01,LG4,Alumni,2,2,1202,0,0,0
2015-01-01,LG4,Others(HKUST),2,64,210963,7191597832,5229242510,12420840342
2015-01-01,LG4,Non-HKUST,8,9,840,0,0,0
2015-01-01,LG4,Total,119,257,251172,7686676315,5363110405,13049786720
2015-01-01,All-Floors,Staff,31,106,16803,37303362,3192445,40495807
2015-01-01,All-Floors,TPG,4,15,1575,0,0,0
2015-01-01,All-Floors,RPG,54,59,12008,222036307,39184920,261221227
2015-01-01,All-Floors,UG,71,135,34564,453169750,129302386,582472136
2015-01-01,All-Floors,Alumni,5,5,1202,14926,5147,20073
2015-01-01,All-Floors,Others(HKUST),8,121,820787,7361756846,5252360613,12614117459
2015-01-01,All-Floors,Non-HKUST,8,10,840,0,0,0
2015-01-01,All-Floors,Total,181,451,887779,8074281191,5424045511,13498326702
2015-01-02,1,Staff,47,491,542818,11282158032,481107008,11763265040
2015-01-02,1,TPG,2,2,0,0,0,0
2015-01-02,1,RPG,16,50,38368,71986989,10398855,82385844
2015-01-02,1,UG,18,80,132699,2788335143,200915627,2989250770
2015-01-02,1,Alumni,3,6,6030,2528573,802002,3330575
2015-01-02,1,Others(HKUST),2,41,92025,149703057,3877781,153580838
2015-01-02,1,Non-HKUST,2,27,17663,261846,148027,409873
2015-01-02,1,Total,90,697,829603,14294973640,697249300,14992222940
2015-01-02,G,Staff,105,648,555029,750026588,103643257,853669845
2015-01-02,G,TPG,53,320,295488,348607687,36554127,385161814
2015-01-02,G,RPG,107,475,504805,486136787,80300654,566437441
2015-01-02,G,UG,100,426,346251,2859158231,2255095591,5114253822
2015-01-02,G,Alumni,10,66,91077,0,0,0
2015-01-02,G,Others(HKUST),9,82,211947,76549641,42819679,119369320
2015-01-02,G,Non-HKUST,12,30,18391,27973516,5499352,33472868
2015-01-02,G,Total,396,2047,2022988,4548452450,2523912660,7072365110
2015-01-02,LG1,Staff,56,349,320793,9072635250,363546106,9436181356
2015-01-02,LG1,TPG,69,857,882943,7675451369,300670736,7976122105
2015-01-02,LG1,RPG,96,835,975280,268826705,48802945,317629650
2015-01-02,LG1,UG,179,2266,1950453,3389715369,186567890,3576283259
2015-01-02,LG1,Alumni,8,103,104464,0,0,0
2015-01-02,LG1,Others(HKUST),6,158,517763,54668324,33690464,88358788
2015-01-02,LG1,Non-HKUST,12,166,184408,849366487,166871325,1016237812
2015-01-02,LG1,Total,426,4734,4936104,21310663504,1100149466,22410812970
2015-01-02,LG3,Staff,54,308,181728,78509193,15158901,93668094
2015-01-02,LG3,TPG,39,270,354737,3088559403,404639089,3493198492
2015-01-02,LG3,RPG,71,465,482843,1020237412,152978220,1173215632
2015-01-02,LG3,UG,79,406,317685,1178984476,50797787,1229782263
2015-01-02,LG3,Alumni,6,16,43687,0,0,0
2015-01-02,LG3,Others(HKUST),5,10,10764,12231673,1236445,13468118
2015-01-02,LG3,Non-HKUST,15,83,76081,0,0,0
2015-01-02,LG3,Total,269,1558,1467525,5378522157,624810442,6003332599
2015-01-02,LG4,Staff,94,345,90469,72301087,30107172,102408259
2015-01-02,LG4,TPG,45,356,324015,2338068133,285636780,2623704913
2015-01-02,LG4,RPG,116,432,370257,766011767,92079662,858091429
2015-01-02,LG4,UG,136,617,420913,966615294,60102254,1026717548
2015-01-02,LG4,Alumni,4,68,41837,62477828,999291646,1061769474
2015-01-02,LG4,Others(HKUST),7,218,405395,9742737660,7526210850,17268948510
2015-01-02,LG4,Non-HKUST,13,31,15268,0,0,0
2015-01-02,LG4,Total,415,2067,1668154,13948211769,8993428364,22941640133
2015-01-02,All-Floors,Staff,227,2141,1690837,21255630150,993562444,22249192594
2015-01-02,All-Floors,TPG,102,1805,1857183,13450686592,1027500732,14478187324
2015-01-02,All-Floors,RPG,250,2257,2371553,2613199660,384560336,2997759996
2015-01-02,All-Floors,UG,338,3795,3168001,11182808513,2753479149,13936287662
2015-01-02,All-Floors,Alumni,19,259,287095,65006401,1000093648,1065100049
2015-01-02,All-Floors,Others(HKUST),17,509,1237894,10035890355,7607835219,17643725574
2015-01-02,All-Floors,Non-HKUST,26,337,311811,877601849,172518704,1050120553
2015-01-02,All-Floors,Total,979,11103,10924374,59480823520,13939550232,73420373752
2015-01-03,1,Staff,9,136,68019,404999394,9431940,414431334
2015-01-03,1,TPG,5,30,18531,0,0,0
2015-01-03,1,RPG,10,28,35219,3143022,494890,3637912
2015-01-03,1,UG,8,18,2518,5498,5247,10745
2015-01-03,1,Alumni,2,4,603,0,0,0
2015-01-03,1,Others(HKUST),3,61,94828,150303720,4097058,154400778
2015-01-03,1,Non-HKUST,0,0,0,0,0,0
2015-01-03,1,Total,37,277,219718,558451634,14029135,572480769
2015-01-03,G,Staff,38,306,280941,2259677092,47280829,2306957921
2015-01-03,G,TPG,50,320,333969,4369251029,81574625,4450825654
2015-01-03,G,RPG,74,340,419428,307646499,28199466,335845965
2015-01-03,G,UG,60,259,195094,36094440,14517192,50611632
2015-01-03,G,Alumni,24,187,147145,96574644,4323992,100898636
2015-01-03,G,Others(HKUST),11,123,260630,644126291,157529720,801656011
2015-01-03,G,Non-HKUST,14,30,8423,280534926,29598974,310133900
2015-01-03,G,Total,271,1565,1645630,7993904921,363024798,8356929719
2015-01-03,LG1,Staff,38,183,196479,112417580,16583735,129001315
2015-01-03,LG1,TPG,65,521,654632,843468653,2175530308,3018998961
2015-01-03,LG1,RPG,93,673,966090,22148292398,8354621839,30502914237
2015-01-03,LG1,UG,108,1166,1383582,13942112,3404003,17346115
2015-01-03,LG1,Alumni,29,215,183947,521885501,77179822,599065323
2015-01-03,LG1,Others(HKUST),6,72,459332,18768985,17408249,36177234
2015-01-03,LG1,Non-HKUST,11,80,160401,293937477,32057546,325995023
2015-01-03,LG1,Total,350,2910,4004463,23952712706,10676785502,34629498208
2015-01-03,LG3,Staff,38,197,182510,1058127,780304,1838431
2015-01-03,LG3,TPG,37,164,316770,5685457148,207964766,5893421914
2015-01-03,LG3,RPG,62,515,560799,5624897996,1641657489,7266555485
2015-01-03,LG3,UG,64,284,167615,25031550,4759943,29791493
2015-01-03,LG3,Alumni,16,165,166912,765444067,37448852,802892919
2015-01-03,LG3,Others(HKUST),6,22,9974,375760,273230,648990
2015-01-03,LG3,Non-HKUST,6,22,37652,1080144978,91011506,1171156484
2015-01-03,LG3,Total,229,1369,1442232,13182409626,1983896090,15166305716
2015-01-03,LG4,Staff,36,83,52042,39305397,1955379,41260776
2015-01-03,LG4,TPG,39,397,428164,19698235178,6905561822,26603797000
2015-01-03,LG4,RPG,83,286,241378,6176615900,170026832,6346642732
2015-01-03,LG4,UG,78,447,292866,2392218700,562950226,2955168926
2015-01-03,LG4,Alumni,22,305,267356,7414942744,441158709,7856101453
2015-01-03,LG4,Others(HKUST),6,206,458744,10110691693,7545579140,17656270833
2015-01-03,LG4,Non-HKUST,8,19,33442,0,0,0
2015-01-03,LG4,Total,272,1743,1773992,45832009612,15627232108,61459241720
2015-01-03,All-Floors,Staff,102,905,779991,2817457590,76032187,2893489777
2015-01-03,All-Floors,TPG,103,1432,1752066,30596412008,9370631521,39967043529
2015-01-03,All-Floors,RPG,194,1842,2222914,34260595815,10195000516,44455596331
2015-01-03,All-Floors,UG,197,2174,2041675,2467292300,585636611,3052928911
2015-01-03,All-Floors,Alumni,50,876,765963,8798846956,560111375,9358958331
2015-01-03,All-Floors,Others(HKUST),14,484,1283508,10924266449,7724887397,18649153846
2015-01-03,All-Floors,Non-HKUST,24,151,239918,1654617381,152668026,1807285407
2015-01-03,All-Floors,Total,684,7864,9086035,91519488499,28664967633,120184456132
2015-01-04,1,Staff,8,87,26500,17990,16061,34051
2015-01-04,1,TPG,3,3,3722,6801,33770,40571
2015-01-04,1,RPG,5,15,8988,803332477,39118546,842451023
2015-01-04,1,UG,5,5,236,0,0,0
2015-01-04,1,Alumni,2,4,1438,0,0,0
2015-01-04,1,Others(HKUST),2,45,92409,451740739,12906357,464647096
2015-01-04,1,Non-HKUST,1,1,0,0,0,0
2015-01-04,1,Total,26,160,133293,1255098007,52074734,1307172741
2015-01-04,G,Staff,22,111,72501,146800,120487,267287
2015-01-04,G,TPG,24,94,112508,28531276,4355447,32886723
2015-01-04,G,RPG,39,107,113987,26757365,7123912,33881277
2015-01-04,G,UG,46,136,102476,2453103,2491475,4944578
2015-01-04,G,Alumni,12,73,47144,816024,531312,1347336
2015-01-04,G,Others(HKUST),4,16,105491,6981196,6598904,13580100
2015-01-04,G,Non-HKUST,15,44,25271,133,89,222
2015-01-04,G,Total,162,581,579378,65685897,21221626,86907523
2015-01-04,LG1,Staff,17,93,88090,214903,106678,321581
2015-01-04,LG1,TPG,44,348,369284,7797328470,1093315292,8890643762
2015-01-04,LG1,RPG,55,436,450448,3225215611,5674472469,8899688080
2015-01-04,LG1,UG,85,700,653642,473702199,72120320,545822519
2015-01-04,LG1,Alumni,18,129,99572,86760,112595,199355
2015-01-04,LG1,Others(HKUST),4,31,446455,400784285,61745932,462530217
2015-01-04,LG1,Non-HKUST,12,48,52828,0,0,0
2015-01-04,LG1,Total,235,1785,2160319,11897332228,6901873286,18799205514
2015-01-04,LG3,Staff,14,25,30981,217553,820893,1038446
2015-01-04,LG3,TPG,11,35,58201,23325,55724,79049
2015-01-04,LG3,RPG,38,151,108992,593015,428174,1021189
2015-01-04,LG3,UG,27,104,52220,101970762,8810883,110781645
2015-01-04,LG3,Alumni,11,69,75595,11097270,1562819,12660089
2015-01-04,LG3,Others(HKUST),2,7,125,0,0,0
2015-01-04,LG3,Non-HKUST,28,61,82710,0,0,0
2015-01-04,LG3,Total,131,452,408824,113901925,11678493,125580418
2015-01-04,LG4,Staff,24,27,18491,296413127,6916947,303330074
2015-01-04,LG4,TPG,20,145,152292,5751077386,212654716,5963732102
2015-01-04,LG4,RPG,59,108,72380,4585062,1377684,5962746
2015-01-04,LG4,UG,89,194,56358,4013768152,1046650506,5060418658
2015-01-04,LG4,Alumni,10,75,50238,0,0,0
2015-01-04,LG4,Others(HKUST),8,124,261658,3101351290,3251080749,6352432039
2015-01-04,LG4,Non-HKUST,45,77,38237,0,0,0
2015-01-04,LG4,Total,255,750,649654,13167195017,4518680602,17685875619
2015-01-04,All-Floors,Staff,63,343,236563,297010373,7981066,304991439
2015-01-04,All-Floors,TPG,66,625,696007,13576967258,1310414949,14887382207
2015-01-04,All-Floors,RPG,145,817,754795,4060483530,5722520785,9783004315
2015-01-04,All-Floors,UG,187,1139,864932,4591894216,1130073184,5721967400
2015-01-04,All-Floors,Alumni,34,350,273987,12000054,2206726,14206780
2015-01-04,All-Floors,Others(HKUST),13,223,906138,3960857510,3332331942,7293189452
2015-01-04,All-Floors,Non-HKUST,70,231,199046,133,89,222
2015-01-04,All-Floors,Total,578,3728,3931468,26499213074,11505528741,38004741815
2015-01-05,1,Staff,52,633,645900,6153286162,404459056,6557745218
2015-01-05,1,TPG,8,89,90048,71794,22739,94533
2015-01-05,1,RPG,10,20,66973,664397046,43669040,708066086
2015-01-05,1,UG,21,54,71017,30787995,5253070,36041065
2015-01-05,1,Alumni,2,7,946,2291959,494292,2786251
2015-01-05,1,Others(HKUST),6,79,102234,461910329,15714334,477624663
2015-01-05,1,Non-HKUST,4,39,24019,5574664,1392167,6966831
2015-01-05,1,Total,103,921,1001137,7318319949,471004698,7789324647
2015-01-05,G,Staff,110,655,593106,1106424671,168832421,1275257092
2015-01-05,G,TPG,83,701,450050,992874798,126520472,1119395270
2015-01-05,G,RPG,109,557,469026,177053330,51532698,228586028
2015-01-05,G,UG,193,930,675428,1080474601,119056434,1199531035
2015-01-05,G,Alumni,6,33,26452,0,0,0
2015-01-05,G,Others(HKUST),8,55,160168,47031766,3753773,50785539
2015-01-05,G,Non-HKUST,21,89,62904,5065853,1572213,6638066
2015-01-05,G,Total,530,3020,2437134,3408925019,471268011,3880193030
2015-01-05,LG1,Staff,79,539,285745,437120828,102636849,539757677
2015-01-05,LG1,TPG,97,867,993746,40070294838,1374459116,41444753954
2015-01-05,LG1,RPG,140,1179,1079276,3348750686,930069501,4278820187
2015-01-05,LG1,UG,235,1804,1888625,2913165110,118940816,3032105926
2015-01-05,LG1,Alumni,10,107,102462,1119397116,108864211,1228261327
2015-01-05,LG1,Others(HKUST),11,193,656618,3860407741,415792605,4276200346
2015-01-05,LG1,Non-HKUST,20,107,148112,388985,119420,508405
2015-01-05,LG1,Total,592,4796,5154584,51749525304,3050882518,54800407822
2015-01-05,LG3,Staff,63,260,212106,260832557,15070347,275902904
2015-01-05,LG3,TPG,42,252,238224,381929182,41981573,423910755
2015-01-05,LG3,RPG,71,751,665225,2719464429,336449255,3055913684
2015-01-05,LG3,UG,110,539,311159,145402890,15757366,161160256
2015-01-05,LG3,Alumni,9,60,89285,2138175,3344257,5482432
2015-01-05,LG3,Others(HKUST),3,30,21206,0,0,0
2015-01-05,LG3,Non-HKUST,11,46,37664,22079987,1986316,24066303
2015-01-05,LG3,Total,309,1938,1574869,3531847220,414589114,3946436334
2015-01-05,LG4,Staff,78,253,74640,27607997,4980642,32588639
2015-01-05,LG4,TPG,51,587,448059,762176889,43599490,805776379
2015-01-05,LG4,RPG,114,554,485791,1410190203,425644591,1835834794
2015-01-05,LG4,UG,139,632,355710,5686392330,462858104,6149250434
2015-01-05,LG4,Alumni,5,129,91300,43087,27124,70211
2015-01-05,LG4,Others(HKUST),10,155,177858,3430149571,2621014658,6051164229
2015-01-05,LG4,Non-HKUST,30,115,134486,575339228,58738326,634077554
2015-01-05,LG4,Total,427,2425,1767844,11891899305,3616862935,15508762240
2015-01-05,All-Floors,Staff,235,2340,1811497,7985272215,695979315,8681251530
2015-01-05,All-Floors,TPG,156,2496,2220127,42207347501,1586583390,43793930891
2015-01-05,All-Floors,RPG,296,3061,2766291,8319855694,1787365085,10107220779
2015-01-05,All-Floors,UG,470,3959,3301939,9856222926,721865790,10578088716
2015-01-05,All-Floors,Alumni,19,336,310445,1123870337,112729884,1236600221
2015-01-05,All-Floors,Others(HKUST),23,512,1118084,7799499407,3056275370,10855774777
2015-01-05,All-Floors,Non-HKUST,55,396,407185,608448717,63808442,672257159
2015-01-05,All-Floors,Total,1254,13100,11935568,77900516797,8024607276,85925124073
2015-01-06,1,Staff,53,671,708943,6980824511,355971145,7336795656
2015-01-06,1,TPG,10,50,44996,262523262,14593380,277116642
2015-01-06,1,RPG,16,32,50060,31310889,5024471,36335360
2015-01-06,1,UG,17,101,148305,1852396444,103749542,1956145986
2015-01-06,1,Alumni,1,8,4681,0,0,0
2015-01-06,1,Others(HKUST),5,102,65392,253497981,6827434,260325415
2015-01-06,1,Non-HKUST,0,0,0,0,0,0
2015-01-06,1,Total,102,964,1022377,9380553087,486165972,9866719059
2015-01-06,G,Staff,113,616,596848,2731378065,252674709,2984052774
2015-01-06,G,TPG,71,600,541877,1394412143,63196972,1457609115
2015-01-06,G,RPG,91,457,573118,1623580482,197068322,1820648804
2015-01-06,G,UG,141,597,444181,1546346935,192993518,1739340453
2015-01-06,G,Alumni,8,49,20385,453322,130864,584186
2015-01-06,G,Others(HKUST),10,52,148851,1305640,1294876,2600516
2015-01-06,G,Non-HKUST,10,61,49942,0,0,0
2015-01-06,G,Total,444,2432,2375202,7297476587,707359261,8004835848
2015-01-06,LG1,Staff,72,407,189329,1228833487,235271128,1464104615
2015-01-06,LG1,TPG,86,1133,1129351,7654190995,746189520,8400380515
2015-01-06,LG1,RPG,133,1082,1155872,4307267925,953178397,5260446322
2015-01-06,LG1,UG,212,2109,2093223,19030348036,736372694,19766720730
2015-01-06,LG1,Alumni,7,31,46054,2144854,858979,3003833
2015-01-06,LG1,Others(HKUST),7,130,542640,6435124,5969951,12405075
2015-01-06,LG1,Non-HKUST,18,115,157331,64225867,3624996,67850863
2015-01-06,LG1,Total,535,5007,5313800,32293446288,2681465665,34974911953
2015-01-06,LG3,Staff,58,207,224468,989366295,94290729,1083657024
2015-01-06,LG3,TPG,38,138,134709,1945475968,102058211,2047534179
2015-01-06,LG3,RPG,82,663,767441,13902207743,661395367,14563603110
2015-01-06,LG3,UG,90,337,266166,963711032,32722019,996433051
2015-01-06,LG3,Alumni,4,22,24052,1586485,737980,2324465
2015-01-06,LG3,Others(HKUST),6,29,13528,0,0,0
2015-01-06,LG3,Non-HKUST,6,28,41970,0,0,0
2015-01-06,LG3,Total,284,1424,1472334,17802347523,891204306,18693551829
2015-01-06,LG4,Staff,100,309,187946,391299360,85342153,476641513
2015-01-06,LG4,TPG,39,295,329156,748351632,124512356,872863988
2015-01-06,LG4,RPG,114,525,414129,4064568783,357355528,4421924311
2015-01-06,LG4,UG,137,641,369283,1379990418,170147407,1550137825
2015-01-06,LG4,Alumni,6,53,108729,104842419,5800908,110643327
2015-01-06,LG4,Others(HKUST),9,198,287262,9336913576,7232816573,16569730149
2015-01-06,LG4,Non-HKUST,13,60,61355,11137,12326,23463
2015-01-06,LG4,Total,418,2081,1757860,16025977325,7975987251,24001964576
2015-01-06,All-Floors,Staff,247,2210,1907534,12321701718,1023549864,13345251582
2015-01-06,All-Floors,TPG,144,2216,2180089,12004954000,1050550439,13055504439
2015-01-06,All-Floors,RPG,289,2759,2960620,23928935822,2174022085,26102957907
2015-01-06,All-Floors,UG,422,3785,3321158,24772792865,1235985180,26008778045
2015-01-06,All-Floors,Alumni,14,163,203901,109027080,7528731,116555811
2015-01-06,All-Floors,Others(HKUST),18,511,1057673,9598152321,7246908834,16845061155
2015-01-06,All-Floors,Non-HKUST,30,264,310598,64237004,3637322,67874326
2015-01-06,All-Floors,Total,1164,11908,11941573,82799800810,12742182455,95541983265
2015-01-07,1,Staff,65,707,707771,2470279197,352383561,2822662758
2015-01-07,1,TPG,2,2,0,17828,12637,30465
2015-01-07,1,RPG,15,27,15708,4042784,228803,4271587
2015-01-07,1,UG,19,93,98774,285285641,115476631,400762272
2015-01-07,1,Alumni,2,7,5254,13745674,1563375,15309049
2015-01-07,1,Others(HKUST),7,118,27594,3504983,335120,3840103
2015-01-07,1,Non-HKUST,2,26,11787,0,0,0
2015-01-07,1,Total,112,980,866888,2776876107,470000127,3246876234
2015-01-07,G,Staff,104,659,439894,4844993995,649807345,5494801340
2015-01-07,G,TPG,59,391,294915,1308383686,82652295,1391035981
2015-01-07,G,RPG,109,506,585579,1485086207,128126713,1613212920
2015-01-07,G,UG,160,736,578303,314343494,38515019,352858513
2015-01-07,G,Alumni,6,19,10685,0,0,0
2015-01-07,G,Others(HKUST),11,109,222704,40176171,8665474,48841645
2015-01-07,G,Non-HKUST,10,85,67233,0,0,0
2015-01-07,G,Total,459,2505,2199313,7992983553,907766846,8900750399
2015-01-07,LG1,Staff,82,415,273177,285577204,65724373,351301577
2015-01-07,LG1,TPG,85,895,929948,1556964772,369920949,1926885721
2015-01-07,LG1,RPG,139,1529,1567935,9482925706,966967010,10449892716
2015-01-07,LG1,UG,271,2627,2405780,2665396078,114072719,2779468797
2015-01-07,LG1,Alumni,11,118,92108,24940,9968,34908
2015-01-07,LG1,Others(HKUST),15,120,486390,101946248,59783224,161729472
2015-01-07,LG1,Non-HKUST,15,174,150947,520233,265566,785799
2015-01-07,LG1,Total,618,5878,5906285,14093355181,1576743809,15670098990
2015-01-07,LG3,Staff,68,280,236390,157013134,21105936,178119070
2015-01-07,LG3,TPG,35,298,390319,6180143875,479196074,6659339949
2015-01-07,LG3,RPG,105,813,791937,5560817609,1115496742,6676314351
2015-01-07,LG3,UG,120,1029,640588,4367966263,956909707,5324875970
2015-01-07,LG3,Alumni,7,56,51633,314386026,28451125,342837151
2015-01-07,LG3,Others(HKUST),6,11,14214,58042,31097,89139
2015-01-07,LG3,Non-HKUST,8,23,22164,0,0,0
2015-01-07,LG3,Total,349,2510,2147245,16580384949,2601190681,19181575630
2015-01-07,LG4,Staff,82,323,163155,143747046,14879484,158626530
2015-01-07,LG4,TPG,43,399,389110,394835074,107779410,502614484
2015-01-07,LG4,RPG,98,443,436358,2258625843,79567566,2338193409
2015-01-07,LG4,UG,151,578,420317,5406090984,675492492,6081583476
2015-01-07,LG4,Alumni,8,100,88865,0,0,0
2015-01-07,LG4,Others(HKUST),13,183,292399,18913215884,11919280174,30832496058
2015-01-07,LG4,Non-HKUST,7,35,45979,0,0,0
2015-01-07,LG4,Total,402,2061,1836183,27116514831,12796999126,39913513957
2015-01-07,All-Floors,Staff,251,2384,1820387,7901610576,1103900699,9005511275
2015-01-07,All-Floors,TPG,126,1985,2004292,9440345235,1039561365,10479906600
2015-01-07,All-Floors,RPG,292,3318,3397517,18791498149,2290386834,21081884983
2015-01-07,All-Floors,UG,486,5063,4143762,13039082460,1900466568,14939549028
2015-01-07,All-Floors,Alumni,24,300,248545,328156640,30024468,358181108
2015-01-07,All-Floors,Others(HKUST),30,541,1043301,19058901328,11988095089,31046996417
2015-01-07,All-Floors,Non-HKUST,28,343,298110,520233,265566,785799
2015-01-07,All-Floors,Total,1237,13934,12955914,68560114621,18352700589,86912815210
2015-01-08,1,Staff,60,897,731845,44533839917,1757409459,46291249376
2015-01-08,1,TPG,3,3,690,0,0,0
2015-01-08,1,RPG,14,27,32293,276461027,10406387,286867414
2015-01-08,1,UG,22,137,165134,862737796,52687754,915425550
2015-01-08,1,Alumni,1,6,711,510700,220824,731524
2015-01-08,1,Others(HKUST),3,101,12586,74067,32941,107008
2015-01-08,1,Non-HKUST,3,23,22287,17155167,2726562,19881729
2015-01-08,1,Total,106,1194,965546,45690778674,1823483927,47514262601
2015-01-08,G,Staff,129,784,559373,1279934870,132356933,1412291803
2015-01-08,G,TPG,64,628,587016,545884888,81383353,627268241
2015-01-08,G,RPG,104,554,630746,2702363251,2449727594,5152090845
2015-01-08,G,UG,143,586,465702,688132328,85019102,773151430
2015-01-08,G,Alumni,10,67,59169,0,0,0
2015-01-08,G,Others(HKUST),6,50,166783,62898565,2865898,65764463
2015-01-08,G,Non-HKUST,8,27,30019,0,0,0
2015-01-08,G,Total,464,2696,2498808,5279213902,2751352880,8030566782
2015-01-08,LG1,Staff,91,586,409313,7271283937,351658132,7622942069
2015-01-08,LG1,TPG,96,867,1006584,5588532476,1167352296,6755884772
2015-01-08,LG1,RPG,124,1103,1102774,6053643101,4429760828,10483403929
2015-01-08,LG1,UG,243,2364,2186123,11658054260,696161647,12354215907
2015-01-08,LG1,Alumni,9,151,157620,632227964,17900945,650128909
2015-01-08,LG1,Others(HKUST),8,202,598793,6434760,5969951,12404711
2015-01-08,LG1,Non-HKUST,14,116,221150,9190595,5868803,15059398
2015-01-08,LG1,Total,585,5389,5682357,31219367093,6674672602,37894039695
2015-01-08,LG3,Staff,68,245,192590,143412308,10678267,154090575
2015-01-08,LG3,TPG,40,186,191507,16456980,1910713,18367693
2015-01-08,LG3,RPG,87,893,757023,1791293180,104508074,1895801254
2015-01-08,LG3,UG,99,549,472694,1521322682,60837430,1582160112
2015-01-08,LG3,Alumni,7,44,15559,48982822,9179124,58161946
2015-01-08,LG3,Others(HKUST),4,13,23944,0,0,0
2015-01-08,LG3,Non-HKUST,8,57,31871,46933,35171,82104
2015-01-08,LG3,Total,313,1987,1685188,3521514905,187148779,3708663684
2015-01-08,LG4,Staff,89,307,157075,245858727,18349319,264208046
2015-01-08,LG4,TPG,46,665,625222,4888644001,590044517,5478688518
2015-01-08,LG4,RPG,112,539,513527,16163340318,771130454,16934470772
2015-01-08,LG4,UG,148,622,399978,1870176579,369587828,2239764407
2015-01-08,LG4,Alumni,3,153,34197,14497653,2652568,17150221
2015-01-08,LG4,Others(HKUST),7,259,221505,11247402589,7183972697,18431375286
2015-01-08,LG4,Non-HKUST,13,116,106579,1028658,596847,1625505
2015-01-08,LG4,Total,418,2661,2058083,34430948525,8936334230,43367282755
2015-01-08,All-Floors,Staff,257,2819,2050196,53474329759,2270452110,55744781869
2015-01-08,All-Floors,TPG,143,2349,2411019,11039518345,1840690879,12880209224
2015-01-08,All-Floors,RPG,280,3116,3036363,26987100877,7765533337,34752634214
2015-01-08,All-Floors,UG,438,4258,3689631,16600423645,1264293761,17864717406
2015-01-08,All-Floors,Alumni,15,421,267256,696219139,29953461,726172600
2015-01-08,All-Floors,Others(HKUST),14,625,1023611,11316809981,7192841487,18509651468
2015-01-08,All-Floors,Non-HKUST,28,339,411906,27421353,9227383,36648736
2015-01-08,All-Floors,Total,1175,13927,12889982,120141823099,20372992418,140514815517
2015-01-09,1,Staff,61,624,823122,4399857941,390135458,4789993399
2015-01-09,1,TPG,3,4,0,0,0,0
2015-01-09,1,RPG,11,29,36559,23742084,2838353,26580437
2015-01-09,1,UG,29,112,121735,36050396,7726699,43777095
2015-01-09,1,Alumni,2,5,2283,0,0,0
2015-01-09,1,Others(HKUST),5,118,14233,1815953,920464,2736417
2015-01-09,1,Non-HKUST,0,0,0,0,0,0
2015-01-09,1,Total,111,892,997932,4461466374,401620974,4863087348
2015-01-09,G,Staff,110,641,507580,459746597,59333265,519079862
2015-01-09,G,TPG,69,503,539077,8326361171,208877529,8535238700
2015-01-09,G,RPG,104,494,598135,1352384996,443395805,1795780801
2015-01-09,G,UG,146,659,604443,1743171845,60712123,1803883968
2015-01-09,G,Alumni,6,33,41499,0,0,0
2015-01-09,G,Others(HKUST),9,131,247352,36850029,11014114,47864143
2015-01-09,G,Non-HKUST,14,31,12072,110264619,18094535,128359154
2015-01-09,G,Total,458,2492,2550158,12028779257,801427371,12830206628
2015-01-09,LG1,Staff,81,465,288313,398480865,97062409,495543274
2015-01-09,LG1,TPG,87,943,886376,511035213,205228187,716263400
2015-01-09,LG1,RPG,139,1132,1212232,3987542061,147018452,4134560513
2015-01-09,LG1,UG,214,1772,1676531,5875376274,2069888483,7945264757
2015-01-09,LG1,Alumni,9,115,143288,205370,137708,343078
2015-01-09,LG1,Others(HKUST),15,245,639073,27109724,24420991,51530715
2015-01-09,LG1,Non-HKUST,17,184,234548,226846672,39199620,266046292
2015-01-09,LG1,Total,562,4856,5080361,11026596179,2582955850,13609552029
2015-01-09,LG3,Staff,67,239,158119,77742485,15866163,93608648
2015-01-09,LG3,TPG,31,229,294676,13516353401,795630778,14311984179
2015-01-09,LG3,RPG,84,691,680828,2131227206,107474399,2238701605
2015-01-09,LG3,UG,104,420,385454,827672840,67316470,894989310
2015-01-09,LG3,Alumni,4,16,22635,22097,7969,30066
2015-01-09,LG3,Others(HKUST),6,8,1153,103057,54614,157671
2015-01-09,LG3,Non-HKUST,8,26,42888,149394754,24317134,173711888
2015-01-09,LG3,Total,304,1629,1585753,16702515840,1010667527,17713183367
2015-01-09,LG4,Staff,99,316,91664,109285906,11970568,121256474
2015-01-09,LG4,TPG,44,486,558115,2918816556,923438066,3842254622
2015-01-09,LG4,RPG,118,297,199960,1717418461,42701609,1760120070
2015-01-09,LG4,UG,144,457,272465,951467968,90847372,1042315340
2015-01-09,LG4,Alumni,3,113,72805,0,0,0
2015-01-09,LG4,Others(HKUST),10,273,274726,7688802307,4604839882,12293642189
2015-01-09,LG4,Non-HKUST,10,47,30369,0,0,0
2015-01-09,LG4,Total,428,1989,1500104,13385791198,5673797497,19059588695
2015-01-09,All-Floors,Staff,256,2285,1868798,5445113794,574367863,6019481657
2015-01-09,All-Floors,TPG,140,2165,2278244,25272566341,2133174560,27405740901
2015-01-09,All-Floors,RPG,300,2643,2727714,9212314808,743428618,9955743426
2015-01-09,All-Floors,UG,431,3420,3060628,9433739323,2296491147,11730230470
2015-01-09,All-Floors,Alumni,17,282,282510,227467,145677,373144
2015-01-09,All-Floors,Others(HKUST),25,775,1176537,7754681070,4641250065,12395931135
2015-01-09,All-Floors,Non-HKUST,29,288,319877,486506045,81611289,568117334
2015-01-09,All-Floors,Total,1198,11858,11714308,57605148848,10470469219,68075618067
2015-01-10,1,Staff,10,141,101594,98020387,4565164,102585551
2015-01-10,1,TPG,6,9,2416,10851,8840,19691
2015-01-10,1,RPG,16,33,19338,37490066,2397849,39887915
2015-01-10,1,UG,5,11,126,0,0,0
2015-01-10,1,Alumni,5,9,855,0,0,0
2015-01-10,1,Others(HKUST),2,94,13921,0,0,0
2015-01-10,1,Non-HKUST,0,0,0,0,0,0
2015-01-10,1,Total,44,297,138250,135521304,6971853,142493157
2015-01-10,G,Staff,48,240,252257,148176523,15454517,163631040
2015-01-10,G,TPG,62,386,434439,67954433,2959148,70913581
2015-01-10,G,RPG,88,533,524579,15820715,1643292,17464007
2015-01-10,G,UG,68,350,313157,193405888,69251246,262657134
2015-01-10,G,Alumni,35,136,94323,389524966,14505667,404030633
2015-01-10,G,Others(HKUST),8,69,142548,326410,323719,650129
2015-01-10,G,Non-HKUST,11,50,26574,0,0,0
2015-01-10,G,Total,320,1764,1787877,815208935,104137589,919346524
2015-01-10,LG1,Staff,33,261,226990,771130708,279251533,1050382241
2015-01-10,LG1,TPG,86,838,1069298,4246639237,8519138041,12765777278
2015-01-10,LG1,RPG,108,934,1207354,4752620328,809789712,5562410040
2015-01-10,LG1,UG,115,999,1401636,276789663,13150642,289940305
2015-01-10,LG1,Alumni,32,230,207426,3439202,2509572,5948774
2015-01-10,LG1,Others(HKUST),9,71,489290,13091161,12135284,25226445
2015-01-10,LG1,Non-HKUST,12,90,83244,0,0,0
2015-01-10,LG1,Total,395,3423,4685238,10063710299,9635974784,19699685083
2015-01-10,LG3,Staff,27,73,91043,836743496,412062559,1248806055
2015-01-10,LG3,TPG,42,198,256408,0,0,0
2015-01-10,LG3,RPG,76,495,631798,980335639,993811865,1974147504
2015-01-10,LG3,UG,51,211,141436,556279446,25339324,581618770
2015-01-10,LG3,Alumni,29,224,279347,272566361,13326803,285893164
2015-01-10,LG3,Others(HKUST),10,41,50991,0,0,0
2015-01-10,LG3,Non-HKUST,5,35,38288,0,0,0
2015-01-10,LG3,Total,240,1277,1489311,2645924942,1444540551,4090465493
2015-01-10,LG4,Staff,24,90,91871,380952,301207,682159
2015-01-10,LG4,TPG,37,240,358710,119124288,217266305,336390593
2015-01-10,LG4,RPG,82,305,338225,745286683,32116391,777403074
2015-01-10,LG4,UG,83,304,191815,1888185575,87694485,1975880060
2015-01-10,LG4,Alumni,22,276,290593,4700345675,238695705,4939041380
2015-01-10,LG4,Others(HKUST),4,298,393299,22694294,4668036,27362330
2015-01-10,LG4,Non-HKUST,7,19,6255,0,0,0
2015-01-10,LG4,Total,259,1532,1670768,7476017467,580742129,8056759596
2015-01-10,All-Floors,Staff,91,805,763755,1854452066,711634980,2566087046
2015-01-10,All-Floors,TPG,131,1671,2121271,4433728809,8739372334,13173101143
2015-01-10,All-Floors,RPG,222,2300,2721294,6531553431,1839759109,8371312540
2015-01-10,All-Floors,UG,212,1875,2048170,2914660572,195435697,3110096269
2015-01-10,All-Floors,Alumni,57,875,872544,5365876204,269037747,5634913951
2015-01-10,All-Floors,Others(HKUST),15,573,1090049,36111865,17127039,53238904
2015-01-10,All-Floors,Non-HKUST,22,194,154361,0,0,0
2015-01-10,All-Floors,Total,750,8293,9771444,21136382947,11772366906,32908749853
2015-01-11,1,Staff,8,66,24580,79614,57532,137146
2015-01-11,1,TPG,6,6,599,0,0,0
2015-01-11,1,RPG,9,64,37082,10378108,2070678,12448786
2015-01-11,1,UG,4,4,367,0,0,0
2015-01-11,1,Alumni,2,8,477,0,0,0
2015-01-11,1,Others(HKUST),4,117,20690,7932291,1327268,9259559
2015-01-11,1,Non-HKUST,0,0,0,0,0,0
2015-01-11,1,Total,33,265,83795,18390013,3455478,21845491
2015-01-11,G,Staff,17,64,24548,24357,21377,45734
2015-01-11,G,TPG,22,152,103878,2155914,1717540,3873454
2015-01-11,G,RPG,45,180,193114,175884,39653,215537
2015-01-11,G,UG,47,164,140453,158691953,28008563,186700516
2015-01-11,G,Alumni,23,75,47951,0,0,0
2015-01-11,G,Others(HKUST),5,26,117119,4909631,850072,5759703
2015-01-11,G,Non-HKUST,4,7,594,0,0,0
2015-01-11,G,Total,163,668,627657,165957739,30637205,196594944
2015-01-11,LG1,Staff,24,137,194164,586391,386569,972960
2015-01-11,LG1,TPG,34,175,231033,87860983,11932180,99793163
2015-01-11,LG1,RPG,50,304,435485,0,0,0
2015-01-11,LG1,UG,69,588,618981,48947104,15120843,64067947
2015-01-11,LG1,Alumni,21,160,193063,0,0,0
2015-01-11,LG1,Others(HKUST),9,88,516005,17604141,12626256,30230397
2015-01-11,LG1,Non-HKUST,6,38,29676,0,0,0
2015-01-11,LG1,Total,213,1490,2218407,154998619,40065848,195064467
2015-01-11,LG3,Staff,22,59,66111,48345,31817,80162
2015-01-11,LG3,TPG,18,48,66529,0,0,0
2015-01-11,LG3,RPG,36,117,133347,29136,13096,42232
2015-01-11,LG3,UG,37,154,41645,9375546,1440023,10815569
2015-01-11,LG3,Alumni,18,98,79655,0,0,0
2015-01-11,LG3,Others(HKUST),3,5,3130,0,0,0
2015-01-11,LG3,Non-HKUST,10,33,31409,0,0,0
2015-01-11,LG3,Total,144,514,421826,9453027,1484936,10937963
2015-01-11,LG4,Staff,30,71,35076,18137268,905028,19042296
2015-01-11,LG4,TPG,26,125,160635,47723460,2461506,50184966
2015-01-11,LG4,RPG,67,206,189350,14741750,88644659,103386409
2015-01-11,LG4,UG,73,192,61479,699796748,42923800,742720548
2015-01-11,LG4,Alumni,15,76,85441,0,0,0
2015-01-11,LG4,Others(HKUST),7,192,172808,4556830,799970,5356800
2015-01-11,LG4,Non-HKUST,7,14,31067,0,0,0
2015-01-11,LG4,Total,225,876,735856,784956056,135734963,920691019
2015-01-11,All-Floors,Staff,63,397,344479,18875975,1402323,20278298
2015-01-11,All-Floors,TPG,62,506,562674,137740357,16111226,153851583
2015-01-11,All-Floors,RPG,151,871,988378,25324878,90768086,116092964
2015-01-11,All-Floors,UG,161,1102,862925,916811351,87493229,1004304580
2015-01-11,All-Floors,Alumni,42,417,406587,0,0,0
2015-01-11,All-Floors,Others(HKUST),16,428,829752,35002893,15603566,50606459
2015-01-11,All-Floors,Non-HKUST,15,92,92746,0,0,0
2015-01-11,All-Floors,Total,510,3813,4087541,1133755454,211378430,1345133884
2015-01-12,1,Staff,60,557,644103,14156151061,774431792,14930582853
2015-01-12,1,TPG,5,6,0,0,0,0
2015-01-12,1,RPG,16,51,31179,956981115,55193637,1012174752
2015-01-12,1,UG,20,64,59977,27246538,6379151,33625689
2015-01-12,1,Alumni,1,4,8630,9299573,2242133,11541706
2015-01-12,1,Others(HKUST),4,132,15097,783148,338612,1121760
2015-01-12,1,Non-HKUST,2,24,15668,1832382,673571,2505953
2015-01-12,1,Total,108,838,774654,15152293817,839258896,15991552713
2015-01-12,G,Staff,114,619,623251,1612414100,217486811,1829900911
2015-01-12,G,TPG,78,615,670220,178003337,65231860,243235197
2015-01-12,G,RPG,113,776,654651,3856773644,131123411,3987897055
2015-01-12,G,UG,142,653,455122,849002989,36430701,885433690
2015-01-12,G,Alumni,9,20,10691,0,0,0
2015-01-12,G,Others(HKUST),16,145,159436,310394385,46025218,356419603
2015-01-12,G,Non-HKUST,10,26,16388,0,0,0
2015-01-12,G,Total,482,2854,2589759,6806588455,496298001,7302886456
2015-01-12,LG1,Staff,82,638,619032,16059811462,1458756397,17518567859
2015-01-12,LG1,TPG,109,1409,1224536,16430847021,1262316709,17693163730
2015-01-12,LG1,RPG,127,1035,1120361,6432716451,3010244104,9442960555
2015-01-12,LG1,UG,263,1984,1837158,2360345648,455867389,2816213037
2015-01-12,LG1,Alumni,11,148,109383,101889,57132,159021
2015-01-12,LG1,Others(HKUST),17,174,593721,68948922,20527560,89476482
2015-01-12,LG1,Non-HKUST,15,112,191827,0,0,0
2015-01-12,LG1,Total,624,5500,5696018,41352771393,6207769291,47560540684
2015-01-12,LG3,Staff,79,272,151897,100279230,53839217,154118447
2015-01-12,LG3,TPG,44,288,326642,4732894,102093155,106826049
2015-01-12,LG3,RPG,89,639,621784,379429390,64145900,443575290
2015-01-12,LG3,UG,120,623,469777,119379711,11544477,130924188
2015-01-12,LG3,Alumni,6,45,44855,125626980,16972178,142599158
2015-01-12,LG3,Others(HKUST),15,91,88516,383802269,59068331,442870600
2015-01-12,LG3,Non-HKUST,6,12,35348,0,0,0
2015-01-12,LG3,Total,359,1970,1738819,1113250474,307663258,1420913732
2015-01-12,LG4,Staff,114,372,131250,2205920296,162089911,2368010207
2015-01-12,LG4,TPG,48,475,543833,1607271298,132845304,1740116602
2015-01-12,LG4,RPG,129,576,421703,706924930,75723628,782648558
2015-01-12,LG4,UG,154,582,366455,858204328,234497213,1092701541
2015-01-12,LG4,Alumni,5,59,62545,0,0,0
2015-01-12,LG4,Others(HKUST),10,182,188063,1232465992,56979601,1289445593
2015-01-12,LG4,Non-HKUST,5,11,37218,0,0,0
2015-01-12,LG4,Total,465,2257,1751067,6610786844,662135657,7272922501
2015-01-12,All-Floors,Staff,274,2458,2169533,34134576149,2666604128,36801180277
2015-01-12,All-Floors,TPG,163,2793,2765231,18220854550,1562487028,19783341578
2015-01-12,All-Floors,RPG,291,3077,2849678,12332825530,3336430680,15669256210
2015-01-12,All-Floors,UG,479,3906,3188489,4214179214,744718931,4958898145
2015-01-12,All-Floors,Alumni,18,276,236104,135028442,19271443,154299885
2015-01-12,All-Floors,Others(HKUST),33,724,1044833,1996394716,182939322,2179334038
2015-01-12,All-Floors,Non-HKUST,26,185,296449,1832382,673571,2505953
2015-01-12,All-Floors,Total,1284,13419,12550317,71035690983,8513125103,79548816086
2015-01-13,1,Staff,68,839,978203,9578919309,420557727,9999477036
2015-01-13,1,TPG,8,21,30380,0,0,0
2015-01-13,1,RPG,8,38,55824,517929730,66056838,583986568
2015-01-13,1,UG,31,156,210963,3672580439,269783269,3942363708
2015-01-13,1,Alumni,4,18,66347,780796,361469,1142265
2015-01-13,1,Others(HKUST),5,119,13690,359618,212358,571976
2015-01-13,1,Non-HKUST,1,1,0,0,0,0
2015-01-13,1,Total,125,1192,1355407,13770569892,756971661,14527541553
2015-01-13,G,Staff,128,701,611850,1983019196,146159887,2129179083
2015-01-13,G,TPG,88,550,442503,16138598,3109904,19248502
2015-01-13,G,RPG,111,513,415949,2192024959,879386535,3071411494
2015-01-13,G,UG,169,689,491530,1150372494,136512536,1286885030
2015-01-13,G,Alumni,7,55,42786,94,5040,5134
2015-01-13,G,Others(HKUST),11,101,141744,979230,971157,1950387
2015-01-13,G,Non-HKUST,9,21,6033,0,0,0
2015-01-13,G,Total,523,2630,2152395,5342534571,1166145059,6508679630
2015-01-13,LG1,Staff,84,467,360866,2618793087,433555904,3052348991
2015-01-13,LG1,TPG,107,1096,1008565,2397873455,366690615,2764564070
2015-01-13,LG1,RPG,136,1161,1215353,3231796436,283989979,3515786415
2015-01-13,LG1,UG,227,1904,1805580,6539439085,511782864,7051221949
2015-01-13,LG1,Alumni,6,124,171509,7887,2543,10430
2015-01-13,LG1,Others(HKUST),12,167,581785,524534059,75498645,600032704
2015-01-13,LG1,Non-HKUST,7,50,91209,114562264,21366192,135928456
2015-01-13,LG1,Total,579,4969,5234867,15427006273,1692886742,17119893015
2015-01-13,LG3,Staff,70,305,230201,1424925259,421399940,1846325199
2015-01-13,LG3,TPG,48,329,471271,22599108,4555475,27154583
2015-01-13,LG3,RPG,108,1095,1044003,196260530,32254605,228515135
2015-01-13,LG3,UG,111,534,328761,2483756695,213383993,2697140688
2015-01-13,LG3,Alumni,6,24,27246,213893017,23551908,237444925
2015-01-13,LG3,Others(HKUST),4,33,59565,16563,10793,27356
2015-01-13,LG3,Non-HKUST,5,23,36820,0,0,0
2015-01-13,LG3,Total,352,2343,2197867,4341451172,695156714,5036607886
2015-01-13,LG4,Staff,119,274,85241,716677199,312343152,1029020351
2015-01-13,LG4,TPG,48,562,507624,11429011311,559074595,11988085906
2015-01-13,LG4,RPG,151,654,561812,2889791648,208660743,3098452391
2015-01-13,LG4,UG,224,516,306595,2520874391,201695420,2722569811
2015-01-13,LG4,Alumni,4,15,13506,0,0,0
2015-01-13,LG4,Others(HKUST),12,230,167125,905647226,57658897,963306123
2015-01-13,LG4,Non-HKUST,8,42,19159,0,0,0
2015-01-13,LG4,Total,566,2293,1661062,18462001775,1339432807,19801434582
2015-01-13,All-Floors,Staff,299,2586,2266361,16322334050,1734016610,18056350660
2015-01-13,All-Floors,TPG,160,2558,2460343,13865622472,933430589,14799053061
2015-01-13,All-Floors,RPG,324,3461,3292941,9027803303,1470348700,10498152003
2015-01-13,All-Floors,UG,508,3799,3143429,16367023104,1333158082,17700181186
2015-01-13,All-Floors,Alumni,14,236,321394,214681794,23920960,238602754
2015-01-13,All-Floors,Others(HKUST),25,650,963909,1431536696,134351850,1565888546
2015-01-13,All-Floors,Non-HKUST,19,137,153221,114562264,21366192,135928456
2015-01-13,All-Floors,Total,1349,13427,12601598,57343563683,5650592983,62994156666
2015-01-14,1,Staff,55,799,901777,2485608109,801432300,3287040409
2015-01-14,1,TPG,6,8,718,71135,34989,106124
2015-01-14,1,RPG,11,60,78552,3705113,34930633,38635746
2015-01-14,1,UG,25,100,126856,665053656,30883119,695936775
2015-01-14,1,Alumni,3,9,268,22694,8700,31394
2015-01-14,1,Others(HKUST),4,125,26824,12632961,7849709,20482670
2015-01-14,1,Non-HKUST,1,16,11082,2826,3411,6237
2015-01-14,1,Total,105,1117,1146077,3167096494,875142861,4042239355
2015-01-14,G,Staff,113,812,601078,861172191,224796784,1085968975
2015-01-14,G,TPG,78,584,492734,621672064,232864143,854536207
2015-01-14,G,RPG,110,519,377778,130720243,28409572,159129815
2015-01-14,G,UG,176,815,638246,266190046,29961211,296151257
2015-01-14,G,Alumni,9,51,53772,0,0,0
2015-01-14,G,Others(HKUST),8,29,186421,21547345,20446204,41993549
2015-01-14,G,Non-HKUST,11,28,22906,0,0,0
2015-01-14,G,Total,505,2838,2372935,1901301889,536477914,2437779803
2015-01-14,LG1,Staff,104,501,410510,492726324,69223552,561949876
2015-01-14,LG1,TPG,104,1095,1081931,6862507245,663424846,7525932091
2015-01-14,LG1,RPG,138,1240,1231296,7898318345,887691197,8786009542
2015-01-14,LG1,UG,266,2154,2323651,3945102733,289008056,4234110789
2015-01-14,LG1,Alumni,6,40,58000,2880742,478407,3359149
2015-01-14,LG1,Others(HKUST),9,119,538514,10077194,9126113,19203307
2015-01-14,LG1,Non-HKUST,15,164,126497,20653044,2515299,23168343
2015-01-14,LG1,Total,642,5313,5770399,19232265627,1921467470,21153733097
2015-01-14,LG3,Staff,71,322,201490,529904183,41688862,571593045
2015-01-14,LG3,TPG,46,364,324587,5433919790,129756343,5563676133
2015-01-14,LG3,RPG,105,842,949772,1635054434,147205974,1782260408
2015-01-14,LG3,UG,153,782,666848,491668217,30485446,522153663
2015-01-14,LG3,Alumni,8,37,45073,366640728,44120463,410761191
2015-01-14,LG3,Others(HKUST),6,10,13326,99186,54569,153755
2015-01-14,LG3,Non-HKUST,7,30,40942,0,0,0
2015-01-14,LG3,Total,396,2387,2242038,8457286538,393311657,8850598195
2015-01-14,LG4,Staff,107,405,220669,1241252494,177014392,1418266886
2015-01-14,LG4,TPG,43,321,397863,655632725,173616850,829249575
2015-01-14,LG4,RPG,156,539,432176,1522233766,2765018499,4287252265
2015-01-14,LG4,UG,174,502,305220,306171727,1963372487,2269544214
2015-01-14,LG4,Alumni,8,78,45625,5785901,974706,6760607
2015-01-14,LG4,Others(HKUST),10,118,182724,3085737,690146,3775883
2015-01-14,LG4,Non-HKUST,5,47,14718,2254539,386306,2640845
2015-01-14,LG4,Total,503,2010,1598995,3736416889,5081073386,8817490275
2015-01-14,All-Floors,Staff,271,2839,2335524,5610663301,1314155890,6924819191
2015-01-14,All-Floors,TPG,155,2372,2297833,13573802959,1199697171,14773500130
2015-01-14,All-Floors,RPG,324,3200,3069574,11190031901,3863255875,15053287776
2015-01-14,All-Floors,UG,555,4353,4060821,5674186379,2343710319,8017896698
2015-01-14,All-Floors,Alumni,16,215,202738,375330065,45582276,420912341
2015-01-14,All-Floors,Others(HKUST),22,401,947809,47442423,38166741,85609164
2015-01-14,All-Floors,Non-HKUST,24,285,216145,22910409,2905016,25815425
2015-01-14,All-Floors,Total,1367,13665,13130444,36494367437,8807473288,45301840725
2015-01-15,1,Staff,62,772,762070,4913195330,304397482,5217592812
2015-01-15,1,TPG,5,7,595,0,0,0
2015-01-15,1,RPG,7,33,96064,1063550278,79805838,1143356116
2015-01-15,1,UG,18,79,81285,921815272,53793861,975609133
2015-01-15,1,Alumni,1,3,1888,0,0,0
2015-01-15,1,Others(HKUST),5,130,24195,895200,287006,1182206
2015-01-15,1,Non-HKUST,0,0,0,0,0,0
2015-01-15,1,Total,98,1024,966097,6899456080,438284187,7337740267
2015-01-15,G,Staff,111,577,566522,1600919482,58779062,1659698544
2015-01-15,G,TPG,76,627,546010,138490137,36261491,174751628
2015-01-15,G,RPG,97,506,461022,76774451,5362322,82136773
2015-01-15,G,UG,151,626,425756,647744757,49733363,697478120
2015-01-15,G,Alumni,3,8,1651,0,0,0
2015-01-15,G,Others(HKUST),9,119,221240,5234911,3700801,8935712
2015-01-15,G,Non-HKUST,8,16,16811,0,0,0
2015-01-15,G,Total,455,2479,2239012,2469163738,153837039,2623000777
2015-01-15,LG1,Staff,85,405,279932,590885640,27225548,618111188
2015-01-15,LG1,TPG,91,985,915273,1670938503,739554515,2410493018
2015-01-15,LG1,RPG,118,1230,1241232,1047902892,60355128,1108258020
2015-01-15,LG1,UG,234,2097,2315243,2391768398,764803931,3156572329
2015-01-15,LG1,Alumni,4,42,64210,3241594,1126986,4368580
2015-01-15,LG1,Others(HKUST),11,127,528013,23824786,19438863,43263649
2015-01-15,LG1,Non-HKUST,8,75,47878,0,0,0
2015-01-15,LG1,Total,551,4961,5391781,5728561813,1612504971,7341066784
2015-01-15,LG3,Staff,74,334,243902,1173456376,74099709,1247556085
2015-01-15,LG3,TPG,44,317,299221,2038552628,49395587,2087948215
2015-01-15,LG3,RPG,113,773,830501,2097739960,1392050857,3489790817
2015-01-15,LG3,UG,103,465,389451,2107590475,162067743,2269658218
2015-01-15,LG3,Alumni,7,31,37331,0,0,0
2015-01-15,LG3,Others(HKUST),5,50,40845,10939029,6363537,17302566
2015-01-15,LG3,Non-HKUST,3,5,14614,4820279758,152219438,4972499196
2015-01-15,LG3,Total,349,1975,1855865,12248558226,1836196871,14084755097
2015-01-15,LG4,Staff,102,373,133480,1702915684,69908956,1772824640
2015-01-15,LG4,TPG,55,471,426926,1237155828,75684805,1312840633
2015-01-15,LG4,RPG,131,586,477602,1382458029,127758973,1510217002
2015-01-15,LG4,UG,149,519,328205,1354917929,180256023,1535173952
2015-01-15,LG4,Alumni,7,159,186594,57625105,8956224,66581329
2015-01-15,LG4,Others(HKUST),7,175,146638,27865220,3311394,31176614
2015-01-15,LG4,Non-HKUST,3,18,18427,0,0,0
2015-01-15,LG4,Total,454,2301,1717872,5762937795,465876375,6228814170
2015-01-15,All-Floors,Staff,269,2461,1985906,9981372512,534410757,10515783269
2015-01-15,All-Floors,TPG,147,2407,2188025,5085137096,900896398,5986033494
2015-01-15,All-Floors,RPG,292,3128,3106421,5668425610,1665333118,7333758728
2015-01-15,All-Floors,UG,465,3786,3539940,7423836831,1210654921,8634491752
2015-01-15,All-Floors,Alumni,13,243,291674,60866699,10083210,70949909
2015-01-15,All-Floors,Others(HKUST),18,601,960931,68759146,33101601,101860747
2015-01-15,All-Floors,Non-HKUST,13,114,97730,4820279758,152219438,4972499196
2015-01-15,All-Floors,Total,1217,12740,12170627,33108677652,4506699443,37615377095
2015-01-16,1,Staff,67,645,862412,8926811320,764383296,9691194616
2015-01-16,1,TPG,3,11,10389,18234282,5468754,23703036
2015-01-16,1,RPG,19,56,81422,642793162,53173992,695967154
2015-01-16,1,UG,22,86,127877,987772952,56957269,1044730221
2015-01-16,1,Alumni,2,32,14008,1677233,840206,2517439
2015-01-16,1,Others(HKUST),4,135,13430,99201,53192,152393
2015-01-16,1,Non-HKUST,2,41,19816,635246,273328,908574
2015-01-16,1,Total,119,1006,1129354,10578023396,881150037,11459173433
2015-01-16,G,Staff,112,628,701121,1784139798,562158680,2346298478
2015-01-16,G,TPG,76,514,443188,551940882,215709936,767650818
2015-01-16,G,RPG,130,610,500832,2698830084,400259674,3099089758
2015-01-16,G,UG,148,606,454421,816524301,59796015,876320316
2015-01-16,G,Alumni,6,32,20305,241457876,53395466,294853342
2015-01-16,G,Others(HKUST),14,73,193462,932537,888378,1820915
2015-01-16,G,Non-HKUST,13,74,78909,223777325,24076874,247854199
2015-01-16,G,Total,499,2537,2392238,6317602803,1316285023,7633887826
2015-01-16,LG1,Staff,89,493,452995,959475127,60066209,1019541336
2015-01-16,LG1,TPG,110,1348,1407278,1073362115,56925802,1130287917
2015-01-16,LG1,RPG,157,1167,1343142,1361134152,197611561,1558745713
2015-01-16,LG1,UG,254,2394,2392149,14211395807,453555692,14664951499
2015-01-16,LG1,Alumni,12,112,111639,197104609,29484760,226589369
2015-01-16,LG1,Others(HKUST),14,241,714668,357542759,2180193487,2537736246
2015-01-16,LG1,Non-HKUST,10,110,96388,0,0,0
2015-01-16,LG1,Total,646,5865,6518259,18160014569,2977837511,21137852080
2015-01-16,LG3,Staff,58,231,125340,473655504,32615638,506271142
2015-01-16,LG3,TPG,45,317,322618,1088743182,197083133,1285826315
2015-01-16,LG3,RPG,94,898,862334,467097612,33537275,500634887
2015-01-16,LG3,UG,79,281,194579,35795376,6177687,41973063
2015-01-16,LG3,Alumni,7,24,20318,0,0,0
2015-01-16,LG3,Others(HKUST),5,25,30458,19043,8673,27716
2015-01-16,LG3,Non-HKUST,8,32,40735,0,0,0
2015-01-16,LG3,Total,296,1808,1596382,2065310717,269422406,2334733123
2015-01-16,LG4,Staff,103,343,178000,1496562015,60442861,1557004876
2015-01-16,LG4,TPG,49,383,337423,648276101,51017057,699293158
2015-01-16,LG4,RPG,136,664,678428,3991723046,1184565610,5176288656
2015-01-16,LG4,UG,158,409,193309,3266229500,111488141,3377717641
2015-01-16,LG4,Alumni,8,69,124805,31836,14246,46082
2015-01-16,LG4,Others(HKUST),6,153,208473,23342238,1581414,24923652
2015-01-16,LG4,Non-HKUST,10,44,60609,174918403,5959369,180877772
2015-01-16,LG4,Total,470,2065,1781047,9601083139,1415068698,11016151837
2015-01-16,All-Floors,Staff,258,2340,2319868,13640643764,1479666684,15120310448
2015-01-16,All-Floors,TPG,151,2573,2520896,3380556562,526204682,3906761244
2015-01-16,All-Floors,RPG,314,3395,3466158,9161578056,1869148112,11030726168
2015-01-16,All-Floors,UG,458,3776,3362335,19317717936,687974804,20005692740
2015-01-16,All-Floors,Alumni,18,269,291075,440271554,83734678,524006232
2015-01-16,All-Floors,Others(HKUST),25,627,1160491,381935778,2182725144,2564660922
2015-01-16,All-Floors,Non-HKUST,26,301,296457,399330974,30309571,429640545
2015-01-16,All-Floors,Total,1250,13281,13417280,46722034624,6859763675,53581798299
2015-01-17,1,Staff,15,153,145306,143251735,9836976,153088711
2015-01-17,1,TPG,3,13,5595,0,0,0
2015-01-17,1,RPG,8,34,45082,256977854,22908757,279886611
2015-01-17,1,UG,9,16,8631,66346,67328,133674
2015-01-17,1,Alumni,3,3,118,0,0,0
2015-01-17,1,Others(HKUST),2,107,16114,0,0,0
2015-01-17,1,Non-HKUST,0,0,0,0,0,0
2015-01-17,1,Total,40,326,220846,400295935,32813061,433108996
2015-01-17,G,Staff,45,354,246321,3373214560,232889401,3606103961
2015-01-17,G,TPG,62,308,248872,123351935,9866228,133218163
2015-01-17,G,RPG,92,453,398516,3178225621,296239215,3474464836
2015-01-17,G,UG,74,327,426478,148800,160446,309246
2015-01-17,G,Alumni,19,53,11920,0,0,0
2015-01-17,G,Others(HKUST),10,90,202749,1632050,1618595,3250645
2015-01-17,G,Non-HKUST,11,16,9465,0,0,0
2015-01-17,G,Total,313,1601,1544321,6676572966,540773885,7217346851
2015-01-17,LG1,Staff,48,190,202777,2545758183,87660543,2633418726
2015-01-17,LG1,TPG,86,705,968203,19787554938,958889796,20746444734
2015-01-17,LG1,RPG,93,641,891436,3298267397,76051124,3374318521
2015-01-17,LG1,UG,134,796,1047034,2013107629,553178924,2566286553
2015-01-17,LG1,Alumni,23,121,120051,15883456,1442775,17326231
2015-01-17,LG1,Others(HKUST),7,84,490263,16418881,14543423,30962304
2015-01-17,LG1,Non-HKUST,15,76,97338,0,0,0
2015-01-17,LG1,Total,406,2613,3817102,27676990484,1691766585,29368757069
2015-01-17,LG3,Staff,28,117,103994,1932525054,136591996,2069117050
2015-01-17,LG3,TPG,43,275,337012,2098669679,103147909,2201817588
2015-01-17,LG3,RPG,70,424,495050,2927225812,223352646,3150578458
2015-01-17,LG3,UG,78,405,343283,66966304,8248195,75214499
2015-01-17,LG3,Alumni,21,140,173511,48242040,4354779,52596819
2015-01-17,LG3,Others(HKUST),6,28,43428,0,0,0
2015-01-17,LG3,Non-HKUST,11,57,84561,0,0,0
2015-01-17,LG3,Total,257,1446,1580839,7073628889,475695525,7549324414
2015-01-17,LG4,Staff,36,153,128497,308339,183204,491543
2015-01-17,LG4,TPG,33,289,377744,2990572884,94972168,3085545052
2015-01-17,LG4,RPG,103,587,654914,5639670028,420624755,6060294783
2015-01-17,LG4,UG,141,445,195255,3272984766,72032126,3345016892
2015-01-17,LG4,Alumni,19,284,284709,1856320,111421,1967741
2015-01-17,LG4,Others(HKUST),12,215,392601,30152819101,10372858633,40525677734
2015-01-17,LG4,Non-HKUST,8,86,105360,0,0,0
2015-01-17,LG4,Total,352,2059,2139080,42058211438,10960782307,53018993745
2015-01-17,All-Floors,Staff,104,967,826895,7995057871,467162120,8462219991
2015-01-17,All-Floors,TPG,133,1590,1937426,25000149436,1166876101,26167025537
2015-01-17,All-Floors,RPG,226,2139,2484998,15300366712,1039176497,16339543209
2015-01-17,All-Floors,UG,301,1989,2020681,5353273845,633687019,5986960864
2015-01-17,All-Floors,Alumni,42,601,590309,65981816,5908975,71890791
2015-01-17,All-Floors,Others(HKUST),19,524,1145155,30170870032,10389020651,40559890683
2015-01-17,All-Floors,Non-HKUST,26,235,296724,0,0,0
2015-01-17,All-Floors,Total,851,8045,9302188,83885699712,13701831363,97587531075
2015-01-18,1,Staff,10,119,78527,130232,34561,164793
2015-01-18,1,TPG,0,0,0,0,0,0
2015-01-18,1,RPG,6,7,1919,614380,155304,769684
2015-01-18,1,UG,5,6,1313,0,0,0
2015-01-18,1,Alumni,1,1,4074,0,0,0
2015-01-18,1,Others(HKUST),2,95,17167,1830692,353616,2184308
2015-01-18,1,Non-HKUST,0,0,0,0,0,0
2015-01-18,1,Total,24,228,103000,2575304,543481,3118785
2015-01-18,G,Staff,23,135,111330,58356,35949,94305
2015-01-18,G,TPG,25,97,115047,25776,18044,43820
2015-01-18,G,RPG,53,210,180472,7878324,2980080,10858404
2015-01-18,G,UG,38,178,113784,194418902,34381182,228800084
2015-01-18,G,Alumni,14,37,33332,0,0,0
2015-01-18,G,Others(HKUST),5,20,142211,326410,323719,650129
2015-01-18,G,Non-HKUST,7,14,32109,0,0,0
2015-01-18,G,Total,165,691,728285,202707768,37738974,240446742
2015-01-18,LG1,Staff,12,52,32157,68639176,5948450,74587626
2015-01-18,LG1,TPG,39,300,393758,2906059,1651906,4557965
2015-01-18,LG1,RPG,48,296,359769,232541099,12194197,244735296
2015-01-18,LG1,UG,71,457,589597,319480002,12754251,332234253
2015-01-18,LG1,Alumni,21,109,99300,79876,50086,129962
2015-01-18,LG1,Others(HKUST),2,39,446653,22731549,19933219,42664768
2015-01-18,LG1,Non-HKUST,6,34,16810,0,0,0
2015-01-18,LG1,Total,199,1287,1938044,646377761,52532109,698909870
2015-01-18,LG3,Staff,12,36,40465,38796,11082,49878
2015-01-18,LG3,TPG,20,71,73606,32507276,2248045,34755321
2015-01-18,LG3,RPG,38,145,125952,2170584753,144766858,2315351611
2015-01-18,LG3,UG,35,103,39040,1085673118,39817044,1125490162
2015-01-18,LG3,Alumni,13,60,106621,29325611,6708300,36033911
2015-01-18,LG3,Others(HKUST),4,5,0,0,0,0
2015-01-18,LG3,Non-HKUST,5,25,50432,0,0,0
2015-01-18,LG3,Total,127,445,436116,3318129554,193551329,3511680883
2015-01-18,LG4,Staff,26,49,27606,12268654,1518358,13787012
2015-01-18,LG4,TPG,20,100,61607,32990983,2616249,35607232
2015-01-18,LG4,RPG,80,284,225798,2944201632,167400185,3111601817
2015-01-18,LG4,UG,90,300,104535,1490607246,101878572,1592485818
2015-01-18,LG4,Alumni,9,60,58002,0,0,0
2015-01-18,LG4,Others(HKUST),6,128,239437,173276864695,58568729921,231845594616
2015-01-18,LG4,Non-HKUST,12,23,31334,0,0,0
2015-01-18,LG4,Total,243,944,748319,177756933210,58842143285,236599076495
2015-01-18,All-Floors,Staff,56,391,290085,81135214,7548400,88683614
2015-01-18,All-Floors,TPG,66,568,644018,68430094,6534244,74964338
2015-01-18,All-Floors,RPG,151,942,893910,5355820188,327496624,5683316812
2015-01-18,All-Floors,UG,173,1044,848269,3090179268,188831049,3279010317
2015-01-18,All-Floors,Alumni,39,267,301329,29405487,6758386,36163873
2015-01-18,All-Floors,Others(HKUST),10,287,845468,173301753346,58589340475,231891093821
2015-01-18,All-Floors,Non-HKUST,20,96,130685,0,0,0
2015-01-18,All-Floors,Total,515,3595,3953764,181926723597,59126509178,241053232775
2015-01-19,1,Staff,60,852,771299,3129244116,601070617,3730314733
2015-01-19,1,TPG,7,8,1853,0,0,0
2015-01-19,1,RPG,17,37,58225,525736414,28435305,554171719
2015-01-19,1,UG,22,102,103384,54041493,14687095,68728588
2015-01-19,1,Alumni,2,29,11865,192391,95015,287406
2015-01-19,1,Others(HKUST),5,119,43313,906948,393977,1300925
2015-01-19,1,Non-HKUST,4,7,22519,385358,109720,495078
2015-01-19,1,Total,117,1154,1012458,3710506720,644791729,4355298449
2015-01-19,G,Staff,128,741,688423,3108161513,593171591,3701333104
2015-01-19,G,TPG,100,708,585513,107507762,557805142,665312904
2015-01-19,G,RPG,132,697,588899,1208639475,61783215,1270422690
2015-01-19,G,UG,189,1001,796430,1551075458,81282735,1632358193
2015-01-19,G,Alumni,8,36,60233,0,0,0
2015-01-19,G,Others(HKUST),12,117,216246,70055673,9698247,79753920
2015-01-19,G,Non-HKUST,14,85,83509,372953082,25391840,398344922
2015-01-19,G,Total,583,3385,3019253,6418392963,1329132770,7747525733
2015-01-19,LG1,Staff,102,618,438274,5109977512,251799745,5361777257
2015-01-19,LG1,TPG,122,1350,1350957,2150133377,887658344,3037791721
2015-01-19,LG1,RPG,154,1239,1337044,1244318359,96408184,1340726543
2015-01-19,LG1,UG,309,2686,2409213,3170418302,223032752,3393451054
2015-01-19,LG1,Alumni,11,45,21443,4636,1165,5801
2015-01-19,LG1,Others(HKUST),13,244,577398,617576939,719607146,1337184085
2015-01-19,LG1,Non-HKUST,12,87,55445,86825268,5472010,92297278
2015-01-19,LG1,Total,723,6269,6189774,12379254393,2183979346,14563233739
2015-01-19,LG3,Staff,74,419,276343,1065759970,121150553,1186910523
2015-01-19,LG3,TPG,55,243,329735,664309936,9862791,674172727
2015-01-19,LG3,RPG,109,967,1025678,1435056790,1019193319,2454250109
2015-01-19,LG3,UG,147,925,585624,117912644,13936332,131848976
2015-01-19,LG3,Alumni,7,15,32326,11101376,2916842,14018218
2015-01-19,LG3,Others(HKUST),6,21,40992,158825,82898,241723
2015-01-19,LG3,Non-HKUST,8,92,136833,43412634,2736005,46148639
2015-01-19,LG3,Total,406,2682,2427531,3337712175,1169878740,4507590915
2015-01-19,LG4,Staff,125,542,167623,2665543249,341019158,3006562407
2015-01-19,LG4,TPG,66,533,556943,81812927,375991185,457804112
2015-01-19,LG4,RPG,167,727,629184,3137199654,87760790,3224960444
2015-01-19,LG4,UG,259,690,475380,2733841668,173542793,2907384461
2015-01-19,LG4,Alumni,10,91,98390,76737,23757,100494
2015-01-19,LG4,Others(HKUST),9,146,177948,92508665224,39708392439,132217057663
2015-01-19,LG4,Non-HKUST,9,67,37992,781427412,49248090,830675502
2015-01-19,LG4,Total,645,2796,2143460,101908566871,40735978212,142644545083
2015-01-19,All-Floors,Staff,298,3172,2341962,15078686360,1908211664,16986898024
2015-01-19,All-Floors,TPG,187,2842,2825001,3003764002,1831317462,4835081464
2015-01-19,All-Floors,RPG,353,3667,3639030,7550950692,1293580813,8844531505
2015-01-19,All-Floors,UG,620,5404,4370031,7627289565,506481707,8133771272
2015-01-19,All-Floors,Alumni,23,216,224257,11375140,3036779,14411919
2015-01-19,All-Floors,Others(HKUST),25,647,1055897,93197363609,40438174707,133635538316
2015-01-19,All-Floors,Non-HKUST,26,338,336298,1285003754,82957665,1367961419
2015-01-19,All-Floors,Total,1532,16286,14792476,127754433122,46063760797,173818193919
2015-01-20,1,Staff,59,770,786984,6860319130,222073576,7082392706
2015-01-20,1,TPG,9,18,33041,1662073,734215,2396288
2015-01-20,1,RPG,10,27,61642,255735623,58409311,314144934
2015-01-20,1,UG,30,194,205670,2778867096,403103167,3181970263
2015-01-20,1,Alumni,4,34,31918,1414658,664988,2079646
2015-01-20,1,Others(HKUST),6,97,73788,1219361,567295,1786656
2015-01-20,1,Non-HKUST,1,2,1057,0,0,0
2015-01-20,1,Total,119,1142,1194100,9899217941,685552552,10584770493
2015-01-20,G,Staff,112,794,664460,961612057,117464237,1079076294
2015-01-20,G,TPG,105,870,765445,3279499,1001784,4281283
2015-01-20,G,RPG,124,510,495110,73221032,6987487,80208519
2015-01-20,G,UG,203,1006,714493,1713050474,244687514,1957737988
2015-01-20,G,Alumni,13,38,17569,49471405,5530913,55002318
2015-01-20,G,Others(HKUST),15,97,219104,5704554,4632358,10336912
2015-01-20,G,Non-HKUST,8,39,34515,0,0,0
2015-01-20,G,Total,580,3354,2910696,2806339021,380304293,3186643314
2015-01-20,LG1,Staff,93,536,400139,337103130,67067491,404170621
2015-01-20,LG1,TPG,142,1306,1233310,85447363,13395979,98843342
2015-01-20,LG1,RPG,160,1723,1603182,1694502476,348535580,2043038056
2015-01-20,LG1,UG,296,2717,2442131,7815136197,336055705,8151191902
2015-01-20,LG1,Alumni,10,128,126583,8108879,14219767,22328646
2015-01-20,LG1,Others(HKUST),14,345,676166,101210726,83068607,184279333
2015-01-20,LG1,Non-HKUST,11,57,57624,1109552052,17985154,1127537206
2015-01-20,LG1,Total,726,6812,6539135,11151060823,880328283,12031389106
2015-01-20,LG3,Staff,64,307,166281,789030473,81348609,870379082
2015-01-20,LG3,TPG,51,408,400952,345862175,52794855,398657030
2015-01-20,LG3,RPG,119,956,914030,8826622908,559405820,9386028728
2015-01-20,LG3,UG,121,581,306842,1285200397,77978145,1363178542
2015-01-20,LG3,Alumni,9,55,62488,2243581788,99380888,2342962676
2015-01-20,LG3,Others(HKUST),9,33,17717,21205,39521,60726
2015-01-20,LG3,Non-HKUST,5,30,14395,0,0,0
2015-01-20,LG3,Total,378,2370,1882705,13490318946,870947838,14361266784
2015-01-20,LG4,Staff,116,323,173384,568004450,136730888,704735338
2015-01-20,LG4,TPG,67,580,539145,347726722,52334453,400061175
2015-01-20,LG4,RPG,150,779,840905,643263861,121607627,764871488
2015-01-20,LG4,UG,223,676,552425,1585040368,144908396,1729948764
2015-01-20,LG4,Alumni,7,66,73009,5967003538,374012718,6341016256
2015-01-20,LG4,Others(HKUST),11,193,213938,3500725454,128018338,3628743792
2015-01-20,LG4,Non-HKUST,9,27,21813,0,0,0
2015-01-20,LG4,Total,583,2644,2414619,12611764393,957612420,13569376813
2015-01-20,All-Floors,Staff,275,2730,2191248,9516069240,624684801,10140754041
2015-01-20,All-Floors,TPG,207,3182,2971893,783977832,120261286,904239118
2015-01-20,All-Floors,RPG,346,3995,3914869,11493345900,1094945825,12588291725
2015-01-20,All-Floors,UG,599,5174,4221561,15177294532,1206732927,16384027459
2015-01-20,All-Floors,Alumni,20,321,311567,8269580268,493809274,8763389542
2015-01-20,All-Floors,Others(HKUST),28,765,1200713,3608881300,216326119,3825207419
2015-01-20,All-Floors,Non-HKUST,23,155,129404,1109552052,17985154,1127537206
2015-01-20,All-Floors,Total,1498,16322,14941255,49958701124,3774745386,53733446510
2015-01-21,1,Staff,62,742,817785,2939781881,175636038,3115417919
2015-01-21,1,TPG,6,6,589,35923,30344,66267
2015-01-21,1,RPG,8,17,60268,2449567380,170803202,2620370582
2015-01-21,1,UG,24,279,185648,110124693,22615131,132739824
2015-01-21,1,Alumni,2,9,9051,20675308,1187722,21863030
2015-01-21,1,Others(HKUST),5,107,98281,6759271,5198249,11957520
2015-01-21,1,Non-HKUST,2,17,10885,1289050,685547,1974597
2015-01-21,1,Total,109,1177,1182507,5528233506,376156233,5904389739
2015-01-21,G,Staff,126,822,589165,844322354,306487636,1150809990
2015-01-21,G,TPG,113,866,673066,244371014,29623942,273994956
2015-01-21,G,RPG,111,661,503776,2713882560,156133530,2870016090
2015-01-21,G,UG,182,1025,783243,3355679007,166303391,3521982398
2015-01-21,G,Alumni,4,29,31764,0,0,0
2015-01-21,G,Others(HKUST),5,100,196750,68468070,24913655,93381725
2015-01-21,G,Non-HKUST,11,73,80359,312113,157894,470007
2015-01-21,G,Total,552,3576,2858123,7227035118,683620048,7910655166
2015-01-21,LG1,Staff,103,619,429323,209997539,42202665,252200204
2015-01-21,LG1,TPG,150,1484,1330049,1832956384,158501664,1991458048
2015-01-21,LG1,RPG,143,1549,1435086,1110522172,388122562,1498644734
2015-01-21,LG1,UG,269,2318,2072003,3390436874,146202517,3536639391
2015-01-21,LG1,Alumni,8,69,55201,281770093,13620915,295391008
2015-01-21,LG1,Others(HKUST),13,225,546035,46869991,40005453,86875444
2015-01-21,LG1,Non-HKUST,4,30,59052,0,0,0
2015-01-21,LG1,Total,690,6294,5926749,6872553053,788655776,7661208829
2015-01-21,LG3,Staff,75,379,228087,301831449,36274375,338105824
2015-01-21,LG3,TPG,66,436,459408,6183465796,3041489447,9224955243
2015-01-21,LG3,RPG,108,866,836506,7552967924,408326819,7961294743
2015-01-21,LG3,UG,145,818,552737,1806777357,125007444,1931784801
2015-01-21,LG3,Alumni,9,25,1374,108167,56038,164205
2015-01-21,LG3,Others(HKUST),6,31,13099,0,0,0
2015-01-21,LG3,Non-HKUST,5,34,26633,13436698,1384210,14820908
2015-01-21,LG3,Total,414,2589,2117844,15858587391,3612538333,19471125724
2015-01-21,LG4,Staff,128,415,107548,67803838,32087600,99891438
2015-01-21,LG4,TPG,78,845,862132,108464243647,54513065646,162977309293
2015-01-21,LG4,RPG,142,910,868145,3476534410,402740380,3879274790
2015-01-21,LG4,UG,195,726,486712,2322181153,783817425,3105998578
2015-01-21,LG4,Alumni,7,67,78857,4811330,260502,5071832
2015-01-21,LG4,Others(HKUST),15,193,217080,639104935,25723537,664828472
2015-01-21,LG4,Non-HKUST,9,53,47853,702656,70671,773327
2015-01-21,LG4,Total,574,3209,2668327,114975381969,55757765761,170733147730
2015-01-21,All-Floors,Staff,292,2977,2171908,4363737061,592688314,4956425375
2015-01-21,All-Floors,TPG,204,3637,3325244,116725072764,57742711043,174467783807
2015-01-21,All-Floors,RPG,316,4003,3703781,17303474446,1526126493,18829600939
2015-01-21,All-Floors,UG,547,5166,4080343,10985199084,1243945908,12229144992
2015-01-21,All-Floors,Alumni,15,199,176247,307364898,15125177,322490075
2015-01-21,All-Floors,Others(HKUST),23,656,1071245,761202267,95840894,857043161
2015-01-21,All-Floors,Non-HKUST,17,207,224782,15740517,2298322,18038839
2015-01-21,All-Floors,Total,1414,16845,14753550,150461791037,61218736151,211680527188
2015-01-22,1,Staff,58,728,663380,2645351519,226830068,2872181587
2015-01-22,1,TPG,4,10,1045,0,0,0
2015-01-22,1,RPG,18,47,65697,609602078,55798708,665400786
2015-01-22,1,UG,25,159,154159,1206730056,17046232,1223776288
2015-01-22,1,Alumni,1,3,1938,61240,40870,102110
2015-01-22,1,Others(HKUST),6,105,105868,41886953,10328886,52215839
2015-01-22,1,Non-HKUST,1,3,5171,906041,165455,1071496
2015-01-22,1,Total,113,1055,997258,4504537887,310210219,4814748106
2015-01-22,G,Staff,114,690,577624,1203055218,69191531,1272246749
2015-01-22,G,TPG,95,831,615354,52297625,8054874,60352499
2015-01-22,G,RPG,118,533,507222,216510612,165323054,381833666
2015-01-22,G,UG,168,910,742933,1956140869,122969641,2079110510
2015-01-22,G,Alumni,4,7,5779,0,0,0
2015-01-22,G,Others(HKUST),9,53,144507,158806367,37745386,196551753
2015-01-22,G,Non-HKUST,10,23,10409,0,0,0
2015-01-22,G,Total,518,3047,2603828,3586810691,403284486,3990095177
2015-01-22,LG1,Staff,92,588,430802,386466891,98402892,484869783
2015-01-22,LG1,TPG,135,1522,1370603,1721623193,139570286,1861193479
2015-01-22,LG1,RPG,138,1449,1276357,1707068859,203043214,1910112073
2015-01-22,LG1,UG,299,2437,2127334,908399512,107103621,1015503133
2015-01-22,LG1,Alumni,9,89,91052,0,0,0
2015-01-22,LG1,Others(HKUST),9,133,452645,32741195,25676712,58417907
2015-01-22,LG1,Non-HKUST,5,93,50363,0,0,0
2015-01-22,LG1,Total,687,6311,5799156,4756299650,573796725,5330096375
2015-01-22,LG3,Staff,79,329,212028,22244315,8014957,30259272
2015-01-22,LG3,TPG,62,407,416713,845649035,49283892,894932927
2015-01-22,LG3,RPG,100,702,703545,2358389304,779941105,3138330409
2015-01-22,LG3,UG,127,1257,731830,451679443,32790536,484469979
2015-01-22,LG3,Alumni,9,47,52871,0,0,0
2015-01-22,LG3,Others(HKUST),6,30,17501,41972462,7099709,49072171
2015-01-22,LG3,Non-HKUST,3,67,68577,0,0,0
2015-01-22,LG3,Total,386,2839,2203065,3719934559,877130199,4597064758
2015-01-22,LG4,Staff,112,325,164900,223979083,16180931,240160014
2015-01-22,LG4,TPG,68,585,716637,1639776193,48510658,1688286851
2015-01-22,LG4,RPG,160,914,900915,1256468771,276222081,1532690852
2015-01-22,LG4,UG,233,825,557505,3856946204,455897980,4312844184
2015-01-22,LG4,Alumni,8,125,143124,64890025,4548998,69439023
2015-01-22,LG4,Others(HKUST),8,232,232217,2819300289,103203776,2922504065
2015-01-22,LG4,Non-HKUST,5,20,14612,0,0,0
2015-01-22,LG4,Total,594,3026,2729910,9861360565,904564424,10765924989
2015-01-22,All-Floors,Staff,288,2660,2048734,4481097026,418620379,4899717405
2015-01-22,All-Floors,TPG,202,3355,3120352,4259346046,245419710,4504765756
2015-01-22,All-Floors,RPG,323,3645,3453736,6148039624,1480328162,7628367786
2015-01-22,All-Floors,UG,560,5588,4313761,8379896084,735808010,9115704094
2015-01-22,All-Floors,Alumni,18,271,294764,64951265,4589868,69541133
2015-01-22,All-Floors,Others(HKUST),19,553,952738,3094707266,184054469,3278761735
2015-01-22,All-Floors,Non-HKUST,13,206,149132,906041,165455,1071496
2015-01-22,All-Floors,Total,1423,16278,14333217,26428943352,3068986053,29497929405
2015-01-23,1,Staff,50,667,735598,5015445322,343215000,5358660322
2015-01-23,1,TPG,6,12,10042,0,0,0
2015-01-23,1,RPG,17,49,97118,1265189672,27062396,1292252068
2015-01-23,1,UG,22,171,139412,226876919,44542680,271419599
2015-01-23,1,Alumni,3,14,20037,567433,319622,887055
2015-01-23,1,Others(HKUST),4,83,84307,1035925,623862,1659787
2015-01-23,1,Non-HKUST,3,11,9223,214022,138279,352301
2015-01-23,1,Total,105,1007,1095737,6509329293,415901839,6925231132
2015-01-23,G,Staff,103,661,520805,671093963,49907400,721001363
2015-01-23,G,TPG,91,633,639907,945474133,44259858,989733991
2015-01-23,G,RPG,96,537,550785,2147453616,114543341,2261996957
2015-01-23,G,UG,173,976,633925,14565173977,552344118,15117518095
2015-01-23,G,Alumni,8,40,33061,1300399,720157,2020556
2015-01-23,G,Others(HKUST),8,102,168368,327502,323719,651221
2015-01-23,G,Non-HKUST,5,20,21113,0,0,0
2015-01-23,G,Total,484,2969,2567964,18330823590,762098593,19092922183
2015-01-23,LG1,Staff,92,536,382139,346930431,228516194,575446625
2015-01-23,LG1,TPG,133,1464,1680209,3797548796,395326248,4192875044
2015-01-23,LG1,RPG,123,1096,1334245,2174214061,214754136,2388968197
2015-01-23,LG1,UG,269,2311,2187707,3127454558,845502439,3972956997
2015-01-23,LG1,Alumni,9,82,92056,167928950,33796204,201725154
2015-01-23,LG1,Others(HKUST),16,186,631748,297505113,86097248,383602361
2015-01-23,LG1,Non-HKUST,5,6,13599,205072,99129,304201
2015-01-23,LG1,Total,647,5681,6321703,9911786981,1804091598,11715878579
2015-01-23,LG3,Staff,70,283,269536,306903661,19899279,326802940
2015-01-23,LG3,TPG,55,453,585772,444861539,101848633,546710172
2015-01-23,LG3,RPG,91,597,656181,2294295456,87281595,2381577051
2015-01-23,LG3,UG,101,483,272502,3886394751,264543313,4150938064
2015-01-23,LG3,Alumni,9,47,38756,29861,29392,59253
2015-01-23,LG3,Others(HKUST),6,14,12330,11822,6793,18615
2015-01-23,LG3,Non-HKUST,4,7,1584,820288,396516,1216804
2015-01-23,LG3,Total,336,1884,1836661,6933317378,474005521,7407322899
2015-01-23,LG4,Staff,92,284,172735,179728295,10493632,190221927
2015-01-23,LG4,TPG,54,585,677781,757923345,435316654,1193239999
2015-01-23,LG4,RPG,123,608,556299,1152930344,238677089,1391607433
2015-01-23,LG4,UG,180,580,401669,1012033358,453754689,1465788047
2015-01-23,LG4,Alumni,4,75,69417,0,0,0
2015-01-23,LG4,Others(HKUST),10,192,269733,23283317594,8946510329,32229827923
2015-01-23,LG4,Non-HKUST,4,44,63318,2871008,1387806,4258814
2015-01-23,LG4,Total,467,2368,2210952,26388803944,10086140199,36474944143
2015-01-23,All-Floors,Staff,245,2431,2080813,6520101672,652031505,7172133177
2015-01-23,All-Floors,TPG,191,3147,3593711,5945807813,976751393,6922559206
2015-01-23,All-Floors,RPG,290,2887,3194628,9034083149,682318557,9716401706
2015-01-23,All-Floors,UG,506,4521,3635215,22817933563,2160687239,24978620802
2015-01-23,All-Floors,Alumni,21,258,253327,169826643,34865375,204692018
2015-01-23,All-Floors,Others(HKUST),24,577,1166486,23582197956,9033561951,32615759907
2015-01-23,All-Floors,Non-HKUST,15,88,108837,4110390,2021730,6132120
2015-01-23,All-Floors,Total,1292,13909,14033017,68074061186,13542237750,81616298936
2015-01-24,1,Staff,12,119,133595,1034871658,27682896,1062554554
2015-01-24,1,TPG,4,5,370,0,0,0
2015-01-24,1,RPG,13,23,52095,1881213218,131105167,2012318385
2015-01-24,1,UG,8,11,476,20566,37737,58303
2015-01-24,1,Alumni,1,3,0,0,0,0
2015-01-24,1,Others(HKUST),4,109,30204,1211005,722940,1933945
2015-01-24,1,Non-HKUST,3,3,0,0,0,0
2015-01-24,1,Total,45,273,216740,2917316447,159548740,3076865187
2015-01-24,G,Staff,34,178,289608,79664,27872,107536
2015-01-24,G,TPG,54,291,417622,64941477,11477150,76418627
2015-01-24,G,RPG,83,330,477321,104319023,7992764,112311787
2015-01-24,G,UG,88,363,274188,1507066896,305923274,1812990170
2015-01-24,G,Alumni,17,88,58367,8242325,749863,8992188
2015-01-24,G,Others(HKUST),11,95,175507,81888113,3070836,84958949
2015-01-24,G,Non-HKUST,10,90,75754,0,0,0
2015-01-24,G,Total,297,1435,1768367,1766537498,329241759,2095779257
2015-01-24,LG1,Staff,29,90,64856,58677,97127,155804
2015-01-24,LG1,TPG,96,931,1357841,682651127,39307627,721958754
2015-01-24,LG1,RPG,81,493,569197,10357673,790424,11148097
2015-01-24,LG1,UG,138,1106,1372839,4261915686,217572341,4479488027
2015-01-24,LG1,Alumni,21,207,203061,790989,59426,850415
2015-01-24,LG1,Others(HKUST),12,218,578741,52713418,44001355,96714773
2015-01-24,LG1,Non-HKUST,11,50,65009,0,0,0
2015-01-24,LG1,Total,388,3095,4211544,5008487570,301828300,5310315870
2015-01-24,LG3,Staff,23,73,80928,1159269,162449,1321718
2015-01-24,LG3,TPG,46,222,321690,1811207963,353315925,2164523888
2015-01-24,LG3,RPG,55,457,635958,3332394828,1329682091,4662076919
2015-01-24,LG3,UG,82,290,211474,26527509,2426989,28954498
2015-01-24,LG3,Alumni,15,85,141133,0,0,0
2015-01-24,LG3,Others(HKUST),7,15,856,603,222,825
2015-01-24,LG3,Non-HKUST,13,78,122453,0,0,0
2015-01-24,LG3,Total,241,1220,1514492,5171290172,1685587676,6856877848
2015-01-24,LG4,Staff,26,69,82850,92819,55559,148378
2015-01-24,LG4,TPG,48,431,588424,830504033,316992361,1147496394
2015-01-24,LG4,RPG,87,413,333614,45328361,4836463,50164824
2015-01-24,LG4,UG,130,574,440359,1176434,405079,1581513
2015-01-24,LG4,Alumni,22,257,343394,407889833,38550060,446439893
2015-01-24,LG4,Others(HKUST),6,243,538385,23507472259,8948606879,32456079138
2015-01-24,LG4,Non-HKUST,10,32,71787,0,0,0
2015-01-24,LG4,Total,329,2019,2398813,24792463739,9309446401,34101910140
2015-01-24,All-Floors,Staff,71,529,651837,1036262087,28025903,1064287990
2015-01-24,All-Floors,TPG,146,1880,2685947,3389304600,721093063,4110397663
2015-01-24,All-Floors,RPG,198,1716,2068185,5373613103,1474406909,6848020012
2015-01-24,All-Floors,UG,280,2344,2299336,5796707091,526365420,6323072511
2015-01-24,All-Floors,Alumni,45,640,745955,416923147,39359349,456282496
2015-01-24,All-Floors,Others(HKUST),18,680,1323693,23643285398,8996402232,32639687630
2015-01-24,All-Floors,Non-HKUST,32,253,335003,0,0,0
2015-01-24,All-Floors,Total,790,8042,10109956,39656095426,11785652876,51441748302
2015-01-25,1,Staff,6,130,47584,1030983,600175,1631158
2015-01-25,1,TPG,1,1,0,0,0,0
2015-01-25,1,RPG,5,27,53275,290874655,25692814,316567469
2015-01-25,1,UG,6,11,8392,718,1358,2076
2015-01-25,1,Alumni,1,2,360,16925,11261,28186
2015-01-25,1,Others(HKUST),3,115,18080,1295237,652314,1947551
2015-01-25,1,Non-HKUST,0,0,0,0,0,0
2015-01-25,1,Total,22,286,127691,293218518,26957922,320176440
2015-01-25,G,Staff,21,86,65365,142345035,14701120,157046155
2015-01-25,G,TPG,43,187,196351,44068,31327,75395
2015-01-25,G,RPG,56,250,210958,20955182,30114737,51069919
2015-01-25,G,UG,53,198,129827,139327,51430,190757
2015-01-25,G,Alumni,21,70,75684,21506,13169,34675
2015-01-25,G,Others(HKUST),2,24,121873,326410,323719,650129
2015-01-25,G,Non-HKUST,4,17,13224,0,0,0
2015-01-25,G,Total,200,832,813282,163831528,45235502,209067030
2015-01-25,LG1,Staff,21,56,29493,346474,208087,554561
2015-01-25,LG1,TPG,63,507,598338,501810553,13246292,515056845
2015-01-25,LG1,RPG,56,316,448329,1113911734,280738913,1394650647
2015-01-25,LG1,UG,111,620,712580,477261096,40062971,517324067
2015-01-25,LG1,Alumni,15,82,70140,27608,21015,48623
2015-01-25,LG1,Others(HKUST),3,103,466100,50101359,41139597,91240956
2015-01-25,LG1,Non-HKUST,9,62,53023,0,0,0
2015-01-25,LG1,Total,278,1746,2378003,2143458824,375416875,2518875699
2015-01-25,LG3,Staff,19,67,80297,641652,459875,1101527
2015-01-25,LG3,TPG,31,125,106354,363363,325760,689123
2015-01-25,LG3,RPG,44,116,98591,521588498,71791830,593380328
2015-01-25,LG3,UG,56,277,273271,24142858,1215593630,1239736488
2015-01-25,LG3,Alumni,10,78,106509,146679,646428,793107
2015-01-25,LG3,Others(HKUST),3,3,0,0,0,0
2015-01-25,LG3,Non-HKUST,1,10,22783,0,0,0
2015-01-25,LG3,Total,164,676,687805,546883050,1288817523,1835700573
2015-01-25,LG4,Staff,28,49,57721,1238183,960882,2199065
2015-01-25,LG4,TPG,38,283,235796,209375,159881,369256
2015-01-25,LG4,RPG,89,221,160231,2731645670,106307365,2837953035
2015-01-25,LG4,UG,133,347,152665,245812,182394,428206
2015-01-25,LG4,Alumni,15,132,127109,43654790,3425308,47080098
2015-01-25,LG4,Others(HKUST),2,48,157712,23147684642,8927138570,32074823212
2015-01-25,LG4,Non-HKUST,8,24,21487,0,0,0
2015-01-25,LG4,Total,313,1104,912721,25924678472,9038174400,34962852872
2015-01-25,All-Floors,Staff,59,388,280460,145602327,16930139,162532466
2015-01-25,All-Floors,TPG,110,1103,1136839,502427359,13763260,516190619
2015-01-25,All-Floors,RPG,173,930,971384,4678975739,514645659,5193621398
2015-01-25,All-Floors,UG,271,1453,1276735,501789811,1255891783,1757681594
2015-01-25,All-Floors,Alumni,35,364,379802,43867508,4117181,47984689
2015-01-25,All-Floors,Others(HKUST),8,293,763765,23199407648,8969254200,32168661848
2015-01-25,All-Floors,Non-HKUST,17,113,110517,0,0,0
2015-01-25,All-Floors,Total,673,4644,4919502,29072070392,10774602222,39846672614
2015-01-26,1,Staff,64,821,764158,2106974169,89567100,2196541269
2015-01-26,1,TPG,6,7,297,0,0,0
2015-01-26,1,RPG,22,53,46107,1004510866,72241521,1076752387
2015-01-26,1,UG,24,181,116223,98084740,11868042,109952782
2015-01-26,1,Alumni,5,33,44487,3556149,1263159,4819308
2015-01-26,1,Others(HKUST),5,133,18128,247067,138003,385070
2015-01-26,1,Non-HKUST,3,10,6393,896145,692745,1588890
2015-01-26,1,Total,129,1238,995793,3214269136,175770570,3390039706
2015-01-26,G,Staff,131,942,670437,2944004697,94311184,3038315881
2015-01-26,G,TPG,112,864,625081,1050392640,363199146,1413591786
2015-01-26,G,RPG,124,747,619640,108017480,15766365,123783845
2015-01-26,G,UG,250,1344,837864,1409957318,586302767,1996260085
2015-01-26,G,Alumni,7,61,55478,0,0,0
2015-01-26,G,Others(HKUST),10,100,189013,979467,971193,1950660
2015-01-26,G,Non-HKUST,8,48,27699,0,0,0
2015-01-26,G,Total,642,4106,3025212,5513351602,1060550655,6573902257
2015-01-26,LG1,Staff,92,538,515921,706484423,30694640,737179063
2015-01-26,LG1,TPG,150,1906,1826809,721096667,23156426,744253093
2015-01-26,LG1,RPG,165,1520,1532208,899088247,103755386,1002843633
2015-01-26,LG1,UG,342,3020,2426418,2166174587,262103436,2428278023
2015-01-26,LG1,Alumni,13,97,73479,3576292,666920,4243212
2015-01-26,LG1,Others(HKUST),12,250,559271,110759974,71335661,182095635
2015-01-26,LG1,Non-HKUST,10,55,21140,26013,10568,36581
2015-01-26,LG1,Total,784,7386,6955246,4607206203,491723037,5098929240
2015-01-26,LG3,Staff,81,306,205992,292683457,19649443,312332900
2015-01-26,LG3,TPG,69,466,554499,3338051932,102232454,3440284386
2015-01-26,LG3,RPG,112,744,699961,9619968702,366510828,9986479530
2015-01-26,LG3,UG,128,583,425389,6882670903,381072764,7263743667
2015-01-26,LG3,Alumni,4,23,15777,1363056,419445,1782501
2015-01-26,LG3,Others(HKUST),7,77,68456,424403120,59852340,484255460
2015-01-26,LG3,Non-HKUST,8,55,78747,0,0,0
2015-01-26,LG3,Total,409,2254,2048821,20559141170,929737274,21488878444
2015-01-26,LG4,Staff,110,368,138119,957840933,47533825,1005374758
2015-01-26,LG4,TPG,93,777,741008,52105794324,2058889143,54164683467
2015-01-26,LG4,RPG,159,844,844000,3207088848,413106357,3620195205
2015-01-26,LG4,UG,279,983,680437,1029760127,146531104,1176291231
2015-01-26,LG4,Alumni,9,162,170713,972722803,41852608,1014575411
2015-01-26,LG4,Others(HKUST),10,118,154990,27617863233,11732822160,39350685393
2015-01-26,LG4,Non-HKUST,8,77,55003,0,0,0
2015-01-26,LG4,Total,668,3329,2784270,85891070268,14440735197,100331805465
2015-01-26,All-Floors,Staff,291,2975,2294627,7007987679,281756192,7289743871
2015-01-26,All-Floors,TPG,216,4020,3747694,57215335563,2547477169,59762812732
2015-01-26,All-Floors,RPG,351,3908,3741916,14838674143,971380457,15810054600
2015-01-26,All-Floors,UG,682,6111,4486331,11586647675,1387878113,12974525788
2015-01-26,All-Floors,Alumni,21,376,359934,981218300,44202132,1025420432
2015-01-26,All-Floors,Others(HKUST),23,678,989858,28154252861,11865119357,40019372218
2015-01-26,All-Floors,Non-HKUST,22,245,188982,922158,703313,1625471
2015-01-26,All-Floors,Total,1606,18313,15809342,119785038379,17098516733,136883555112
2015-01-27,1,Staff,66,770,869188,9217393288,466405817,9683799105
2015-01-27,1,TPG,7,10,787,0,0,0
2015-01-27,1,RPG,15,48,46832,684882508,75023583,759906091
2015-01-27,1,UG,31,161,111836,80536706,8710699,89247405
2015-01-27,1,Alumni,4,55,22719,1453078,1088918,2541996
2015-01-27,1,Others(HKUST),5,137,25230,160550,84383,244933
2015-01-27,1,Non-HKUST,2,26,5230,0,0,0
2015-01-27,1,Total,130,1207,1081822,9984426130,551313400,10535739530
2015-01-27,G,Staff,129,1083,720092,1063448412,118341109,1181789521
2015-01-27,G,TPG,114,838,753384,1777685006,232634985,2010319991
2015-01-27,G,RPG,137,685,692833,500862750,47675817,548538567
2015-01-27,G,UG,210,1006,732784,2381868555,245352705,2627221260
2015-01-27,G,Alumni,10,23,7667,39765074,1776341,41541415
2015-01-27,G,Others(HKUST),10,96,140256,1632050,1618595,3250645
2015-01-27,G,Non-HKUST,10,86,26625,0,0,0
2015-01-27,G,Total,620,3817,3073641,5765261847,647399552,6412661399
2015-01-27,LG1,Staff,89,553,379565,215894665,10939877,226834542
2015-01-27,LG1,TPG,158,1956,2018211,1375190976,187161092,1562352068
2015-01-27,LG1,RPG,143,1347,1259791,799056659,75865086,874921745
2015-01-27,LG1,UG,347,3504,3033733,3897663550,546919986,4444583536
2015-01-27,LG1,Alumni,14,125,165557,154794977,10143948,164938925
2015-01-27,LG1,Others(HKUST),13,289,554806,63738722,47505523,111244245
2015-01-27,LG1,Non-HKUST,16,76,39320,0,0,0
2015-01-27,LG1,Total,780,7850,7450983,6506339549,878535512,7384875061
2015-01-27,LG3,Staff,70,324,185716,160922306,7979654,168901960
2015-01-27,LG3,TPG,80,715,782471,2226642090,268705335,2495347425
2015-01-27,LG3,RPG,108,975,1151122,599329190,193314760,792643950
2015-01-27,LG3,UG,145,609,526769,263747345,31080356,294827701
2015-01-27,LG3,Alumni,6,23,4200,0,0,0
2015-01-27,LG3,Others(HKUST),5,11,5218,18037,30219,48256
2015-01-27,LG3,Non-HKUST,11,73,90795,0,0,0
2015-01-27,LG3,Total,425,2730,2746291,3250658968,501110324,3751769292
2015-01-27,LG4,Staff,98,310,147980,696240386,29949932,726190318
2015-01-27,LG4,TPG,77,974,1168156,657705645,186622197,844327842
2015-01-27,LG4,RPG,129,920,798769,1153422474,252598693,1406021167
2015-01-27,LG4,UG,239,1022,802369,5255912070,1266873323,6522785393
2015-01-27,LG4,Alumni,10,155,192557,79506480,3542174,83048654
2015-01-27,LG4,Others(HKUST),14,151,198582,4489183351,2817530603,7306713954
2015-01-27,LG4,Non-HKUST,11,39,54891,0,0,0
2015-01-27,LG4,Total,578,3571,3363304,12331970406,4557116922,16889087328
2015-01-27,All-Floors,Staff,272,3040,2302541,11353899057,633616389,11987515446
2015-01-27,All-Floors,TPG,239,4493,4723009,6037223717,875123609,6912347326
2015-01-27,All-Floors,RPG,328,3975,3949347,3737553581,644477939,4382031520
2015-01-27,All-Floors,UG,648,6302,5207491,11879728226,2098937069,13978665295
2015-01-27,All-Floors,Alumni,22,381,392700,275519609,16551381,292070990
2015-01-27,All-Floors,Others(HKUST),24,684,924092,4554732710,2866769323,7421502033
2015-01-27,All-Floors,Non-HKUST,26,300,216861,0,0,0
2015-01-27,All-Floors,Total,1559,19175,17716041,37838656900,7135475710,44974132610
2015-01-28,1,Staff,58,851,816765,6737033064,317561535,7054594599
2015-01-28,1,TPG,6,9,9321,0,0,0
2015-01-28,1,RPG,12,29,35177,293391024,44402747,337793771
2015-01-28,1,UG,28,151,144754,234701530,16055867,250757397
2015-01-28,1,Alumni,3,20,17407,5157730,1608109,6765839
2015-01-28,1,Others(HKUST),7,164,21023,1163088,509697,1672785
2015-01-28,1,Non-HKUST,4,49,13736,0,0,0
2015-01-28,1,Total,118,1273,1058183,7271446436,380137955,7651584391
2015-01-28,G,Staff,129,897,682760,4646655637,350918857,4997574494
2015-01-28,G,TPG,104,770,679639,1238912811,93758511,1332671322
2015-01-28,G,RPG,124,657,619091,306705537,125717774,432423311
2015-01-28,G,UG,216,1163,796669,763214906,58906322,822121228
2015-01-28,G,Alumni,12,56,73873,1714744339,164891077,1879635416
2015-01-28,G,Others(HKUST),12,135,195050,423737,380968,804705
2015-01-28,G,Non-HKUST,15,73,63344,236427,38526,274953
2015-01-28,G,Total,612,3751,3110426,8670893394,794612035,9465505429
2015-01-28,LG1,Staff,103,643,469522,555471479,46137448,601608927
2015-01-28,LG1,TPG,161,1954,2012232,14694357811,3922548492,18616906303
2015-01-28,LG1,RPG,153,1353,1373098,6722958107,328506592,7051464699
2015-01-28,LG1,UG,338,3177,3089379,7383512667,628518381,8012031048
2015-01-28,LG1,Alumni,15,144,124826,1576065180,62885705,1638950885
2015-01-28,LG1,Others(HKUST),13,325,536116,59904516,44062874,103967390
2015-01-28,LG1,Non-HKUST,21,100,57561,9340231074,203026896,9543257970
2015-01-28,LG1,Total,804,7696,7662734,40332500834,5235686388,45568187222
2015-01-28,LG3,Staff,73,398,215180,266957342,41141126,308098468
2015-01-28,LG3,TPG,81,594,694320,6805671775,182534578,6988206353
2015-01-28,LG3,RPG,104,923,1087666,8346327951,729560939,9075888890
2015-01-28,LG3,UG,153,910,613274,3101257738,198629800,3299887538
2015-01-28,LG3,Alumni,8,25,27317,485617857,25481107,511098964
2015-01-28,LG3,Others(HKUST),11,26,5865,0,0,0
2015-01-28,LG3,Non-HKUST,10,112,97006,104464,50570,155034
2015-01-28,LG3,Total,440,2988,2740628,19005937127,1177398120,20183335247
2015-01-28,LG4,Staff,115,327,164845,430817481,30126033,460943514
2015-01-28,LG4,TPG,88,885,1080572,69940404444,5246352048,75186756492
2015-01-28,LG4,RPG,130,658,522257,39170454,17248534,56418988
2015-01-28,LG4,UG,295,1236,1001248,4208673192,298914496,4507587688
2015-01-28,LG4,Alumni,6,205,176445,5504459,1806994,7311453
2015-01-28,LG4,Others(HKUST),15,307,331758,77859818,79556406,157416224
2015-01-28,LG4,Non-HKUST,17,67,27052,15069,12031,27100
2015-01-28,LG4,Total,666,3685,3304177,74702444917,5674016542,80376461459
2015-01-28,All-Floors,Staff,294,3116,2349072,12636935003,785884999,13422820002
2015-01-28,All-Floors,TPG,235,4212,4476084,92679346841,9445193629,102124540470
2015-01-28,All-Floors,RPG,321,3620,3637289,15708553073,1245436586,16953989659
2015-01-28,All-Floors,UG,684,6637,5645324,15691360033,1201024866,16892384899
2015-01-28,All-Floors,Alumni,24,450,419868,3787089565,256672992,4043762557
2015-01-28,All-Floors,Others(HKUST),28,957,1089812,139351159,124509945,263861104
2015-01-28,All-Floors,Non-HKUST,32,401,258699,9340587034,203128023,9543715057
2015-01-28,All-Floors,Total,1618,19393,17876148,149983222708,13261851040,163245073748
2015-01-29,1,Staff,68,802,922380,5410544771,222123926,5632668697
2015-01-29,1,TPG,5,8,5660,0,0,0
2015-01-29,1,RPG,15,38,74566,277399192,27544324,304943516
2015-01-29,1,UG,37,211,186230,936314959,1238828706,2175143665
2015-01-29,1,Alumni,3,23,16371,109129607,9117342,118246949
2015-01-29,1,Others(HKUST),5,137,28299,11326350,1294030,12620380
2015-01-29,1,Non-HKUST,4,41,22469,59482209,1062420059,1121902268
2015-01-29,1,Total,137,1260,1255975,6804197088,2561328387,9365525475
2015-01-29,G,Staff,130,794,711543,1433668723,74017325,1507686048
2015-01-29,G,TPG,100,649,569381,328297198,32520011,360817209
2015-01-29,G,RPG,106,596,545576,321499449,146687725,468187174
2015-01-29,G,UG,243,1121,818990,327203659,60411534,387615193
2015-01-29,G,Alumni,9,24,16720,1180609,472518,1653127
2015-01-29,G,Others(HKUST),13,62,172924,803316454,25948199,829264653
2015-01-29,G,Non-HKUST,18,51,41111,9024251,1181780,10206031
2015-01-29,G,Total,619,3297,2876245,3224190343,341239092,3565429435
2015-01-29,LG1,Staff,90,713,443151,6110107521,137728358,6247835879
2015-01-29,LG1,TPG,142,1480,1578883,1593912197,485183251,2079095448
2015-01-29,LG1,RPG,131,1117,1159011,6154282798,1094842532,7249125330
2015-01-29,LG1,UG,345,3243,2942132,9726265786,1934342285,11660608071
2015-01-29,LG1,Alumni,12,75,107166,22055901,2106294,24162195
2015-01-29,LG1,Others(HKUST),14,246,524610,42316475,31718665,74035140
2015-01-29,LG1,Non-HKUST,18,129,101864,57935829,14870135,72805964
2015-01-29,LG1,Total,752,7003,6856817,23706876507,3700791520,27407668027
2015-01-29,LG3,Staff,67,394,217602,495779613,15442156,511221769
2015-01-29,LG3,TPG,68,530,628725,9619134614,3564920952,13184055566
2015-01-29,LG3,RPG,86,811,827058,1328481278,168497469,1496978747
2015-01-29,LG3,UG,150,632,527383,212946128,32104131,245050259
2015-01-29,LG3,Alumni,8,62,46356,1654136,1310000,2964136
2015-01-29,LG3,Others(HKUST),3,14,18617,0,0,0
2015-01-29,LG3,Non-HKUST,11,58,53700,0,0,0
2015-01-29,LG3,Total,393,2501,2319441,11657995769,3782274708,15440270477
2015-01-29,LG4,Staff,92,291,137022,543477992,87898903,631376895
2015-01-29,LG4,TPG,84,922,946600,5950767131,1018769243,6969536374
2015-01-29,LG4,RPG,142,710,680331,6267171672,250005082,6517176754
2015-01-29,LG4,UG,306,892,521701,342947510,76399288,419346798
2015-01-29,LG4,Alumni,5,155,101178,0,0,0
2015-01-29,LG4,Others(HKUST),10,189,227770,206094311,58027721,264122032
2015-01-29,LG4,Non-HKUST,9,57,33149,0,0,0
2015-01-29,LG4,Total,648,3216,2647751,13310458616,1491100237,14801558853
2015-01-29,All-Floors,Staff,272,2994,2431698,13993578620,537210668,14530789288
2015-01-29,All-Floors,TPG,209,3589,3729249,17492111140,5101393457,22593504597
2015-01-29,All-Floors,RPG,320,3272,3286542,14348834389,1687577132,16036411521
2015-01-29,All-Floors,UG,733,6099,4996436,11545678042,3342085944,14887763986
2015-01-29,All-Floors,Alumni,18,339,287791,134020253,13006154,147026407
2015-01-29,All-Floors,Others(HKUST),29,648,972220,1063053590,116988615,1180042205
2015-01-29,All-Floors,Non-HKUST,33,336,252293,126442289,1078471974,1204914263
2015-01-29,All-Floors,Total,1614,17277,15956229,58703718323,11876733944,70580452267
2015-01-30,1,Staff,50,666,692551,769780805,175815480,945596285
2015-01-30,1,TPG,8,26,37754,0,0,0
2015-01-30,1,RPG,15,50,68610,7346436,2459921,9806357
2015-01-30,1,UG,30,208,186310,582789138,62087403,644876541
2015-01-30,1,Alumni,2,17,17804,15895627,1128120,17023747
2015-01-30,1,Others(HKUST),4,126,28937,422037,234279,656316
2015-01-30,1,Non-HKUST,3,19,11718,0,0,0
2015-01-30,1,Total,112,1112,1043684,1376234043,241725203,1617959246
2015-01-30,G,Staff,111,649,525450,628289330,1358970069,1987259399
2015-01-30,G,TPG,119,577,469560,58575307,4159195,62734502
2015-01-30,G,RPG,114,663,612032,195319188,40822350,236141538
2015-01-30,G,UG,220,1324,906898,3611357604,135351872,3746709476
2015-01-30,G,Alumni,13,53,51846,46057,24520,70577
2015-01-30,G,Others(HKUST),12,90,201191,622858,513333,1136191
2015-01-30,G,Non-HKUST,20,159,133636,0,0,0
2015-01-30,G,Total,609,3515,2900613,4494210344,1539841339,6034051683
2015-01-30,LG1,Staff,98,554,474330,269191701,122605904,391797605
2015-01-30,LG1,TPG,175,2192,2061883,3486962394,169636362,3656598756
2015-01-30,LG1,RPG,148,1268,1320636,788870518,167022363,955892881
2015-01-30,LG1,UG,275,2493,2373352,11556663152,474985051,12031648203
2015-01-30,LG1,Alumni,14,127,191462,66764421,3645552,70409973
2015-01-30,LG1,Others(HKUST),16,300,652094,762866521,130693003,893559524
2015-01-30,LG1,Non-HKUST,19,146,89219,0,0,0
2015-01-30,LG1,Total,745,7080,7162976,16931318707,1068588235,17999906942
2015-01-30,LG3,Staff,69,277,228252,1090131966,27791276,1117923242
2015-01-30,LG3,TPG,90,571,741413,43782461,2672573,46455034
2015-01-30,LG3,RPG,92,579,666165,9490506,1548700,11039206
2015-01-30,LG3,UG,129,496,392805,1823090256,1087319117,2910409373
2015-01-30,LG3,Alumni,10,89,72006,1432800,1016448,2449248
2015-01-30,LG3,Others(HKUST),7,74,53476,280545145,33453380,313998525
2015-01-30,LG3,Non-HKUST,7,23,35332,0,0,0
2015-01-30,LG3,Total,404,2109,2189449,3248473134,1153801494,4402274628
2015-01-30,LG4,Staff,84,239,133200,40234703,3072374,43307077
2015-01-30,LG4,TPG,90,1114,1180853,6062707905,284673339,6347381244
2015-01-30,LG4,RPG,114,616,605745,1075312525,455132657,1530445182
2015-01-30,LG4,UG,199,639,500757,14840550709,4923346963,19763897672
2015-01-30,LG4,Alumni,10,172,137877,0,0,0
2015-01-30,LG4,Others(HKUST),8,209,237053,16837733,2164992,19002725
2015-01-30,LG4,Non-HKUST,9,39,25397,1434090,142623,1576713
2015-01-30,LG4,Total,514,3028,2820882,22037077665,5668532948,27705610613
2015-01-30,All-Floors,Staff,248,2385,2053783,2797628505,1688255103,4485883608
2015-01-30,All-Floors,TPG,262,4480,4491463,9652028067,461141469,10113169536
2015-01-30,All-Floors,RPG,312,3176,3273188,2076339173,666985991,2743325164
2015-01-30,All-Floors,UG,569,5160,4360122,32414450859,6683090406,39097541265
2015-01-30,All-Floors,Alumni,27,458,470995,84138905,5814640,89953545
2015-01-30,All-Floors,Others(HKUST),24,799,1172751,1061294294,167058987,1228353281
2015-01-30,All-Floors,Non-HKUST,35,386,295302,1434090,142623,1576713
2015-01-30,All-Floors,Total,1477,16844,16117604,48087313893,9672489219,57759803112
2015-01-31,1,Staff,15,114,40433,850616104,22335628,872951732
2015-01-31,1,TPG,4,10,677,218610,186465,405075
2015-01-31,1,RPG,11,17,21561,3760322,537115,4297437
2015-01-31,1,UG,13,55,52204,34112370,2501635,36614005
2015-01-31,1,Alumni,4,20,26317,59573689,6704442,66278131
2015-01-31,1,Others(HKUST),4,72,13543,2561877,361005,2922882
2015-01-31,1,Non-HKUST,1,2,0,0,0,0
2015-01-31,1,Total,52,290,154735,950842972,32626290,983469262
2015-01-31,G,Staff,39,146,170737,354588771,32530341,387119112
2015-01-31,G,TPG,71,397,426760,587815327,31505792,619321119
2015-01-31,G,RPG,71,331,440312,637883362,14955877,652839239
2015-01-31,G,UG,127,447,448993,45073345,14664581,59737926
2015-01-31,G,Alumni,18,50,38639,28095673,34762723,62858396
2015-01-31,G,Others(HKUST),9,46,132723,326410,323719,650129
2015-01-31,G,Non-HKUST,7,45,66957,401222574,8074125,409296699
2015-01-31,G,Total,342,1462,1725121,2055005462,136817158,2191822620
2015-01-31,LG1,Staff,40,239,226602,47431807,5867977,53299784
2015-01-31,LG1,TPG,132,1452,1880226,8431599327,4394638025,12826237352
2015-01-31,LG1,RPG,77,625,737877,742076756,23455758,765532514
2015-01-31,LG1,UG,192,1381,1538729,773081628,103863681,876945309
2015-01-31,LG1,Alumni,23,169,149819,74377409,2072787258,2147164667
2015-01-31,LG1,Others(HKUST),9,204,558977,177712219,71232031,248944250
2015-01-31,LG1,Non-HKUST,14,79,116416,15214904,94523956,109738860
2015-01-31,LG1,Total,487,4149,5208646,10261494050,6766368686,17027862736
2015-01-31,LG3,Staff,22,63,65118,10497610,1276638,11774248
2015-01-31,LG3,TPG,64,457,680322,809274436,45386134,854660570
2015-01-31,LG3,RPG,60,426,609415,164092,172004,336096
2015-01-31,LG3,UG,89,330,326549,36959111,1977953,38937064
2015-01-31,LG3,Alumni,11,131,133387,150,0,150
2015-01-31,LG3,Others(HKUST),4,16,24097,0,0,0
2015-01-31,LG3,Non-HKUST,15,100,145257,0,0,0
2015-01-31,LG3,Total,265,1523,1984145,856895399,48812729,905708128
2015-01-31,LG4,Staff,18,75,26465,0,0,0
2015-01-31,LG4,TPG,61,681,966857,22367103757,8261687687,30628791444
2015-01-31,LG4,RPG,67,268,310491,14137930,3163407,17301337
2015-01-31,LG4,UG,145,501,477035,24963191,8314118,33277309
2015-01-31,LG4,Alumni,20,308,315983,2789374053,169052514,2958426567
2015-01-31,LG4,Others(HKUST),7,166,445279,1861180867,280318662,2141499529
2015-01-31,LG4,Non-HKUST,20,76,105709,6178683,2401644,8580327
2015-01-31,LG4,Total,338,2075,2647819,27062938481,8724938032,35787876513
2015-01-31,All-Floors,Staff,83,637,529355,1263134292,62010584,1325144876
2015-01-31,All-Floors,TPG,199,2997,3954842,32196011457,12733404103,44929415560
2015-01-31,All-Floors,RPG,187,1667,2119656,1398022462,42284161,1440306623
2015-01-31,All-Floors,UG,398,2714,2843510,914189645,131321968,1045511613
2015-01-31,All-Floors,Alumni,46,678,664145,2951420974,2283306937,5234727911
2015-01-31,All-Floors,Others(HKUST),15,504,1174619,2041781373,352235417,2394016790
2015-01-31,All-Floors,Non-HKUST,41,302,434339,422616161,104999725,527615886
2015-01-31,All-Floors,Total,969,9499,11720466,41187176364,15709562895,56896739259