Date,Floor,User-Group,User-Count,WiFi-Conn,Duration-Sec,Traffic-In-Byte,Traffic-Out-Byte,Traffic-Both-Byte
2016-07-01,1,Staff,34,171,254335,1265879233,70663851,1336543084
2016-07-01,1,TPG,5,8,1429,185508,62561,248069
2016-07-01,1,RPG,79,151,63087,143728294,16958382,160686676
2016-07-01,1,UG,3,3,716,29250,21627,50877
2016-07-01,1,Alumni,0,0,0,0,0,0
2016-07-01,1,Others(HKUST),5,61,101499,7920499,3317715,11238214
2016-07-01,1,Non-HKUST,4,6,1553,148964,83347,232311
2016-07-01,1,Total,130,400,422619,1417891748,91107483,1508999231
2016-07-01,G,Staff,5,10,1559,1155517021,19865949,1175382970
2016-07-01,G,TPG,3,3,2039,82199,47487,129686
2016-07-01,G,RPG,8,8,3362,716600,315742,1032342
2016-07-01,G,UG,25,26,7652,207861485,24925926,232787411
2016-07-01,G,Alumni,3,3,840,388335,125514,513849
2016-07-01,G,Others(HKUST),4,5,88905,859676247,194859078,1054535325
2016-07-01,G,Non-HKUST,2,2,0,64024429,14037273,78061702
2016-07-01,G,Total,50,57,104357,2288266316,254176969,2542443285
2016-07-01,LG1,Staff,0,0,0,0,0,0
2016-07-01,LG1,TPG,0,0,0,0,0,0
2016-07-01,LG1,RPG,3,3,842,721113,180319,901432
2016-07-01,LG1,UG,25,31,11975,386628324,52541771,439170095
2016-07-01,LG1,Alumni,1,1,843,41625,42645,84270
2016-07-01,LG1,Others(HKUST),3,8,345473,160149875,104840224,264990099
2016-07-01,LG1,Non-HKUST,0,0,0,0,0,0
2016-07-01,LG1,Total,32,43,359133,547540937,157604959,705145896
2016-07-01,LG3,Staff,17,25,10190,3391186,1204573,4595759
2016-07-01,LG3,TPG,9,11,7351,1448793,6740792,8189585
2016-07-01,LG3,RPG,30,37,16579,85617864,4036827,89654691
2016-07-01,LG3,UG,112,151,60158,8998691960,476799066,9475491026
2016-07-01,LG3,Alumni,6,9,2647,97116,91461,188577
2016-07-01,LG3,Others(HKUST),5,6,1663,293426724,33912919,327339643
2016-07-01,LG3,Non-HKUST,9,10,5163,176177808,12993159,189170967
2016-07-01,LG3,Total,188,249,103751,9558851451,535778797,10094630248
2016-07-01,LG4,Staff,26,35,13892,8615401,1206775,9822176
2016-07-01,LG4,TPG,13,17,8284,4636469,2024486,6660955
2016-07-01,LG4,RPG,80,110,95470,1313307280,121641416,1434948696
2016-07-01,LG4,UG,133,268,160550,6473353229,591606300,7064959529
2016-07-01,LG4,Alumni,6,7,3819,2390243,853123,3243366
2016-07-01,LG4,Others(HKUST),14,109,285955,30582373576,2927136382,33509509958
2016-07-01,LG4,Non-HKUST,14,18,7687,65252918,14467179,79720097
2016-07-01,LG4,Total,286,564,575657,38449929116,3658935661,42108864777
2016-07-01,All-Floors,Staff,74,241,279976,2433402841,92941148,2526343989
2016-07-01,All-Floors,TPG,29,39,19103,6352969,8875326,15228295
2016-07-01,All-Floors,RPG,190,309,179340,1544091151,143132686,1687223837
2016-07-01,All-Floors,UG,259,479,241051,16066564248,1145894690,17212458938
2016-07-01,All-Floors,Alumni,14,20,8149,2917319,1112743,4030062
2016-07-01,All-Floors,Others(HKUST),23,189,823495,31903546921,3264066318,35167613239
2016-07-01,All-Floors,Non-HKUST,24,36,14403,305604119,41580958,347185077
2016-07-01,All-Floors,Total,613,1313,1565517,52262479568,4697603869,56960083437
2016-07-02,1,Staff,35,165,318586,2688713624,181148385,2869862009
2016-07-02,1,TPG,24,275,430871,59625427888,3240680434,62866108322
2016-07-02,1,RPG,83,258,272898,13153208020,984285517,14137493537
2016-07-02,1,UG,32,194,354840,22439104326,1103062685,23542167011
2016-07-02,1,Alumni,4,15,27828,1751605400,92578094,1844183494
2016-07-02,1,Others(HKUST),6,91,120398,3228710128,197226032,3425936160
2016-07-02,1,Non-HKUST,4,12,13760,10500925786,512589755,11013515541
2016-07-02,1,Total,188,1010,1539181,113387695172,6311570902,119699266074
2016-07-02,G,Staff,38,204,241313,17702156698,1738041125,19440197823
2016-07-02,G,TPG,78,403,510704,37056917197,2616793633,39673710830
2016-07-02,G,RPG,78,254,213968,8709517452,1365293714,10074811166
2016-07-02,G,UG,159,643,674920,42879806864,11549973649,54429780513
2016-07-02,G,Alumni,23,63,26973,1774687365,1888587621,3663274986
2016-07-02,G,Others(HKUST),7,115,281846,8386876737,564570906,8951447643
2016-07-02,G,Non-HKUST,15,63,62895,2654325402,87733340,2742058742
2016-07-02,G,Total,398,1745,2012619,119164287715,19810993988,138975281703
2016-07-02,LG1,Staff,20,129,132572,13325403645,696484260,14021887905
2016-07-02,LG1,TPG,81,785,1116206,97962317776,15494593533,113456911309
2016-07-02,LG1,RPG,67,536,511593,48845400109,7749202590,56594602699
2016-07-02,LG1,UG,198,2326,3308617,239377948072,37364692462,276742640534
2016-07-02,LG1,Alumni,11,70,80002,9358505458,498910407,9857415865
2016-07-02,LG1,Others(HKUST),6,189,639844,3511566445,661247430,4172813875
2016-07-02,LG1,Non-HKUST,13,35,57441,2332721327,224418856,2557140183
2016-07-02,LG1,Total,396,4070,5846275,414713862832,62689549538,477403412370
2016-07-02,LG3,Staff,25,77,75635,3338661439,159978799,3498640238
2016-07-02,LG3,TPG,42,169,214154,14231458778,817745346,15049204124
2016-07-02,LG3,RPG,66,383,580433,18946235220,3108362442,22054597662
2016-07-02,LG3,UG,146,467,405205,54366090840,7125082669,61491173509
2016-07-02,LG3,Alumni,14,79,108718,11913143367,525823547,12438966914
2016-07-02,LG3,Others(HKUST),10,59,24388,3983329369,271689559,4255018928
2016-07-02,LG3,Non-HKUST,20,67,84136,1372316314,117888174,1490204488
2016-07-02,LG3,Total,323,1301,1492669,108151235327,12126570536,120277805863
2016-07-02,LG4,Staff,34,104,63033,2005914116,205600151,2211514267
2016-07-02,LG4,TPG,39,153,409360,10036025608,2543707502,12579733110
2016-07-02,LG4,RPG,103,446,684374,18424942309,3176509525,21601451834
2016-07-02,LG4,UG,184,683,544532,53664640609,2847700715,56512341324
2016-07-02,LG4,Alumni,12,158,171674,15055781098,775250615,15831031713
2016-07-02,LG4,Others(HKUST),8,196,429994,86065505495,10006693105,96072198600
2016-07-02,LG4,Non-HKUST,18,126,136400,6675034159,263728696,6938762855
2016-07-02,LG4,Total,398,1866,2439367,191927843394,19819190309,211747033703
2016-07-02,All-Floors,Staff,116,679,831139,39060849522,2981252720,42042102242
2016-07-02,All-Floors,TPG,139,1785,2681295,218912147247,24713520448,243625667695
2016-07-02,All-Floors,RPG,267,1877,2263266,108079303110,16383653788,124462956898
2016-07-02,All-Floors,UG,415,4313,5288114,412727590711,59990512180,472718102891
2016-07-02,All-Floors,Alumni,33,385,415195,39853722688,3781150284,43634872972
2016-07-02,All-Floors,Others(HKUST),19,650,1496470,105175988174,11701427032,116877415206
2016-07-02,All-Floors,Non-HKUST,44,303,354632,23535322988,1206358821,24741681809
2016-07-02,All-Floors,Total,1033,9992,13330111,947344924440,120757875273,1068102799713
2016-07-03,1,Staff,33,185,320049,2107369583,290329964,2397699547
2016-07-03,1,TPG,25,125,185534,35891432163,1697751532,37589183695
2016-07-03,1,RPG,72,177,157564,2917605279,467804290,3385409569
2016-07-03,1,UG,32,233,413570,25565594144,1808175088,27373769232
2016-07-03,1,Alumni,7,51,84262,1834100873,176230511,2010331384
2016-07-03,1,Others(HKUST),4,68,122636,3031902557,185420278,3217322835
2016-07-03,1,Non-HKUST,7,85,136608,4959868153,386945551,5346813704
2016-07-03,1,Total,180,924,1420223,76307872752,5012657214,81320529966
2016-07-03,G,Staff,32,183,167296,10282600462,483323869,10765924331
2016-07-03,G,TPG,64,271,308742,22403921119,1448918553,23852839672
2016-07-03,G,RPG,60,217,230271,13110514553,2358982182,15469496735
2016-07-03,G,UG,138,481,605207,30017503908,4096124032,34113627940
2016-07-03,G,Alumni,25,83,33589,1942315361,126464776,2068780137
2016-07-03,G,Others(HKUST),10,78,190709,1478418979,252216722,1730635701
2016-07-03,G,Non-HKUST,20,74,104728,9313396837,624372301,9937769138
2016-07-03,G,Total,349,1387,1640542,88548671219,9390402435,97939073654
2016-07-03,LG1,Staff,20,79,66423,3206684264,188816809,3395501073
2016-07-03,LG1,TPG,71,686,986724,61419571344,15194697563,76614268907
2016-07-03,LG1,RPG,52,317,349050,43541137920,2019794314,45560932234
2016-07-03,LG1,UG,169,1795,2252939,206351646388,14205858397,220557504785
2016-07-03,LG1,Alumni,14,55,49714,5452582186,249527528,5702109714
2016-07-03,LG1,Others(HKUST),6,85,455910,5015582754,473380806,5488963560
2016-07-03,LG1,Non-HKUST,8,33,50694,2387749517,118004690,2505754207
2016-07-03,LG1,Total,340,3050,4211454,327374954373,32450080107,359825034480
2016-07-03,LG3,Staff,28,62,22662,281361120,18837938,300199058
2016-07-03,LG3,TPG,39,218,236026,9613254120,741720996,10354975116
2016-07-03,LG3,RPG,52,236,276896,32311942651,2237575350,34549518001
2016-07-03,LG3,UG,151,310,232896,36212925623,1585082215,37798007838
2016-07-03,LG3,Alumni,19,111,136894,22339962424,1016820493,23356782917
2016-07-03,LG3,Others(HKUST),10,17,5041,838874135,125630908,964505043
2016-07-03,LG3,Non-HKUST,8,11,41722,3516632270,172239228,3688871498
2016-07-03,LG3,Total,307,965,952137,105114952343,5897907128,111012859471
2016-07-03,LG4,Staff,32,94,75093,4725491598,228275872,4953767470
2016-07-03,LG4,TPG,40,177,298183,16576915618,1254866629,17831782247
2016-07-03,LG4,RPG,78,265,411327,17879102525,1268847371,19147949896
2016-07-03,LG4,UG,133,515,539497,77449617701,24266322287,101715939988
2016-07-03,LG4,Alumni,21,149,180067,6675022549,988734924,7663757473
2016-07-03,LG4,Others(HKUST),10,135,378376,72222193780,15927841394,88150035174
2016-07-03,LG4,Non-HKUST,18,49,68291,9973864723,350301322,10324166045
2016-07-03,LG4,Total,332,1384,1950834,205502208494,44285189799,249787398293
2016-07-03,All-Floors,Staff,98,603,651523,20603507027,1209584452,21813091479
2016-07-03,All-Floors,TPG,113,1477,2015209,145905094364,20337955273,166243049637
2016-07-03,All-Floors,RPG,211,1212,1425108,109760302928,8353003507,118113306435
2016-07-03,All-Floors,UG,385,3334,4044109,375597287764,45961562019,421558849783
2016-07-03,All-Floors,Alumni,45,449,484526,38243983393,2557778232,40801761625
2016-07-03,All-Floors,Others(HKUST),20,383,1152672,82586972205,16964490108,99551462313
2016-07-03,All-Floors,Non-HKUST,40,252,402043,30151511500,1651863092,31803374592
2016-07-03,All-Floors,Total,912,7710,10175190,802848659181,97036236683,899884895864
2016-07-04,1,Staff,184,937,1147723,23552663860,134905669420,158458333280
2016-07-04,1,TPG,28,240,501844,67304467852,5946052641,73250520493
2016-07-04,1,RPG,184,571,351881,10393620545,2546352015,12939972560
2016-07-04,1,UG,86,535,795488,34290009153,4128973037,38418982190
2016-07-04,1,Alumni,5,32,51585,831897966,402914408,1234812374
2016-07-04,1,Others(HKUST),16,92,125812,973547524,110709886,1084257410
2016-07-04,1,Non-HKUST,7,42,42690,2741009107,151065755,2892074862
2016-07-04,1,Total,510,2449,3017023,140087216007,148191737162,288278953169
2016-07-04,G,Staff,151,872,807463,13879960854,21096008495,34975969349
2016-07-04,G,TPG,84,430,492776,21849169149,1911490958,23760660107
2016-07-04,G,RPG,124,616,691639,54201395854,3575743859,57777139713
2016-07-04,G,UG,342,1492,1298378,48781984578,8012558467,56794543045
2016-07-04,G,Alumni,16,91,61069,7985520880,8014745108,16000265988
2016-07-04,G,Others(HKUST),19,185,251953,5742403291,683654425,6426057716
2016-07-04,G,Non-HKUST,28,159,163726,8942419802,706333490,9648753292
2016-07-04,G,Total,764,3845,3767004,161382854408,44000534802,205383389210
2016-07-04,LG1,Staff,110,560,407439,18559870717,52810667055,71370537772
2016-07-04,LG1,TPG,95,1276,1697666,147344681188,38294813317,185639494505
2016-07-04,LG1,RPG,128,1279,1601842,66907487076,8703337295,75610824371
2016-07-04,LG1,UG,438,3920,3930958,275430059229,24734694479,300164753708
2016-07-04,LG1,Alumni,12,104,160019,4637892293,633161178,5271053471
2016-07-04,LG1,Others(HKUST),11,200,522182,3257719036,797607375,4055326411
2016-07-04,LG1,Non-HKUST,25,187,123326,2991388747,304762498,3296151245
2016-07-04,LG1,Total,819,7526,8443432,519129098286,126279043197,645408141483
2016-07-04,LG3,Staff,89,317,225413,5842156702,32892279569,38734436271
2016-07-04,LG3,TPG,49,342,500188,16681688734,1787843786,18469532520
2016-07-04,LG3,RPG,117,568,592751,38235000298,2803317139,41038317437
2016-07-04,LG3,UG,324,1029,1006074,94767782178,6315839300,101083621478
2016-07-04,LG3,Alumni,12,112,114424,15600875045,657416292,16258291337
2016-07-04,LG3,Others(HKUST),17,63,53637,1000855930,62170750,1063026680
2016-07-04,LG3,Non-HKUST,19,44,26495,295316601,43494875,338811476
2016-07-04,LG3,Total,627,2475,2518982,172423675488,44562361711,216986037199
2016-07-04,LG4,Staff,154,454,310680,9294365730,1376340911,10670706641
2016-07-04,LG4,TPG,55,462,675779,44320530037,8453062919,52773592956
2016-07-04,LG4,RPG,171,779,912135,28782213402,13323814783,42106028185
2016-07-04,LG4,UG,403,1306,1347349,54053490555,3710677461,57764168016
2016-07-04,LG4,Alumni,8,44,73889,1627975300,103366214,1731341514
2016-07-04,LG4,Others(HKUST),21,326,407267,31606344313,4088118030,35694462343
2016-07-04,LG4,Non-HKUST,21,97,92235,2660776337,2011286371,4672062708
2016-07-04,LG4,Total,833,3468,3819334,172345695674,33066666689,205412362363
2016-07-04,All-Floors,Staff,449,3140,2898718,71129017863,243080965450,314209983313
2016-07-04,All-Floors,TPG,148,2750,3868253,297500536960,56393263621,353893800581
2016-07-04,All-Floors,RPG,466,3813,4150248,198519717175,30952565091,229472282266
2016-07-04,All-Floors,UG,943,8282,8378247,507323325693,46902742744,554226068437
2016-07-04,All-Floors,Alumni,25,383,460986,30684161484,9811603200,40495764684
2016-07-04,All-Floors,Others(HKUST),48,866,1360851,42580870094,5742260466,48323130560
2016-07-04,All-Floors,Non-HKUST,57,529,448472,17630910594,3216942989,20847853583
2016-07-04,All-Floors,Total,2136,19763,21565775,1165368539863,396100343561,1561468883424
2016-07-05,1,Staff,145,701,1072485,14046566761,1823355383,15869922144
2016-07-05,1,TPG,22,173,290229,21466576297,1150375031,22616951328
2016-07-05,1,RPG,155,450,516794,8353871109,1637571975,9991443084
2016-07-05,1,UG,76,519,757281,32181150590,2428541389,34609691979
2016-07-05,1,Alumni,4,13,18098,4980542412,169862326,5150404738
2016-07-05,1,Others(HKUST),11,110,149682,2541879558,176666965,2718546523
2016-07-05,1,Non-HKUST,4,22,22374,5720059442,298662079,6018721521
2016-07-05,1,Total,417,1988,2826943,89290646169,7685035148,96975681317
2016-07-05,G,Staff,125,642,634366,9607063516,1523772974,11130836490
2016-07-05,G,TPG,61,285,366058,69020621196,2596429708,71617050904
2016-07-05,G,RPG,126,607,712613,27658727121,3293907676,30952634797
2016-07-05,G,UG,241,950,902338,45597357943,3585796320,49183154263
2016-07-05,G,Alumni,9,44,38902,1443310956,1630208696,3073519652
2016-07-05,G,Others(HKUST),15,173,288067,6541297907,1224193454,7765491361
2016-07-05,G,Non-HKUST,29,161,240472,21503221280,1542099233,23045320513
2016-07-05,G,Total,606,2862,3182816,181371599919,15396408061,196768007980
2016-07-05,LG1,Staff,102,547,596972,8422301299,1902796911,10325098210
2016-07-05,LG1,TPG,95,1263,1887494,133649965722,170508613020,304158578742
2016-07-05,LG1,RPG,103,1016,1062186,66355578442,7099667279,73455245721
2016-07-05,LG1,UG,324,2702,3191408,147510444864,11249895424,158760340288
2016-07-05,LG1,Alumni,8,65,129199,3931615659,217237110,4148852769
2016-07-05,LG1,Others(HKUST),8,300,867172,7139680708,4138220620,11277901328
2016-07-05,LG1,Non-HKUST,19,121,177750,16571171225,958856844,17530028069
2016-07-05,LG1,Total,659,6014,7912181,383580757919,196075287208,579656045127
2016-07-05,LG3,Staff,84,244,274251,10634771133,1022414840,11657185973
2016-07-05,LG3,TPG,52,278,389148,26893451229,2424808501,29318259730
2016-07-05,LG3,RPG,94,498,703679,26763683336,1724764908,28488448244
2016-07-05,LG3,UG,233,736,663428,38641538841,2693739686,41335278527
2016-07-05,LG3,Alumni,6,76,56019,3608264798,664305628,4272570426
2016-07-05,LG3,Others(HKUST),16,86,114426,1684322580,3105499916,4789822496
2016-07-05,LG3,Non-HKUST,16,50,23798,6881064266,375876478,7256940744
2016-07-05,LG3,Total,501,1968,2224749,115107096183,12011409957,127118506140
2016-07-05,LG4,Staff,156,385,211963,39703432677,1691938916,41395371593
2016-07-05,LG4,TPG,46,229,449006,24022909865,3957079769,27979989634
2016-07-05,LG4,RPG,163,584,719167,34678348246,2467104230,37145452476
2016-07-05,LG4,UG,285,1138,1035644,42478705921,6280649550,48759355471
2016-07-05,LG4,Alumni,7,28,26220,533041884,49190819,582232703
2016-07-05,LG4,Others(HKUST),19,229,383730,9826740944,994192381,10820933325
2016-07-05,LG4,Non-HKUST,22,118,183920,10047705824,314800841,10362506665
2016-07-05,LG4,Total,698,2711,3009650,161290885361,15754956506,177045841867
2016-07-05,All-Floors,Staff,397,2519,2790037,82414135386,7964279024,90378414410
2016-07-05,All-Floors,TPG,141,2228,3381935,275053524309,180637306029,455690830338
2016-07-05,All-Floors,RPG,423,3155,3714439,163810208254,16223016068,180033224322
2016-07-05,All-Floors,UG,710,6045,6550099,306409198159,26238622369,332647820528
2016-07-05,All-Floors,Alumni,17,226,268438,14496775709,2730804579,17227580288
2016-07-05,All-Floors,Others(HKUST),35,898,1803077,27733921697,9638773336,37372695033
2016-07-05,All-Floors,Non-HKUST,60,472,648314,60723222037,3490295475,64213517512
2016-07-05,All-Floors,Total,1783,15543,19156339,930640985551,246923096880,1177564082431
2016-07-06,1,Staff,159,765,1195827,29473564460,1799306477,31272870937
2016-07-06,1,TPG,17,106,201825,13579802313,1110211945,14690014258
2016-07-06,1,RPG,184,599,534786,16689805066,2160196435,18850001501
2016-07-06,1,UG,89,468,748127,26816360780,2093296666,28909657446
2016-07-06,1,Alumni,1,4,25923,1911825,1448682,3360507
2016-07-06,1,Others(HKUST),15,130,284863,1495352234,132003749,1627355983
2016-07-06,1,Non-HKUST,11,60,76607,22741127256,1142843751,23883971007
2016-07-06,1,Total,476,2132,3067958,110797923934,8439307705,119237231639
2016-07-06,G,Staff,127,740,759452,12283926989,1154304596,13438231585
2016-07-06,G,TPG,66,362,349954,25172914448,4575649982,29748564430
2016-07-06,G,RPG,120,633,754723,40699326643,3278906253,43978232896
2016-07-06,G,UG,267,1054,903323,60084209020,5433204988,65517414008
2016-07-06,G,Alumni,10,32,27436,7413526595,1684699147,9098225742
2016-07-06,G,Others(HKUST),15,126,220714,2647759193,378134353,3025893546
2016-07-06,G,Non-HKUST,28,95,63491,5763910488,367072312,6130982800
2016-07-06,G,Total,633,3042,3079093,154065573376,16871971631,170937545007
2016-07-06,LG1,Staff,92,576,536571,14414752420,1031998118,15446750538
2016-07-06,LG1,TPG,83,991,1292677,139301642417,27796567292,167098209709
2016-07-06,LG1,RPG,127,1447,1262672,54085134756,6187479798,60272614554
2016-07-06,LG1,UG,385,3769,4059050,225839890964,19406123564,245246014528
2016-07-06,LG1,Alumni,6,69,137534,6806607351,589129338,7395736689
2016-07-06,LG1,Others(HKUST),10,315,734918,13058952782,2250917074,15309869856
2016-07-06,LG1,Non-HKUST,20,115,125191,4795173984,329711979,5124885963
2016-07-06,LG1,Total,723,7282,8148613,458302154674,57591927163,515894081837
2016-07-06,LG3,Staff,115,383,279476,2168476629,357511434,2525988063
2016-07-06,LG3,TPG,48,342,320757,23025107256,1795918526,24821025782
2016-07-06,LG3,RPG,108,591,617257,16510324318,1559275877,18069600195
2016-07-06,LG3,UG,271,873,698788,65932479249,3362737906,69295217155
2016-07-06,LG3,Alumni,3,25,43294,351967123,31499821,383466944
2016-07-06,LG3,Others(HKUST),13,57,55317,2841957833,596796280,3438754113
2016-07-06,LG3,Non-HKUST,24,89,87244,1794553419,121973490,1916526909
2016-07-06,LG3,Total,582,2360,2102133,112624865827,7825713334,120450579161
2016-07-06,LG4,Staff,179,542,332991,12998925377,2072636788,15071562165
2016-07-06,LG4,TPG,53,414,470117,52474706956,6059596104,58534303060
2016-07-06,LG4,RPG,179,635,661257,20485167667,1794327011,22279494678
2016-07-06,LG4,UG,390,1294,1217382,74114288409,4478385862,78592674271
2016-07-06,LG4,Alumni,3,24,26427,1005744654,923621223,1929365877
2016-07-06,LG4,Others(HKUST),20,245,342207,16534820378,2968655677,19503476055
2016-07-06,LG4,Non-HKUST,29,119,122421,6406774963,412247183,6819022146
2016-07-06,LG4,Total,853,3273,3172802,184020428404,18709469848,202729898252
2016-07-06,All-Floors,Staff,427,3006,3104317,71339645875,6415757413,77755403288
2016-07-06,All-Floors,TPG,133,2215,2635330,253554173390,41337943849,294892117239
2016-07-06,All-Floors,RPG,469,3905,3830695,148469758450,14980185374,163449943824
2016-07-06,All-Floors,UG,867,7458,7626670,452787228422,34773748986,487560977408
2016-07-06,All-Floors,Alumni,14,154,260614,15579757548,3230398211,18810155759
2016-07-06,All-Floors,Others(HKUST),37,873,1638019,36578842420,6326507133,42905349553
2016-07-06,All-Floors,Non-HKUST,71,478,474954,41501540110,2373848715,43875388825
2016-07-06,All-Floors,Total,2018,18089,19570599,1019810946215,109438389681,1129249335896
2016-07-07,1,Staff,172,870,1263707,17148880300,1677563333,18826443633
2016-07-07,1,TPG,26,331,512943,42693294164,2256822764,44950116928
2016-07-07,1,RPG,186,686,551566,33658725187,1755471015,35414196202
2016-07-07,1,UG,81,539,831999,32624606360,2405972414,35030578774
2016-07-07,1,Alumni,2,9,31221,1225091288,54573798,1279665086
2016-07-07,1,Others(HKUST),17,210,325479,5603918835,641044853,6244963688
2016-07-07,1,Non-HKUST,8,10,7443,1457125431,62960984,1520086415
2016-07-07,1,Total,492,2655,3524358,134411641565,8854409161,143266050726
2016-07-07,G,Staff,112,664,557013,13919429498,1265431189,15184860687
2016-07-07,G,TPG,83,408,419956,17373957235,1330403977,18704361212
2016-07-07,G,RPG,124,663,622587,35278526943,2917999695,38196526638
2016-07-07,G,UG,293,1172,1058648,69825017749,7566016820,77391034569
2016-07-07,G,Alumni,9,21,28141,4857412016,406962166,5264374182
2016-07-07,G,Others(HKUST),14,184,226903,2333150136,559291015,2892441151
2016-07-07,G,Non-HKUST,27,152,232730,9905078318,864088266,10769166584
2016-07-07,G,Total,662,3264,3145978,153492571895,14910193128,168402765023
2016-07-07,LG1,Staff,87,580,444697,23789544100,1213518876,25003062976
2016-07-07,LG1,TPG,90,1225,1313289,115491561304,14308509890,129800071194
2016-07-07,LG1,RPG,108,1069,914803,58698688665,13400177532,72098866197
2016-07-07,LG1,UG,409,5217,4988312,303935389839,24590070045,328525459884
2016-07-07,LG1,Alumni,5,67,90990,325918689,84550270,410468959
2016-07-07,LG1,Others(HKUST),6,402,718581,11333624859,1467324259,12800949118
2016-07-07,LG1,Non-HKUST,19,173,154739,4286723160,394936048,4681659208
2016-07-07,LG1,Total,724,8733,8625411,517861450616,55459086920,573320537536
2016-07-07,LG3,Staff,83,287,266707,4658158945,454389966,5112548911
2016-07-07,LG3,TPG,57,378,415747,32528032131,3732227157,36260259288
2016-07-07,LG3,RPG,92,500,634215,47596179787,4406786282,52002966069
2016-07-07,LG3,UG,280,906,659565,34984074132,4850274090,39834348222
2016-07-07,LG3,Alumni,7,39,26156,203436318,30073649,233509967
2016-07-07,LG3,Others(HKUST),12,52,76272,7437810464,283363267,7721173731
2016-07-07,LG3,Non-HKUST,21,85,99365,4235117935,290926756,4526044691
2016-07-07,LG3,Total,552,2247,2178027,131642809712,14048041167,145690850879
2016-07-07,LG4,Staff,144,530,348166,14460988053,3885838470,18346826523
2016-07-07,LG4,TPG,43,387,553833,48764168079,8345589616,57109757695
2016-07-07,LG4,RPG,155,657,807425,24163906782,4298865017,28462771799
2016-07-07,LG4,UG,313,1434,1314746,94603822328,12126122134,106729944462
2016-07-07,LG4,Alumni,6,44,48298,1412992914,74421654,1487414568
2016-07-07,LG4,Others(HKUST),19,297,417898,28553081948,6004074099,34557156047
2016-07-07,LG4,Non-HKUST,17,32,25294,778794028,31051994,809846022
2016-07-07,LG4,Total,697,3381,3515660,212737754132,34765962984,247503717116
2016-07-07,All-Floors,Staff,382,2931,2880290,73977000896,8496741834,82473742730
2016-07-07,All-Floors,TPG,139,2729,3215768,256851012913,29973553404,286824566317
2016-07-07,All-Floors,RPG,441,3575,3530596,199396027364,26779299541,226175326905
2016-07-07,All-Floors,UG,799,9268,8853270,535972910408,51538455503,587511365911
2016-07-07,All-Floors,Alumni,19,180,224806,8024851225,650581537,8675432762
2016-07-07,All-Floors,Others(HKUST),37,1145,1765133,55261586242,8955097493,64216683735
2016-07-07,All-Floors,Non-HKUST,58,452,519571,20662838872,1643964048,22306802920
2016-07-07,All-Floors,Total,1875,20280,20989434,1150146227920,128037693360,1278183921280
2016-07-08,1,Staff,172,857,1309849,27673515796,5903508687,33577024483
2016-07-08,1,TPG,17,78,153649,7100936861,2469538989,9570475850
2016-07-08,1,RPG,182,667,523035,20802546202,1629141464,22431687666
2016-07-08,1,UG,74,347,525481,24571744657,4200226864,28771971521
2016-07-08,1,Alumni,5,27,66165,1030815809,154116540,1184932349
2016-07-08,1,Others(HKUST),12,119,232431,997668961,158513289,1156182250
2016-07-08,1,Non-HKUST,10,34,59681,2732906576,213214721,2946121297
2016-07-08,1,Total,472,2129,2870291,84910134862,14728260554,99638395416
2016-07-08,G,Staff,128,823,842669,17011639889,1870800605,18882440494
2016-07-08,G,TPG,79,326,496046,27661174464,3207912815,30869087279
2016-07-08,G,RPG,133,562,495231,66208005529,4338648130,70546653659
2016-07-08,G,UG,317,1370,1137324,57103692394,7644673046,64748365440
2016-07-08,G,Alumni,8,27,12856,623393377,113358646,736752023
2016-07-08,G,Others(HKUST),17,94,193510,2266483270,544693739,2811177009
2016-07-08,G,Non-HKUST,31,130,124120,4826539309,332952995,5159492304
2016-07-08,G,Total,713,3332,3301756,175700928232,18053039976,193753968208
2016-07-08,LG1,Staff,96,565,483202,17451385765,1031607465,18482993230
2016-07-08,LG1,TPG,80,1259,1764624,86098314813,16713317446,102811632259
2016-07-08,LG1,RPG,118,1220,1250637,80773386939,7916268632,88689655571
2016-07-08,LG1,UG,373,3558,3357780,211190950484,17878627427,229069577911
2016-07-08,LG1,Alumni,3,65,132000,449699275,87478553,537177828
2016-07-08,LG1,Others(HKUST),9,215,614421,5740938069,1134946092,6875884161
2016-07-08,LG1,Non-HKUST,21,144,147404,10987458094,700939046,11688397140
2016-07-08,LG1,Total,700,7026,7750068,412692133439,45463184661,458155318100
2016-07-08,LG3,Staff,85,253,189545,4204803846,328474995,4533278841
2016-07-08,LG3,TPG,47,295,365981,11117526334,1369937634,12487463968
2016-07-08,LG3,RPG,99,622,772593,25457484249,2610160108,28067644357
2016-07-08,LG3,UG,237,864,839441,53545527634,6792158018,60337685652
2016-07-08,LG3,Alumni,6,25,15947,70603790,17294651,87898441
2016-07-08,LG3,Others(HKUST),11,58,82426,2332793238,128159329,2460952567
2016-07-08,LG3,Non-HKUST,16,54,76636,5274380537,279244783,5553625320
2016-07-08,LG3,Total,501,2171,2342569,102003119628,11525429518,113528549146
2016-07-08,LG4,Staff,131,404,252047,19933640222,1092631625,21026271847
2016-07-08,LG4,TPG,42,371,588586,26558224480,2342369528,28900594008
2016-07-08,LG4,RPG,148,691,770850,36902853751,2695168265,39598022016
2016-07-08,LG4,UG,297,932,867495,44323551893,5755215497,50078767390
2016-07-08,LG4,Alumni,2,12,8978,26756227,5298147,32054374
2016-07-08,LG4,Others(HKUST),19,340,499167,34394926255,3879895775,38274822030
2016-07-08,LG4,Non-HKUST,27,97,69833,4186143773,150136241,4336280014
2016-07-08,LG4,Total,666,2847,3056956,166326096601,15920715078,182246811679
2016-07-08,All-Floors,Staff,395,2902,3077312,86274985518,10227023377,96502008895
2016-07-08,All-Floors,TPG,129,2329,3368886,158536176952,26103076412,184639253364
2016-07-08,All-Floors,RPG,423,3762,3812346,230144276670,19189386599,249333663269
2016-07-08,All-Floors,UG,840,7071,6727521,390735467062,42270900852,433006367914
2016-07-08,All-Floors,Alumni,13,156,235946,2201268478,377546537,2578815015
2016-07-08,All-Floors,Others(HKUST),34,826,1621955,45732809793,5846208224,51579018017
2016-07-08,All-Floors,Non-HKUST,66,459,477674,28007428289,1676487786,29683916075
2016-07-08,All-Floors,Total,1900,17505,19321640,941632412762,105690629787,1047323042549
2016-07-09,1,Staff,39,165,266288,5788444522,351986267,6140430789
2016-07-09,1,TPG,10,58,71239,3755252471,216957748,3972210219
2016-07-09,1,RPG,113,311,357231,21161430175,2262273472,23423703647
2016-07-09,1,UG,47,299,509428,32669600781,1842435926,34512036707
2016-07-09,1,Alumni,4,32,44817,2963349601,161613330,3124962931
2016-07-09,1,Others(HKUST),9,67,202648,2418553888,106544917,2525098805
2016-07-09,1,Non-HKUST,2,4,5762,324795137,12000502,336795639
2016-07-09,1,Total,224,936,1457413,69081426575,4953812162,74035238737
2016-07-09,G,Staff,42,172,249382,3553821281,264381448,3818202729
2016-07-09,G,TPG,53,337,290853,17833240361,3223664628,21056904989
2016-07-09,G,RPG,71,298,331127,19632668041,2337778542,21970446583
2016-07-09,G,UG,206,880,961340,69592532471,11068833509,80661365980
2016-07-09,G,Alumni,32,106,118409,10265786523,1006983342,11272769865
2016-07-09,G,Others(HKUST),13,60,176789,9949297731,1255997987,11205295718
2016-07-09,G,Non-HKUST,23,99,94349,1242108964,174874619,1416983583
2016-07-09,G,Total,440,1952,2222249,132069455372,19332514075,151401969447
2016-07-09,LG1,Staff,30,246,274644,18336490254,2246875311,20583365565
2016-07-09,LG1,TPG,65,890,1063119,203201822556,13844562194,217046384750
2016-07-09,LG1,RPG,84,1104,1149953,137352976199,23627214824,160980191023
2016-07-09,LG1,UG,236,2339,2653613,229938327761,47742722781,277681050542
2016-07-09,LG1,Alumni,16,135,113245,5055296156,443088267,5498384423
2016-07-09,LG1,Others(HKUST),7,321,739864,17150946281,2273683395,19424629676
2016-07-09,LG1,Non-HKUST,16,122,124748,5666051643,516263192,6182314835
2016-07-09,LG1,Total,454,5157,6119186,616701910850,90694409964,707396320814
2016-07-09,LG3,Staff,32,129,133715,2343203086,452923367,2796126453
2016-07-09,LG3,TPG,34,137,156532,6438952525,915233978,7354186503
2016-07-09,LG3,RPG,66,247,295968,30321335726,1985775779,32307111505
2016-07-09,LG3,UG,192,748,784964,82060878867,4844574022,86905452889
2016-07-09,LG3,Alumni,18,108,124878,17127358771,1885217362,19012576133
2016-07-09,LG3,Others(HKUST),12,51,79169,1144186598,118393734,1262580332
2016-07-09,LG3,Non-HKUST,13,18,33117,1367419863,32547746,1399967609
2016-07-09,LG3,Total,367,1438,1608343,140803335436,10234665988,151038001424
2016-07-09,LG4,Staff,35,116,85501,149184896,93056694,242241590
2016-07-09,LG4,TPG,34,268,411443,29789833941,2880849572,32670683513
2016-07-09,LG4,RPG,121,551,552200,13788361226,1904757547,15693118773
2016-07-09,LG4,UG,209,893,886178,72922923282,5109245190,78032168472
2016-07-09,LG4,Alumni,16,172,193036,2945416148,206940876,3152357024
2016-07-09,LG4,Others(HKUST),11,211,461130,22634184130,3621685511,26255869641
2016-07-09,LG4,Non-HKUST,25,74,118049,11269089043,350568631,11619657674
2016-07-09,LG4,Total,451,2285,2707537,153498992666,14167104021,167666096687
2016-07-09,All-Floors,Staff,126,828,1009530,30171144039,3409223087,33580367126
2016-07-09,All-Floors,TPG,106,1690,1993186,261019101854,21081268120,282100369974
2016-07-09,All-Floors,RPG,312,2511,2686479,222256771367,32117800164,254374571531
2016-07-09,All-Floors,UG,563,5159,5795523,487184263162,70607811428,557792074590
2016-07-09,All-Floors,Alumni,46,553,594385,38357207199,3703843177,42061050376
2016-07-09,All-Floors,Others(HKUST),25,710,1659600,53297168628,7376305544,60673474172
2016-07-09,All-Floors,Non-HKUST,58,317,376025,19869464650,1086254690,20955719340
2016-07-09,All-Floors,Total,1236,11768,14114728,1112155120899,139382506210,1251537627109
2016-07-10,1,Staff,34,93,159272,1254485145,236105694,1490590839
2016-07-10,1,TPG,20,146,224821,9431794061,9526578315,18958372376
2016-07-10,1,RPG,72,225,212377,4342150383,612776029,4954926412
2016-07-10,1,UG,55,386,601614,31797034639,4059754873,35856789512
2016-07-10,1,Alumni,6,36,69198,9123586745,945293240,10068879985
2016-07-10,1,Others(HKUST),6,84,205640,2247611803,104406944,2352018747
2016-07-10,1,Non-HKUST,6,30,51627,740353038,111529188,851882226
2016-07-10,1,Total,199,1000,1524549,58937015814,15596444283,74533460097
2016-07-10,G,Staff,27,146,179512,835222926,124483427,959706353
2016-07-10,G,TPG,51,250,334088,15984993223,7611315010,23596308233
2016-07-10,G,RPG,58,224,179056,14350132678,967101743,15317234421
2016-07-10,G,UG,188,589,599955,40118378382,3617548276,43735926658
2016-07-10,G,Alumni,31,93,42812,4675930390,202295419,4878225809
2016-07-10,G,Others(HKUST),10,76,242049,4545910998,1201324394,5747235392
2016-07-10,G,Non-HKUST,24,105,232819,15898231397,1275647730,17173879127
2016-07-10,G,Total,389,1483,1810291,96408799994,14999715999,111408515993
2016-07-10,LG1,Staff,11,91,113920,15923692886,1531734703,17455427589
2016-07-10,LG1,TPG,64,682,791757,90983116287,4804106818,95787223105
2016-07-10,LG1,RPG,53,322,312718,10056829531,1053759632,11110589163
2016-07-10,LG1,UG,197,1826,2223518,143046252086,19537319375,162583571461
2016-07-10,LG1,Alumni,13,86,89094,3880875318,135711241,4016586559
2016-07-10,LG1,Others(HKUST),7,273,652660,17189689909,3049495324,20239185233
2016-07-10,LG1,Non-HKUST,17,191,192814,10748921146,607230734,11356151880
2016-07-10,LG1,Total,362,3471,4376481,291829377163,30719357827,322548734990
2016-07-10,LG3,Staff,27,71,60710,1091682747,97805732,1189488479
2016-07-10,LG3,TPG,26,170,177612,4874330811,702853150,5577183961
2016-07-10,LG3,RPG,54,194,260396,30190719777,1336988370,31527708147
2016-07-10,LG3,UG,185,512,389111,45780302377,3437728037,49218030414
2016-07-10,LG3,Alumni,13,89,102750,2772968929,549830610,3322799539
2016-07-10,LG3,Others(HKUST),7,29,7309,531600165,136200589,667800754
2016-07-10,LG3,Non-HKUST,26,33,5035,766036636,37567041,803603677
2016-07-10,LG3,Total,338,1098,1002923,86007641442,6298973529,92306614971
2016-07-10,LG4,Staff,44,95,66089,276518550,33850068,310368618
2016-07-10,LG4,TPG,47,187,235504,4834079283,516386009,5350465292
2016-07-10,LG4,RPG,113,343,285513,15500643578,973771799,16474415377
2016-07-10,LG4,UG,242,813,749839,70181694780,4119276059,74300970839
2016-07-10,LG4,Alumni,23,251,205854,7060842587,1116881298,8177723885
2016-07-10,LG4,Others(HKUST),11,100,314362,35854724811,6433504906,42288229717
2016-07-10,LG4,Non-HKUST,28,73,65796,1056346497,66197860,1122544357
2016-07-10,LG4,Total,508,1862,1922957,134764850086,13259867999,148024718085
2016-07-10,All-Floors,Staff,102,496,579503,19381602254,2023979624,21405581878
2016-07-10,All-Floors,TPG,112,1435,1763782,126108313665,23161239302,149269552967
2016-07-10,All-Floors,RPG,246,1308,1250060,74440475947,4944397573,79384873520
2016-07-10,All-Floors,UG,534,4126,4564037,330923662264,34771626620,365695288884
2016-07-10,All-Floors,Alumni,47,555,509708,27514203969,2950011808,30464215777
2016-07-10,All-Floors,Others(HKUST),25,562,1422020,60369537686,10924932157,71294469843
2016-07-10,All-Floors,Non-HKUST,68,432,548091,29209888714,2098172553,31308061267
2016-07-10,All-Floors,Total,1134,8914,10637201,667947684499,80874359637,748822044136
2016-07-11,1,Staff,176,840,1220717,30946581886,2888648428,33835230314
2016-07-11,1,TPG,21,197,215773,20226835346,1561997574,21788832920
2016-07-11,1,RPG,198,612,502687,15196210401,1296448330,16492658731
2016-07-11,1,UG,84,543,724901,37377304393,3958900682,41336205075
2016-07-11,1,Alumni,2,6,16109,144132768,7196524,151329292
2016-07-11,1,Others(HKUST),9,109,239845,2655739509,152883254,2808622763
2016-07-11,1,Non-HKUST,7,22,45901,5209067248,237780569,5446847817
2016-07-11,1,Total,497,2329,2965933,111755871551,10103855361,121859726912
2016-07-11,G,Staff,149,817,901079,14834184904,1785616924,16619801828
2016-07-11,G,TPG,80,461,521602,38057965870,3893397328,41951363198
2016-07-11,G,RPG,136,826,716644,36885559294,4648488806,41534048100
2016-07-11,G,UG,346,1493,1365734,77174209641,11075433840,88249643481
2016-07-11,G,Alumni,12,42,27115,1648878340,96253828,1745132168
2016-07-11,G,Others(HKUST),20,141,291117,8044812951,704659751,8749472702
2016-07-11,G,Non-HKUST,29,112,133674,7730848783,572608084,8303456867
2016-07-11,G,Total,772,3892,3956965,184376459783,22776458561,207152918344
2016-07-11,LG1,Staff,96,690,527864,14331296712,2104831646,16436128358
2016-07-11,LG1,TPG,89,1435,1534520,122297695247,14259629037,136557324284
2016-07-11,LG1,RPG,130,1295,1320193,58154059707,32272519587,90426579294
2016-07-11,LG1,UG,459,4755,3871541,230920767104,31368985540,262289752644
2016-07-11,LG1,Alumni,10,110,103168,12503835226,1062338497,13566173723
2016-07-11,LG1,Others(HKUST),10,242,534402,8388241987,1015962210,9404204197
2016-07-11,LG1,Non-HKUST,28,204,154120,6475704688,548112017,7023816705
2016-07-11,LG1,Total,822,8731,8045808,453071600671,82632378534,535703979205
2016-07-11,LG3,Staff,86,256,240149,5727148552,359986223,6087134775
2016-07-11,LG3,TPG,53,352,530795,17848357306,2379562650,20227919956
2016-07-11,LG3,RPG,101,574,759952,28104419690,2606170589,30710590279
2016-07-11,LG3,UG,372,1270,1096087,60382601707,6690867304,67073469011
2016-07-11,LG3,Alumni,11,66,71011,3163372549,214126814,3377499363
2016-07-11,LG3,Others(HKUST),16,55,30434,1439501050,106559049,1546060099
2016-07-11,LG3,Non-HKUST,20,106,88443,5217104002,267545836,5484649838
2016-07-11,LG3,Total,659,2679,2816871,121882504856,12624818465,134507323321
2016-07-11,LG4,Staff,166,494,273387,23690402480,2147104155,25837506635
2016-07-11,LG4,TPG,59,301,495866,27426995686,3149272488,30576268174
2016-07-11,LG4,RPG,180,706,708037,20204681188,4213645399,24418326587
2016-07-11,LG4,UG,440,1737,1391256,72681014036,5674084191,78355098227
2016-07-11,LG4,Alumni,11,61,75499,8566493015,382875633,8949368648
2016-07-11,LG4,Others(HKUST),23,348,326590,70620730400,14255399442,84876129842
2016-07-11,LG4,Non-HKUST,30,68,59624,4085312627,214340353,4299652980
2016-07-11,LG4,Total,909,3715,3330259,227275629432,30036721661,257312351093
2016-07-11,All-Floors,Staff,438,3097,3163196,89529614534,9286187376,98815801910
2016-07-11,All-Floors,TPG,135,2746,3298556,225857849455,25243859077,251101708532
2016-07-11,All-Floors,RPG,474,4013,4007513,158544930280,45037272711,203582202991
2016-07-11,All-Floors,UG,999,9798,8449519,478535896881,58768271557,537304168438
2016-07-11,All-Floors,Alumni,23,285,292902,26026711898,1762791296,27789503194
2016-07-11,All-Floors,Others(HKUST),42,895,1422388,91149025897,16235463706,107384489603
2016-07-11,All-Floors,Non-HKUST,73,512,481762,28718037348,1840386859,30558424207
2016-07-11,All-Floors,Total,2184,21346,21115836,1098362066293,158174232582,1256536298875
2016-07-12,1,Staff,173,778,1079215,5372342339,1060895159,6433237498
2016-07-12,1,TPG,23,365,576880,55745193663,3992595257,59737788920
2016-07-12,1,RPG,179,634,462985,19479347852,1674803810,21154151662
2016-07-12,1,UG,78,725,1112354,47773234654,7751891202,55525125856
2016-07-12,1,Alumni,4,22,49585,1606746063,113975513,1720721576
2016-07-12,1,Others(HKUST),14,139,130466,3479111744,219076495,3698188239
2016-07-12,1,Non-HKUST,15,129,153079,10877131921,686980942,11564112863
2016-07-12,1,Total,486,2792,3564564,144333108236,15500218378,159833326614
2016-07-12,G,Staff,137,783,897494,18768637590,1794329852,20562967442
2016-07-12,G,TPG,79,510,674392,37828684596,2674289924,40502974520
2016-07-12,G,RPG,152,716,874781,30296692125,4278843478,34575535603
2016-07-12,G,UG,340,1586,1267703,69109487770,21908055594,91017543364
2016-07-12,G,Alumni,16,62,76240,2216327794,120282804,2336610598
2016-07-12,G,Others(HKUST),17,257,378456,14211355155,2684171394,16895526549
2016-07-12,G,Non-HKUST,38,178,176537,15120708696,1286651222,16407359918
2016-07-12,G,Total,779,4092,4345603,187551893726,34746624268,222298517994
2016-07-12,LG1,Staff,99,672,558854,13101574545,1232624816,14334199361
2016-07-12,LG1,TPG,75,1159,1148408,124720640463,9757666168,134478306631
2016-07-12,LG1,RPG,110,1200,1287596,53783188367,7775366311,61558554678
2016-07-12,LG1,UG,355,4268,3647903,198286531681,87010761391,285297293072
2016-07-12,LG1,Alumni,10,210,256314,7209649102,493818873,7703467975
2016-07-12,LG1,Others(HKUST),15,459,738193,16478458897,2132799693,18611258590
2016-07-12,LG1,Non-HKUST,28,232,184730,14825621957,2090025311,16915647268
2016-07-12,LG1,Total,692,8200,7821998,428405665012,110493062563,538898727575
2016-07-12,LG3,Staff,92,338,192722,5046692750,388736157,5435428907
2016-07-12,LG3,TPG,39,390,423945,38265868681,3587918917,41853787598
2016-07-12,LG3,RPG,94,588,668110,24895948495,3089424797,27985373292
2016-07-12,LG3,UG,272,1042,880748,70217606802,4866129151,75083735953
2016-07-12,LG3,Alumni,10,69,80273,1257909853,115510344,1373420197
2016-07-12,LG3,Others(HKUST),14,104,114015,10890105168,643327756,11533432924
2016-07-12,LG3,Non-HKUST,24,124,131375,4924126140,281409729,5205535869
2016-07-12,LG3,Total,545,2655,2491188,155498257889,12972456851,168470714740
2016-07-12,LG4,Staff,147,473,303460,30688066654,2265050665,32953117319
2016-07-12,LG4,TPG,43,270,373463,20074070982,2363024163,22437095145
2016-07-12,LG4,RPG,195,796,818285,52138859475,3603174314,55742033789
2016-07-12,LG4,UG,341,1254,1014702,61820330285,5918331910,67738662195
2016-07-12,LG4,Alumni,9,26,22992,1338195426,53004498,1391199924
2016-07-12,LG4,Others(HKUST),21,304,400264,18492155531,2847019503,21339175034
2016-07-12,LG4,Non-HKUST,40,76,38839,943102323,85755343,1028857666
2016-07-12,LG4,Total,796,3199,2972005,185494780676,17135360396,202630141072
2016-07-12,All-Floors,Staff,428,3044,3031745,72977313878,6741636649,79718950527
2016-07-12,All-Floors,TPG,136,2694,3197088,276634458385,22375494429,299009952814
2016-07-12,All-Floors,RPG,474,3934,4111757,180594036314,20421612710,201015649024
2016-07-12,All-Floors,UG,804,8875,7923410,447207191192,127455169248,574662360440
2016-07-12,All-Floors,Alumni,25,389,485404,13628828238,896592032,14525420270
2016-07-12,All-Floors,Others(HKUST),43,1263,1761394,63551186495,8526394841,72077581336
2016-07-12,All-Floors,Non-HKUST,89,739,684560,46690691037,4430822547,51121513584
2016-07-12,All-Floors,Total,1999,20938,21195358,1101283705539,190847722456,1292131427995
2016-07-13,1,Staff,169,707,934138,15115336496,3132350279,18247686775
2016-07-13,1,TPG,14,228,229432,15218243969,7358860074,22577104043
2016-07-13,1,RPG,196,638,474806,21823115739,3585323186,25408438925
2016-07-13,1,UG,95,567,1043280,46018804233,4354088707,50372892940
2016-07-13,1,Alumni,3,12,18501,222305365,8948056,231253421
2016-07-13,1,Others(HKUST),14,96,133189,2400847365,226746765,2627594130
2016-07-13,1,Non-HKUST,8,32,19864,746146941,49130828,795277769
2016-07-13,1,Total,499,2280,2853210,101544800108,18715447895,120260248003
2016-07-13,G,Staff,131,806,802409,16817095410,7188824022,24005919432
2016-07-13,G,TPG,69,416,480307,54676055292,2734948459,57411003751
2016-07-13,G,RPG,133,594,682502,33984355594,3114770550,37099126144
2016-07-13,G,UG,321,1446,1124497,59957161828,6570494289,66527656117
2016-07-13,G,Alumni,8,34,14645,298656724,32818086,331474810
2016-07-13,G,Others(HKUST),16,132,217046,5479419135,1463684080,6943103215
2016-07-13,G,Non-HKUST,40,141,101237,11887449497,691800510,12579250007
2016-07-13,G,Total,718,3569,3422643,183100193480,21797339996,204897533476
2016-07-13,LG1,Staff,98,610,545621,10662147528,4788463560,15450611088
2016-07-13,LG1,TPG,57,813,960594,66776331116,11171527720,77947858836
2016-07-13,LG1,RPG,106,891,943232,104433020623,5114692450,109547713073
2016-07-13,LG1,UG,435,4055,4224645,266313269443,25648071026,291961340469
2016-07-13,LG1,Alumni,7,89,55987,6444266718,1917710800,8361977518
2016-07-13,LG1,Others(HKUST),10,373,627250,13194500564,1064251885,14258752449
2016-07-13,LG1,Non-HKUST,25,231,147576,15107725089,647027602,15754752691
2016-07-13,LG1,Total,738,7062,7504905,482931261081,50351745043,533283006124
2016-07-13,LG3,Staff,87,345,252102,7650252365,2345236804,9995489169
2016-07-13,LG3,TPG,26,222,356454,94984350502,3955189364,98939539866
2016-07-13,LG3,RPG,96,652,842948,42864553774,3174260225,46038813999
2016-07-13,LG3,UG,292,1083,1094780,68951566573,6857452827,75809019400
2016-07-13,LG3,Alumni,10,84,128680,5575547001,4412952415,9988499416
2016-07-13,LG3,Others(HKUST),11,49,22341,1303516428,74041432,1377557860
2016-07-13,LG3,Non-HKUST,19,66,37001,3120174421,242044927,3362219348
2016-07-13,LG3,Total,541,2501,2734306,224449961064,21061177994,245511139058
2016-07-13,LG4,Staff,146,468,311249,14314871313,10031765745,24346637058
2016-07-13,LG4,TPG,39,323,496794,26117730625,2980834286,29098564911
2016-07-13,LG4,RPG,207,699,638818,37458254680,2626490893,40084745573
2016-07-13,LG4,UG,387,1546,1247148,52532689198,6086303720,58618992918
2016-07-13,LG4,Alumni,8,30,21636,1056501668,85646091,1142147759
2016-07-13,LG4,Others(HKUST),19,236,265249,14245137239,1959269514,16204406753
2016-07-13,LG4,Non-HKUST,42,134,56232,771444951,217151795,988596746
2016-07-13,LG4,Total,848,3436,3037126,146496629674,23987462044,170484091718
2016-07-13,All-Floors,Staff,404,2936,2845519,64559703112,27486640410,92046343522
2016-07-13,All-Floors,TPG,112,2002,2523581,257772711504,28201359903,285974071407
2016-07-13,All-Floors,RPG,486,3474,3582306,240563300410,17615537304,258178837714
2016-07-13,All-Floors,UG,897,8697,8734350,493773491275,49516410569,543289901844
2016-07-13,All-Floors,Alumni,21,249,239449,13597277476,6458075448,20055352924
2016-07-13,All-Floors,Others(HKUST),36,886,1265075,36623420731,4787993676,41411414407
2016-07-13,All-Floors,Non-HKUST,97,604,361910,31632940899,1847155662,33480096561
2016-07-13,All-Floors,Total,2053,18848,19552190,1138522845407,135913172972,1274436018379
2016-07-14,1,Staff,166,934,1177778,27708960004,1710286764,29419246768
2016-07-14,1,TPG,14,190,326576,18510231957,1167634966,19677866923
2016-07-14,1,RPG,190,627,498102,11377855368,1416881183,12794736551
2016-07-14,1,UG,95,826,1117902,56989377139,6493946418,63483323557
2016-07-14,1,Alumni,4,34,64916,5926019131,370654129,6296673260
2016-07-14,1,Others(HKUST),14,124,168071,2561371743,161133681,2722505424
2016-07-14,1,Non-HKUST,5,16,4898,331466370,49052484,380518854
2016-07-14,1,Total,488,2751,3358243,123405281712,11369589625,134774871337
2016-07-14,G,Staff,138,891,948478,41394684894,2941946613,44336631507
2016-07-14,G,TPG,62,392,506086,25470048223,1825976415,27296024638
2016-07-14,G,RPG,132,592,657195,55399888041,5405570044,60805458085
2016-07-14,G,UG,317,1359,1251228,67911687475,7276010474,75187697949
2016-07-14,G,Alumni,15,53,52293,3247118284,195150734,3442269018
2016-07-14,G,Others(HKUST),23,256,250083,15563549510,2509363750,18072913260
2016-07-14,G,Non-HKUST,34,104,82832,4377669388,350072637,4727742025
2016-07-14,G,Total,721,3647,3748195,213364645815,20504090667,233868736482
2016-07-14,LG1,Staff,90,553,494620,15585821990,4159823560,19745645550
2016-07-14,LG1,TPG,61,872,738808,84315807652,6440782325,90756589977
2016-07-14,LG1,RPG,108,1117,1205078,124774329975,8408984804,133183314779
2016-07-14,LG1,UG,425,4789,4566829,297882981328,54623397557,352506378885
2016-07-14,LG1,Alumni,9,91,150928,2698033820,251603821,2949637641
2016-07-14,LG1,Others(HKUST),13,384,820957,18259905227,4480676236,22740581463
2016-07-14,LG1,Non-HKUST,28,295,330370,13593049825,824126956,14417176781
2016-07-14,LG1,Total,734,8101,8307590,557109929817,79189395259,636299325076
2016-07-14,LG3,Staff,103,351,294996,4978448680,423521835,5401970515
2016-07-14,LG3,TPG,34,353,500363,58990961525,3925798510,62916760035
2016-07-14,LG3,RPG,87,494,537140,28970667498,1897196745,30867864243
2016-07-14,LG3,UG,249,937,822515,60240588889,4449460440,64690049329
2016-07-14,LG3,Alumni,10,115,109810,1984074890,123220429,2107295319
2016-07-14,LG3,Others(HKUST),12,63,48385,983265913,539941570,1523207483
2016-07-14,LG3,Non-HKUST,23,81,67082,1870770477,162821018,2033591495
2016-07-14,LG3,Total,518,2394,2380291,158018777872,11521960547,169540738419
2016-07-14,LG4,Staff,148,402,304238,19392659342,1842393358,21235052700
2016-07-14,LG4,TPG,34,273,314011,12311351632,1134834516,13446186148
2016-07-14,LG4,RPG,188,709,671896,15077963469,1948422450,17026385919
2016-07-14,LG4,UG,409,1573,1422064,80992338180,6711125014,87703463194
2016-07-14,LG4,Alumni,12,68,91170,8626657847,1012516624,9639174471
2016-07-14,LG4,Others(HKUST),17,247,329031,24027221624,5815954876,29843176500
2016-07-14,LG4,Non-HKUST,43,91,59805,1517301697,228072222,1745373919
2016-07-14,LG4,Total,851,3363,3192215,161945493791,18693319060,180638812851
2016-07-14,All-Floors,Staff,431,3131,3220110,109060574910,11077972130,120138547040
2016-07-14,All-Floors,TPG,100,2080,2385844,199598400989,14495026732,214093427721
2016-07-14,All-Floors,RPG,466,3539,3569411,235600704351,19077055226,254677759577
2016-07-14,All-Floors,UG,893,9484,9180538,564016973011,79553939903,643570912914
2016-07-14,All-Floors,Alumni,25,361,469117,22481903972,1953145737,24435049709
2016-07-14,All-Floors,Others(HKUST),38,1074,1616527,61395314017,13507070113,74902384130
2016-07-14,All-Floors,Non-HKUST,87,587,544987,21690257757,1614145317,23304403074
2016-07-14,All-Floors,Total,2040,20256,20986534,1213844129007,141278355158,1355122484165
2016-07-15,1,Staff,166,769,1078939,64429770103,3457243572,67887013675
2016-07-15,1,TPG,26,276,386792,49274176855,2630732992,51904909847
2016-07-15,1,RPG,176,497,371001,13006122300,1145262876,14151385176
2016-07-15,1,UG,82,461,705378,27627753067,3165026303,30792779370
2016-07-15,1,Alumni,4,59,68215,10109783859,538268871,10648052730
2016-07-15,1,Others(HKUST),18,133,162657,6184821364,410287008,6595108372
2016-07-15,1,Non-HKUST,11,27,29752,2287731309,108396251,2396127560
2016-07-15,1,Total,483,2222,2802734,172920158857,11455217873,184375376730
2016-07-15,G,Staff,128,780,781043,12386752647,1504153508,13890906155
2016-07-15,G,TPG,65,354,441090,74035617040,10922235618,84957852658
2016-07-15,G,RPG,116,552,562352,28206003241,4033736781,32239740022
2016-07-15,G,UG,296,1316,1132224,44246847437,4040335262,48287182699
2016-07-15,G,Alumni,11,37,38845,3302563171,320222751,3622785922
2016-07-15,G,Others(HKUST),21,245,286085,8764919977,1564907343,10329827320
2016-07-15,G,Non-HKUST,30,106,106551,6389389723,319124946,6708514669
2016-07-15,G,Total,667,3390,3348190,177332093236,22704716209,200036809445
2016-07-15,LG1,Staff,93,647,453134,12079902816,1857246787,13937149603
2016-07-15,LG1,TPG,61,941,1085825,143327303666,24829565172,168156868838
2016-07-15,LG1,RPG,102,1107,1081607,60088627520,4781640638,64870268158
2016-07-15,LG1,UG,325,2829,2574175,151689715899,15373037625,167062753524
2016-07-15,LG1,Alumni,7,70,114178,3267410996,182983434,3450394430
2016-07-15,LG1,Others(HKUST),18,586,859294,26531344248,4895784770,31427129018
2016-07-15,LG1,Non-HKUST,26,150,182320,4858455238,329878716,5188333954
2016-07-15,LG1,Total,632,6330,6350533,401842760383,52250137142,454092897525
2016-07-15,LG3,Staff,81,299,242959,3747267071,425162314,4172429385
2016-07-15,LG3,TPG,32,206,185918,77029113901,3383174155,80412288056
2016-07-15,LG3,RPG,71,457,514481,19417147723,3951330460,23368478183
2016-07-15,LG3,UG,203,726,663494,44635663680,2545626014,47181289694
2016-07-15,LG3,Alumni,9,47,39270,420185559,45512573,465698132
2016-07-15,LG3,Others(HKUST),19,143,121181,3682038726,399676514,4081715240
2016-07-15,LG3,Non-HKUST,22,60,73132,4132489731,213179224,4345668955
2016-07-15,LG3,Total,437,1938,1840435,153063906391,10963661254,164027567645
2016-07-15,LG4,Staff,135,450,272547,12481893894,1015109956,13497003850
2016-07-15,LG4,TPG,27,157,196287,888275006,176415815,1064690821
2016-07-15,LG4,RPG,162,570,579331,32077931521,2208528365,34286459886
2016-07-15,LG4,UG,350,1056,869159,44963816485,5342643372,50306459857
2016-07-15,LG4,Alumni,6,20,23355,367951929,27971269,395923198
2016-07-15,LG4,Others(HKUST),20,202,305303,6368428958,636632296,7005061254
2016-07-15,LG4,Non-HKUST,39,64,71447,6000072750,197566434,6197639184
2016-07-15,LG4,Total,739,2519,2317429,103148370543,9604867507,112753238050
2016-07-15,All-Floors,Staff,390,2945,2828622,105125586531,8258916137,113384502668
2016-07-15,All-Floors,TPG,107,1934,2295912,344554486468,41942123752,386496610220
2016-07-15,All-Floors,RPG,427,3183,3108772,152795832305,16120499120,168916331425
2016-07-15,All-Floors,UG,789,6388,5944430,313163796568,30466668576,343630465144
2016-07-15,All-Floors,Alumni,18,233,283863,17467895514,1114958898,18582854412
2016-07-15,All-Floors,Others(HKUST),53,1309,1734520,51531553273,7907287931,59438841204
2016-07-15,All-Floors,Non-HKUST,87,407,463202,23668138751,1168145571,24836284322
2016-07-15,All-Floors,Total,1871,16399,16659321,1008307289410,106978599985,1115285889395
2016-07-16,1,Staff,42,152,279843,1718301688,222412332,1940714020
2016-07-16,1,TPG,15,185,396940,33341118640,3425493426,36766612066
2016-07-16,1,RPG,108,342,396762,11773240163,2470389713,14243629876
2016-07-16,1,UG,33,201,362545,18192507771,1027655970,19220163741
2016-07-16,1,Alumni,8,25,40432,3507479196,675987096,4183466292
2016-07-16,1,Others(HKUST),9,79,120526,1777613077,96258900,1873871977
2016-07-16,1,Non-HKUST,2,7,25329,1939247196,116831248,2056078444
2016-07-16,1,Total,217,991,1622377,72249507731,8035028685,80284536416
2016-07-16,G,Staff,41,215,242787,1013700235,194969242,1208669477
2016-07-16,G,TPG,53,292,413709,33352750175,2792091461,36144841636
2016-07-16,G,RPG,78,263,247967,14636098966,11730538805,26366637771
2016-07-16,G,UG,147,761,701677,30378937750,3683526427,34062464177
2016-07-16,G,Alumni,31,161,137959,15096558703,1434549037,16531107740
2016-07-16,G,Others(HKUST),9,96,168407,4351097568,794730882,5145828450
2016-07-16,G,Non-HKUST,17,65,57227,2666816794,359971354,3026788148
2016-07-16,G,Total,376,1853,1969733,101495960191,20990377208,122486337399
2016-07-16,LG1,Staff,24,256,225473,1799348519,312855522,2112204041
2016-07-16,LG1,TPG,54,698,766459,55246900684,3649771493,58896672177
2016-07-16,LG1,RPG,75,714,788537,47090850750,10075305199,57166155949
2016-07-16,LG1,UG,226,2464,3186395,225312473986,26631663613,251944137599
2016-07-16,LG1,Alumni,16,77,52619,3958758405,217545181,4176303586
2016-07-16,LG1,Others(HKUST),7,195,723107,5262352040,844290062,6106642102
2016-07-16,LG1,Non-HKUST,15,130,146171,2814711874,682890088,3497601962
2016-07-16,LG1,Total,417,4534,5888761,341485396258,42414321158,383899717416
2016-07-16,LG3,Staff,38,127,106660,1301274130,133498486,1434772616
2016-07-16,LG3,TPG,28,89,144130,31938950321,1149186240,33088136561
2016-07-16,LG3,RPG,77,290,296491,14190137587,2129801183,16319938770
2016-07-16,LG3,UG,186,505,487040,38986189475,4915546445,43901735920
2016-07-16,LG3,Alumni,23,139,126628,4078997716,290683467,4369681183
2016-07-16,LG3,Others(HKUST),12,48,45841,501772943,112287378,614060321
2016-07-16,LG3,Non-HKUST,19,28,35183,975699894,240362602,1216062496
2016-07-16,LG3,Total,383,1226,1241973,91973022066,8971365801,100944387867
2016-07-16,LG4,Staff,41,95,95757,3221823257,141545993,3363369250
2016-07-16,LG4,TPG,30,180,262792,30663752012,3121188466,33784940478
2016-07-16,LG4,RPG,99,359,362179,24301984022,2496195722,26798179744
2016-07-16,LG4,UG,223,968,999370,63805419138,6829364137,70634783275
2016-07-16,LG4,Alumni,23,183,343610,12146371173,720979647,12867350820
2016-07-16,LG4,Others(HKUST),10,173,327711,11551740954,679080635,12230821589
2016-07-16,LG4,Non-HKUST,15,37,48627,3148551624,1591090335,4739641959
2016-07-16,LG4,Total,441,1995,2440046,148839642180,15579444935,164419087115
2016-07-16,All-Floors,Staff,128,845,950520,9054447829,1005281575,10059729404
2016-07-16,All-Floors,TPG,100,1444,1984030,184543471832,14137731086,198681202918
2016-07-16,All-Floors,RPG,275,1968,2091936,111992311488,28902230622,140894542110
2016-07-16,All-Floors,UG,505,4899,5737027,376675528120,43087756592,419763284712
2016-07-16,All-Floors,Alumni,56,585,701248,38788165193,3339744428,42127909621
2016-07-16,All-Floors,Others(HKUST),25,591,1385592,23444576582,2526647857,25971224439
2016-07-16,All-Floors,Non-HKUST,45,267,312537,11545027382,2991145627,14536173009
2016-07-16,All-Floors,Total,1134,10599,13162890,756043528426,95990537787,852034066213
2016-07-17,1,Staff,30,90,185865,81948113,260023029,341971142
2016-07-17,1,TPG,16,142,237304,9691077008,834999035,10526076043
2016-07-17,1,RPG,77,211,222279,20295843272,1491485465,21787328737
2016-07-17,1,UG,46,310,521231,25826552391,2442252985,28268805376
2016-07-17,1,Alumni,4,18,46302,3418918367,904631519,4323549886
2016-07-17,1,Others(HKUST),7,71,117484,709883899,41790517,751674416
2016-07-17,1,Non-HKUST,3,5,30719,708728371,49483931,758212302
2016-07-17,1,Total,183,847,1361184,60732951421,6024666481,66757617902
2016-07-17,G,Staff,34,127,190001,653806584,113302797,767109381
2016-07-17,G,TPG,44,175,155740,6720223030,652861988,7373085018
2016-07-17,G,RPG,64,221,217137,6760309624,718322832,7478632456
2016-07-17,G,UG,162,678,596557,41425403230,4386255075,45811658305
2016-07-17,G,Alumni,36,109,88936,6682491853,818909622,7501401475
2016-07-17,G,Others(HKUST),11,64,35439,68353429199,2653513696,71006942895
2016-07-17,G,Non-HKUST,17,34,55841,759631708,573666866,1333298574
2016-07-17,G,Total,368,1408,1339651,131355295228,9916832876,141272128104
2016-07-17,LG1,Staff,21,160,173819,7292861890,625572179,7918434069
2016-07-17,LG1,TPG,37,531,493412,68748007211,3507094257,72255101468
2016-07-17,LG1,RPG,44,339,333482,35443551956,1651568264,37095120220
2016-07-17,LG1,UG,203,1985,2624218,127459644616,10456846702,137916491318
2016-07-17,LG1,Alumni,24,196,205620,11883122944,1137871797,13020994741
2016-07-17,LG1,Others(HKUST),10,226,690913,8276631522,11143422553,19420054075
2016-07-17,LG1,Non-HKUST,8,82,90206,3982404592,679740387,4662144979
2016-07-17,LG1,Total,347,3519,4611670,263086224731,29202116139,292288340870
2016-07-17,LG3,Staff,40,78,56985,1108028098,152352569,1260380667
2016-07-17,LG3,TPG,26,82,95193,1819238257,119718835,1938957092
2016-07-17,LG3,RPG,41,128,170144,2223309903,431240445,2654550348
2016-07-17,LG3,UG,174,461,575000,41529729436,2185777546,43715506982
2016-07-17,LG3,Alumni,21,158,172470,5556492917,609572316,6166065233
2016-07-17,LG3,Others(HKUST),12,90,53379,3218925403,222016195,3440941598
2016-07-17,LG3,Non-HKUST,8,24,50611,2227873769,114475838,2342349607
2016-07-17,LG3,Total,322,1021,1173782,57683597783,3835153744,61518751527
2016-07-17,LG4,Staff,41,87,57895,294935857,20275163,315211020
2016-07-17,LG4,TPG,20,109,185195,10686552282,794523879,11481076161
2016-07-17,LG4,RPG,80,273,300183,9395675093,593631373,9989306466
2016-07-17,LG4,UG,190,607,562234,34957441628,2036491189,36993932817
2016-07-17,LG4,Alumni,26,139,133611,5601379809,270657480,5872037289
2016-07-17,LG4,Others(HKUST),12,89,212728,11456130067,616822619,12072952686
2016-07-17,LG4,Non-HKUST,13,47,55199,459277611,43168389,502446000
2016-07-17,LG4,Total,382,1351,1507045,72851392347,4375570092,77226962439
2016-07-17,All-Floors,Staff,114,542,664565,9431580542,1171525737,10603106279
2016-07-17,All-Floors,TPG,77,1039,1166844,97665097788,5909197994,103574295782
2016-07-17,All-Floors,RPG,213,1172,1243225,74118689848,4886248379,79004938227
2016-07-17,All-Floors,UG,477,4041,4879240,271198771301,21507623497,292706394798
2016-07-17,All-Floors,Alumni,60,620,646939,33142405890,3741642734,36884048624
2016-07-17,All-Floors,Others(HKUST),28,540,1109943,92015000090,14677565580,106692565670
2016-07-17,All-Floors,Non-HKUST,38,192,282576,8137916051,1460535411,9598451462
2016-07-17,All-Floors,Total,1007,8146,9993332,585709461510,53354339332,639063800842
2016-07-18,1,Staff,157,945,1270826,12151799262,2264395677,14416194939
2016-07-18,1,TPG,24,158,312881,39199837866,3946098666,43145936532
2016-07-18,1,RPG,193,607,582444,15089201663,1013159103,16102360766
2016-07-18,1,UG,82,496,831782,54121438934,3030700016,57152138950
2016-07-18,1,Alumni,5,29,45595,2136692284,253332153,2390024437
2016-07-18,1,Others(HKUST),27,128,120947,6805821889,334208195,7140030084
2016-07-18,1,Non-HKUST,7,28,78654,666171741,72300275,738472016
2016-07-18,1,Total,495,2391,3243129,130170963639,10914194085,141085157724
2016-07-18,G,Staff,149,900,873913,7647511546,1883709065,9531220611
2016-07-18,G,TPG,71,362,237183,26161182688,1398456093,27559638781
2016-07-18,G,RPG,131,610,563007,34637393627,8344791598,42982185225
2016-07-18,G,UG,311,1348,1071313,99344989836,6830429593,106175419429
2016-07-18,G,Alumni,15,57,37291,1668259603,159963882,1828223485
2016-07-18,G,Others(HKUST),49,347,323129,10739394900,1076606195,11816001095
2016-07-18,G,Non-HKUST,22,103,108396,7977620113,514105367,8491725480
2016-07-18,G,Total,748,3727,3214232,188176352313,20208061793,208384414106
2016-07-18,LG1,Staff,103,780,664265,15691988751,1571972277,17263961028
2016-07-18,LG1,TPG,69,901,1086962,87873884316,6999056394,94872940710
2016-07-18,LG1,RPG,110,1419,1144211,61208895210,5235521644,66444416854
2016-07-18,LG1,UG,481,5362,5153595,295271089376,32193452910,327464542286
2016-07-18,LG1,Alumni,8,87,126365,1784678190,227600818,2012279008
2016-07-18,LG1,Others(HKUST),25,388,778922,4797158049,2068311702,6865469751
2016-07-18,LG1,Non-HKUST,27,225,295765,9875047090,1007889723,10882936813
2016-07-18,LG1,Total,823,9162,9250085,476502740982,49303805468,525806546450
2016-07-18,LG3,Staff,102,350,224237,3404707031,289131899,3693838930
2016-07-18,LG3,TPG,29,122,138447,9952602267,930792716,10883394983
2016-07-18,LG3,RPG,96,528,526897,16713207097,1736816385,18450023482
2016-07-18,LG3,UG,327,1178,1039012,91633459849,10498001113,102131460962
2016-07-18,LG3,Alumni,9,76,81756,1543152248,269982656,1813134904
2016-07-18,LG3,Others(HKUST),30,134,55559,1066642831,155859422,1222502253
2016-07-18,LG3,Non-HKUST,15,52,59671,9545301927,400508561,9945810488
2016-07-18,LG3,Total,608,2440,2125579,133859073250,14281092752,148140166002
2016-07-18,LG4,Staff,170,554,328008,49243616643,3474247371,52717864014
2016-07-18,LG4,TPG,42,130,167337,20623417627,972267069,21595684696
2016-07-18,LG4,RPG,184,671,781988,22208785684,1687225238,23896010922
2016-07-18,LG4,UG,416,1412,1303381,90971161731,24478114713,115449276444
2016-07-18,LG4,Alumni,8,25,68275,668304728,168469155,836773883
2016-07-18,LG4,Others(HKUST),46,299,210572,8517278033,525073241,9042351274
2016-07-18,LG4,Non-HKUST,24,44,49204,125757194,15398367,141155561
2016-07-18,LG4,Total,890,3135,2908765,192358321640,31320795154,223679116794
2016-07-18,All-Floors,Staff,429,3529,3361249,88139623233,9483456289,97623079522
2016-07-18,All-Floors,TPG,120,1673,1942810,183810924764,14246670938,198057595702
2016-07-18,All-Floors,RPG,464,3835,3598547,149857483281,18017513968,167874997249
2016-07-18,All-Floors,UG,947,9796,9399083,631342139726,77030698345,708372838071
2016-07-18,All-Floors,Alumni,21,274,359282,7801087053,1079348664,8880435717
2016-07-18,All-Floors,Others(HKUST),86,1296,1489129,31926295702,4160058755,36086354457
2016-07-18,All-Floors,Non-HKUST,60,452,591690,28189898065,2010202293,30200100358
2016-07-18,All-Floors,Total,2127,20855,20741790,1121067451824,126027949252,1247095401076
2016-07-19,1,Staff,174,826,1033514,41358416636,1626704367,42985121003
2016-07-19,1,TPG,16,178,338051,18070714026,3523813594,21594527620
2016-07-19,1,RPG,173,640,591371,41161109432,2503033010,43664142442
2016-07-19,1,UG,82,588,876608,30226140032,2874769945,33100909977
2016-07-19,1,Alumni,7,43,95753,11854204402,637693323,12491897725
2016-07-19,1,Others(HKUST),55,211,116332,4549376305,324731956,4874108261
2016-07-19,1,Non-HKUST,10,25,42859,809065807,208653777,1017719584
2016-07-19,1,Total,517,2511,3094488,148029026640,11699399972,159728426612
2016-07-19,G,Staff,162,868,1006484,16249263784,2541201974,18790465758
2016-07-19,G,TPG,63,359,319186,27883406432,4737369391,32620775823
2016-07-19,G,RPG,141,584,557453,21230553483,6410552599,27641106082
2016-07-19,G,UG,291,1222,956640,42437591628,4430230719,46867822347
2016-07-19,G,Alumni,15,67,32806,4907220347,250420600,5157640947
2016-07-19,G,Others(HKUST),64,680,276144,18517419061,1397563385,19914982446
2016-07-19,G,Non-HKUST,32,167,140085,10902089992,1085196654,11987286646
2016-07-19,G,Total,768,3947,3288798,142127544727,20852535322,162980080049
2016-07-19,LG1,Staff,93,608,559566,20121728894,1669288764,21791017658
2016-07-19,LG1,TPG,61,765,822143,116669555233,16754408129,133423963362
2016-07-19,LG1,RPG,109,1299,1224998,61056054620,18919151939,79975206559
2016-07-19,LG1,UG,379,4539,4818104,239050169839,29295152359,268345322198
2016-07-19,LG1,Alumni,7,112,128599,18357717217,801452008,19159169225
2016-07-19,LG1,Others(HKUST),47,798,998238,17494137979,2840221744,20334359723
2016-07-19,LG1,Non-HKUST,32,425,468231,24285030801,4298273118,28583303919
2016-07-19,LG1,Total,728,8546,9019879,497034394583,74577948061,571612342644
2016-07-19,LG3,Staff,87,325,194036,6466255853,1567224994,8033480847
2016-07-19,LG3,TPG,35,199,307461,44950498906,2198695655,47149194561
2016-07-19,LG3,RPG,81,536,622969,22505964683,4223477712,26729442395
2016-07-19,LG3,UG,245,818,725968,59613668973,5618202663,65231871636
2016-07-19,LG3,Alumni,11,65,53124,4642931207,201610357,4844541564
2016-07-19,LG3,Others(HKUST),39,133,69760,2450873181,350435123,2801308304
2016-07-19,LG3,Non-HKUST,20,83,128331,8477888928,950669272,9428558200
2016-07-19,LG3,Total,518,2159,2101649,149108081731,15110315776,164218397507
2016-07-19,LG4,Staff,156,532,292866,11021169266,1258755717,12279924983
2016-07-19,LG4,TPG,51,241,306535,18872448112,950757748,19823205860
2016-07-19,LG4,RPG,174,955,883338,51670299154,4024458583,55694757737
2016-07-19,LG4,UG,457,1669,1243714,67081553579,53524813033,120606366612
2016-07-19,LG4,Alumni,9,60,60051,5338329094,255503076,5593832170
2016-07-19,LG4,Others(HKUST),54,278,219923,13896939535,544737093,14441676628
2016-07-19,LG4,Non-HKUST,31,147,86436,1851723865,244638085,2096361950
2016-07-19,LG4,Total,932,3882,3092863,169732462605,60803663335,230536125940
2016-07-19,All-Floors,Staff,414,3159,3086466,95216834433,8663175816,103880010249
2016-07-19,All-Floors,TPG,116,1742,2093376,226446622709,28165044517,254611667226
2016-07-19,All-Floors,RPG,439,4014,3880129,197623981372,36080673843,233704655215
2016-07-19,All-Floors,UG,883,8836,8621034,438409124051,95743168719,534152292770
2016-07-19,All-Floors,Alumni,26,347,370333,45100402267,2146679364,47247081631
2016-07-19,All-Floors,Others(HKUST),117,2100,1680397,56908746061,5457689301,62366435362
2016-07-19,All-Floors,Non-HKUST,65,847,865942,46325799393,6787430906,53113230299
2016-07-19,All-Floors,Total,2060,21045,20597677,1106031510286,183043862466,1289075372752
2016-07-20,1,Staff,191,922,1207073,25109394202,4675871478,29785265680
2016-07-20,1,TPG,22,274,431659,38736024060,4082854425,42818878485
2016-07-20,1,RPG,182,547,401022,19512862608,6971563345,26484425953
2016-07-20,1,UG,114,752,1079820,44662120363,4418079674,49080200037
2016-07-20,1,Alumni,5,22,54364,1474698618,107821537,1582520155
2016-07-20,1,Others(HKUST),34,108,85424,9703818375,593411909,10297230284
2016-07-20,1,Non-HKUST,14,25,60680,1387018333,164719287,1551737620
2016-07-20,1,Total,562,2650,3320042,140585936559,21014321655,161600258214
2016-07-20,G,Staff,165,937,937652,12694941019,4119584325,16814525344
2016-07-20,G,TPG,81,454,435260,33793936926,5071674128,38865611054
2016-07-20,G,RPG,120,676,652762,56239372119,2991902186,59231274305
2016-07-20,G,UG,353,1525,1157473,60315830022,6390652856,66706482878
2016-07-20,G,Alumni,8,26,11118,211053244,13040423,224093667
2016-07-20,G,Others(HKUST),35,201,108833,3939853631,232712657,4172566288
2016-07-20,G,Non-HKUST,33,185,207591,6571105517,711546760,7282652277
2016-07-20,G,Total,795,4004,3510689,173766092478,19531113335,193297205813
2016-07-20,LG1,Staff,118,740,570668,13887399669,2195664894,16083064563
2016-07-20,LG1,TPG,82,1326,1376882,252219669209,15063894204,267283563413
2016-07-20,LG1,RPG,111,1194,1216456,54568281753,3490404099,58058685852
2016-07-20,LG1,UG,472,4819,4350315,390470153295,50656143083,441126296378
2016-07-20,LG1,Alumni,7,49,70705,1044694156,62411464,1107105620
2016-07-20,LG1,Others(HKUST),26,578,948504,39174673942,2778225242,41952899184
2016-07-20,LG1,Non-HKUST,35,362,284359,23415897238,4289653215,27705550453
2016-07-20,LG1,Total,851,9068,8817889,774780769262,78536396201,853317165463
2016-07-20,LG3,Staff,106,500,324503,11195873712,11419683905,22615557617
2016-07-20,LG3,TPG,47,217,282901,25986561283,1858484243,27845045526
2016-07-20,LG3,RPG,94,581,694461,70225817342,5077329105,75303146447
2016-07-20,LG3,UG,275,1026,942027,138403712174,7917051706,146320763880
2016-07-20,LG3,Alumni,5,12,24450,193562218,38509419,232071637
2016-07-20,LG3,Others(HKUST),21,104,99329,5280133135,295793266,5575926401
2016-07-20,LG3,Non-HKUST,16,53,71609,10081552805,450073484,10531626289
2016-07-20,LG3,Total,564,2493,2439280,261367212669,27056925128,288424137797
2016-07-20,LG4,Staff,187,567,303398,11979092211,2690078925,14669171136
2016-07-20,LG4,TPG,68,256,329015,14200755468,1314812913,15515568381
2016-07-20,LG4,RPG,225,795,922295,23825817535,2471116146,26296933681
2016-07-20,LG4,UG,644,1961,1425792,72886862399,6061761715,78948624114
2016-07-20,LG4,Alumni,9,67,106577,2033026820,162920858,2195947678
2016-07-20,LG4,Others(HKUST),70,384,317489,14764033669,1565902050,16329935719
2016-07-20,LG4,Non-HKUST,42,131,109583,7660389769,728518413,8388908182
2016-07-20,LG4,Total,1245,4161,3514149,147349977871,14995111020,162345088891
2016-07-20,All-Floors,Staff,480,3666,3343294,74866700813,25100883527,99967584340
2016-07-20,All-Floors,TPG,147,2527,2855717,364936946946,27391719913,392328666859
2016-07-20,All-Floors,RPG,481,3793,3886996,224372151357,21002314881,245374466238
2016-07-20,All-Floors,UG,1119,10083,8955427,706738678253,75443689034,782182367287
2016-07-20,All-Floors,Alumni,18,176,267214,4957035056,384703701,5341738757
2016-07-20,All-Floors,Others(HKUST),121,1375,1559579,72862512752,5466045124,78328557876
2016-07-20,All-Floors,Non-HKUST,87,756,733822,49115963662,6344511159,55460474821
2016-07-20,All-Floors,Total,2453,22376,21602049,1497849988839,161133867339,1658983856178
2016-07-21,1,Staff,196,931,1225818,65364208142,7213828537,72578036679
2016-07-21,1,TPG,16,188,277084,19274308716,2282671623,21556980339
2016-07-21,1,RPG,169,611,591600,61241817463,8509550762,69751368225
2016-07-21,1,UG,104,744,1116160,88639968259,10248493347,98888461606
2016-07-21,1,Alumni,5,18,29416,1644799597,85938531,1730738128
2016-07-21,1,Others(HKUST),35,81,58416,4192035636,4497296183,8689331819
2016-07-21,1,Non-HKUST,12,63,81430,4459245796,357381350,4816627146
2016-07-21,1,Total,537,2636,3379924,244816383609,33195160333,278011543942
2016-07-21,G,Staff,155,898,974828,16090622437,1452277484,17542899921
2016-07-21,G,TPG,63,380,370952,20170784091,4338216809,24509000900
2016-07-21,G,RPG,110,466,394547,19333296045,1303350789,20636646834
2016-07-21,G,UG,324,1540,1272956,68483690715,8122263224,76605953939
2016-07-21,G,Alumni,12,34,15056,2438290540,94470614,2532761154
2016-07-21,G,Others(HKUST),47,297,257071,12740871277,785470685,13526341962
2016-07-21,G,Non-HKUST,29,136,123389,4360064386,533555835,4893620221
2016-07-21,G,Total,740,3751,3408799,143617619491,16629605440,160247224931
2016-07-21,LG1,Staff,109,834,730488,66953686315,3893577413,70847263728
2016-07-21,LG1,TPG,59,948,905737,122349040123,15907822883,138256863006
2016-07-21,LG1,RPG,124,1271,1145392,61561091466,7241032984,68802124450
2016-07-21,LG1,UG,472,5410,5398679,513215642199,41363255092,554578897291
2016-07-21,LG1,Alumni,2,67,65392,426136244,42230945,468367189
2016-07-21,LG1,Others(HKUST),28,320,719964,9230062036,1882767116,11112829152
2016-07-21,LG1,Non-HKUST,38,362,272581,7826182917,719558499,8545741416
2016-07-21,LG1,Total,832,9212,9238233,781561841300,71050244932,852612086232
2016-07-21,LG3,Staff,114,511,296050,10840563787,4001389458,14841953245
2016-07-21,LG3,TPG,35,206,380080,24609240684,2117760761,26727001445
2016-07-21,LG3,RPG,88,619,888089,34704804660,2496705038,37201509698
2016-07-21,LG3,UG,279,1257,1037554,38016163764,6084907528,44101071292
2016-07-21,LG3,Alumni,4,20,20193,182101218,10991332,193092550
2016-07-21,LG3,Others(HKUST),33,128,47941,2067293124,178061197,2245354321
2016-07-21,LG3,Non-HKUST,14,76,89423,17943171446,502645366,18445816812
2016-07-21,LG3,Total,567,2817,2759330,128363338683,15392460680,143755799363
2016-07-21,LG4,Staff,216,684,366088,10664509426,787354583,11451864009
2016-07-21,LG4,TPG,60,207,260313,33105092158,2011820068,35116912226
2016-07-21,LG4,RPG,195,805,853922,47508389343,6268378617,53776767960
2016-07-21,LG4,UG,496,1686,1512090,85757859271,9782238109,95540097380
2016-07-21,LG4,Alumni,6,27,17304,69087811,10505952,79593763
2016-07-21,LG4,Others(HKUST),73,371,421517,22776678610,3392225965,26168904575
2016-07-21,LG4,Non-HKUST,43,114,68050,2853106719,2277107838,5130214557
2016-07-21,LG4,Total,1089,3894,3499284,202734723338,24529631132,227264354470
2016-07-21,All-Floors,Staff,509,3858,3593272,169913590107,17348427475,187262017582
2016-07-21,All-Floors,TPG,126,1929,2194166,219508465772,26658292144,246166757916
2016-07-21,All-Floors,RPG,435,3772,3873550,224349398977,25819018190,250168417167
2016-07-21,All-Floors,UG,920,10637,10337439,794113324208,75601157300,869714481508
2016-07-21,All-Floors,Alumni,17,166,147361,4760415410,244137374,5004552784
2016-07-21,All-Floors,Others(HKUST),125,1197,1504909,51006940683,10735821146,61742761829
2016-07-21,All-Floors,Non-HKUST,73,751,634873,37441771264,4390248888,41832020152
2016-07-21,All-Floors,Total,2205,22310,22285570,1501093906421,160797102517,1661891008938
2016-07-22,1,Staff,178,983,1131527,21269600942,5797672306,27067273248
2016-07-22,1,TPG,33,249,295180,29010157282,1581537956,30591695238
2016-07-22,1,RPG,177,564,421903,23415645998,1766651129,25182297127
2016-07-22,1,UG,92,635,979632,69738614855,10206387866,79945002721
2016-07-22,1,Alumni,3,17,20438,3342251332,138670159,3480921491
2016-07-22,1,Others(HKUST),39,131,108006,12671772774,541253820,13213026594
2016-07-22,1,Non-HKUST,4,32,42483,5000342158,273661913,5274004071
2016-07-22,1,Total,526,2611,2999169,164448385341,20305835149,184754220490
2016-07-22,G,Staff,131,1003,883185,13798923274,2000560319,15799483593
2016-07-22,G,TPG,75,531,421744,18811353974,2424623909,21235977883
2016-07-22,G,RPG,127,760,696831,56613456368,5062654771,61676111139
2016-07-22,G,UG,266,1296,950522,71879940387,14492575362,86372515749
2016-07-22,G,Alumni,12,32,10102,1294965818,63388047,1358353865
2016-07-22,G,Others(HKUST),42,399,440719,11331762287,1040999418,12372761705
2016-07-22,G,Non-HKUST,22,144,122588,9560589061,610654232,10171243293
2016-07-22,G,Total,675,4165,3525691,183290991169,25695456058,208986447227
2016-07-22,LG1,Staff,75,666,611576,31155332924,1780744639,32936077563
2016-07-22,LG1,TPG,72,1109,947675,126348258313,13106596012,139454854325
2016-07-22,LG1,RPG,115,1177,1041277,96738705616,10015020480,106753726096
2016-07-22,LG1,UG,362,4147,4097990,374790623106,43953000210,418743623316
2016-07-22,LG1,Alumni,9,164,216092,3130949451,214453991,3345403442
2016-07-22,LG1,Others(HKUST),28,520,779141,15575778830,3385805118,18961583948
2016-07-22,LG1,Non-HKUST,20,263,208532,16140922696,5145909254,21286831950
2016-07-22,LG1,Total,681,8046,7902283,663880570936,77601529704,741482100640
2016-07-22,LG3,Staff,83,416,235195,11895215843,2370621493,14265837336
2016-07-22,LG3,TPG,35,182,242770,20293736176,9610696951,29904433127
2016-07-22,LG3,RPG,78,808,921917,79565384670,5917170630,85482555300
2016-07-22,LG3,UG,211,821,726907,73105084448,5296368571,78401453019
2016-07-22,LG3,Alumni,8,33,34565,1410963703,112617634,1523581337
2016-07-22,LG3,Others(HKUST),22,86,42145,1260636065,170539067,1431175132
2016-07-22,LG3,Non-HKUST,10,44,22613,1063693410,93124361,1156817771
2016-07-22,LG3,Total,447,2390,2226112,188594714315,23571138707,212165853022
2016-07-22,LG4,Staff,151,488,256679,20394724911,2296001134,22690726045
2016-07-22,LG4,TPG,39,180,213102,4525343437,777621700,5302965137
2016-07-22,LG4,RPG,215,756,692435,60661994340,5027880874,65689875214
2016-07-22,LG4,UG,426,1403,1130817,86218964575,6508993762,92727958337
2016-07-22,LG4,Alumni,8,44,22999,113877481,11222770,125100251
2016-07-22,LG4,Others(HKUST),63,380,346390,24433340489,2795573489,27228913978
2016-07-22,LG4,Non-HKUST,23,57,49074,3612828923,170608004,3783436927
2016-07-22,LG4,Total,925,3308,2711496,199961074156,17587901733,217548975889
2016-07-22,All-Floors,Staff,394,3556,3118162,98513797894,14245599891,112759397785
2016-07-22,All-Floors,TPG,129,2251,2120471,198988849182,27501076528,226489925710
2016-07-22,All-Floors,RPG,460,4065,3774363,316995186992,27789377884,344784564876
2016-07-22,All-Floors,UG,821,8302,7885868,675733227371,80457325771,756190553142
2016-07-22,All-Floors,Alumni,21,290,304196,9293007785,540352601,9833360386
2016-07-22,All-Floors,Others(HKUST),120,1516,1716401,65273290445,7934170912,73207461357
2016-07-22,All-Floors,Non-HKUST,51,540,445290,35378376248,6293957764,41672334012
2016-07-22,All-Floors,Total,1996,20520,19364751,1400175735917,164761861351,1564937597268
2016-07-23,1,Staff,34,123,220350,971358107,214413529,1185771636
2016-07-23,1,TPG,22,296,347306,43885285967,3392015128,47277301095
2016-07-23,1,RPG,87,297,271188,11792458931,634724151,12427183082
2016-07-23,1,UG,44,280,530567,22697335274,3817081529,26514416803
2016-07-23,1,Alumni,9,35,31929,7501452163,367342631,7868794794
2016-07-23,1,Others(HKUST),8,29,63889,101620777,20462182,122082959
2016-07-23,1,Non-HKUST,6,13,48394,3351683304,157791377,3509474681
2016-07-23,1,Total,210,1073,1513623,90301194523,8603830527,98905025050
2016-07-23,G,Staff,47,268,337075,6954012280,1844730137,8798742417
2016-07-23,G,TPG,65,369,230104,19001798947,7538677807,26540476754
2016-07-23,G,RPG,74,398,316814,47037654644,3973953941,51011608585
2016-07-23,G,UG,173,1080,852765,46802320529,8173578952,54975899481
2016-07-23,G,Alumni,31,113,113524,15237911214,3918363621,19156274835
2016-07-23,G,Others(HKUST),19,214,230944,3807068548,342839157,4149907705
2016-07-23,G,Non-HKUST,15,59,69910,499554859,71344069,570898928
2016-07-23,G,Total,424,2501,2151136,139340321021,25863487684,165203808705
2016-07-23,LG1,Staff,29,207,243834,19084060164,1308148026,20392208190
2016-07-23,LG1,TPG,55,601,816924,90420381481,8460819780,98881201261
2016-07-23,LG1,RPG,82,732,740284,32764880936,2292510808,35057391744
2016-07-23,LG1,UG,247,2902,3742768,225520295287,35150816323,260671111610
2016-07-23,LG1,Alumni,17,135,173998,20900223793,6744126076,27644349869
2016-07-23,LG1,Others(HKUST),11,273,834280,39122999260,2236225785,41359225045
2016-07-23,LG1,Non-HKUST,11,45,33849,950966478,106474021,1057440499
2016-07-23,LG1,Total,452,4895,6585937,428763807399,56299120819,485062928218
2016-07-23,LG3,Staff,31,164,112080,9554701844,788735148,10343436992
2016-07-23,LG3,TPG,27,114,167194,38121748757,1744415719,39866164476
2016-07-23,LG3,RPG,62,268,425801,30633643441,2357341216,32990984657
2016-07-23,LG3,UG,178,599,447922,33441425079,5161136639,38602561718
2016-07-23,LG3,Alumni,25,181,213323,13650952501,11013077392,24664029893
2016-07-23,LG3,Others(HKUST),11,43,22933,1318907658,127713478,1446621136
2016-07-23,LG3,Non-HKUST,15,40,87570,4755156828,174618482,4929775310
2016-07-23,LG3,Total,349,1409,1476823,131476536108,21367038074,152843574182
2016-07-23,LG4,Staff,67,218,275929,13153537371,991081105,14144618476
2016-07-23,LG4,TPG,41,207,294562,16514306959,1470224848,17984531807
2016-07-23,LG4,RPG,167,422,452398,13333681564,1179559396,14513240960
2016-07-23,LG4,UG,300,1001,890815,67552451736,5030975816,72583427552
2016-07-23,LG4,Alumni,19,96,106512,1751664071,120263408,1871927479
2016-07-23,LG4,Others(HKUST),22,230,335432,18441783695,1521491363,19963275058
2016-07-23,LG4,Non-HKUST,21,92,64390,3470684897,184973026,3655657923
2016-07-23,LG4,Total,637,2266,2420038,134218110293,10498568962,144716679255
2016-07-23,All-Floors,Staff,144,980,1189268,49717669766,5147107945,54864777711
2016-07-23,All-Floors,TPG,110,1587,1856090,207943522111,22606153282,230549675393
2016-07-23,All-Floors,RPG,311,2117,2206485,135562319516,10438089512,146000409028
2016-07-23,All-Floors,UG,565,5862,6464837,396013827905,57333589259,453347417164
2016-07-23,All-Floors,Alumni,55,560,639286,59042203742,22163173128,81205376870
2016-07-23,All-Floors,Others(HKUST),38,789,1487478,62792379938,4248731965,67041111903
2016-07-23,All-Floors,Non-HKUST,39,249,304113,13028046366,695200975,13723247341
2016-07-23,All-Floors,Total,1262,12144,14147557,924099969344,122632046066,1046732015410
2016-07-24,1,Staff,24,108,189108,386964248,567071383,954035631
2016-07-24,1,TPG,17,154,252359,9357940799,928055791,10285996590
2016-07-24,1,RPG,73,177,99898,2009864901,195735056,2205599957
2016-07-24,1,UG,40,271,515502,37046544822,2387266211,39433811033
2016-07-24,1,Alumni,2,2,11142,822562813,80365117,902927930
2016-07-24,1,Others(HKUST),5,39,63221,397467509,569433275,966900784
2016-07-24,1,Non-HKUST,3,5,19296,20259026,6027759,26286785
2016-07-24,1,Total,164,756,1150526,50041604118,4733954592,54775558710
2016-07-24,G,Staff,29,186,287375,4761749150,482346857,5244096007
2016-07-24,G,TPG,62,307,255430,13894866894,1181218741,15076085635
2016-07-24,G,RPG,59,243,225169,9531552913,665093683,10196646596
2016-07-24,G,UG,169,860,720539,48913332197,4216114996,53129447193
2016-07-24,G,Alumni,30,86,75520,2045276681,1363071896,3408348577
2016-07-24,G,Others(HKUST),8,135,155493,1515484779,546474191,2061958970
2016-07-24,G,Non-HKUST,8,40,38162,4515122721,815413504,5330536225
2016-07-24,G,Total,365,1857,1757688,85177385335,9269733868,94447119203
2016-07-24,LG1,Staff,20,189,183881,14884360779,1946590190,16830950969
2016-07-24,LG1,TPG,54,783,998960,83697157531,4783715871,88480873402
2016-07-24,LG1,RPG,49,426,472080,23503980754,4126832474,27630813228
2016-07-24,LG1,UG,235,2627,3312318,223813096248,17419979920,241233076168
2016-07-24,LG1,Alumni,19,142,188593,28064440418,1332351775,29396792193
2016-07-24,LG1,Others(HKUST),7,318,903468,9942564872,1313134431,11255699303
2016-07-24,LG1,Non-HKUST,9,67,93342,3933520348,431243080,4364763428
2016-07-24,LG1,Total,393,4552,6152642,387839120950,31353847741,419192968691
2016-07-24,LG3,Staff,30,61,36490,1095352415,65859583,1161211998
2016-07-24,LG3,TPG,31,86,99522,14907985891,738368437,15646354328
2016-07-24,LG3,RPG,50,212,248104,20725381619,1543916063,22269297682
2016-07-24,LG3,UG,150,589,580319,23459616504,2223979968,25683596472
2016-07-24,LG3,Alumni,20,86,127268,5107835010,353128040,5460963050
2016-07-24,LG3,Others(HKUST),9,19,9612,460998340,21020837,482019177
2016-07-24,LG3,Non-HKUST,11,37,79220,10456751409,409928871,10866680280
2016-07-24,LG3,Total,301,1090,1180535,76213921188,5356201799,81570122987
2016-07-24,LG4,Staff,49,131,112110,2049609161,232014859,2281624020
2016-07-24,LG4,TPG,50,159,223485,2453032414,223342148,2676374562
2016-07-24,LG4,RPG,132,331,416099,18827076375,1044846920,19871923295
2016-07-24,LG4,UG,309,819,951256,57391862785,4543384404,61935247189
2016-07-24,LG4,Alumni,27,200,197141,9588866985,4442989246,14031856231
2016-07-24,LG4,Others(HKUST),20,127,294515,17223946117,2180194849,19404140966
2016-07-24,LG4,Non-HKUST,21,39,23778,1179108273,63795550,1242903823
2016-07-24,LG4,Total,608,1806,2218384,108713502110,12730567976,121444070086
2016-07-24,All-Floors,Staff,110,675,808964,23178035753,3293882872,26471918625
2016-07-24,All-Floors,TPG,113,1489,1829756,124310983529,7854700988,132165684517
2016-07-24,All-Floors,RPG,246,1389,1461350,74597856562,7576424196,82174280758
2016-07-24,All-Floors,UG,535,5166,6079934,390624452556,30790725499,421415178055
2016-07-24,All-Floors,Alumni,50,516,599664,45628981907,7571906074,53200887981
2016-07-24,All-Floors,Others(HKUST),29,638,1426309,29540461617,4630257583,34170719200
2016-07-24,All-Floors,Non-HKUST,32,188,253798,20104761777,1726408764,21831170541
2016-07-24,All-Floors,Total,1115,10061,12459775,707985533701,63444305976,771429839677
2016-07-25,1,Staff,180,1031,1249828,75130097676,26594401599,101724499275
2016-07-25,1,TPG,21,265,360360,20482112083,1721090854,22203202937
2016-07-25,1,RPG,194,572,366900,5452808459,1089159698,6541968157
2016-07-25,1,UG,89,593,922543,31013355978,5486396347,36499752325
2016-07-25,1,Alumni,5,21,51514,1932212195,151178767,2083390962
2016-07-25,1,Others(HKUST),33,150,159260,18742154003,3012112375,21754266378
2016-07-25,1,Non-HKUST,6,21,50769,4223541258,2091279617,6314820875
2016-07-25,1,Total,528,2653,3161174,156976281652,40145619257,197121900909
2016-07-25,G,Staff,140,933,874266,15223245112,2064719242,17287964354
2016-07-25,G,TPG,69,515,491855,32942984975,2779827351,35722812326
2016-07-25,G,RPG,127,694,516685,66240307902,4818094684,71058402586
2016-07-25,G,UG,286,1331,997859,53684820841,7691576746,61376397587
2016-07-25,G,Alumni,11,46,44994,2006840460,121005702,2127846162
2016-07-25,G,Others(HKUST),55,405,300107,12938918529,1449542480,14388461009
2016-07-25,G,Non-HKUST,19,67,68632,5317653714,254272447,5571926161
2016-07-25,G,Total,707,3991,3294398,188354771533,19179038652,207533810185
2016-07-25,LG1,Staff,97,688,565800,34675675239,3253035633,37928710872
2016-07-25,LG1,TPG,86,1486,1395323,123180740428,12157375468,135338115896
2016-07-25,LG1,RPG,137,1336,1071822,168750042577,16629671443,185379714020
2016-07-25,LG1,UG,392,4062,3716591,207038609441,29205197529,236243806970
2016-07-25,LG1,Alumni,7,46,83665,882494664,2053053825,2935548489
2016-07-25,LG1,Others(HKUST),30,347,667529,21058147388,4158639102,25216786490
2016-07-25,LG1,Non-HKUST,15,233,177502,8123615930,1918756951,10042372881
2016-07-25,LG1,Total,764,8198,7678232,563709325667,69375729951,633085055618
2016-07-25,LG3,Staff,99,336,266354,10900376506,519976983,11420353489
2016-07-25,LG3,TPG,46,313,341192,9670990606,8730053757,18401044363
2016-07-25,LG3,RPG,102,666,842062,60433726877,12545958555,72979685432
2016-07-25,LG3,UG,278,1010,704907,36437232978,3317019028,39754252006
2016-07-25,LG3,Alumni,5,7,4512,362384355,13430683,375815038
2016-07-25,LG3,Others(HKUST),20,73,83858,749151240,85645929,834797169
2016-07-25,LG3,Non-HKUST,12,48,40019,3432941465,109489796,3542431261
2016-07-25,LG3,Total,562,2453,2282904,121986804027,25321574731,147308378758
2016-07-25,LG4,Staff,220,649,342331,25978525648,1910415848,27888941496
2016-07-25,LG4,TPG,76,300,359095,14883051115,896185884,15779236999
2016-07-25,LG4,RPG,260,948,933355,24096546669,3443031268,27539577937
2016-07-25,LG4,UG,490,1478,1069202,49476898615,4699731494,54176630109
2016-07-25,LG4,Alumni,14,49,42412,932403951,64049657,996453608
2016-07-25,LG4,Others(HKUST),68,489,437546,21996445632,3283877647,25280323279
2016-07-25,LG4,Non-HKUST,26,50,30305,968704988,115514630,1084219618
2016-07-25,LG4,Total,1154,3963,3214246,138332576618,14412806428,152745383046
2016-07-25,All-Floors,Staff,490,3637,3298579,161907920181,34342549305,196250469486
2016-07-25,All-Floors,TPG,148,2879,2947825,201159879207,26284533314,227444412521
2016-07-25,All-Floors,RPG,537,4216,3730824,324973432484,38525915648,363499348132
2016-07-25,All-Floors,UG,928,8474,7411102,377650917853,50399921144,428050838997
2016-07-25,All-Floors,Alumni,20,169,227097,6116335625,2402718634,8519054259
2016-07-25,All-Floors,Others(HKUST),131,1464,1648300,75484816792,11989817533,87474634325
2016-07-25,All-Floors,Non-HKUST,53,419,367227,22066457355,4489313441,26555770796
2016-07-25,All-Floors,Total,2307,21258,19630954,1169359759497,168434769019,1337794528516
2016-07-26,1,Staff,180,911,1039338,41019753727,2938692979,43958446706
2016-07-26,1,TPG,21,225,371708,30056505971,1645408107,31701914078
2016-07-26,1,RPG,198,569,453558,21653105374,2391115284,24044220658
2016-07-26,1,UG,81,443,640225,38940964327,2389402129,41330366456
2016-07-26,1,Alumni,7,59,90895,5903407925,450629175,6354037100
2016-07-26,1,Others(HKUST),34,110,77119,1595556042,160457455,1756013497
2016-07-26,1,Non-HKUST,7,39,42059,389917473,106241263,496158736
2016-07-26,1,Total,528,2356,2714902,139559210839,10081946392,149641157231
2016-07-26,G,Staff,152,969,1127674,19027321600,2011430728,21038752328
2016-07-26,G,TPG,72,518,547624,31591139902,2670094506,34261234408
2016-07-26,G,RPG,138,577,531542,31411052870,5305055512,36716108382
2016-07-26,G,UG,242,1160,903005,30814892047,5077323824,35892215871
2016-07-26,G,Alumni,14,58,47677,3605476922,490405197,4095882119
2016-07-26,G,Others(HKUST),53,288,284246,10149488796,607294858,10756783654
2016-07-26,G,Non-HKUST,18,80,104832,3956510181,293742968,4250253149
2016-07-26,G,Total,689,3650,3546600,130555882318,16455347593,147011229911
2016-07-26,LG1,Staff,108,764,610092,50561436628,2851041978,53412478606
2016-07-26,LG1,TPG,58,982,900607,129316913057,6688648082,136005561139
2016-07-26,LG1,RPG,116,1113,1161590,109141370716,6166568810,115307939526
2016-07-26,LG1,UG,327,3550,3831972,218484853692,19071988916,237556842608
2016-07-26,LG1,Alumni,7,61,75344,2009245465,170663763,2179909228
2016-07-26,LG1,Others(HKUST),34,420,725408,34836144969,5250973671,40087118640
2016-07-26,LG1,Non-HKUST,18,231,215773,14195058148,835795879,15030854027
2016-07-26,LG1,Total,668,7121,7520786,558545022675,41035681099,599580703774
2016-07-26,LG3,Staff,98,329,179505,6017038919,539326377,6556365296
2016-07-26,LG3,TPG,34,319,412555,34193510374,7460096437,41653606811
2016-07-26,LG3,RPG,112,781,1000584,42189297327,3286139298,45475436625
2016-07-26,LG3,UG,282,929,632705,38082468794,3937279793,42019748587
2016-07-26,LG3,Alumni,7,14,4439,145510649,10125215,155635864
2016-07-26,LG3,Others(HKUST),32,133,132011,8625083889,757224999,9382308888
2016-07-26,LG3,Non-HKUST,10,58,33172,772551719,125235484,897787203
2016-07-26,LG3,Total,575,2563,2394971,130025461671,16115427603,146140889274
2016-07-26,LG4,Staff,186,594,285100,10910754714,1077724250,11988478964
2016-07-26,LG4,TPG,39,167,213211,9642420281,1044002954,10686423235
2016-07-26,LG4,RPG,217,1023,1006906,47987418310,3882198380,51869616690
2016-07-26,LG4,UG,354,1082,839062,44071580301,4237569238,48309149539
2016-07-26,LG4,Alumni,8,31,21459,338037109,72734107,410771216
2016-07-26,LG4,Others(HKUST),57,390,397398,9051015584,1617516191,10668531775
2016-07-26,LG4,Non-HKUST,28,72,20252,534304551,68670054,602974605
2016-07-26,LG4,Total,889,3359,2783388,122535530850,12000415174,134535946024
2016-07-26,All-Floors,Staff,469,3567,3241709,127536305588,9418216312,136954521900
2016-07-26,All-Floors,TPG,116,2211,2445705,234800489585,19508250086,254308739671
2016-07-26,All-Floors,RPG,493,4063,4154180,252382244597,21031077284,273413321881
2016-07-26,All-Floors,UG,747,7164,6846969,370394759161,34713563900,405108323061
2016-07-26,All-Floors,Alumni,20,223,239814,12001678070,1194557457,13196235527
2016-07-26,All-Floors,Others(HKUST),126,1341,1616182,64257289280,8393467174,72650756454
2016-07-26,All-Floors,Non-HKUST,52,480,416088,19848342072,1429685648,21278027720
2016-07-26,All-Floors,Total,2023,19049,18960647,1081221108353,95688817861,1176909926214
2016-07-27,1,Staff,200,944,919157,26843997166,3099082209,29943079375
2016-07-27,1,TPG,21,163,174968,11191502039,869538708,12061040747
2016-07-27,1,RPG,187,628,334394,10662722571,814495097,11477217668
2016-07-27,1,UG,91,574,938097,39326165214,4293751676,43619916890
2016-07-27,1,Alumni,5,32,57600,3232970738,183508699,3416479437
2016-07-27,1,Others(HKUST),26,72,58545,2327065109,402720791,2729785900
2016-07-27,1,Non-HKUST,6,10,33415,104552575,97572793,202125368
2016-07-27,1,Total,536,2423,2516176,93688975412,9760669973,103449645385
2016-07-27,G,Staff,158,961,1003002,17150865104,3136719831,20287584935
2016-07-27,G,TPG,82,580,587080,29616833655,3147309304,32764142959
2016-07-27,G,RPG,153,681,664354,39302475276,4287437828,43589913104
2016-07-27,G,UG,256,1433,1202018,68633014962,8219597956,76852612918
2016-07-27,G,Alumni,15,74,49487,11737045255,22546140933,34283186188
2016-07-27,G,Others(HKUST),52,350,291489,10916493216,640361566,11556854782
2016-07-27,G,Non-HKUST,23,117,109194,5116847093,1259950083,6376797176
2016-07-27,G,Total,739,4196,3906624,182473574561,43237517501,225711092062
2016-07-27,LG1,Staff,108,799,597271,23831713906,1860743099,25692457005
2016-07-27,LG1,TPG,66,1144,964961,54665110572,14024442757,68689553329
2016-07-27,LG1,RPG,151,1656,1447838,93958775838,6982508381,100941284219
2016-07-27,LG1,UG,364,3904,4352293,273503840584,24545644102,298049484686
2016-07-27,LG1,Alumni,12,104,135392,4430067042,371218444,4801285486
2016-07-27,LG1,Others(HKUST),30,412,634500,11307491119,1832409858,13139900977
2016-07-27,LG1,Non-HKUST,20,283,264067,32013789232,2636611405,34650400637
2016-07-27,LG1,Total,751,8302,8396322,493710788293,52253578046,545964366339
2016-07-27,LG3,Staff,112,436,364768,19463561678,4149587802,23613149480
2016-07-27,LG3,TPG,48,278,377332,44274494636,6674677956,50949172592
2016-07-27,LG3,RPG,123,698,876514,35767744404,5567986941,41335731345
2016-07-27,LG3,UG,289,962,802120,26973767032,3502359580,30476126612
2016-07-27,LG3,Alumni,8,40,12031,1132795197,548210226,1681005423
2016-07-27,LG3,Others(HKUST),35,92,113269,4425975256,362102645,4788077901
2016-07-27,LG3,Non-HKUST,7,38,59206,2851365886,194565925,3045931811
2016-07-27,LG3,Total,622,2544,2605240,134889704089,20999491075,155889195164
2016-07-27,LG4,Staff,185,541,305726,46236681787,1692543606,47929225393
2016-07-27,LG4,TPG,52,272,343210,44827314129,2092992840,46920306969
2016-07-27,LG4,RPG,235,758,863544,47607905432,4639335320,52247240752
2016-07-27,LG4,UG,413,1442,1153188,104185242300,5749653175,109934895475
2016-07-27,LG4,Alumni,13,66,123218,1499452106,420399872,1919851978
2016-07-27,LG4,Others(HKUST),54,383,398298,19149684368,3260785497,22410469865
2016-07-27,LG4,Non-HKUST,21,56,61533,1094173081,130713127,1224886208
2016-07-27,LG4,Total,973,3518,3248717,264600453203,17986423437,282586876640
2016-07-27,All-Floors,Staff,491,3681,3189924,133526819641,13938676547,147465496188
2016-07-27,All-Floors,TPG,137,2437,2447551,184575255031,26808961565,211384216596
2016-07-27,All-Floors,RPG,520,4421,4186644,227299623521,22291763567,249591387088
2016-07-27,All-Floors,UG,840,8315,8447716,512622030092,46311006489,558933036581
2016-07-27,All-Floors,Alumni,27,316,377728,22032330338,24069478174,46101808512
2016-07-27,All-Floors,Others(HKUST),117,1309,1496101,48126709068,6498380357,54625089425
2016-07-27,All-Floors,Non-HKUST,46,504,527415,41180727867,4319413333,45500141200
2016-07-27,All-Floors,Total,2178,20983,20673079,1169363495558,144237680032,1313601175590
2016-07-28,1,Staff,181,824,962343,23840163338,2080246537,25920409875
2016-07-28,1,TPG,26,181,321009,37647447182,6386647954,44034095136
2016-07-28,1,RPG,188,557,445218,17389268721,1327218408,18716487129
2016-07-28,1,UG,87,531,739916,36422494979,3009341056,39431836035
2016-07-28,1,Alumni,6,35,58383,6373577526,238236643,6611814169
2016-07-28,1,Others(HKUST),23,117,134062,18206468117,703857052,18910325169
2016-07-28,1,Non-HKUST,9,60,50388,3329731528,985214355,4314945883
2016-07-28,1,Total,520,2305,2711319,143209151391,14730762005,157939913396
2016-07-28,G,Staff,161,879,910915,21212777566,2138465192,23351242758
2016-07-28,G,TPG,75,429,467615,66098294583,4132631811,70230926394
2016-07-28,G,RPG,129,466,393580,20837528371,2387816623,23225344994
2016-07-28,G,UG,238,1109,1054178,36537106399,4001261710,40538368109
2016-07-28,G,Alumni,12,44,16126,450559675,32712384,483272059
2016-07-28,G,Others(HKUST),29,204,174789,12068175062,1235693523,13303868585
2016-07-28,G,Non-HKUST,21,120,124690,12895171634,702825214,13597996848
2016-07-28,G,Total,665,3251,3141893,170099613290,14631406457,184731019747
2016-07-28,LG1,Staff,112,714,524235,23355118259,1800546772,25155665031
2016-07-28,LG1,TPG,61,849,892797,64918868976,6541041831,71459910807
2016-07-28,LG1,RPG,113,1026,1134860,58531387990,6029072013,64560460003
2016-07-28,LG1,UG,387,3998,4141043,268719129195,48065805595,316784934790
2016-07-28,LG1,Alumni,8,62,69445,998429719,69960849,1068390568
2016-07-28,LG1,Others(HKUST),29,280,749251,7096792559,1333884303,8430676862
2016-07-28,LG1,Non-HKUST,20,200,212679,10470376473,829080030,11299456503
2016-07-28,LG1,Total,730,7129,7724310,434090103171,64669391393,498759494564
2016-07-28,LG3,Staff,87,336,193111,17290108609,1003973801,18294082410
2016-07-28,LG3,TPG,41,216,291473,17543845326,1221178166,18765023492
2016-07-28,LG3,RPG,92,523,675008,22795622322,4135460026,26931082348
2016-07-28,LG3,UG,207,890,861348,46503801030,4712042740,51215843770
2016-07-28,LG3,Alumni,5,9,12434,453171994,21963204,475135198
2016-07-28,LG3,Others(HKUST),18,79,47613,369089777,32888009,401977786
2016-07-28,LG3,Non-HKUST,14,39,7882,113707177,14628880,128336057
2016-07-28,LG3,Total,464,2092,2088869,105069346235,11142134826,116211481061
2016-07-28,LG4,Staff,167,505,306141,50952525056,2011528094,52964053150
2016-07-28,LG4,TPG,39,204,262552,8516147769,843827697,9359975466
2016-07-28,LG4,RPG,177,792,1020975,71822713989,5577831597,77400545586
2016-07-28,LG4,UG,348,1370,1335346,89866687086,4211369578,94078056664
2016-07-28,LG4,Alumni,3,33,31316,198363219,17991751,216354970
2016-07-28,LG4,Others(HKUST),32,303,365207,16162985093,2344802406,18507787499
2016-07-28,LG4,Non-HKUST,18,31,14169,370873712,58683557,429557269
2016-07-28,LG4,Total,784,3238,3335706,237890295924,15066034680,252956330604
2016-07-28,All-Floors,Staff,457,3258,2896745,136650692828,9034760396,145685453224
2016-07-28,All-Floors,TPG,134,1879,2235446,194724603836,19125327459,213849931295
2016-07-28,All-Floors,RPG,475,3364,3669641,191376521393,19457398667,210833920060
2016-07-28,All-Floors,UG,779,7898,8131831,478049218689,63999820679,542049039368
2016-07-28,All-Floors,Alumni,15,183,187704,8474102133,380864831,8854966964
2016-07-28,All-Floors,Others(HKUST),78,983,1470922,53903510608,5651125293,59554635901
2016-07-28,All-Floors,Non-HKUST,52,450,409808,27179860524,2590432036,29770292560
2016-07-28,All-Floors,Total,1990,18015,19002097,1090358510011,120239729361,1210598239372
2016-07-29,1,Staff,179,955,979353,81681347973,6278235329,87959583302
2016-07-29,1,TPG,29,255,419718,30508983716,2060632643,32569616359
2016-07-29,1,RPG,176,501,369029,7439385217,761435165,8200820382
2016-07-29,1,UG,88,532,809474,33638661091,3948916659,37587577750
2016-07-29,1,Alumni,4,18,13002,49547486,14424799,63972285
2016-07-29,1,Others(HKUST),26,114,104923,1220734348,181703467,1402437815
2016-07-29,1,Non-HKUST,12,51,98627,10528385136,41991041938,52519427074
2016-07-29,1,Total,514,2426,2794126,165067044967,55236390000,220303434967
2016-07-29,G,Staff,147,807,759543,59058989960,3046575209,62105565169
2016-07-29,G,TPG,94,530,440359,21241545054,4020404193,25261949247
2016-07-29,G,RPG,119,527,447717,26981949542,3519935162,30501884704
2016-07-29,G,UG,217,1198,1091145,60954765952,6370237330,67325003282
2016-07-29,G,Alumni,14,65,19345,250182799,141631021,391813820
2016-07-29,G,Others(HKUST),44,274,298474,13707654491,1023675969,14731330460
2016-07-29,G,Non-HKUST,20,52,75945,736577025,152577315,889154340
2016-07-29,G,Total,655,3453,3132528,182931664823,18275036199,201206701022
2016-07-29,LG1,Staff,103,669,486084,18176106547,1646668655,19822775202
2016-07-29,LG1,TPG,75,842,938937,64938275425,15093085142,80031360567
2016-07-29,LG1,RPG,127,1142,1180025,60209693945,7372922315,67582616260
2016-07-29,LG1,UG,293,2910,3211454,159554659997,14385259984,173939919981
2016-07-29,LG1,Alumni,5,88,120902,982023906,124457527,1106481433
2016-07-29,LG1,Others(HKUST),27,203,632462,8061176394,745062395,8806238789
2016-07-29,LG1,Non-HKUST,19,245,170135,3312913917,465253927,3778167844
2016-07-29,LG1,Total,649,6099,6739999,315234850131,39832709945,355067560076
2016-07-29,LG3,Staff,107,405,216941,13403574626,1981090671,15384665297
2016-07-29,LG3,TPG,56,431,463967,59172868949,4145417581,63318286530
2016-07-29,LG3,RPG,86,565,817561,35484308673,3488663730,38972972403
2016-07-29,LG3,UG,187,607,557903,27590328153,8233663392,35823991545
2016-07-29,LG3,Alumni,8,24,6417,207303440,6640692,213944132
2016-07-29,LG3,Others(HKUST),23,46,24929,610439421,30884618,641324039
2016-07-29,LG3,Non-HKUST,11,29,24724,51481166,10031947,61513113
2016-07-29,LG3,Total,478,2107,2112442,136520304428,17896392631,154416697059
2016-07-29,LG4,Staff,177,471,294794,13483226713,893464341,14376691054
2016-07-29,LG4,TPG,46,320,462766,26381973906,4728888211,31110862117
2016-07-29,LG4,RPG,183,596,688641,31965571279,2393501631,34359072910
2016-07-29,LG4,UG,302,1188,1110495,49700120549,7197634108,56897754657
2016-07-29,LG4,Alumni,4,21,14568,291537351,12681195,304218546
2016-07-29,LG4,Others(HKUST),47,343,384511,23767613434,4620332208,28387945642
2016-07-29,LG4,Non-HKUST,15,24,5417,69530606,9184253,78714859
2016-07-29,LG4,Total,774,2963,2961192,145659573838,19855685947,165515259785
2016-07-29,All-Floors,Staff,462,3307,2736715,185803245819,13846034205,199649280024
2016-07-29,All-Floors,TPG,140,2378,2725747,202243647050,30048427770,232292074820
2016-07-29,All-Floors,RPG,442,3331,3502973,162080908656,17536458003,179617366659
2016-07-29,All-Floors,UG,678,6435,6780471,331438535742,40135711473,371574247215
2016-07-29,All-Floors,Alumni,18,216,174234,1780594982,299835234,2080430216
2016-07-29,All-Floors,Others(HKUST),100,980,1445299,47367618088,6601658657,53969276745
2016-07-29,All-Floors,Non-HKUST,50,401,374848,14698887850,42628089380,57326977230
2016-07-29,All-Floors,Total,1890,17048,17740287,945413438187,151096214722,1096509652909
2016-07-30,1,Staff,49,211,227740,2602543236,179072027,2781615263
2016-07-30,1,TPG,24,125,228650,24568405222,963337916,25531743138
2016-07-30,1,RPG,94,263,191257,9825012000,605708344,10430720344
2016-07-30,1,UG,49,285,515376,47512569047,2942229575,50454798622
2016-07-30,1,Alumni,7,47,59859,2388697001,156322723,2545019724
2016-07-30,1,Others(HKUST),10,65,64793,1725881331,471807310,2197688641
2016-07-30,1,Non-HKUST,2,5,25816,1199429719,61560921,1260990640
2016-07-30,1,Total,235,1001,1313491,89822537556,5380038816,95202576372
2016-07-30,G,Staff,40,254,319703,16093740528,2624406135,18718146663
2016-07-30,G,TPG,96,510,390926,41072029951,6132593583,47204623534
2016-07-30,G,RPG,76,269,196417,25176476042,3694458748,28870934790
2016-07-30,G,UG,161,868,969245,145224080747,7256932529,152481013276
2016-07-30,G,Alumni,33,124,73012,6486988200,1332815674,7819803874
2016-07-30,G,Others(HKUST),11,118,160191,37839857231,4391311993,42231169224
2016-07-30,G,Non-HKUST,16,64,29876,3004305757,246864755,3251170512
2016-07-30,G,Total,433,2207,2139370,274897478456,25679383417,300576861873
2016-07-30,LG1,Staff,34,267,258558,10763308585,627114996,11390423581
2016-07-30,LG1,TPG,93,967,1139834,124658005280,19453235867,144111241147
2016-07-30,LG1,RPG,68,618,783757,69535943617,9755747844,79291691461
2016-07-30,LG1,UG,207,1830,2365443,147115783945,17662243762,164778027707
2016-07-30,LG1,Alumni,20,178,200181,13050647510,1616102493,14666750003
2016-07-30,LG1,Others(HKUST),16,120,637462,4272775965,1300329949,5573105914
2016-07-30,LG1,Non-HKUST,12,71,137583,4003126592,705583225,4708709817
2016-07-30,LG1,Total,450,4051,5522818,373399591494,51120358136,424519949630
2016-07-30,LG3,Staff,38,151,144543,11181749159,412173663,11593922822
2016-07-30,LG3,TPG,46,253,392876,16320265227,2076148193,18396413420
2016-07-30,LG3,RPG,72,331,415181,22911627221,2097548302,25009175523
2016-07-30,LG3,UG,205,476,364054,21789461960,2541779544,24331241504
2016-07-30,LG3,Alumni,25,100,125031,4576066458,2775695031,7351761489
2016-07-30,LG3,Others(HKUST),20,34,7673,584774681,298158519,882933200
2016-07-30,LG3,Non-HKUST,18,53,104017,5242267963,603593226,5845861189
2016-07-30,LG3,Total,424,1398,1553375,82606212669,10805096478,93411309147
2016-07-30,LG4,Staff,48,171,189368,5443055790,595224749,6038280539
2016-07-30,LG4,TPG,69,259,476576,8866951261,1101006509,9967957770
2016-07-30,LG4,RPG,126,353,461546,29159534252,2099666625,31259200877
2016-07-30,LG4,UG,255,799,888877,66786359760,5256566006,72042925766
2016-07-30,LG4,Alumni,21,120,184191,6935872760,495214440,7431087200
2016-07-30,LG4,Others(HKUST),23,248,384359,21817908173,1879675415,23697583588
2016-07-30,LG4,Non-HKUST,11,34,11351,1231826841,65846566,1297673407
2016-07-30,LG4,Total,553,1984,2596268,140241508837,11493200310,151734709147
2016-07-30,All-Floors,Staff,135,1054,1139912,46084397298,4437991570,50522388868
2016-07-30,All-Floors,TPG,174,2114,2628862,215485656941,29726322068,245211979009
2016-07-30,All-Floors,RPG,297,1834,2048158,156608593132,18253129863,174861722995
2016-07-30,All-Floors,UG,541,4258,5102995,428428255459,35659751416,464088006875
2016-07-30,All-Floors,Alumni,57,569,642274,33438271929,6376150361,39814422290
2016-07-30,All-Floors,Others(HKUST),54,585,1254478,66241197381,8341283186,74582480567
2016-07-30,All-Floors,Non-HKUST,42,227,308643,14680956872,1683448693,16364405565
2016-07-30,All-Floors,Total,1300,10641,13125322,960967329012,104478077157,1065445406169
2016-07-31,1,Staff,28,93,202472,426080629,46015665,472096294
2016-07-31,1,TPG,16,184,208791,12103308978,1026219434,13129528412
2016-07-31,1,RPG,87,159,126045,8552154544,596606442,9148760986
2016-07-31,1,UG,36,122,276550,23884584010,1483901281,25368485291
2016-07-31,1,Alumni,7,20,63581,8943015359,501773417,9444788776
2016-07-31,1,Others(HKUST),4,24,26507,30412920,6551504,36964424
2016-07-31,1,Non-HKUST,4,8,36690,1406213522,86013866,1492227388
2016-07-31,1,Total,182,610,940636,55345769962,3747081609,59092851571
2016-07-31,G,Staff,25,97,230786,9375272922,294735580,9670008502
2016-07-31,G,TPG,66,379,372628,12580210901,4172106245,16752317146
2016-07-31,G,RPG,66,187,132295,3302124610,673356901,3975481511
2016-07-31,G,UG,135,616,545017,38205354086,7365297386,45570651472
2016-07-31,G,Alumni,30,82,36413,4236089706,388423913,4624513619
2016-07-31,G,Others(HKUST),13,120,117953,7568597501,400547518,7969145019
2016-07-31,G,Non-HKUST,17,62,32578,1795761892,131702019,1927463911
2016-07-31,G,Total,352,1543,1467670,77063411618,13426169562,90489581180
2016-07-31,LG1,Staff,18,100,78778,2677761014,435173508,3112934522
2016-07-31,LG1,TPG,55,496,557629,41369102694,5259793786,46628896480
2016-07-31,LG1,RPG,48,480,491972,31847603354,3680778000,35528381354
2016-07-31,LG1,UG,180,1471,2218281,176544585132,13029428790,189574013922
2016-07-31,LG1,Alumni,20,102,145553,10271666196,636348885,10908015081
2016-07-31,LG1,Others(HKUST),7,122,612538,6151648372,614732701,6766381073
2016-07-31,LG1,Non-HKUST,17,117,177898,7299928487,737719204,8037647691
2016-07-31,LG1,Total,345,2888,4282649,276162295249,24393974874,300556270123
2016-07-31,LG3,Staff,33,52,28914,1967698497,102549206,2070247703
2016-07-31,LG3,TPG,38,172,258348,12093429563,833907285,12927336848
2016-07-31,LG3,RPG,57,230,279845,11165073978,964224053,12129298031
2016-07-31,LG3,UG,205,450,389078,23481736745,7543393747,31025130492
2016-07-31,LG3,Alumni,19,128,249757,6801222054,903473644,7704695698
2016-07-31,LG3,Others(HKUST),13,28,7199,574505650,29068997,603574647
2016-07-31,LG3,Non-HKUST,9,27,42741,106418512,9001590,115420102
2016-07-31,LG3,Total,374,1087,1255882,56190084999,10385618522,66575703521
2016-07-31,LG4,Staff,49,102,82131,3778792794,1103115116,4881907910
2016-07-31,LG4,TPG,51,289,457831,19243997066,2059802933,21303799999
2016-07-31,LG4,RPG,112,290,292512,15376192746,1602459561,16978652307
2016-07-31,LG4,UG,235,663,492213,35525031726,2850990820,38376022546
2016-07-31,LG4,Alumni,28,97,129794,13912562548,930774731,14843337279
2016-07-31,LG4,Others(HKUST),12,108,269318,38141980227,3319565280,41461545507
2016-07-31,LG4,Non-HKUST,20,63,43125,1656742277,89089053,1745831330
2016-07-31,LG4,Total,507,1612,1766924,127635299384,11955797494,139591096878
2016-07-31,All-Floors,Staff,114,444,623081,18225605856,1981589075,20207194931
2016-07-31,All-Floors,TPG,120,1520,1855227,97390049202,13351829683,110741878885
2016-07-31,All-Floors,RPG,260,1346,1322669,70243149232,7517424957,77760574189
2016-07-31,All-Floors,UG,493,3322,3921139,297641291699,32273012024,329914303723
2016-07-31,All-Floors,Alumni,57,429,625098,44164555863,3360794590,47525350453
2016-07-31,All-Floors,Others(HKUST),29,402,1033515,52467144670,4370466000,56837610670
2016-07-31,All-Floors,Non-HKUST,37,277,333032,12265064690,1053525732,13318590422
2016-07-31,All-Floors,Total,1110,7740,9713761,592396861212,63908642061,656305503273
