Date,Floor,User-Group,User-Count,WiFi-Conn,Duration-Sec,Traffic-In-Byte,Traffic-Out-Byte,Traffic-Both-Byte
2016-08-01,1,Staff,153,810,1066729,10554694543,2109530465,12664225008
2016-08-01,1,TPG,14,138,171381,8386672173,596246595,8982918768
2016-08-01,1,RPG,172,517,357183,13582906820,1076147063,14659053883
2016-08-01,1,UG,73,422,759398,34964213844,6484457874,41448671718
2016-08-01,1,Alumni,2,9,15312,332955206,51123534,384078740
2016-08-01,1,Others(HKUST),18,61,47951,2352773662,106614854,2459388516
2016-08-01,1,Non-HKUST,6,24,28381,313886280,286283629,600169909
2016-08-01,1,Total,438,1981,2446335,70488102528,10710404014,81198506542
2016-08-01,G,Staff,130,865,802122,25956327957,2422349495,28378677452
2016-08-01,G,TPG,74,357,339920,22691164639,3940858941,26632023580
2016-08-01,G,RPG,118,569,551691,37200463109,2848308068,40048771177
2016-08-01,G,UG,201,1011,929469,56507789943,8382741016,64890530959
2016-08-01,G,Alumni,5,12,4924,3127102,10201866,13328968
2016-08-01,G,Others(HKUST),23,223,210638,5464898915,555112844,6020011759
2016-08-01,G,Non-HKUST,18,66,47792,5139731525,185149543,5324881068
2016-08-01,G,Total,569,3103,2886556,152963503190,18344721773,171308224963
2016-08-01,LG1,Staff,104,549,436796,16906238156,1784622339,18690860495
2016-08-01,LG1,TPG,64,906,764351,94016400977,9505014729,103521415706
2016-08-01,LG1,RPG,97,802,802286,32723871221,2988413192,35712284413
2016-08-01,LG1,UG,286,2794,3194752,196211477410,16408864900,212620342310
2016-08-01,LG1,Alumni,7,113,82297,1245940401,180422649,1426363050
2016-08-01,LG1,Others(HKUST),18,232,647713,5304170188,838887463,6143057651
2016-08-01,LG1,Non-HKUST,16,134,97416,10480174143,1041320043,11521494186
2016-08-01,LG1,Total,592,5530,6025611,356888272496,32747545315,389635817811
2016-08-01,LG3,Staff,95,325,240362,6292193630,797579951,7089773581
2016-08-01,LG3,TPG,35,186,166671,17781690912,1701738577,19483429489
2016-08-01,LG3,RPG,84,380,458037,37596781162,4437795530,42034576692
2016-08-01,LG3,UG,231,678,462055,23135952480,2231329628,25367282108
2016-08-01,LG3,Alumni,7,38,16983,72893740,27956554,100850294
2016-08-01,LG3,Others(HKUST),17,48,48565,14995888115,1274753652,16270641767
2016-08-01,LG3,Non-HKUST,7,9,1227,10678577,16029785,26708362
2016-08-01,LG3,Total,476,1664,1393900,99886078616,10487183677,110373262293
2016-08-01,LG4,Staff,205,563,280318,5238631130,670541104,5909172234
2016-08-01,LG4,TPG,70,309,443663,68557607173,3809842461,72367449634
2016-08-01,LG4,RPG,223,598,559814,19876064574,1280598317,21156662891
2016-08-01,LG4,UG,371,1042,876393,58743825237,6230650989,64974476226
2016-08-01,LG4,Alumni,6,24,9054,56893731,32941895,89835626
2016-08-01,LG4,Others(HKUST),52,287,338206,51022893742,5493707347,56516601089
2016-08-01,LG4,Non-HKUST,26,66,87251,13698004735,626498822,14324503557
2016-08-01,LG4,Total,953,2889,2594699,217193920322,18144780935,235338701257
2016-08-01,All-Floors,Staff,459,3112,2826327,64948085416,7784623354,72732708770
2016-08-01,All-Floors,TPG,133,1896,1885986,211433535874,19553701303,230987237177
2016-08-01,All-Floors,RPG,473,2866,2729011,140980086886,12631262170,153611349056
2016-08-01,All-Floors,UG,704,5947,6222067,369563258914,39738044407,409301303321
2016-08-01,All-Floors,Alumni,12,196,128570,1711810180,302646498,2014456678
2016-08-01,All-Floors,Others(HKUST),84,851,1293073,79140624622,8269076160,87409700782
2016-08-01,All-Floors,Non-HKUST,49,299,262067,29642475260,2155281822,31797757082
2016-08-01,All-Floors,Total,1914,15167,15347101,897419877152,90434635714,987854512866
2016-08-02,1,Staff,117,424,617837,5417923153,769750201,6187673354
2016-08-02,1,TPG,13,41,51459,1144768163,115464592,1260232755
2016-08-02,1,RPG,111,275,222937,12052081046,797776452,12849857498
2016-08-02,1,UG,38,167,248980,7945698462,565545676,8511244138
2016-08-02,1,Alumni,5,11,30956,5300971121,210487033,5511458154
2016-08-02,1,Others(HKUST),10,46,89682,2229341945,117408535,2346750480
2016-08-02,1,Non-HKUST,3,5,13292,3931139569,140123860,4071263429
2016-08-02,1,Total,297,969,1275143,38021923459,2716556349,40738479808
2016-08-02,G,Staff,80,435,514725,7245807086,619659952,7865467038
2016-08-02,G,TPG,34,208,202992,14241318667,808627408,15049946075
2016-08-02,G,RPG,51,340,288856,20578279875,1445520628,22023800503
2016-08-02,G,UG,133,587,474842,33946957497,6698724480,40645681977
2016-08-02,G,Alumni,6,13,14397,2332568472,115687176,2448255648
2016-08-02,G,Others(HKUST),9,77,105981,3708561331,522985311,4231546642
2016-08-02,G,Non-HKUST,15,80,90785,4686708289,422812894,5109521183
2016-08-02,G,Total,328,1740,1692578,86740201217,10634017849,97374219066
2016-08-02,LG1,Staff,57,289,243572,4583578696,934849891,5518428587
2016-08-02,LG1,TPG,32,582,424600,69956102149,4019913253,73976015402
2016-08-02,LG1,RPG,51,440,460548,14845535832,1459737581,16305273413
2016-08-02,LG1,UG,151,1265,1598248,197655463192,21214611158,218870074350
2016-08-02,LG1,Alumni,4,27,39312,307701158,57385104,365086262
2016-08-02,LG1,Others(HKUST),14,115,557642,9959515002,1860909375,11820424377
2016-08-02,LG1,Non-HKUST,16,136,123046,6091098141,875002451,6966100592
2016-08-02,LG1,Total,325,2854,3446968,303398994170,30422408813,333821402983
2016-08-02,LG3,Staff,49,140,67307,1399411249,146360748,1545771997
2016-08-02,LG3,TPG,27,57,33473,3581154752,125725029,3706879781
2016-08-02,LG3,RPG,46,168,172263,4159975088,608615439,4768590527
2016-08-02,LG3,UG,165,404,213419,34830927479,1398194108,36229121587
2016-08-02,LG3,Alumni,5,19,13428,336838424,62347965,399186389
2016-08-02,LG3,Others(HKUST),13,42,5277,380089968,33412683,413502651
2016-08-02,LG3,Non-HKUST,13,37,28869,952186813,58707436,1010894249
2016-08-02,LG3,Total,318,867,534036,45640583773,2433363408,48073947181
2016-08-02,LG4,Staff,88,234,140933,4483974248,446374432,4930348680
2016-08-02,LG4,TPG,31,85,65350,4602651776,349817463,4952469239
2016-08-02,LG4,RPG,156,347,264216,10838058290,902878921,11740937211
2016-08-02,LG4,UG,262,661,473591,12086319263,1145289378,13231608641
2016-08-02,LG4,Alumni,2,48,24497,571637773,71032352,642670125
2016-08-02,LG4,Others(HKUST),22,219,434196,19494276177,2259699782,21753975959
2016-08-02,LG4,Non-HKUST,15,31,23046,453498252,21605436,475103688
2016-08-02,LG4,Total,576,1625,1425829,52530415779,5196697764,57727113543
2016-08-02,All-Floors,Staff,270,1522,1584374,23130694432,2916995224,26047689656
2016-08-02,All-Floors,TPG,77,973,777874,93525995507,5419547745,98945543252
2016-08-02,All-Floors,RPG,295,1570,1408820,62473930131,5214529021,67688459152
2016-08-02,All-Floors,UG,482,3084,3009080,286465365893,31022364800,317487730693
2016-08-02,All-Floors,Alumni,13,118,122590,8849716948,516939630,9366656578
2016-08-02,All-Floors,Others(HKUST),45,499,1192778,35771784423,4794415686,40566200109
2016-08-02,All-Floors,Non-HKUST,40,289,279038,16114631064,1518252077,17632883141
2016-08-02,All-Floors,Total,1222,8055,8374554,526332118398,51403044183,577735162581
2016-08-03,1,Staff,180,888,1214574,20964166091,3313232268,24277398359
2016-08-03,1,TPG,18,122,180852,10400625405,409527023,10810152428
2016-08-03,1,RPG,166,545,464343,29918669385,11433727225,41352396610
2016-08-03,1,UG,103,560,873589,62351687502,6039040508,68390728010
2016-08-03,1,Alumni,5,30,31020,8267730339,561541333,8829271672
2016-08-03,1,Others(HKUST),25,90,107753,1770927034,168594358,1939521392
2016-08-03,1,Non-HKUST,8,35,75524,2212699146,129491151,2342190297
2016-08-03,1,Total,505,2270,2947655,135886504902,22055153866,157941658768
2016-08-03,G,Staff,156,956,840419,15300725754,1497249513,16797975267
2016-08-03,G,TPG,84,509,504003,12796904960,2174239139,14971144099
2016-08-03,G,RPG,126,619,617290,43908720927,2869739451,46778460378
2016-08-03,G,UG,228,977,933727,35716840642,15273933103,50990773745
2016-08-03,G,Alumni,12,52,33935,3109844357,150238432,3260082789
2016-08-03,G,Others(HKUST),29,273,276231,10808844627,3871145607,14679990234
2016-08-03,G,Non-HKUST,19,63,38361,2232520859,102293998,2334814857
2016-08-03,G,Total,654,3449,3243966,123874402126,25938839243,149813241369
2016-08-03,LG1,Staff,111,597,559015,7958417064,1115467465,9073884529
2016-08-03,LG1,TPG,73,1165,1125813,99977943100,8665190866,108643133966
2016-08-03,LG1,RPG,128,1264,1243049,93200083221,7137583971,100337667192
2016-08-03,LG1,UG,331,3202,3468464,197415341857,11328822726,208744164583
2016-08-03,LG1,Alumni,11,103,102153,7513834989,314019361,7827854350
2016-08-03,LG1,Others(HKUST),14,193,585124,5441372671,664943952,6106316623
2016-08-03,LG1,Non-HKUST,24,214,221463,12347855857,658058015,13005913872
2016-08-03,LG1,Total,692,6738,7305081,423854848759,29884086356,453738935115
2016-08-03,LG3,Staff,102,390,313224,9968483710,637658533,10606142243
2016-08-03,LG3,TPG,42,224,327766,26411028102,2373617429,28784645531
2016-08-03,LG3,RPG,95,505,639101,33464537628,3380433931,36844971559
2016-08-03,LG3,UG,225,740,662309,45068649323,2805901128,47874550451
2016-08-03,LG3,Alumni,8,70,74546,3438627013,210420916,3649047929
2016-08-03,LG3,Others(HKUST),16,63,94466,4882647608,1319205646,6201853254
2016-08-03,LG3,Non-HKUST,17,63,26550,1390568844,104000989,1494569833
2016-08-03,LG3,Total,505,2055,2137962,124624542228,10831238572,135455780800
2016-08-03,LG4,Staff,186,543,271517,5244380133,958235170,6202615303
2016-08-03,LG4,TPG,61,278,456938,59833855266,4697005627,64530860893
2016-08-03,LG4,RPG,194,694,824391,16457196126,1237013425,17694209551
2016-08-03,LG4,UG,388,1340,1130383,38255010209,4401154593,42656164802
2016-08-03,LG4,Alumni,10,39,12224,111465679,11337666,122803345
2016-08-03,LG4,Others(HKUST),45,330,358432,13419194329,2891495317,16310689646
2016-08-03,LG4,Non-HKUST,22,42,35848,1063460242,111909348,1175369590
2016-08-03,LG4,Total,906,3266,3089733,134384561984,14308151146,148692713130
2016-08-03,All-Floors,Staff,467,3374,3198749,59436172752,7521842949,66958015701
2016-08-03,All-Floors,TPG,161,2298,2595372,209420356833,18319580084,227739936917
2016-08-03,All-Floors,RPG,451,3627,3788174,216949207287,26058498003,243007705290
2016-08-03,All-Floors,UG,760,6819,7068472,378807529533,39848852058,418656381591
2016-08-03,All-Floors,Alumni,23,294,253878,22441502377,1247557708,23689060085
2016-08-03,All-Floors,Others(HKUST),79,949,1422006,36322986269,8915384880,45238371149
2016-08-03,All-Floors,Non-HKUST,50,417,397746,19247104948,1105753501,20352858449
2016-08-03,All-Floors,Total,1991,17778,18724397,942624859999,103017469183,1045642329182
2016-08-04,1,Staff,160,934,1057274,10917183855,1738627736,12655811591
2016-08-04,1,TPG,16,130,145784,7963539841,581951220,8545491061
2016-08-04,1,RPG,175,637,462811,24872830036,4270143045,29142973081
2016-08-04,1,UG,78,521,685264,48026843564,3870947805,51897791369
2016-08-04,1,Alumni,4,8,7226,598641196,25652775,624293971
2016-08-04,1,Others(HKUST),24,93,145114,4068564147,204596825,4273160972
2016-08-04,1,Non-HKUST,8,20,23592,3849397093,194896131,4044293224
2016-08-04,1,Total,465,2343,2527065,100296999732,10886815537,111183815269
2016-08-04,G,Staff,151,826,902407,9580753086,972297332,10553050418
2016-08-04,G,TPG,84,545,565012,21052557699,1751709066,22804266765
2016-08-04,G,RPG,143,837,679701,40845664630,5216162491,46061827121
2016-08-04,G,UG,230,969,813840,52848339939,4437878364,57286218303
2016-08-04,G,Alumni,13,57,32046,3313242106,154498479,3467740585
2016-08-04,G,Others(HKUST),28,318,291481,18861121692,952706154,19813827846
2016-08-04,G,Non-HKUST,15,59,46903,2461213689,213674715,2674888404
2016-08-04,G,Total,664,3611,3331390,148962892841,13698926601,162661819442
2016-08-04,LG1,Staff,101,490,441249,19070411461,3652584457,22722995918
2016-08-04,LG1,TPG,54,757,776965,92057999176,6374832675,98432831851
2016-08-04,LG1,RPG,126,1152,1334191,95187222236,17088082612,112275304848
2016-08-04,LG1,UG,301,2905,3167288,153924814974,15908190787,169833005761
2016-08-04,LG1,Alumni,6,112,138399,4811106122,2212941448,7024047570
2016-08-04,LG1,Others(HKUST),20,153,581824,13540979990,1101966812,14642946802
2016-08-04,LG1,Non-HKUST,15,177,183744,13260821659,637618633,13898440292
2016-08-04,LG1,Total,623,5746,6623660,391853355618,46976217424,438829573042
2016-08-04,LG3,Staff,107,365,321102,23468044745,9235245864,32703290609
2016-08-04,LG3,TPG,34,154,261625,39787324146,2723746881,42511071027
2016-08-04,LG3,RPG,92,647,825673,43293995278,3004946719,46298941997
2016-08-04,LG3,UG,197,711,555752,34414569277,2568239235,36982808512
2016-08-04,LG3,Alumni,12,68,71361,4730395222,429939907,5160335129
2016-08-04,LG3,Others(HKUST),24,65,56059,6137467910,339037887,6476505797
2016-08-04,LG3,Non-HKUST,9,16,4663,1500935774,64310242,1565246016
2016-08-04,LG3,Total,475,2026,2096235,153332732352,18365466735,171698199087
2016-08-04,LG4,Staff,192,549,388945,11134822163,815752051,11950574214
2016-08-04,LG4,TPG,55,325,386054,27689688971,2417737106,30107426077
2016-08-04,LG4,RPG,190,660,608167,35318970051,2791639648,38110609699
2016-08-04,LG4,UG,347,1071,975931,50696723835,6033350328,56730074163
2016-08-04,LG4,Alumni,11,27,18112,321045587,13949853,334995440
2016-08-04,LG4,Others(HKUST),39,344,324017,35584233856,5457601591,41041835447
2016-08-04,LG4,Non-HKUST,15,43,52386,1220954293,380660385,1601614678
2016-08-04,LG4,Total,849,3019,2753612,161966438756,17910690962,179877129718
2016-08-04,All-Floors,Staff,470,3164,3110977,74171215310,16414507440,90585722750
2016-08-04,All-Floors,TPG,137,1911,2135440,188551109833,13849976948,202401086781
2016-08-04,All-Floors,RPG,467,3933,3910543,239518682231,32370974515,271889656746
2016-08-04,All-Floors,UG,716,6177,6198075,339911291589,32818606519,372729898108
2016-08-04,All-Floors,Alumni,26,272,267144,13774430233,2836982462,16611412695
2016-08-04,All-Floors,Others(HKUST),78,973,1398495,78192367595,8055909269,86248276864
2016-08-04,All-Floors,Non-HKUST,41,315,311288,22293322508,1491160106,23784482614
2016-08-04,All-Floors,Total,1935,16745,17331962,956412419299,107838117259,1064250536558
2016-08-05,1,Staff,185,846,1087881,22837098482,5853975403,28691073885
2016-08-05,1,TPG,17,184,228825,9099932563,1912761531,11012694094
2016-08-05,1,RPG,176,592,527649,16247014015,1903923333,18150937348
2016-08-05,1,UG,65,350,491620,29506507865,5810633173,35317141038
2016-08-05,1,Alumni,5,28,38608,11230269566,342059680,11572329246
2016-08-05,1,Others(HKUST),16,55,205984,6313875748,365504370,6679380118
2016-08-05,1,Non-HKUST,7,25,20758,122070515,15506895,137577410
2016-08-05,1,Total,471,2080,2601325,95356768754,16204364385,111561133139
2016-08-05,G,Staff,143,936,885824,15538140616,3731348177,19269488793
2016-08-05,G,TPG,82,476,377064,18349577830,9920124459,28269702289
2016-08-05,G,RPG,120,560,656839,36458053052,3533182007,39991235059
2016-08-05,G,UG,203,868,673226,50412613614,3764659369,54177272983
2016-08-05,G,Alumni,15,34,13688,4369424871,185783417,4555208288
2016-08-05,G,Others(HKUST),30,232,183618,4183883371,458761739,4642645110
2016-08-05,G,Non-HKUST,20,78,72150,4073162874,308459266,4381622140
2016-08-05,G,Total,613,3184,2862409,133384856228,21902318434,155287174662
2016-08-05,LG1,Staff,114,646,574220,9665855632,2359410556,12025266188
2016-08-05,LG1,TPG,67,872,863448,75638045018,7898732153,83536777171
2016-08-05,LG1,RPG,130,1353,1471520,151087022984,19587856740,170674879724
2016-08-05,LG1,UG,267,2301,2461730,143050339743,20186232369,163236572112
2016-08-05,LG1,Alumni,8,115,110981,10455252945,1324760195,11780013140
2016-08-05,LG1,Others(HKUST),26,215,667388,12390226146,1523703914,13913930060
2016-08-05,LG1,Non-HKUST,20,192,204940,13524477470,814082500,14338559970
2016-08-05,LG1,Total,632,5694,6354227,415811219938,53694778427,469505998365
2016-08-05,LG3,Staff,88,362,336814,8855250238,1204492808,10059743046
2016-08-05,LG3,TPG,48,262,403415,22558864566,1915812162,24474676728
2016-08-05,LG3,RPG,98,532,617250,23045193463,2133029181,25178222644
2016-08-05,LG3,UG,200,709,636323,54502739539,3857551525,58360291064
2016-08-05,LG3,Alumni,11,42,54951,936316744,103366060,1039682804
2016-08-05,LG3,Others(HKUST),21,53,90779,866892649,257962791,1124855440
2016-08-05,LG3,Non-HKUST,9,14,11022,205650655,9491239,215141894
2016-08-05,LG3,Total,475,1974,2150554,110970907854,9481705766,120452613620
2016-08-05,LG4,Staff,162,474,295402,9331303598,1774556815,11105860413
2016-08-05,LG4,TPG,45,326,409021,21559292063,1388687963,22947980026
2016-08-05,LG4,RPG,183,706,806511,28799170063,2216217445,31015387508
2016-08-05,LG4,UG,306,922,651694,134670499637,5431114322,140101613959
2016-08-05,LG4,Alumni,11,30,21347,187291058,24247395,211538453
2016-08-05,LG4,Others(HKUST),39,250,339966,28757342324,4283564547,33040906871
2016-08-05,LG4,Non-HKUST,23,52,41315,1027481613,53968272,1081449885
2016-08-05,LG4,Total,769,2760,2565256,224332380356,15172356759,239504737115
2016-08-05,All-Floors,Staff,442,3264,3180141,66227648566,14923783759,81151432325
2016-08-05,All-Floors,TPG,135,2120,2281773,147205712040,23036118268,170241830308
2016-08-05,All-Floors,RPG,435,3743,4079769,255636453577,29374208706,285010662283
2016-08-05,All-Floors,UG,651,5150,4914593,412142700398,39050190758,451192891156
2016-08-05,All-Floors,Alumni,30,249,239575,27178555184,1980216747,29158771931
2016-08-05,All-Floors,Others(HKUST),82,805,1487735,52512220238,6889497361,59401717599
2016-08-05,All-Floors,Non-HKUST,54,361,350185,18952843127,1201508172,20154351299
2016-08-05,All-Floors,Total,1829,15692,16533771,979856133130,116455523771,1096311656901
2016-08-06,1,Staff,36,186,217588,2217930947,205761787,2423692734
2016-08-06,1,TPG,18,92,131764,10461175402,1511224455,11972399857
2016-08-06,1,RPG,98,388,280952,37134379192,1856541622,38990920814
2016-08-06,1,UG,39,177,268670,9646596123,1010267165,10656863288
2016-08-06,1,Alumni,10,44,105172,9354570708,1856200762,11210771470
2016-08-06,1,Others(HKUST),10,46,190107,12502266386,590907626,13093174012
2016-08-06,1,Non-HKUST,5,25,41738,514521695,49467176,563988871
2016-08-06,1,Total,216,958,1235991,81831440453,7080370593,88911811046
2016-08-06,G,Staff,43,313,335634,10644082774,775218441,11419301215
2016-08-06,G,TPG,82,461,321327,38347284456,4126116714,42473401170
2016-08-06,G,RPG,70,237,187911,10624024729,1455113514,12079138243
2016-08-06,G,UG,161,989,806745,36395927455,9418473844,45814401299
2016-08-06,G,Alumni,32,157,76300,8109327506,1339105353,9448432859
2016-08-06,G,Others(HKUST),15,102,95885,2366645399,272529150,2639174549
2016-08-06,G,Non-HKUST,15,61,53837,7708796233,830997175,8539793408
2016-08-06,G,Total,418,2320,1877639,114196088552,18217554191,132413642743
2016-08-06,LG1,Staff,24,190,138216,33915963580,1437310904,35353274484
2016-08-06,LG1,TPG,68,723,863351,63044402478,14283444728,77327847206
2016-08-06,LG1,RPG,80,712,838608,48190142209,4100519625,52290661834
2016-08-06,LG1,UG,203,2212,2738726,252295160652,19451108144,271746268796
2016-08-06,LG1,Alumni,24,198,169045,16148591621,1373646905,17522238526
2016-08-06,LG1,Others(HKUST),11,35,448589,4252890553,1072635112,5325525665
2016-08-06,LG1,Non-HKUST,9,57,42951,3610159593,149594839,3759754432
2016-08-06,LG1,Total,419,4127,5239486,421457310686,41868260257,463325570943
2016-08-06,LG3,Staff,34,121,187684,6627155822,379176309,7006332131
2016-08-06,LG3,TPG,31,123,174722,4940107992,498917419,5439025411
2016-08-06,LG3,RPG,52,255,400454,19076809654,1324310282,20401119936
2016-08-06,LG3,UG,174,509,338077,31879054068,1775535875,33654589943
2016-08-06,LG3,Alumni,19,101,154414,7523016547,3793452127,11316468674
2016-08-06,LG3,Others(HKUST),13,79,94848,2466993393,3386321005,5853314398
2016-08-06,LG3,Non-HKUST,13,20,26401,1876408020,73039441,1949447461
2016-08-06,LG3,Total,336,1208,1376600,74389545496,11230752458,85620297954
2016-08-06,LG4,Staff,43,79,40982,147403269,1007974090,1155377359
2016-08-06,LG4,TPG,34,147,146666,2406191928,668792163,3074984091
2016-08-06,LG4,RPG,132,491,623564,24638248654,2488235573,27126484227
2016-08-06,LG4,UG,277,708,509187,88368836376,5950082029,94318918405
2016-08-06,LG4,Alumni,21,167,251135,8921458393,591684012,9513142405
2016-08-06,LG4,Others(HKUST),19,188,360578,30816021402,6415027414,37231048816
2016-08-06,LG4,Non-HKUST,22,42,18507,776891765,48533823,825425588
2016-08-06,LG4,Total,548,1822,1950619,156075051787,17170329104,173245380891
2016-08-06,All-Floors,Staff,133,889,920104,53552536392,3805441531,57357977923
2016-08-06,All-Floors,TPG,141,1546,1637830,119199162256,21088495479,140287657735
2016-08-06,All-Floors,RPG,282,2083,2331489,139663604438,11224720616,150888325054
2016-08-06,All-Floors,UG,543,4595,4661405,418585574674,37605467057,456191041731
2016-08-06,All-Floors,Alumni,51,667,756066,50056964775,8954089159,59011053934
2016-08-06,All-Floors,Others(HKUST),34,450,1190007,52404817133,11737420307,64142237440
2016-08-06,All-Floors,Non-HKUST,42,205,183434,14486777306,1151632454,15638409760
2016-08-06,All-Floors,Total,1226,10435,11680335,847949436974,95567266603,943516703577
2016-08-07,1,Staff,19,82,85769,38423308,5161324,43584632
2016-08-07,1,TPG,15,74,99710,1986011831,180779945,2166791776
2016-08-07,1,RPG,89,266,306706,10959100401,16392190583,27351290984
2016-08-07,1,UG,32,117,181803,6690754517,2173621945,8864376462
2016-08-07,1,Alumni,8,88,113448,11039497353,8858622690,19898120043
2016-08-07,1,Others(HKUST),8,23,108996,537709274,28425138,566134412
2016-08-07,1,Non-HKUST,7,14,38200,1031630298,131069879,1162700177
2016-08-07,1,Total,178,664,934632,32283126982,27769871504,60052998486
2016-08-07,G,Staff,26,130,254756,4949364005,413255560,5362619565
2016-08-07,G,TPG,55,271,279316,18842946972,1736632282,20579579254
2016-08-07,G,RPG,60,169,107520,7580242657,9795751470,17375994127
2016-08-07,G,UG,110,439,443208,26130232671,4090974863,30221207534
2016-08-07,G,Alumni,21,94,69942,3414566617,311724595,3726291212
2016-08-07,G,Others(HKUST),12,106,83389,1963958621,98899819,2062858440
2016-08-07,G,Non-HKUST,15,29,40558,450744405,173830480,624574885
2016-08-07,G,Total,299,1238,1278689,63332055948,16621069069,79953125017
2016-08-07,LG1,Staff,22,150,153084,7556803997,353310146,7910114143
2016-08-07,LG1,TPG,64,798,945702,40121978633,3500383188,43622361821
2016-08-07,LG1,RPG,43,332,432789,52173524038,3472117393,55645641431
2016-08-07,LG1,UG,161,1638,1915824,122046290183,11403976428,133450266611
2016-08-07,LG1,Alumni,17,119,177388,8984437204,460577076,9445014280
2016-08-07,LG1,Others(HKUST),12,68,560305,3797239476,670644397,4467883873
2016-08-07,LG1,Non-HKUST,19,86,142083,10553420159,809411540,11362831699
2016-08-07,LG1,Total,338,3191,4327175,245233693690,20670420168,265904113858
2016-08-07,LG3,Staff,27,119,121281,14065561991,553332746,14618894737
2016-08-07,LG3,TPG,25,126,229828,12009271083,2225877983,14235149066
2016-08-07,LG3,RPG,43,123,142250,2903603672,1110876889,4014480561
2016-08-07,LG3,UG,147,349,283269,20893355889,3563431938,24456787827
2016-08-07,LG3,Alumni,12,100,110277,5550760141,1266600707,6817360848
2016-08-07,LG3,Others(HKUST),8,68,31172,4247448269,332681419,4580129688
2016-08-07,LG3,Non-HKUST,10,40,37910,531036140,69842082,600878222
2016-08-07,LG3,Total,272,925,955987,60201037185,9122643764,69323680949
2016-08-07,LG4,Staff,41,91,77397,223265533,36108163,259373696
2016-08-07,LG4,TPG,27,100,104763,2053695873,531200144,2584896017
2016-08-07,LG4,RPG,125,309,316204,10320121101,3311119243,13631240344
2016-08-07,LG4,UG,210,529,445452,44842360122,4536910378,49379270500
2016-08-07,LG4,Alumni,16,49,67024,2102217096,340227730,2442444826
2016-08-07,LG4,Others(HKUST),14,134,317487,32461840875,2782050772,35243891647
2016-08-07,LG4,Non-HKUST,20,55,55910,3125656873,127766420,3253423293
2016-08-07,LG4,Total,453,1267,1384237,95129157473,11665382850,106794540323
2016-08-07,All-Floors,Staff,98,572,692287,26833418834,1361167939,28194586773
2016-08-07,All-Floors,TPG,98,1369,1659319,75013904392,8174873542,83188777934
2016-08-07,All-Floors,RPG,254,1199,1305469,83936591869,34082055578,118018647447
2016-08-07,All-Floors,UG,443,3072,3269556,220602993382,25768915552,246371908934
2016-08-07,All-Floors,Alumni,40,450,538079,31091478411,11237752798,42329231209
2016-08-07,All-Floors,Others(HKUST),31,399,1101349,43008196515,3912701545,46920898060
2016-08-07,All-Floors,Non-HKUST,44,224,314661,15692487875,1311920401,17004408276
2016-08-07,All-Floors,Total,1008,7285,8880720,496179071278,85849387355,582028458633
2016-08-08,1,Staff,180,875,1235625,7932568293,1430857542,9363425835
2016-08-08,1,TPG,18,141,162169,4813717240,430663849,5244381089
2016-08-08,1,RPG,194,680,535572,17194763918,2151910912,19346674830
2016-08-08,1,UG,69,418,675053,38010850486,3933774771,41944625257
2016-08-08,1,Alumni,4,29,44545,1724447994,206106843,1930554837
2016-08-08,1,Others(HKUST),23,105,266963,10328892569,876263530,11205156099
2016-08-08,1,Non-HKUST,3,6,3131,484496491,24056706,508553197
2016-08-08,1,Total,491,2254,2923058,80489736991,9053634153,89543371144
2016-08-08,G,Staff,153,948,905534,9977579566,1108163995,11085743561
2016-08-08,G,TPG,81,482,520800,26911379726,2117248820,29028628546
2016-08-08,G,RPG,132,667,503586,17338832480,4174553116,21513385596
2016-08-08,G,UG,220,998,933192,50789507847,5976899281,56766407128
2016-08-08,G,Alumni,17,91,67362,848130759,335122050,1183252809
2016-08-08,G,Others(HKUST),31,244,199553,9222849582,615758606,9838608188
2016-08-08,G,Non-HKUST,18,98,113508,10051843148,843589533,10895432681
2016-08-08,G,Total,652,3528,3243535,125140123108,15171335401,140311458509
2016-08-08,LG1,Staff,94,658,531257,12414798871,1240978745,13655777616
2016-08-08,LG1,TPG,87,1063,1098677,49966727766,54600686763,104567414529
2016-08-08,LG1,RPG,109,1192,1344388,111235947852,8899908036,120135855888
2016-08-08,LG1,UG,276,2767,3012299,164894248080,26564288859,191458536939
2016-08-08,LG1,Alumni,10,103,138171,12640941339,2897403786,15538345125
2016-08-08,LG1,Others(HKUST),20,128,569770,11593500777,1543054387,13136555164
2016-08-08,LG1,Non-HKUST,24,258,223938,26062744190,1157852687,27220596877
2016-08-08,LG1,Total,620,6169,6918500,388808908875,96904173263,485713082138
2016-08-08,LG3,Staff,89,370,330216,12683708103,1430108124,14113816227
2016-08-08,LG3,TPG,42,241,316607,48364731955,3291828382,51656560337
2016-08-08,LG3,RPG,86,478,481013,37216213050,3155679566,40371892616
2016-08-08,LG3,UG,214,662,496826,39971332703,6082651154,46053983857
2016-08-08,LG3,Alumni,11,40,32182,568620076,516544871,1085164947
2016-08-08,LG3,Others(HKUST),13,45,29242,2333186424,130157590,2463344014
2016-08-08,LG3,Non-HKUST,17,65,110212,5075339687,341671369,5417011056
2016-08-08,LG3,Total,472,1901,1796298,146213131998,14948641056,161161773054
2016-08-08,LG4,Staff,195,643,429687,33564970446,15832680041,49397650487
2016-08-08,LG4,TPG,41,178,219641,13535847504,849196595,14385044099
2016-08-08,LG4,RPG,223,772,991893,51515855994,4488585562,56004441556
2016-08-08,LG4,UG,346,985,798241,41951312362,4962981939,46914294301
2016-08-08,LG4,Alumni,11,74,78381,724212326,135397884,859610210
2016-08-08,LG4,Others(HKUST),37,233,252868,18555089403,2924952072,21480041475
2016-08-08,LG4,Non-HKUST,28,74,76018,4555246598,516326273,5071572871
2016-08-08,LG4,Total,881,2959,2846729,164402534633,29710120366,194112654999
2016-08-08,All-Floors,Staff,454,3494,3432319,76573625279,21042788447,97616413726
2016-08-08,All-Floors,TPG,146,2105,2317894,143592404191,61289624409,204882028600
2016-08-08,All-Floors,RPG,482,3789,3856452,234501613294,22870637192,257372250486
2016-08-08,All-Floors,UG,708,5830,5915611,335617251478,47520596004,383137847482
2016-08-08,All-Floors,Alumni,28,337,360641,16506352494,4090575434,20596927928
2016-08-08,All-Floors,Others(HKUST),74,755,1318396,52033518755,6090186185,58123704940
2016-08-08,All-Floors,Non-HKUST,59,501,526807,46229670114,2883496568,49113166682
2016-08-08,All-Floors,Total,1951,16811,17728120,905054435605,165787904239,1070842339844
2016-08-09,1,Staff,188,1009,1303308,20271598956,1742841724,22014440680
2016-08-09,1,TPG,12,57,76420,8163958704,418803960,8582762664
2016-08-09,1,RPG,178,674,581921,30113398301,3015858306,33129256607
2016-08-09,1,UG,75,376,578707,19181531313,1676155346,20857686659
2016-08-09,1,Alumni,3,14,29409,1578999225,56410020,1635409245
2016-08-09,1,Others(HKUST),32,162,460337,12116451808,785090983,12901542791
2016-08-09,1,Non-HKUST,7,17,49430,2181685222,97147450,2278832672
2016-08-09,1,Total,495,2309,3079532,93607623529,7792307789,101399931318
2016-08-09,G,Staff,149,997,1027307,32849342829,2091359040,34940701869
2016-08-09,G,TPG,51,374,306469,30471081643,2079133865,32550215508
2016-08-09,G,RPG,129,538,462548,24430245299,2359467237,26789712536
2016-08-09,G,UG,188,922,869119,45303032071,2804392983,48107425054
2016-08-09,G,Alumni,15,51,28007,1427110520,179886700,1606997220
2016-08-09,G,Others(HKUST),42,201,156641,17386125439,1155065162,18541190601
2016-08-09,G,Non-HKUST,22,129,110167,8316137286,355394097,8671531383
2016-08-09,G,Total,596,3212,2960258,160183075087,11024699084,171207774171
2016-08-09,LG1,Staff,110,601,526157,18030724085,1437180075,19467904160
2016-08-09,LG1,TPG,47,775,631165,46291402977,6327421008,52618823985
2016-08-09,LG1,RPG,122,1093,1174865,72475893758,4178808841,76654702599
2016-08-09,LG1,UG,274,2589,2833289,148539906044,14104190271,162644096315
2016-08-09,LG1,Alumni,8,109,75412,8257966119,527044970,8785011089
2016-08-09,LG1,Others(HKUST),24,204,578396,8766907833,1640232061,10407139894
2016-08-09,LG1,Non-HKUST,36,209,235050,5898316904,424235299,6322552203
2016-08-09,LG1,Total,621,5580,6054334,308261117720,28639112525,336900230245
2016-08-09,LG3,Staff,90,333,303164,8988191761,605944360,9594136121
2016-08-09,LG3,TPG,27,226,343485,23261441034,1905155721,25166596755
2016-08-09,LG3,RPG,95,520,670494,77450522178,5868030709,83318552887
2016-08-09,LG3,UG,210,647,538783,28673892412,8103930504,36777822916
2016-08-09,LG3,Alumni,12,52,42004,2361775927,110657839,2472433766
2016-08-09,LG3,Others(HKUST),18,73,62176,1594136707,113984810,1708121517
2016-08-09,LG3,Non-HKUST,15,31,5414,891982260,36050739,928032999
2016-08-09,LG3,Total,467,1882,1965520,143221942279,16743754682,159965696961
2016-08-09,LG4,Staff,213,625,388188,25211585166,1575015986,26786601152
2016-08-09,LG4,TPG,35,160,233484,9318180139,657525479,9975705618
2016-08-09,LG4,RPG,196,699,753715,21419667221,6272971118,27692638339
2016-08-09,LG4,UG,415,1061,750109,33829661933,2524016845,36353678778
2016-08-09,LG4,Alumni,9,61,63328,723495882,104615444,828111326
2016-08-09,LG4,Others(HKUST),38,249,257925,14381664862,2260490352,16642155214
2016-08-09,LG4,Non-HKUST,40,185,223444,5383251542,360593579,5743845121
2016-08-09,LG4,Total,946,3040,2670193,110267506745,13755228803,124022735548
2016-08-09,All-Floors,Staff,466,3565,3548124,105351442797,7452341185,112803783982
2016-08-09,All-Floors,TPG,89,1592,1591023,117506064497,11388040033,128894104530
2016-08-09,All-Floors,RPG,458,3524,3643543,225889726757,21695136211,247584862968
2016-08-09,All-Floors,UG,747,5595,5570007,275528023773,29212685949,304740709722
2016-08-09,All-Floors,Alumni,24,287,238160,14349347673,978614973,15327962646
2016-08-09,All-Floors,Others(HKUST),87,889,1515475,54245286649,5954863368,60200150017
2016-08-09,All-Floors,Non-HKUST,67,571,623505,22671373214,1273421164,23944794378
2016-08-09,All-Floors,Total,1938,16023,16729837,815541265360,77955102883,893496368243
2016-08-10,1,Staff,172,989,1310401,27341635625,6096008842,33437644467
2016-08-10,1,TPG,20,72,109841,10042501732,772146843,10814648575
2016-08-10,1,RPG,186,572,483760,29546033346,4226266843,33772300189
2016-08-10,1,UG,87,440,698730,44453274615,2522834195,46976108810
2016-08-10,1,Alumni,1,4,4468,1862776,642285,2505061
2016-08-10,1,Others(HKUST),23,145,318258,22044888478,875790134,22920678612
2016-08-10,1,Non-HKUST,5,17,35614,739714551,35572755,775287306
2016-08-10,1,Total,494,2239,2961072,134169911123,14529261897,148699173020
2016-08-10,G,Staff,153,947,955210,29930615050,3806176504,33736791554
2016-08-10,G,TPG,63,355,285652,15492087469,1703732836,17195820305
2016-08-10,G,RPG,131,560,458668,32083386020,2410704017,34494090037
2016-08-10,G,UG,296,1198,883874,180102442660,6436402791,186538845451
2016-08-10,G,Alumni,10,38,15256,2096577463,96159036,2192736499
2016-08-10,G,Others(HKUST),39,229,227656,8338925469,515968322,8854893791
2016-08-10,G,Non-HKUST,23,53,54830,1145833290,71252761,1217086051
2016-08-10,G,Total,715,3380,2881146,269189867421,15040396267,284230263688
2016-08-10,LG1,Staff,110,628,535655,18922483868,2112885390,21035369258
2016-08-10,LG1,TPG,68,782,908598,57597891203,5665508409,63263399612
2016-08-10,LG1,RPG,128,1109,1217612,89144976480,6021975824,95166952304
2016-08-10,LG1,UG,373,3682,3187108,222298447891,15247747463,237546195354
2016-08-10,LG1,Alumni,8,34,12422,1892993895,96583650,1989577545
2016-08-10,LG1,Others(HKUST),18,78,448596,5315851695,1175873886,6491725581
2016-08-10,LG1,Non-HKUST,21,116,165658,27247783825,1032372394,28280156219
2016-08-10,LG1,Total,726,6429,6475649,422420428857,31352947016,453773375873
2016-08-10,LG3,Staff,109,348,359316,8371815812,1083642719,9455458531
2016-08-10,LG3,TPG,27,97,132563,8374462484,1330843585,9705306069
2016-08-10,LG3,RPG,85,484,564152,46814993940,3194290023,50009283963
2016-08-10,LG3,UG,225,581,442293,43011918992,2700774053,45712693045
2016-08-10,LG3,Alumni,11,49,59710,7486884247,335461321,7822345568
2016-08-10,LG3,Others(HKUST),16,91,71373,14974741482,607082706,15581824188
2016-08-10,LG3,Non-HKUST,10,38,33323,498667552,40475522,539143074
2016-08-10,LG3,Total,483,1688,1662730,129533484509,9292569929,138826054438
2016-08-10,LG4,Staff,229,572,249502,30305433939,2626299190,32931733129
2016-08-10,LG4,TPG,42,200,266968,10294586566,3663391011,13957977577
2016-08-10,LG4,RPG,193,629,635768,37850967690,3826597882,41677565572
2016-08-10,LG4,UG,617,1513,796305,53289971215,3243912043,56533883258
2016-08-10,LG4,Alumni,7,41,36943,691412754,36695341,728108095
2016-08-10,LG4,Others(HKUST),46,266,223264,11932469951,3049442489,14981912440
2016-08-10,LG4,Non-HKUST,42,150,166366,13195819731,833674764,14029494495
2016-08-10,LG4,Total,1176,3371,2375116,157560661846,17280012720,174840674566
2016-08-10,All-Floors,Staff,488,3484,3410084,114871984294,15725012645,130596996939
2016-08-10,All-Floors,TPG,128,1506,1703622,101801529454,13135622684,114937152138
2016-08-10,All-Floors,RPG,464,3354,3359960,235440357476,19679834589,255120192065
2016-08-10,All-Floors,UG,1020,7414,6008310,543156055373,30151670545,573307725918
2016-08-10,All-Floors,Alumni,18,166,128799,12169731135,565541633,12735272768
2016-08-10,All-Floors,Others(HKUST),85,809,1289147,62606877075,6224157537,68831034612
2016-08-10,All-Floors,Non-HKUST,64,374,455791,42827818949,2013348196,44841167145
2016-08-10,All-Floors,Total,2267,17107,16355713,1112874353756,87495187829,1200369541585
2016-08-11,1,Staff,174,1044,1445787,25729299460,8178057718,33907357178
2016-08-11,1,TPG,15,114,149138,6354013061,951112620,7305125681
2016-08-11,1,RPG,190,734,656299,39761092686,4066477769,43827570455
2016-08-11,1,UG,96,410,685200,14220780210,2049124167,16269904377
2016-08-11,1,Alumni,5,17,21992,1467072949,611529039,2078601988
2016-08-11,1,Others(HKUST),17,119,184278,590879598,60260317,651139915
2016-08-11,1,Non-HKUST,6,12,6363,22181622,3829662,26011284
2016-08-11,1,Total,503,2450,3149057,88145319586,15920391292,104065710878
2016-08-11,G,Staff,151,912,973166,16028625518,5277838452,21306463970
2016-08-11,G,TPG,58,382,301874,16961070112,3251175190,20212245302
2016-08-11,G,RPG,132,536,411517,18988507615,1863888545,20852396160
2016-08-11,G,UG,304,1138,887697,57665790172,3720121331,61385911503
2016-08-11,G,Alumni,13,50,45963,3520835573,322897469,3843733042
2016-08-11,G,Others(HKUST),37,316,271525,12494192165,879886764,13374078929
2016-08-11,G,Non-HKUST,23,70,35386,1605161891,94001988,1699163879
2016-08-11,G,Total,718,3404,2927128,127264183046,15409809739,142673992785
2016-08-11,LG1,Staff,88,546,389570,8302900270,1750831493,10053731763
2016-08-11,LG1,TPG,66,797,670778,28119209225,2235299008,30354508233
2016-08-11,LG1,RPG,131,1382,1432028,64791167516,6662093932,71453261448
2016-08-11,LG1,UG,324,2319,1828923,134207717622,13361667445,147569385067
2016-08-11,LG1,Alumni,10,152,115030,8898919536,380071769,9278991305
2016-08-11,LG1,Others(HKUST),21,116,432129,9425325048,1472966068,10898291116
2016-08-11,LG1,Non-HKUST,24,158,191795,5947750149,859768094,6807518243
2016-08-11,LG1,Total,664,5470,5060253,259692989366,26722697809,286415687175
2016-08-11,LG3,Staff,98,389,389181,49326332259,8665268448,57991600707
2016-08-11,LG3,TPG,24,87,122802,8489530268,826921303,9316451571
2016-08-11,LG3,RPG,120,555,542354,46576200516,4291050696,50867251212
2016-08-11,LG3,UG,233,674,450392,49412880231,3319765832,52732646063
2016-08-11,LG3,Alumni,7,38,34291,3530663301,247330172,3777993473
2016-08-11,LG3,Others(HKUST),16,56,35906,1365613290,153891069,1519504359
2016-08-11,LG3,Non-HKUST,18,97,108151,12363067178,598916566,12961983744
2016-08-11,LG3,Total,516,1896,1683077,171064287043,18103144086,189167431129
2016-08-11,LG4,Staff,198,571,330507,23400780679,1618827865,25019608544
2016-08-11,LG4,TPG,41,144,151604,6427879077,837481380,7265360457
2016-08-11,LG4,RPG,178,822,726788,46401353972,8564615514,54965969486
2016-08-11,LG4,UG,520,1358,717970,31594092704,1955288847,33549381551
2016-08-11,LG4,Alumni,11,110,124785,949995966,103791080,1053787046
2016-08-11,LG4,Others(HKUST),33,239,248806,9502578605,2422746693,11925325298
2016-08-11,LG4,Non-HKUST,31,104,98780,3583917098,253661712,3837578810
2016-08-11,LG4,Total,1012,3348,2399240,121860598101,15756413091,137617011192
2016-08-11,All-Floors,Staff,455,3462,3528211,122787938186,25490823976,148278762162
2016-08-11,All-Floors,TPG,106,1524,1396196,66351701743,8101989501,74453691244
2016-08-11,All-Floors,RPG,479,4029,3768986,216518322305,25448126456,241966448761
2016-08-11,All-Floors,UG,910,5899,4570182,287101260939,24405967622,311507228561
2016-08-11,All-Floors,Alumni,23,367,342061,18367487325,1665619529,20033106854
2016-08-11,All-Floors,Others(HKUST),73,846,1172644,33378588706,4989750911,38368339617
2016-08-11,All-Floors,Non-HKUST,62,441,440475,23522077938,1810178022,25332255960
2016-08-11,All-Floors,Total,2108,16568,15218755,768027377142,91912456017,859939833159
2016-08-12,1,Staff,173,866,1273777,11061345628,2056438683,13117784311
2016-08-12,1,TPG,12,58,57655,10372845493,388750419,10761595912
2016-08-12,1,RPG,175,428,255175,22675618213,4288639709,26964257922
2016-08-12,1,UG,62,309,577031,42516244232,2465790735,44982034967
2016-08-12,1,Alumni,3,3,1444,4798742,363669,5162411
2016-08-12,1,Others(HKUST),19,76,65970,803519678,161794479,965314157
2016-08-12,1,Non-HKUST,5,8,2259,166191963,26520419,192712382
2016-08-12,1,Total,449,1748,2233311,87600563949,9388298113,96988862062
2016-08-12,G,Staff,136,800,809322,10857553890,1389606577,12247160467
2016-08-12,G,TPG,57,298,278049,15358183334,4276508212,19634691546
2016-08-12,G,RPG,91,377,315974,24112439868,2885826256,26998266124
2016-08-12,G,UG,172,659,587633,33286034647,3591493182,36877527829
2016-08-12,G,Alumni,12,40,12404,2011477788,81459264,2092937052
2016-08-12,G,Others(HKUST),41,331,254260,10597980385,878573131,11476553516
2016-08-12,G,Non-HKUST,16,59,69496,1313080556,147338217,1460418773
2016-08-12,G,Total,525,2564,2327138,97536750468,13250804839,110787555307
2016-08-12,LG1,Staff,80,482,469005,35054370407,2422821391,37477191798
2016-08-12,LG1,TPG,47,651,718109,36522587626,3107406235,39629993861
2016-08-12,LG1,RPG,123,1245,1458895,86181133301,6475417067,92656550368
2016-08-12,LG1,UG,241,2559,2382610,148550863580,16570559189,165121422769
2016-08-12,LG1,Alumni,8,77,67860,7675493527,272970786,7948464313
2016-08-12,LG1,Others(HKUST),24,164,367956,12943666623,604798369,13548464992
2016-08-12,LG1,Non-HKUST,20,111,123134,5168455981,304727377,5473183358
2016-08-12,LG1,Total,543,5289,5587569,332096571045,29758700414,361855271459
2016-08-12,LG3,Staff,116,349,280151,13982845234,1169759186,15152604420
2016-08-12,LG3,TPG,24,70,77497,11231673753,803221190,12034894943
2016-08-12,LG3,RPG,141,459,517852,41115892896,6181595188,47297488084
2016-08-12,LG3,UG,176,485,412839,24166805634,1430218954,25597024588
2016-08-12,LG3,Alumni,7,35,66968,2287799957,116619306,2404419263
2016-08-12,LG3,Others(HKUST),14,52,33644,263617132,25925235,289542367
2016-08-12,LG3,Non-HKUST,10,32,50890,4215408784,210334587,4425743371
2016-08-12,LG3,Total,488,1482,1439841,97264043390,9937673646,107201717036
2016-08-12,LG4,Staff,172,448,305649,18870026391,1170853523,20040879914
2016-08-12,LG4,TPG,19,132,206512,8930958575,1901646102,10832604677
2016-08-12,LG4,RPG,170,536,642882,18425520145,1847865560,20273385705
2016-08-12,LG4,UG,255,697,461939,23623463320,1612129153,25235592473
2016-08-12,LG4,Alumni,7,71,109282,609786694,80357189,690143883
2016-08-12,LG4,Others(HKUST),31,230,261746,14427337664,3334697296,17762034960
2016-08-12,LG4,Non-HKUST,12,35,31980,3219155431,147156022,3366311453
2016-08-12,LG4,Total,666,2149,2019990,88106248220,10094704845,98200953065
2016-08-12,All-Floors,Staff,448,2945,3137904,89826141550,8209479360,98035620910
2016-08-12,All-Floors,TPG,94,1209,1337822,82416248781,10477532158,92893780939
2016-08-12,All-Floors,RPG,464,3045,3190778,192510604423,21679343780,214189948203
2016-08-12,All-Floors,UG,581,4709,4422052,272143411413,25670191213,297813602626
2016-08-12,All-Floors,Alumni,19,226,257958,12589356708,551770214,13141126922
2016-08-12,All-Floors,Others(HKUST),79,853,983576,39036121482,5005788510,44041909992
2016-08-12,All-Floors,Non-HKUST,39,245,277759,14082292715,836076622,14918369337
2016-08-12,All-Floors,Total,1724,13232,13607849,702604177072,72430181857,775034358929
2016-08-13,1,Staff,34,112,267922,3874589310,247376097,4121965407
2016-08-13,1,TPG,21,103,227418,35589923875,1513477243,37103401118
2016-08-13,1,RPG,109,346,362074,34138538121,3728432210,37866970331
2016-08-13,1,UG,52,249,456948,21109841159,1692080492,22801921651
2016-08-13,1,Alumni,5,27,84299,11348907887,379880772,11728788659
2016-08-13,1,Others(HKUST),3,5,1322,312229667,22310102,334539769
2016-08-13,1,Non-HKUST,7,25,78490,10269705671,884018043,11153723714
2016-08-13,1,Total,231,867,1478473,116643735690,8467574959,125111310649
2016-08-13,G,Staff,37,199,215387,2587203323,257189985,2844393308
2016-08-13,G,TPG,60,272,164630,10487441812,1561376932,12048818744
2016-08-13,G,RPG,86,234,235231,6348093351,1064805614,7412898965
2016-08-13,G,UG,152,585,424061,30153549267,6168634363,36322183630
2016-08-13,G,Alumni,24,79,63031,12002701233,1681144267,13683845500
2016-08-13,G,Others(HKUST),10,76,111200,7309397752,1241383600,8550781352
2016-08-13,G,Non-HKUST,20,61,31034,3268543363,266295978,3534839341
2016-08-13,G,Total,389,1506,1244574,72156930101,12240830739,84397760840
2016-08-13,LG1,Staff,31,266,303684,12648624470,600111430,13248735900
2016-08-13,LG1,TPG,58,596,811606,91083319855,8851197156,99934517011
2016-08-13,LG1,RPG,76,543,552825,42782485296,12188108710,54970594006
2016-08-13,LG1,UG,159,1069,1305356,67977129503,20756721200,88733850703
2016-08-13,LG1,Alumni,19,212,217983,11039816828,1808856179,12848673007
2016-08-13,LG1,Others(HKUST),7,60,211640,1681540893,4063739862,5745280755
2016-08-13,LG1,Non-HKUST,16,113,82006,920103300,148178410,1068281710
2016-08-13,LG1,Total,366,2859,3485100,228133020145,48416912947,276549933092
2016-08-13,LG3,Staff,31,87,75621,910946928,420938892,1331885820
2016-08-13,LG3,TPG,36,192,195334,43371173228,2402034640,45773207868
2016-08-13,LG3,RPG,104,315,326321,19111803960,2267142873,21378946833
2016-08-13,LG3,UG,199,370,232327,6589357349,692493692,7281851041
2016-08-13,LG3,Alumni,20,129,173003,6535870721,452242742,6988113463
2016-08-13,LG3,Others(HKUST),7,29,36261,744248954,90491272,834740226
2016-08-13,LG3,Non-HKUST,14,32,46104,3359053171,225408255,3584461426
2016-08-13,LG3,Total,411,1154,1084971,80622454311,6550752366,87173206677
2016-08-13,LG4,Staff,53,95,49335,611998176,240400477,852398653
2016-08-13,LG4,TPG,46,162,149215,1167492651,439772155,1607264806
2016-08-13,LG4,RPG,119,373,444795,21956878068,12004427990,33961306058
2016-08-13,LG4,UG,347,776,535975,10950948982,1818987137,12769936119
2016-08-13,LG4,Alumni,19,176,321441,12065404398,4214449451,16279853849
2016-08-13,LG4,Others(HKUST),9,104,232913,22947343164,2039591713,24986934877
2016-08-13,LG4,Non-HKUST,20,51,40696,1301122586,59910795,1361033381
2016-08-13,LG4,Total,613,1737,1774370,71001188025,20817539718,91818727743
2016-08-13,All-Floors,Staff,130,759,911949,20633362207,1766016881,22399379088
2016-08-13,All-Floors,TPG,114,1325,1548203,181699351421,14767858126,196467209547
2016-08-13,All-Floors,RPG,324,1811,1921246,124337798796,31252917397,155590716193
2016-08-13,All-Floors,UG,616,3049,2954667,136780826260,31128916884,167909743144
2016-08-13,All-Floors,Alumni,43,623,859757,52992701067,8536573411,61529274478
2016-08-13,All-Floors,Others(HKUST),19,274,593336,32994760430,7457516549,40452276979
2016-08-13,All-Floors,Non-HKUST,44,282,278330,19118528091,1583811481,20702339572
2016-08-13,All-Floors,Total,1290,8123,9067488,568557328272,96493610729,665050939001
2016-08-14,1,Staff,17,40,114499,151600218,27476411,179076629
2016-08-14,1,TPG,1,1,838,23063,8745,31808
2016-08-14,1,RPG,64,118,49155,143160149,18511201,161671350
2016-08-14,1,UG,10,15,3484,75666191,8560735,84226926
2016-08-14,1,Alumni,1,1,721,20146,13594,33740
2016-08-14,1,Others(HKUST),2,8,2405,895331454,23107635,918439089
2016-08-14,1,Non-HKUST,3,3,253,172141,53466,225607
2016-08-14,1,Total,98,186,171355,1265973362,77731787,1343705149
2016-08-14,G,Staff,4,6,3222,1720948,1204847,2925795
2016-08-14,G,TPG,6,9,23275,8144290133,272389690,8416679823
2016-08-14,G,RPG,13,21,5772,413434186,48718030,462152216
2016-08-14,G,UG,23,24,5413,179522535,204459407,383981942
2016-08-14,G,Alumni,0,0,0,0,0,0
2016-08-14,G,Others(HKUST),1,1,360,1903237,336244,2239481
2016-08-14,G,Non-HKUST,1,1,0,0,0,0
2016-08-14,G,Total,48,62,38042,8740871039,527108218,9267979257
2016-08-14,LG1,Staff,23,223,379552,7003844627,1132381202,8136225829
2016-08-14,LG1,TPG,71,774,1279959,56989230399,4954287904,61943518303
2016-08-14,LG1,RPG,69,869,1165539,91702072682,6547069533,98249142215
2016-08-14,LG1,UG,156,1552,2047177,121020955098,12651434370,133672389468
2016-08-14,LG1,Alumni,7,50,66196,9246280685,2909018066,12155298751
2016-08-14,LG1,Others(HKUST),3,172,201114,5019202433,3632303094,8651505527
2016-08-14,LG1,Non-HKUST,10,132,138255,7485503875,1268964492,8754468367
2016-08-14,LG1,Total,339,3772,5277792,298467089799,33095458661,331562548460
2016-08-14,LG3,Staff,30,43,18265,748232704,66606863,814839567
2016-08-14,LG3,TPG,20,28,11299,536991618,41173985,578165603
2016-08-14,LG3,RPG,64,94,14340,1447834676,285961944,1733796620
2016-08-14,LG3,UG,123,157,71880,5079904541,409929040,5489833581
2016-08-14,LG3,Alumni,5,5,2531,1132588,187663,1320251
2016-08-14,LG3,Others(HKUST),5,6,1199,68556757,153379594,221936351
2016-08-14,LG3,Non-HKUST,6,6,958,415196344,584771524,999967868
2016-08-14,LG3,Total,253,339,120472,8297849228,1542010613,9839859841
2016-08-14,LG4,Staff,51,99,42389,86687500,14192913,100880413
2016-08-14,LG4,TPG,26,32,15601,143230803,20687331,163918134
2016-08-14,LG4,RPG,132,191,81531,1489661474,119365069,1609026543
2016-08-14,LG4,UG,324,664,369180,2588012038,550603866,3138615904
2016-08-14,LG4,Alumni,10,28,36322,8774899282,2661848400,11436747682
2016-08-14,LG4,Others(HKUST),7,74,228859,124643529602,13418698318,138062227920
2016-08-14,LG4,Non-HKUST,13,19,24377,1130961363,157229558,1288190921
2016-08-14,LG4,Total,563,1107,798259,138856982062,16942625455,155799607517
2016-08-14,All-Floors,Staff,107,411,557927,7992085997,1241862236,9233948233
2016-08-14,All-Floors,TPG,93,844,1330972,65813766016,5288547655,71102313671
2016-08-14,All-Floors,RPG,269,1293,1316337,95196163167,7019625777,102215788944
2016-08-14,All-Floors,UG,515,2412,2497134,128944060403,13824987418,142769047821
2016-08-14,All-Floors,Alumni,19,84,105770,18022332701,5571067723,23593400424
2016-08-14,All-Floors,Others(HKUST),11,261,433937,130628523483,17227824885,147856348368
2016-08-14,All-Floors,Non-HKUST,27,161,163843,9031833723,2011019040,11042852763
2016-08-14,All-Floors,Total,1041,5466,6405920,455628765490,52184934734,507813700224
2016-08-15,1,Staff,144,630,1030622,14383367737,5475137327,19858505064
2016-08-15,1,TPG,12,42,63180,818849287,917232467,1736081754
2016-08-15,1,RPG,162,523,378711,36986137144,3934989831,40921126975
2016-08-15,1,UG,60,209,335258,8701469355,668329383,9369798738
2016-08-15,1,Alumni,6,25,65053,4999285723,183905252,5183190975
2016-08-15,1,Others(HKUST),10,29,26132,556618210,184953841,741572051
2016-08-15,1,Non-HKUST,8,20,26550,1002211578,82923553,1085135131
2016-08-15,1,Total,402,1478,1925506,67447939034,11447471654,78895410688
2016-08-15,G,Staff,131,693,710631,9021390570,5605692123,14627082693
2016-08-15,G,TPG,51,234,166328,12994596681,1025735596,14020332277
2016-08-15,G,RPG,131,416,343534,12910035526,1805855136,14715890662
2016-08-15,G,UG,126,363,349676,21922287649,1249173117,23171460766
2016-08-15,G,Alumni,12,34,29475,2984399049,271463411,3255862460
2016-08-15,G,Others(HKUST),14,85,71505,2059939487,207191205,2267130692
2016-08-15,G,Non-HKUST,14,41,77001,1000900246,651080836,1651981082
2016-08-15,G,Total,479,1866,1748150,62893549208,10816191424,73709740632
2016-08-15,LG1,Staff,80,449,378970,7319691565,729190745,8048882310
2016-08-15,LG1,TPG,78,593,780749,43963154130,5684205584,49647359714
2016-08-15,LG1,RPG,151,985,1050362,53510685859,4272023946,57782709805
2016-08-15,LG1,UG,199,1272,1362254,58406261107,5819852827,64226113934
2016-08-15,LG1,Alumni,6,75,59855,5702980743,264588268,5967569011
2016-08-15,LG1,Others(HKUST),8,127,69447,1011527950,186555835,1198083785
2016-08-15,LG1,Non-HKUST,13,109,96375,10363000917,666715027,11029715944
2016-08-15,LG1,Total,535,3610,3798012,180277302271,17623132232,197900434503
2016-08-15,LG3,Staff,110,289,223755,5355587505,626485553,5982073058
2016-08-15,LG3,TPG,34,173,188682,13369418708,2320713331,15690132039
2016-08-15,LG3,RPG,159,495,519037,38577540293,2952522720,41530063013
2016-08-15,LG3,UG,290,598,288859,20005681745,2969468456,22975150201
2016-08-15,LG3,Alumni,10,39,15797,461689318,32797255,494486573
2016-08-15,LG3,Others(HKUST),9,29,24135,1547273379,215544381,1762817760
2016-08-15,LG3,Non-HKUST,15,31,15664,380135633,52645130,432780763
2016-08-15,LG3,Total,627,1654,1275929,79697326581,9170176826,88867503407
2016-08-15,LG4,Staff,183,394,190306,7574672866,891312158,8465985024
2016-08-15,LG4,TPG,43,159,169864,7666737580,813984304,8480721884
2016-08-15,LG4,RPG,238,564,466207,13979247663,2416789644,16396037307
2016-08-15,LG4,UG,380,837,376431,17445878460,1437030320,18882908780
2016-08-15,LG4,Alumni,14,45,45286,279999041,15261454,295260495
2016-08-15,LG4,Others(HKUST),13,158,267115,37483433577,6602396824,44085830401
2016-08-15,LG4,Non-HKUST,19,54,55077,10146610195,356963934,10503574129
2016-08-15,LG4,Total,890,2211,1570286,94576579382,12533738638,107110318020
2016-08-15,All-Floors,Staff,432,2455,2534284,43654710243,13327817906,56982528149
2016-08-15,All-Floors,TPG,119,1201,1368803,78812756386,10761871282,89574627668
2016-08-15,All-Floors,RPG,558,2983,2757851,155963646485,15382181277,171345827762
2016-08-15,All-Floors,UG,736,3279,2712478,126481578316,12143854103,138625432419
2016-08-15,All-Floors,Alumni,23,218,215466,14428353874,768015640,15196369514
2016-08-15,All-Floors,Others(HKUST),29,428,458334,42658792603,7396642086,50055434689
2016-08-15,All-Floors,Non-HKUST,47,255,270667,22892858569,1810328480,24703187049
2016-08-15,All-Floors,Total,1944,10819,10317883,484892696476,61590710774,546483407250
2016-08-16,1,Staff,183,1044,1410916,11669781946,1980008251,13649790197
2016-08-16,1,TPG,18,70,41335,2633146595,208382375,2841528970
2016-08-16,1,RPG,184,531,362454,22981177971,1518073375,24499251346
2016-08-16,1,UG,89,361,515277,19488217720,2335495711,21823713431
2016-08-16,1,Alumni,0,0,0,0,0,0
2016-08-16,1,Others(HKUST),7,29,7506,76108008,6748905,82856913
2016-08-16,1,Non-HKUST,6,17,19455,998174971,86632247,1084807218
2016-08-16,1,Total,487,2052,2356943,57846607211,6135340864,63981948075
2016-08-16,G,Staff,139,901,832601,15184062418,1982965751,17167028169
2016-08-16,G,TPG,68,473,332755,18692257765,2086192452,20778450217
2016-08-16,G,RPG,145,624,533238,31716749627,2188251660,33905001287
2016-08-16,G,UG,152,583,349316,33570000210,3262025675,36832025885
2016-08-16,G,Alumni,7,24,13651,344889129,452393719,797282848
2016-08-16,G,Others(HKUST),7,80,34969,5011495850,267199160,5278695010
2016-08-16,G,Non-HKUST,9,17,28808,343940776,23940738,367881514
2016-08-16,G,Total,527,2702,2125338,104863395775,10262969155,115126364930
2016-08-16,LG1,Staff,115,698,549870,24715760891,2226898445,26942659336
2016-08-16,LG1,TPG,49,665,719027,46897020221,2894244330,49791264551
2016-08-16,LG1,RPG,121,1180,1027520,92179717037,6633067447,98812784484
2016-08-16,LG1,UG,196,1520,1413567,74048660640,9132493475,83181154115
2016-08-16,LG1,Alumni,4,53,51483,4081375479,163417020,4244792499
2016-08-16,LG1,Others(HKUST),11,43,256824,309187879,134068241,443256120
2016-08-16,LG1,Non-HKUST,15,227,168093,20650243903,1230895127,21881139030
2016-08-16,LG1,Total,511,4386,4186384,262881966050,22415084085,285297050135
2016-08-16,LG3,Staff,138,315,155315,7432268861,1320488864,8752757725
2016-08-16,LG3,TPG,37,136,107583,18590971340,2286506939,20877478279
2016-08-16,LG3,RPG,176,584,499007,27668663063,3832235681,31500898744
2016-08-16,LG3,UG,441,969,467558,65225943958,7469112920,72695056878
2016-08-16,LG3,Alumni,7,61,79772,12270261113,501108895,12771370008
2016-08-16,LG3,Others(HKUST),12,51,54660,4675417254,318877445,4994294699
2016-08-16,LG3,Non-HKUST,29,43,9734,226532109,22912064,249444173
2016-08-16,LG3,Total,840,2159,1373629,136090057698,15751242808,151841300506
2016-08-16,LG4,Staff,217,601,300615,13949015582,898552063,14847567645
2016-08-16,LG4,TPG,48,205,244360,12850776870,2290299894,15141076764
2016-08-16,LG4,RPG,229,750,832865,29753856487,2847622706,32601479193
2016-08-16,LG4,UG,646,1403,598199,23953549836,3388504009,27342053845
2016-08-16,LG4,Alumni,6,64,57931,135163777,13788141,148951918
2016-08-16,LG4,Others(HKUST),19,164,263184,20760710835,3432276357,24192987192
2016-08-16,LG4,Non-HKUST,48,74,24859,108178926,7615859,115794785
2016-08-16,LG4,Total,1213,3261,2322013,101511252313,12878659029,114389911342
2016-08-16,All-Floors,Staff,505,3559,3249317,72950889698,8408913374,81359803072
2016-08-16,All-Floors,TPG,126,1549,1445060,99664172791,9765625990,109429798781
2016-08-16,All-Floors,RPG,557,3669,3255084,204300164185,17019250869,221319415054
2016-08-16,All-Floors,UG,1033,4836,3343917,216286372364,25587631790,241874004154
2016-08-16,All-Floors,Alumni,13,202,202837,16831689498,1130707775,17962397273
2016-08-16,All-Floors,Others(HKUST),39,367,617143,30832919826,4159170108,34992089934
2016-08-16,All-Floors,Non-HKUST,81,378,250949,22327070685,1371996035,23699066720
2016-08-16,All-Floors,Total,2354,14560,12364307,663193279047,67443295941,730636574988
2016-08-17,1,Staff,173,990,1222042,14748846239,2824885839,17573732078
2016-08-17,1,TPG,26,129,167040,7458676704,939161642,8397838346
2016-08-17,1,RPG,208,664,482639,29356975108,2506787570,31863762678
2016-08-17,1,UG,88,404,620090,24619500022,10225969883,34845469905
2016-08-17,1,Alumni,3,17,29108,867480187,52208823,919689010
2016-08-17,1,Others(HKUST),11,38,19482,1174346791,53208379,1227555170
2016-08-17,1,Non-HKUST,8,25,51034,1906361638,141651939,2048013577
2016-08-17,1,Total,517,2267,2591435,80132186689,16743874075,96876060764
2016-08-17,G,Staff,147,974,857746,12778924864,9973220007,22752144871
2016-08-17,G,TPG,79,594,580995,38400278061,3051519643,41451797704
2016-08-17,G,RPG,178,728,455943,27322256045,2084809262,29407065307
2016-08-17,G,UG,162,636,397958,21029815334,1657126820,22686942154
2016-08-17,G,Alumni,10,51,46794,13068212080,3202988408,16271200488
2016-08-17,G,Others(HKUST),12,110,73754,3237424160,161090089,3398514249
2016-08-17,G,Non-HKUST,20,53,34822,1278723046,101588662,1380311708
2016-08-17,G,Total,608,3146,2448012,117115633590,20232342891,137347976481
2016-08-17,LG1,Staff,117,588,578765,33358718859,9391563310,42750282169
2016-08-17,LG1,TPG,62,548,642873,36018734092,2506267871,38525001963
2016-08-17,LG1,RPG,154,1504,1347010,80021887884,7690392407,87712280291
2016-08-17,LG1,UG,188,1652,1500406,119576284457,14660960102,134237244559
2016-08-17,LG1,Alumni,10,121,166358,6844860809,471535906,7316396715
2016-08-17,LG1,Others(HKUST),8,85,442881,1189009396,343467416,1532476812
2016-08-17,LG1,Non-HKUST,15,205,160575,7728271711,10558696894,18286968605
2016-08-17,LG1,Total,554,4703,4838868,284737767208,45622883906,330360651114
2016-08-17,LG3,Staff,158,399,255216,10653802597,1169984326,11823786923
2016-08-17,LG3,TPG,34,245,262856,37640810303,27386367787,65027178090
2016-08-17,LG3,RPG,216,745,619182,50082254796,3999973094,54082227890
2016-08-17,LG3,UG,287,581,290609,19563056809,2071993365,21635050174
2016-08-17,LG3,Alumni,10,44,16185,1073925508,60960222,1134885730
2016-08-17,LG3,Others(HKUST),12,26,18912,490112859,26276347,516389206
2016-08-17,LG3,Non-HKUST,22,46,30690,782390795,1232443393,2014834188
2016-08-17,LG3,Total,739,2086,1493650,120286353667,35947998534,156234352201
2016-08-17,LG4,Staff,204,601,330901,13623259327,1304621755,14927881082
2016-08-17,LG4,TPG,51,240,198574,19149438953,1285584162,20435023115
2016-08-17,LG4,RPG,274,718,636194,15309787751,1717194462,17026982213
2016-08-17,LG4,UG,452,1031,451804,18750936200,2653566002,21404502202
2016-08-17,LG4,Alumni,10,78,97010,4702370774,253411517,4955782291
2016-08-17,LG4,Others(HKUST),24,236,333824,22337097494,3008136000,25345233494
2016-08-17,LG4,Non-HKUST,21,42,25093,1919752219,79667411,1999419630
2016-08-17,LG4,Total,1036,2946,2073400,95792642718,10302181309,106094824027
2016-08-17,All-Floors,Staff,502,3552,3244670,85163551886,24664275237,109827827123
2016-08-17,All-Floors,TPG,125,1756,1852338,138667938113,35168901105,173836839218
2016-08-17,All-Floors,RPG,638,4359,3540968,202093161584,17999156795,220092318379
2016-08-17,All-Floors,UG,807,4304,3260867,203539592822,31269616172,234809208994
2016-08-17,All-Floors,Alumni,18,311,355455,26556849358,4041104876,30597954234
2016-08-17,All-Floors,Others(HKUST),43,495,888853,28427990700,3592178231,32020168931
2016-08-17,All-Floors,Non-HKUST,50,371,302214,13615499409,12114048299,25729547708
2016-08-17,All-Floors,Total,2183,15148,13445365,698064583872,128849280715,826913864587
2016-08-18,1,Staff,169,832,1038253,8259272796,3946181475,12205454271
2016-08-18,1,TPG,11,61,37192,1093398230,99322952,1192721182
2016-08-18,1,RPG,164,412,345510,18690469277,2132100337,20822569614
2016-08-18,1,UG,75,222,285770,59278775455,2502002512,61780777967
2016-08-18,1,Alumni,4,7,13342,174672798,6540372,181213170
2016-08-18,1,Others(HKUST),13,29,8252,2631029414,78952049,2709981463
2016-08-18,1,Non-HKUST,5,12,28915,2083339571,122887789,2206227360
2016-08-18,1,Total,441,1575,1757234,92210957541,8887987486,101098945027
2016-08-18,G,Staff,124,703,631542,10307241009,3120686337,13427927346
2016-08-18,G,TPG,68,337,307290,15911650775,1774352428,17686003203
2016-08-18,G,RPG,144,477,376152,15435951689,4447424672,19883376361
2016-08-18,G,UG,198,599,395199,32498072156,2357870624,34855942780
2016-08-18,G,Alumni,10,20,9287,3200172258,96009888,3296182146
2016-08-18,G,Others(HKUST),14,113,72933,6126581555,406652983,6533234538
2016-08-18,G,Non-HKUST,12,34,24507,515208246,36912374,552120620
2016-08-18,G,Total,570,2283,1816910,83994877688,12239909306,96234786994
2016-08-18,LG1,Staff,79,416,305779,18368938635,1220351792,19589290427
2016-08-18,LG1,TPG,51,451,340468,27312322620,2388548108,29700870728
2016-08-18,LG1,RPG,139,890,945657,60585618201,7498373468,68083991669
2016-08-18,LG1,UG,221,1408,1155713,94628340098,4907089786,99535429884
2016-08-18,LG1,Alumni,4,62,57759,1897970595,151168433,2049139028
2016-08-18,LG1,Others(HKUST),7,33,306348,1451795726,149800619,1601596345
2016-08-18,LG1,Non-HKUST,8,100,76794,4579008418,219828655,4798837073
2016-08-18,LG1,Total,509,3360,3188518,208823994293,16535160861,225359155154
2016-08-18,LG3,Staff,110,222,82480,3431135073,699084764,4130219837
2016-08-18,LG3,TPG,26,90,73325,12087478783,822309986,12909788769
2016-08-18,LG3,RPG,162,444,419776,32205974692,3005464086,35211438778
2016-08-18,LG3,UG,314,761,497620,40787600767,4430824053,45218424820
2016-08-18,LG3,Alumni,6,22,32968,4503136471,168758130,4671894601
2016-08-18,LG3,Others(HKUST),10,18,3496,46890851,19110732,66001583
2016-08-18,LG3,Non-HKUST,7,21,22470,1700991749,67062282,1768054031
2016-08-18,LG3,Total,635,1578,1132135,94763208386,9212614033,103975822419
2016-08-18,LG4,Staff,186,458,214702,9802587139,14864420561,24667007700
2016-08-18,LG4,TPG,47,154,148441,5257127973,883857026,6140984999
2016-08-18,LG4,RPG,226,592,589937,36813524843,3813488970,40627013813
2016-08-18,LG4,UG,591,1228,510760,8740319075,801400827,9541719902
2016-08-18,LG4,Alumni,6,49,59136,3765313615,158190951,3923504566
2016-08-18,LG4,Others(HKUST),15,156,232749,28081682473,6242346112,34324028585
2016-08-18,LG4,Non-HKUST,29,51,24075,2398137957,230824255,2628962212
2016-08-18,LG4,Total,1100,2688,1779800,94858693075,26994528702,121853221777
2016-08-18,All-Floors,Staff,453,2631,2272756,50169174652,23850724929,74019899581
2016-08-18,All-Floors,TPG,122,1093,906716,61661978381,5968390500,67630368881
2016-08-18,All-Floors,RPG,567,2815,2677032,163731538702,20896851533,184628390235
2016-08-18,All-Floors,UG,993,4218,2845062,235933107551,14999187802,250932295353
2016-08-18,All-Floors,Alumni,15,160,172492,13541265737,580667774,14121933511
2016-08-18,All-Floors,Others(HKUST),38,349,623778,38337980019,6896862495,45234842514
2016-08-18,All-Floors,Non-HKUST,49,218,176761,11276685941,677515355,11954201296
2016-08-18,All-Floors,Total,2237,11484,9674597,574651730983,73870200388,648521931371
2016-08-19,1,Staff,150,713,998278,18475531973,2796770009,21272301982
2016-08-19,1,TPG,16,49,43917,18646158043,643130126,19289288169
2016-08-19,1,RPG,156,432,261010,16653239852,1349527621,18002767473
2016-08-19,1,UG,153,357,369179,11083208130,1300504380,12383712510
2016-08-19,1,Alumni,2,2,4394,4205245,602639,4807884
2016-08-19,1,Others(HKUST),8,17,27674,451114751,23734837,474849588
2016-08-19,1,Non-HKUST,11,19,47388,917037374,365306606,1282343980
2016-08-19,1,Total,496,1589,1751840,66230495368,6479576218,72710071586
2016-08-19,G,Staff,113,694,565873,10814494443,2626099562,13440594005
2016-08-19,G,TPG,68,356,337166,57815796432,2216440624,60032237056
2016-08-19,G,RPG,153,781,641076,31063372283,19495789741,50559162024
2016-08-19,G,UG,217,684,430603,32067715499,3412607368,35480322867
2016-08-19,G,Alumni,6,14,29622,169355970,19010547,188366517
2016-08-19,G,Others(HKUST),9,96,102059,922642313,84191639,1006833952
2016-08-19,G,Non-HKUST,16,95,58474,4103921893,330248276,4434170169
2016-08-19,G,Total,582,2720,2164873,136957298833,28184387757,165141686590
2016-08-19,LG1,Staff,99,606,543930,18841950891,1654700235,20496651126
2016-08-19,LG1,TPG,47,423,395830,27105349588,2862266923,29967616511
2016-08-19,LG1,RPG,157,1151,1138446,55766234829,4992172473,60758407302
2016-08-19,LG1,UG,260,1596,1464802,82296694870,44846584671,127143279541
2016-08-19,LG1,Alumni,3,24,59476,224733617,15287926,240021543
2016-08-19,LG1,Others(HKUST),9,42,258171,413038472,126631191,539669663
2016-08-19,LG1,Non-HKUST,18,87,90440,10929098609,465125327,11394223936
2016-08-19,LG1,Total,593,3929,3951095,195577100876,54962768746,250539869622
2016-08-19,LG3,Staff,105,327,189614,12139529029,1617547334,13757076363
2016-08-19,LG3,TPG,29,102,86634,9761496733,782597542,10544094275
2016-08-19,LG3,RPG,179,732,633408,36964712453,3241621041,40206333494
2016-08-19,LG3,UG,433,839,314987,9282857824,3770167736,13053025560
2016-08-19,LG3,Alumni,4,27,72470,1578879883,79510589,1658390472
2016-08-19,LG3,Others(HKUST),13,44,19017,363473624,277186897,640660521
2016-08-19,LG3,Non-HKUST,17,40,37838,1156079316,91815329,1247894645
2016-08-19,LG3,Total,780,2111,1353968,71247028862,9860446468,81107475330
2016-08-19,LG4,Staff,199,487,209288,8766799456,787980155,9554779611
2016-08-19,LG4,TPG,48,217,211320,13913171332,800525268,14713696600
2016-08-19,LG4,RPG,246,654,590949,30247294315,2472617563,32719911878
2016-08-19,LG4,UG,768,1652,701516,18332853822,4214333742,22547187564
2016-08-19,LG4,Alumni,6,14,7254,40802030,6791625,47593655
2016-08-19,LG4,Others(HKUST),21,177,282008,19209065225,3301206794,22510272019
2016-08-19,LG4,Non-HKUST,38,91,50072,1531811613,288684031,1820495644
2016-08-19,LG4,Total,1326,3292,2052407,92041797793,11872139178,103913936971
2016-08-19,All-Floors,Staff,442,2827,2506983,69038305792,9483097295,78521403087
2016-08-19,All-Floors,TPG,118,1147,1074867,127241972128,7304960483,134546932611
2016-08-19,All-Floors,RPG,570,3750,3264889,170694853732,31551728439,202246582171
2016-08-19,All-Floors,UG,1229,5128,3281087,153063330145,57544197897,210607528042
2016-08-19,All-Floors,Alumni,14,81,173216,2017976745,121203326,2139180071
2016-08-19,All-Floors,Others(HKUST),34,376,688929,21359334385,3812951358,25172285743
2016-08-19,All-Floors,Non-HKUST,59,332,284212,18637948805,1541179569,20179128374
2016-08-19,All-Floors,Total,2466,13641,11274183,562053721732,111359318367,673413040099
2016-08-20,1,Staff,31,109,229770,4972496228,399333217,5371829445
2016-08-20,1,TPG,21,110,208067,36174082033,1484444488,37658526521
2016-08-20,1,RPG,104,224,211347,12683544232,15067507638,27751051870
2016-08-20,1,UG,71,172,213238,9031726608,508632896,9540359504
2016-08-20,1,Alumni,3,26,24509,10988076951,1099087124,12087164075
2016-08-20,1,Others(HKUST),1,7,724,123157,102013,225170
2016-08-20,1,Non-HKUST,4,26,37990,16216770106,1689817748,17906587854
2016-08-20,1,Total,235,674,925645,90066819315,20248925124,110315744439
2016-08-20,G,Staff,37,129,117028,4699551518,4752747602,9452299120
2016-08-20,G,TPG,50,240,186759,16193545039,6135429596,22328974635
2016-08-20,G,RPG,101,417,250756,13485491771,836610347,14322102118
2016-08-20,G,UG,229,648,329270,19896762454,1497656138,21394418592
2016-08-20,G,Alumni,26,85,72768,20941126632,986410312,21927536944
2016-08-20,G,Others(HKUST),3,29,22798,111100369,24677975,135778344
2016-08-20,G,Non-HKUST,12,46,37640,526285151,52737776,579022927
2016-08-20,G,Total,458,1594,1017019,75853862934,14286269746,90140132680
2016-08-20,LG1,Staff,31,251,257119,28769763562,1300164015,30069927577
2016-08-20,LG1,TPG,50,635,530826,46815372497,8562395269,55377767766
2016-08-20,LG1,RPG,96,765,774946,52532915197,3977794377,56510709574
2016-08-20,LG1,UG,332,2682,2471984,109054053863,35613138402,144667192265
2016-08-20,LG1,Alumni,20,97,126998,43280685790,2678087769,45958773559
2016-08-20,LG1,Others(HKUST),4,50,431026,507499763,310885080,818384843
2016-08-20,LG1,Non-HKUST,7,57,53398,5082016970,245909009,5327925979
2016-08-20,LG1,Total,540,4537,4646297,286042307642,52688373921,338730681563
2016-08-20,LG3,Staff,42,131,79228,1262476642,355275323,1617751965
2016-08-20,LG3,TPG,22,34,16428,785666383,34250796,819917179
2016-08-20,LG3,RPG,120,277,171682,12215574523,4084317041,16299891564
2016-08-20,LG3,UG,359,1110,691844,27569683924,1884464419,29454148343
2016-08-20,LG3,Alumni,21,100,112424,11118193684,871598447,11989792131
2016-08-20,LG3,Others(HKUST),5,31,11164,42843941,37647926,80491867
2016-08-20,LG3,Non-HKUST,13,18,8041,211390234,7314422,218704656
2016-08-20,LG3,Total,582,1701,1090811,53205829331,7274868374,60480697705
2016-08-20,LG4,Staff,55,102,92292,6980242499,13595930630,20576173129
2016-08-20,LG4,TPG,41,190,193665,56681728110,2806851796,59488579906
2016-08-20,LG4,RPG,170,384,347823,10983889081,1149939257,12133828338
2016-08-20,LG4,UG,468,1105,702249,31895045883,2023734499,33918780382
2016-08-20,LG4,Alumni,21,100,146492,2552126583,197133636,2749260219
2016-08-20,LG4,Others(HKUST),7,175,393595,36478529039,8557598591,45036127630
2016-08-20,LG4,Non-HKUST,28,61,58945,859097425,47126105,906223530
2016-08-20,LG4,Total,790,2117,1935061,146430658620,28378314514,174808973134
2016-08-20,All-Floors,Staff,138,722,775437,46684530449,20403450787,67087981236
2016-08-20,All-Floors,TPG,98,1209,1135745,156650394062,19023371945,175673766007
2016-08-20,All-Floors,RPG,374,2067,1756554,101901414804,25116168660,127017583464
2016-08-20,All-Floors,UG,967,5717,4408585,197447272732,41527626354,238974899086
2016-08-20,All-Floors,Alumni,47,408,483191,88880209640,5832317288,94712526928
2016-08-20,All-Floors,Others(HKUST),11,292,859307,37140096269,8930911585,46071007854
2016-08-20,All-Floors,Non-HKUST,49,208,196014,22895559886,2042905060,24938464946
2016-08-20,All-Floors,Total,1684,10623,9614833,651599477842,122876751679,774476229521
2016-08-21,1,Staff,19,36,98192,26348640,21242417,47591057
2016-08-21,1,TPG,3,6,2056,732327,287948,1020275
2016-08-21,1,RPG,77,128,47775,121663382,18206491,139869873
2016-08-21,1,UG,57,70,13579,2240779981,340202380,2580982361
2016-08-21,1,Alumni,1,2,480,43389,29152,72541
2016-08-21,1,Others(HKUST),1,5,2641,468016,257202,725218
2016-08-21,1,Non-HKUST,2,2,0,25598,893278,918876
2016-08-21,1,Total,160,249,164723,2390061333,381118868,2771180201
2016-08-21,G,Staff,7,7,1448,7830131,1754646,9584777
2016-08-21,G,TPG,5,7,6963,131348095,8252585,139600680
2016-08-21,G,RPG,18,20,7442,563355161,303886046,867241207
2016-08-21,G,UG,40,44,10072,1155593424,85346156,1240939580
2016-08-21,G,Alumni,0,0,0,0,0,0
2016-08-21,G,Others(HKUST),1,2,719,11578,4141,15719
2016-08-21,G,Non-HKUST,4,4,362,38349840,3353145,41702985
2016-08-21,G,Total,75,84,27006,1896488229,402596719,2299084948
2016-08-21,LG1,Staff,14,115,214931,12249956084,471160000,12721116084
2016-08-21,LG1,TPG,46,745,1043774,82958665735,13314558128,96273223863
2016-08-21,LG1,RPG,88,1245,1528796,142782002745,7932653712,150714656457
2016-08-21,LG1,UG,163,1168,1427204,82601875506,8488184829,91090060335
2016-08-21,LG1,Alumni,5,28,25446,3440733720,210374328,3651108048
2016-08-21,LG1,Others(HKUST),2,31,435486,1565991826,211307028,1777298854
2016-08-21,LG1,Non-HKUST,9,108,150318,11454449066,524113548,11978562614
2016-08-21,LG1,Total,327,3440,4825955,337053674682,31152351573,368206026255
2016-08-21,LG3,Staff,30,42,15223,170085100,11815127,181900227
2016-08-21,LG3,TPG,22,27,22339,2250075271,92451766,2342527037
2016-08-21,LG3,RPG,81,112,25533,5285922134,1020716147,6306638281
2016-08-21,LG3,UG,367,507,187820,2352195172,407724890,2759920062
2016-08-21,LG3,Alumni,8,10,1797,217516,87962,305478
2016-08-21,LG3,Others(HKUST),1,4,1444,253789,154965,408754
2016-08-21,LG3,Non-HKUST,11,11,6017,166827542,48577392,215404934
2016-08-21,LG3,Total,520,713,260173,10225576524,1581528249,11807104773
2016-08-21,LG4,Staff,41,55,17027,72211502,6197299,78408801
2016-08-21,LG4,TPG,31,44,37782,1399184791,127842081,1527026872
2016-08-21,LG4,RPG,154,217,73452,898966412,216678175,1115644587
2016-08-21,LG4,UG,491,834,373878,5158761947,975599162,6134361109
2016-08-21,LG4,Alumni,7,10,10440,235638879,13907241,249546120
2016-08-21,LG4,Others(HKUST),6,99,300490,29995663950,4330945313,34326609263
2016-08-21,LG4,Non-HKUST,15,23,6720,13218744,2700736,15919480
2016-08-21,LG4,Total,745,1282,819789,37773646225,5673870007,43447516232
2016-08-21,All-Floors,Staff,97,255,346821,12526431457,512169489,13038600946
2016-08-21,All-Floors,TPG,77,829,1112914,86740006219,13543392508,100283398727
2016-08-21,All-Floors,RPG,316,1722,1682998,149651909834,9492140571,159144050405
2016-08-21,All-Floors,UG,875,2623,2012553,93509206030,10297057417,103806263447
2016-08-21,All-Floors,Alumni,18,50,38163,3676633504,224398683,3901032187
2016-08-21,All-Floors,Others(HKUST),7,141,740780,31562389159,4542668649,36105057808
2016-08-21,All-Floors,Non-HKUST,30,148,163417,11672870790,579638099,12252508889
2016-08-21,All-Floors,Total,1420,5768,6097646,389339446993,39191465416,428530912409
2016-08-22,1,Staff,169,1004,1386952,10499204437,2611928858,13111133295
2016-08-22,1,TPG,38,189,194485,13617200320,1408304232,15025504552
2016-08-22,1,RPG,234,729,553221,14296317238,5523379820,19819697058
2016-08-22,1,UG,110,440,578715,15029087134,1352167888,16381255022
2016-08-22,1,Alumni,2,7,2997,12553266,625704,13178970
2016-08-22,1,Others(HKUST),7,25,28031,20158438,5601747,25760185
2016-08-22,1,Non-HKUST,6,13,2659,17795871,32326130,50122001
2016-08-22,1,Total,566,2407,2747060,53492316704,10934334379,64426651083
2016-08-22,G,Staff,141,814,723579,6534175660,2636275640,9170451300
2016-08-22,G,TPG,108,772,494928,43494843716,3372086631,46866930347
2016-08-22,G,RPG,227,1124,889639,32617266786,4061265549,36678532335
2016-08-22,G,UG,289,1346,857570,32292199183,4177724582,36469923765
2016-08-22,G,Alumni,10,30,9354,611344344,1172609286,1783953630
2016-08-22,G,Others(HKUST),9,88,146471,1982399276,201720007,2184119283
2016-08-22,G,Non-HKUST,14,94,68621,2167211127,174221230,2341432357
2016-08-22,G,Total,798,4268,3190162,119699440092,15795902925,135495343017
2016-08-22,LG1,Staff,104,702,514438,16797115528,3119504804,19916620332
2016-08-22,LG1,TPG,90,1112,776732,45413372832,8217648889,53631021721
2016-08-22,LG1,RPG,191,1941,1432490,186793999439,22476083124,209270082563
2016-08-22,LG1,UG,350,2971,2166632,176700862565,24366271978,201067134543
2016-08-22,LG1,Alumni,9,120,125713,3076711227,1416221669,4492932896
2016-08-22,LG1,Others(HKUST),9,128,472735,26691209591,1373173378,28064382969
2016-08-22,LG1,Non-HKUST,19,188,205403,258024316559,8382595325,266406911884
2016-08-22,LG1,Total,772,7162,5694143,713497587741,69351499167,782849086908
2016-08-22,LG3,Staff,136,445,353150,9049102404,1607196729,10656299133
2016-08-22,LG3,TPG,49,135,77690,12019929344,579483761,12599413105
2016-08-22,LG3,RPG,195,631,436407,20024421052,2560596357,22585017409
2016-08-22,LG3,UG,400,1282,877969,38906036424,2967847438,41873883862
2016-08-22,LG3,Alumni,10,47,45939,2999820573,5022975984,8022796557
2016-08-22,LG3,Others(HKUST),12,25,13047,281143377,15086256,296229633
2016-08-22,LG3,Non-HKUST,19,89,88758,2797191694,208511644,3005703338
2016-08-22,LG3,Total,821,2654,1892960,86077644868,12961698169,99039343037
2016-08-22,LG4,Staff,214,635,345965,31879312016,2704911861,34584223877
2016-08-22,LG4,TPG,69,330,332989,24152247344,2721427871,26873675215
2016-08-22,LG4,RPG,305,937,745418,33046329818,3182192158,36228521976
2016-08-22,LG4,UG,493,1332,831904,38205156925,3363043985,41568200910
2016-08-22,LG4,Alumni,12,109,147041,3348568433,258838221,3607406654
2016-08-22,LG4,Others(HKUST),16,183,290707,19933943771,2765954773,22699898544
2016-08-22,LG4,Non-HKUST,29,74,29232,222123344,12718927,234842271
2016-08-22,LG4,Total,1138,3600,2723256,150787681651,15009087796,165796769447
2016-08-22,All-Floors,Staff,502,3600,3324084,74758910045,12679817892,87438727937
2016-08-22,All-Floors,TPG,177,2538,1876824,138697593556,16298951384,154996544940
2016-08-22,All-Floors,RPG,682,5362,4057175,286778334333,37803517008,324581851341
2016-08-22,All-Floors,UG,986,7371,5312790,301133342231,36227055871,337360398102
2016-08-22,All-Floors,Alumni,22,313,331044,10048997843,7871270864,17920268707
2016-08-22,All-Floors,Others(HKUST),30,449,950991,48908854453,4361536161,53270390614
2016-08-22,All-Floors,Non-HKUST,54,458,394673,263228638595,8810373256,272039011851
2016-08-22,All-Floors,Total,2453,20091,16247581,1123554671056,124052522436,1247607193492
2016-08-23,1,Staff,77,218,299145,955112579,361127731,1316240310
2016-08-23,1,TPG,1,2,729,71664,13724,85388
2016-08-23,1,RPG,69,123,63824,1739033771,159153807,1898187578
2016-08-23,1,UG,42,77,71682,3132460340,196061652,3328521992
2016-08-23,1,Alumni,2,3,123,55934,13113,69047
2016-08-23,1,Others(HKUST),3,4,856,48293,102891,151184
2016-08-23,1,Non-HKUST,1,1,0,0,0,0
2016-08-23,1,Total,195,428,436359,5826782581,716472918,6543255499
2016-08-23,G,Staff,48,149,95104,1653415627,142193567,1795609194
2016-08-23,G,TPG,13,46,21962,937646704,60302370,997949074
2016-08-23,G,RPG,34,73,51782,5408337840,150368138,5558705978
2016-08-23,G,UG,54,124,63065,2220082695,434793359,2654876054
2016-08-23,G,Alumni,0,0,0,0,0,0
2016-08-23,G,Others(HKUST),2,10,8208,166146688,12841202,178987890
2016-08-23,G,Non-HKUST,4,5,720,5155820,628886,5784706
2016-08-23,G,Total,155,407,240841,10390785374,801127522,11191912896
2016-08-23,LG1,Staff,28,85,41837,889926379,53292097,943218476
2016-08-23,LG1,TPG,7,22,18510,235680432,17196641,252877073
2016-08-23,LG1,RPG,41,149,80741,3690619287,182163433,3872782720
2016-08-23,LG1,UG,69,198,152109,8821121560,3373056222,12194177782
2016-08-23,LG1,Alumni,0,0,0,0,0,0
2016-08-23,LG1,Others(HKUST),2,17,94904,610739240,57998862,668738102
2016-08-23,LG1,Non-HKUST,4,11,10975,403771576,21714104,425485680
2016-08-23,LG1,Total,151,482,399076,14651858474,3705421359,18357279833
2016-08-23,LG3,Staff,35,68,15032,658238085,24321428,682559513
2016-08-23,LG3,TPG,6,24,7222,538093078,53745753,591838831
2016-08-23,LG3,RPG,24,52,27735,523512298,71556138,595068436
2016-08-23,LG3,UG,62,88,28708,376155063,39170664,415325727
2016-08-23,LG3,Alumni,0,0,0,0,0,0
2016-08-23,LG3,Others(HKUST),1,2,337,123107398,3749228,126856626
2016-08-23,LG3,Non-HKUST,7,12,7688,152418920,23380990,175799910
2016-08-23,LG3,Total,135,246,86722,2371524842,215924201,2587449043
2016-08-23,LG4,Staff,40,103,28582,566502702,622109869,1188612571
2016-08-23,LG4,TPG,3,5,450,56669102,2625160,59294262
2016-08-23,LG4,RPG,32,77,77954,1952859484,99110499,2051969983
2016-08-23,LG4,UG,77,156,92352,3681655692,175574057,3857229749
2016-08-23,LG4,Alumni,1,1,3967,47276238,5735056,53011294
2016-08-23,LG4,Others(HKUST),7,44,47221,2876465633,153715319,3030180952
2016-08-23,LG4,Non-HKUST,3,4,122,226934,187807,414741
2016-08-23,LG4,Total,163,390,250648,9181655785,1059057767,10240713552
2016-08-23,All-Floors,Staff,159,623,479700,4723195372,1203044692,5926240064
2016-08-23,All-Floors,TPG,24,99,48873,1768160980,133883648,1902044628
2016-08-23,All-Floors,RPG,161,474,302036,13314362680,662352015,13976714695
2016-08-23,All-Floors,UG,250,643,407916,18231475350,4218655954,22450131304
2016-08-23,All-Floors,Alumni,3,4,4090,47332172,5748169,53080341
2016-08-23,All-Floors,Others(HKUST),11,77,151526,3776507252,228407502,4004914754
2016-08-23,All-Floors,Non-HKUST,13,33,19505,561573250,45911787,607485037
2016-08-23,All-Floors,Total,621,1953,1413646,42422607056,6498003767,48920610823
2016-08-24,1,Staff,0,0,0,0,0,0
2016-08-24,1,TPG,0,0,0,0,0,0
2016-08-24,1,RPG,0,0,0,0,0,0
2016-08-24,1,UG,0,0,0,0,0,0
2016-08-24,1,Alumni,0,0,0,0,0,0
2016-08-24,1,Others(HKUST),0,0,0,0,0,0
2016-08-24,1,Non-HKUST,0,0,0,0,0,0
2016-08-24,1,Total,0,0,0,0,0,0
2016-08-24,G,Staff,0,0,0,0,0,0
2016-08-24,G,TPG,0,0,0,0,0,0
2016-08-24,G,RPG,0,0,0,0,0,0
2016-08-24,G,UG,0,0,0,0,0,0
2016-08-24,G,Alumni,0,0,0,0,0,0
2016-08-24,G,Others(HKUST),0,0,0,0,0,0
2016-08-24,G,Non-HKUST,0,0,0,0,0,0
2016-08-24,G,Total,0,0,0,0,0,0
2016-08-24,LG1,Staff,0,0,0,0,0,0
2016-08-24,LG1,TPG,0,0,0,0,0,0
2016-08-24,LG1,RPG,0,0,0,0,0,0
2016-08-24,LG1,UG,0,0,0,0,0,0
2016-08-24,LG1,Alumni,0,0,0,0,0,0
2016-08-24,LG1,Others(HKUST),0,0,0,0,0,0
2016-08-24,LG1,Non-HKUST,0,0,0,0,0,0
2016-08-24,LG1,Total,0,0,0,0,0,0
2016-08-24,LG3,Staff,0,0,0,0,0,0
2016-08-24,LG3,TPG,0,0,0,0,0,0
2016-08-24,LG3,RPG,0,0,0,0,0,0
2016-08-24,LG3,UG,0,0,0,0,0,0
2016-08-24,LG3,Alumni,0,0,0,0,0,0
2016-08-24,LG3,Others(HKUST),0,0,0,0,0,0
2016-08-24,LG3,Non-HKUST,0,0,0,0,0,0
2016-08-24,LG3,Total,0,0,0,0,0,0
2016-08-24,LG4,Staff,0,0,0,0,0,0
2016-08-24,LG4,TPG,0,0,0,0,0,0
2016-08-24,LG4,RPG,0,0,0,0,0,0
2016-08-24,LG4,UG,0,0,0,0,0,0
2016-08-24,LG4,Alumni,0,0,0,0,0,0
2016-08-24,LG4,Others(HKUST),0,0,0,0,0,0
2016-08-24,LG4,Non-HKUST,0,0,0,0,0,0
2016-08-24,LG4,Total,0,0,0,0,0,0
2016-08-24,All-Floors,Staff,0,0,0,0,0,0
2016-08-24,All-Floors,TPG,0,0,0,0,0,0
2016-08-24,All-Floors,RPG,0,0,0,0,0,0
2016-08-24,All-Floors,UG,0,0,0,0,0,0
2016-08-24,All-Floors,Alumni,0,0,0,0,0,0
2016-08-24,All-Floors,Others(HKUST),0,0,0,0,0,0
2016-08-24,All-Floors,Non-HKUST,0,0,0,0,0,0
2016-08-24,All-Floors,Total,0,0,0,0,0,0
2016-08-25,1,Staff,0,0,0,0,0,0
2016-08-25,1,TPG,0,0,0,0,0,0
2016-08-25,1,RPG,0,0,0,0,0,0
2016-08-25,1,UG,0,0,0,0,0,0
2016-08-25,1,Alumni,0,0,0,0,0,0
2016-08-25,1,Others(HKUST),0,0,0,0,0,0
2016-08-25,1,Non-HKUST,0,0,0,0,0,0
2016-08-25,1,Total,0,0,0,0,0,0
2016-08-25,G,Staff,0,0,0,0,0,0
2016-08-25,G,TPG,0,0,0,0,0,0
2016-08-25,G,RPG,0,0,0,0,0,0
2016-08-25,G,UG,0,0,0,0,0,0
2016-08-25,G,Alumni,0,0,0,0,0,0
2016-08-25,G,Others(HKUST),0,0,0,0,0,0
2016-08-25,G,Non-HKUST,0,0,0,0,0,0
2016-08-25,G,Total,0,0,0,0,0,0
2016-08-25,LG1,Staff,0,0,0,0,0,0
2016-08-25,LG1,TPG,0,0,0,0,0,0
2016-08-25,LG1,RPG,0,0,0,0,0,0
2016-08-25,LG1,UG,0,0,0,0,0,0
2016-08-25,LG1,Alumni,0,0,0,0,0,0
2016-08-25,LG1,Others(HKUST),0,0,0,0,0,0
2016-08-25,LG1,Non-HKUST,0,0,0,0,0,0
2016-08-25,LG1,Total,0,0,0,0,0,0
2016-08-25,LG3,Staff,0,0,0,0,0,0
2016-08-25,LG3,TPG,0,0,0,0,0,0
2016-08-25,LG3,RPG,0,0,0,0,0,0
2016-08-25,LG3,UG,0,0,0,0,0,0
2016-08-25,LG3,Alumni,0,0,0,0,0,0
2016-08-25,LG3,Others(HKUST),0,0,0,0,0,0
2016-08-25,LG3,Non-HKUST,0,0,0,0,0,0
2016-08-25,LG3,Total,0,0,0,0,0,0
2016-08-25,LG4,Staff,0,0,0,0,0,0
2016-08-25,LG4,TPG,0,0,0,0,0,0
2016-08-25,LG4,RPG,0,0,0,0,0,0
2016-08-25,LG4,UG,0,0,0,0,0,0
2016-08-25,LG4,Alumni,0,0,0,0,0,0
2016-08-25,LG4,Others(HKUST),0,0,0,0,0,0
2016-08-25,LG4,Non-HKUST,0,0,0,0,0,0
2016-08-25,LG4,Total,0,0,0,0,0,0
2016-08-25,All-Floors,Staff,0,0,0,0,0,0
2016-08-25,All-Floors,TPG,0,0,0,0,0,0
2016-08-25,All-Floors,RPG,0,0,0,0,0,0
2016-08-25,All-Floors,UG,0,0,0,0,0,0
2016-08-25,All-Floors,Alumni,0,0,0,0,0,0
2016-08-25,All-Floors,Others(HKUST),0,0,0,0,0,0
2016-08-25,All-Floors,Non-HKUST,0,0,0,0,0,0
2016-08-25,All-Floors,Total,0,0,0,0,0,0
2016-08-26,1,Staff,0,0,0,0,0,0
2016-08-26,1,TPG,0,0,0,0,0,0
2016-08-26,1,RPG,0,0,0,0,0,0
2016-08-26,1,UG,0,0,0,0,0,0
2016-08-26,1,Alumni,0,0,0,0,0,0
2016-08-26,1,Others(HKUST),0,0,0,0,0,0
2016-08-26,1,Non-HKUST,0,0,0,0,0,0
2016-08-26,1,Total,0,0,0,0,0,0
2016-08-26,G,Staff,0,0,0,0,0,0
2016-08-26,G,TPG,0,0,0,0,0,0
2016-08-26,G,RPG,0,0,0,0,0,0
2016-08-26,G,UG,0,0,0,0,0,0
2016-08-26,G,Alumni,0,0,0,0,0,0
2016-08-26,G,Others(HKUST),1,3,120990,137473280,35322990,172796270
2016-08-26,G,Non-HKUST,0,0,0,0,0,0
2016-08-26,G,Total,1,3,120990,137473280,35322990,172796270
2016-08-26,LG1,Staff,0,0,0,0,0,0
2016-08-26,LG1,TPG,0,0,0,0,0,0
2016-08-26,LG1,RPG,0,0,0,0,0,0
2016-08-26,LG1,UG,0,0,0,0,0,0
2016-08-26,LG1,Alumni,0,0,0,0,0,0
2016-08-26,LG1,Others(HKUST),1,4,219080,499403720,41624565,541028285
2016-08-26,LG1,Non-HKUST,0,0,0,0,0,0
2016-08-26,LG1,Total,1,4,219080,499403720,41624565,541028285
2016-08-26,LG3,Staff,0,0,0,0,0,0
2016-08-26,LG3,TPG,0,0,0,0,0,0
2016-08-26,LG3,RPG,0,0,0,0,0,0
2016-08-26,LG3,UG,0,0,0,0,0,0
2016-08-26,LG3,Alumni,0,0,0,0,0,0
2016-08-26,LG3,Others(HKUST),0,0,0,0,0,0
2016-08-26,LG3,Non-HKUST,0,0,0,0,0,0
2016-08-26,LG3,Total,0,0,0,0,0,0
2016-08-26,LG4,Staff,0,0,0,0,0,0
2016-08-26,LG4,TPG,0,0,0,0,0,0
2016-08-26,LG4,RPG,0,0,0,0,0,0
2016-08-26,LG4,UG,0,0,0,0,0,0
2016-08-26,LG4,Alumni,0,0,0,0,0,0
2016-08-26,LG4,Others(HKUST),0,0,0,0,0,0
2016-08-26,LG4,Non-HKUST,0,0,0,0,0,0
2016-08-26,LG4,Total,0,0,0,0,0,0
2016-08-26,All-Floors,Staff,0,0,0,0,0,0
2016-08-26,All-Floors,TPG,0,0,0,0,0,0
2016-08-26,All-Floors,RPG,0,0,0,0,0,0
2016-08-26,All-Floors,UG,0,0,0,0,0,0
2016-08-26,All-Floors,Alumni,0,0,0,0,0,0
2016-08-26,All-Floors,Others(HKUST),1,7,340070,636877000,76947555,713824555
2016-08-26,All-Floors,Non-HKUST,0,0,0,0,0,0
2016-08-26,All-Floors,Total,1,7,340070,636877000,76947555,713824555
2016-08-27,1,Staff,33,71,68079,1208297691,104614504,1312912195
2016-08-27,1,TPG,89,356,441535,64352866093,4195976172,68548842265
2016-08-27,1,RPG,117,350,254227,14566269471,1296434852,15862704323
2016-08-27,1,UG,51,114,168716,6093817126,415825253,6509642379
2016-08-27,1,Alumni,8,58,83062,7265284092,16947189633,24212473725
2016-08-27,1,Others(HKUST),1,3,0,423783,119381,543164
2016-08-27,1,Non-HKUST,3,9,9950,4453955274,177082638,4631037912
2016-08-27,1,Total,302,961,1025569,97940913530,23137242433,121078155963
2016-08-27,G,Staff,41,265,231056,1750857746,317841727,2068699473
2016-08-27,G,TPG,264,1443,721540,79169639760,6374958144,85544597904
2016-08-27,G,RPG,88,460,347199,17796499418,1750725853,19547225271
2016-08-27,G,UG,177,613,498865,32599706347,2175738501,34775444848
2016-08-27,G,Alumni,33,94,81502,14796758936,801348624,15598107560
2016-08-27,G,Others(HKUST),5,17,264356,371359979,82197711,453557690
2016-08-27,G,Non-HKUST,19,67,32261,3568070438,138626311,3706696749
2016-08-27,G,Total,627,2959,2176779,150052892624,11641436871,161694329495
2016-08-27,LG1,Staff,38,345,342019,18749588817,2186832643,20936421460
2016-08-27,LG1,TPG,259,2536,1717977,281550181675,19491244921,301041426596
2016-08-27,LG1,RPG,120,1282,1579419,104930324742,11777984686,116708309428
2016-08-27,LG1,UG,310,2710,2899981,322734825724,53816126493,376550952217
2016-08-27,LG1,Alumni,24,369,352988,15660996160,2431337641,18092333801
2016-08-27,LG1,Others(HKUST),3,81,398947,8921735720,569198015,9490933735
2016-08-27,LG1,Non-HKUST,15,217,204656,21474565523,2817093365,24291658888
2016-08-27,LG1,Total,769,7540,7495987,774022218361,93089817764,867112036125
2016-08-27,LG3,Staff,43,126,89301,4082986107,351158086,4434144193
2016-08-27,LG3,TPG,154,508,352172,29808515783,2560102961,32368618744
2016-08-27,LG3,RPG,129,389,288131,35335185999,2783326604,38118512603
2016-08-27,LG3,UG,210,673,490732,66653481967,4308827565,70962309532
2016-08-27,LG3,Alumni,25,84,124141,5523656064,415918069,5939574133
2016-08-27,LG3,Others(HKUST),5,65,49290,5886865902,360016692,6246882594
2016-08-27,LG3,Non-HKUST,11,60,62282,3556909688,205196692,3762106380
2016-08-27,LG3,Total,577,1905,1456049,150847601510,10984546669,161832148179
2016-08-27,LG4,Staff,55,115,104408,5667822553,1169427064,6837249617
2016-08-27,LG4,TPG,228,777,353736,16867820637,2054041248,18921861885
2016-08-27,LG4,RPG,204,556,481929,36163274127,2524057181,38687331308
2016-08-27,LG4,UG,278,668,537254,24010530978,2758788061,26769319039
2016-08-27,LG4,Alumni,27,108,130422,10178091648,495872303,10673963951
2016-08-27,LG4,Others(HKUST),7,122,308599,19774154768,1725519642,21499674410
2016-08-27,LG4,Non-HKUST,23,48,16347,178845236,149754844,328600080
2016-08-27,LG4,Total,822,2394,1932695,112840539947,10877460343,123718000290
2016-08-27,All-Floors,Staff,142,922,834863,31459552914,4129874024,35589426938
2016-08-27,All-Floors,TPG,411,5620,3586960,471749023948,34676323446,506425347394
2016-08-27,All-Floors,RPG,418,3037,2950905,208791553757,20132529176,228924082933
2016-08-27,All-Floors,UG,635,4778,4595548,452092362142,63475305873,515567668015
2016-08-27,All-Floors,Alumni,58,713,772115,53424786900,21091666270,74516453170
2016-08-27,All-Floors,Others(HKUST),11,288,1021192,34954540152,2737051441,37691591593
2016-08-27,All-Floors,Non-HKUST,39,401,325496,33232346159,3487753850,36720100009
2016-08-27,All-Floors,Total,1714,15759,14087079,1285704165972,149730504080,1435434670052
2016-08-28,1,Staff,20,41,30138,86044447,7018966,93063413
2016-08-28,1,TPG,7,10,4199,9138008,1285857,10423865
2016-08-28,1,RPG,75,132,53006,125201076,14957503,140158579
2016-08-28,1,UG,41,52,14295,1190223231,63045455,1253268686
2016-08-28,1,Alumni,1,1,599,22421,17957,40378
2016-08-28,1,Others(HKUST),1,9,1434,508541,167463,676004
2016-08-28,1,Non-HKUST,0,0,0,0,0,0
2016-08-28,1,Total,145,245,103671,1411137724,86493201,1497630925
2016-08-28,G,Staff,7,58,62840,83762182,19833283,103595465
2016-08-28,G,TPG,14,16,4171,411412871,61102038,472514909
2016-08-28,G,RPG,12,17,5628,315451109,14962452,330413561
2016-08-28,G,UG,40,47,7936,299388749,28082054,327470803
2016-08-28,G,Alumni,1,6,8739,11476884,2026422,13503306
2016-08-28,G,Others(HKUST),1,6,258826,439233035,131488179,570721214
2016-08-28,G,Non-HKUST,2,2,0,0,0,0
2016-08-28,G,Total,77,152,348140,1560724830,257494428,1818219258
2016-08-28,LG1,Staff,22,318,426697,10601485893,941819116,11543305009
2016-08-28,LG1,TPG,188,3110,3577613,293274052147,31913870675,325187922822
2016-08-28,LG1,RPG,95,1171,1591740,115652070103,19019990761,134672060864
2016-08-28,LG1,UG,261,2544,3068533,161115085962,20439937185,181555023147
2016-08-28,LG1,Alumni,2,39,75785,5497889416,188991561,5686880977
2016-08-28,LG1,Others(HKUST),3,59,407889,1887192576,453004344,2340196920
2016-08-28,LG1,Non-HKUST,11,105,150552,3918248685,825970825,4744219510
2016-08-28,LG1,Total,582,7346,9298809,591946024782,73783584467,665729609249
2016-08-28,LG3,Staff,21,30,15323,197279251,17352006,214631257
2016-08-28,LG3,TPG,56,81,28111,4341275494,8988041896,13329317390
2016-08-28,LG3,RPG,82,107,33320,14205560693,998619558,15204180251
2016-08-28,LG3,UG,176,269,91159,5353546127,1186666181,6540212308
2016-08-28,LG3,Alumni,9,20,16704,1048375744,32775981,1081151725
2016-08-28,LG3,Others(HKUST),2,3,1096,79206413,9393170,88599583
2016-08-28,LG3,Non-HKUST,5,6,1440,519769,185185,704954
2016-08-28,LG3,Total,351,516,187153,25225763491,11233033977,36458797468
2016-08-28,LG4,Staff,46,73,32066,42266835,13322139,55588974
2016-08-28,LG4,TPG,84,135,51469,4837642099,227802194,5065444293
2016-08-28,LG4,RPG,157,249,97172,7065455601,692980044,7758435645
2016-08-28,LG4,UG,251,480,247533,8552262576,1494000575,10046263151
2016-08-28,LG4,Alumni,7,7,4328,25719441,4263728,29983169
2016-08-28,LG4,Others(HKUST),6,80,201138,18010749738,2312599219,20323348957
2016-08-28,LG4,Non-HKUST,9,15,4508,18360684,3363424,21724108
2016-08-28,LG4,Total,560,1039,638214,38552456974,4748331323,43300788297
2016-08-28,All-Floors,Staff,94,520,567064,11010838608,999345510,12010184118
2016-08-28,All-Floors,TPG,240,3352,3665563,302873520619,41192102660,344065623279
2016-08-28,All-Floors,RPG,329,1676,1780866,137363738582,20741510318,158105248900
2016-08-28,All-Floors,UG,537,3392,3429456,176510506645,23211731450,199722238095
2016-08-28,All-Floors,Alumni,17,73,106155,6583483906,228075649,6811559555
2016-08-28,All-Floors,Others(HKUST),10,157,870383,20416890303,2906652375,23323542678
2016-08-28,All-Floors,Non-HKUST,22,128,156500,3937129138,829519434,4766648572
2016-08-28,All-Floors,Total,1249,9298,10575987,658696107801,90108937396,748805045197
2016-08-29,1,Staff,174,866,1090464,26620585767,3053085733,29673671500
2016-08-29,1,TPG,83,622,663594,48589336478,5519485332,54108821810
2016-08-29,1,RPG,193,738,644877,77432093419,12219201353,89651294772
2016-08-29,1,UG,150,494,593913,19583233852,1636988943,21220222795
2016-08-29,1,Alumni,1,1,594,235267,107620,342887
2016-08-29,1,Others(HKUST),9,19,7111,152812513,3936324,156748837
2016-08-29,1,Non-HKUST,9,54,36229,1287512596,100289070,1387801666
2016-08-29,1,Total,619,2794,3036782,173665809892,22533094375,196198904267
2016-08-29,G,Staff,145,947,708478,16903721224,2047421493,18951142717
2016-08-29,G,TPG,252,1610,1069290,112734008212,7552299221,120286307433
2016-08-29,G,RPG,171,803,489360,26866666604,2902894817,29769561421
2016-08-29,G,UG,414,1544,873310,39915491440,9735332385,49650823825
2016-08-29,G,Alumni,19,79,13741,628687796,119235354,747923150
2016-08-29,G,Others(HKUST),9,123,393406,1314891863,192007295,1506899158
2016-08-29,G,Non-HKUST,35,232,117106,17263489888,7087909615,24351399503
2016-08-29,G,Total,1045,5338,3664691,215626957027,29637100180,245264057207
2016-08-29,LG1,Staff,103,635,509520,12111284529,2530775426,14642059955
2016-08-29,LG1,TPG,248,3036,3175180,268469611381,25457012891,293926624272
2016-08-29,LG1,RPG,169,1608,1646691,112585129666,13249335492,125834465158
2016-08-29,LG1,UG,483,3409,2566099,124904365507,27958075661,152862441168
2016-08-29,LG1,Alumni,17,233,204289,3535564562,389004075,3924568637
2016-08-29,LG1,Others(HKUST),6,85,438140,5020060338,575095389,5595155727
2016-08-29,LG1,Non-HKUST,24,166,142508,23645379907,13797291225,37442671132
2016-08-29,LG1,Total,1050,9172,8682427,550271395890,83956590159,634227986049
2016-08-29,LG3,Staff,120,367,213206,8633391345,756330489,9389721834
2016-08-29,LG3,TPG,155,998,889142,70189118832,9864743084,80053861916
2016-08-29,LG3,RPG,234,868,588105,61574330928,4184999715,65759330643
2016-08-29,LG3,UG,395,1218,615086,66813552948,16955098757,83768651705
2016-08-29,LG3,Alumni,17,136,82216,3061591973,948259778,4009851751
2016-08-29,LG3,Others(HKUST),9,62,36371,3804556691,750008999,4554565690
2016-08-29,LG3,Non-HKUST,21,95,92102,1772389696,157095524,1929485220
2016-08-29,LG3,Total,951,3744,2516228,215848932413,33616536346,249465468759
2016-08-29,LG4,Staff,226,701,430200,25098816656,2550695023,27649511679
2016-08-29,LG4,TPG,152,753,600107,42011187342,3829096155,45840283497
2016-08-29,LG4,RPG,302,1007,820677,31150975453,3310645864,34461621317
2016-08-29,LG4,UG,808,2159,1207112,73537254878,6324633717,79861888595
2016-08-29,LG4,Alumni,16,153,130701,1808567701,425218688,2233786389
2016-08-29,LG4,Others(HKUST),13,175,277092,13034002956,2121647087,15155650043
2016-08-29,LG4,Non-HKUST,65,151,87350,1287124323,567655336,1854779659
2016-08-29,LG4,Total,1582,5099,3553239,187927929309,19129591870,207057521179
2016-08-29,All-Floors,Staff,510,3516,2951868,89367799521,10938308164,100306107685
2016-08-29,All-Floors,TPG,429,7019,6397313,541993262245,52222636683,594215898928
2016-08-29,All-Floors,RPG,691,5024,4189710,309609196070,35867077241,345476273311
2016-08-29,All-Floors,UG,1434,8824,5855520,324753898625,62610129463,387364028088
2016-08-29,All-Floors,Alumni,33,602,431541,9034647299,1881825515,10916472814
2016-08-29,All-Floors,Others(HKUST),29,464,1152120,23326324361,3642695094,26969019455
2016-08-29,All-Floors,Non-HKUST,103,698,475295,45255896410,21710240770,66966137180
2016-08-29,All-Floors,Total,3229,26147,21453367,1343341024531,188872912930,1532213937461
2016-08-30,1,Staff,176,975,1340422,14918139230,1580047881,16498187111
2016-08-30,1,TPG,61,291,389292,33219249186,3928376184,37147625370
2016-08-30,1,RPG,208,730,511258,38429497875,2032529899,40462027774
2016-08-30,1,UG,138,506,543732,16205353623,4781349690,20986703313
2016-08-30,1,Alumni,0,0,0,0,0,0
2016-08-30,1,Others(HKUST),9,22,4481,708848853,46998854,755847707
2016-08-30,1,Non-HKUST,16,52,57215,1989165992,104138429,2093304421
2016-08-30,1,Total,608,2576,2846400,105470254759,12473440937,117943695696
2016-08-30,G,Staff,165,987,837252,11464449208,1258986650,12723435858
2016-08-30,G,TPG,220,1308,898150,73297564712,10337292620,83634857332
2016-08-30,G,RPG,217,1043,774147,31470456420,2375192204,33845648624
2016-08-30,G,UG,473,1850,1085358,47219588530,4182848417,51402436947
2016-08-30,G,Alumni,10,54,74289,1763480623,238517147,2001997770
2016-08-30,G,Others(HKUST),9,105,317674,1444649435,225282723,1669932158
2016-08-30,G,Non-HKUST,44,145,95643,1371511629,219655579,1591167208
2016-08-30,G,Total,1138,5492,4082513,168031700557,18837775340,186869475897
2016-08-30,LG1,Staff,114,709,600333,20966253446,2429769390,23396022836
2016-08-30,LG1,TPG,250,3303,3233328,247255305412,21071524755,268326830167
2016-08-30,LG1,RPG,192,1921,1816398,185676079186,11131793110,196807872296
2016-08-30,LG1,UG,562,4892,4642743,409174606089,62680755126,471855361215
2016-08-30,LG1,Alumni,10,139,129829,2158797961,668497782,2827295743
2016-08-30,LG1,Others(HKUST),10,126,496655,13335336742,1360678547,14696015289
2016-08-30,LG1,Non-HKUST,33,258,159828,20640776227,2755109537,23395885764
2016-08-30,LG1,Total,1171,11348,11079114,899207155063,102098128247,1001305283310
2016-08-30,LG3,Staff,150,412,176188,9865997666,1123947018,10989944684
2016-08-30,LG3,TPG,128,562,578005,43183239061,3099243596,46282482657
2016-08-30,LG3,RPG,226,824,704676,41007655650,3523131160,44530786810
2016-08-30,LG3,UG,428,1126,663248,33525988165,4841545846,38367534011
2016-08-30,LG3,Alumni,8,62,40691,1300225995,70340912,1370566907
2016-08-30,LG3,Others(HKUST),7,28,24887,1081654137,48973262,1130627399
2016-08-30,LG3,Non-HKUST,31,53,25933,27193793,19776633,46970426
2016-08-30,LG3,Total,978,3067,2213628,129991954467,12726958427,142718912894
2016-08-30,LG4,Staff,216,551,258374,15950171563,6366713380,22316884943
2016-08-30,LG4,TPG,144,640,576524,27228445643,2736138818,29964584461
2016-08-30,LG4,RPG,283,816,763089,28342995467,2798036493,31141031960
2016-08-30,LG4,UG,796,2182,1316580,88321256429,10936583594,99257840023
2016-08-30,LG4,Alumni,10,90,80849,450878224,47509823,498388047
2016-08-30,LG4,Others(HKUST),15,166,208585,9132133227,1123034097,10255167324
2016-08-30,LG4,Non-HKUST,69,124,42529,402284218,1017078003,1419362221
2016-08-30,LG4,Total,1533,4569,3246530,169828164771,25025094208,194853258979
2016-08-30,All-Floors,Staff,543,3634,3212569,73165011113,12759464319,85924475432
2016-08-30,All-Floors,TPG,394,6104,5675299,424183804014,41172575973,465356379987
2016-08-30,All-Floors,RPG,707,5334,4569568,324926684598,21860682866,346787367464
2016-08-30,All-Floors,UG,1483,10556,8251661,594446792836,87423082673,681869875509
2016-08-30,All-Floors,Alumni,17,345,325658,5673382803,1024865664,6698248467
2016-08-30,All-Floors,Others(HKUST),29,447,1052282,25702622394,2804967483,28507589877
2016-08-30,All-Floors,Non-HKUST,123,632,381148,24430931859,4115758181,28546690040
2016-08-30,All-Floors,Total,3296,27052,23468185,1472529229617,171161397159,1643690626776
2016-08-31,1,Staff,183,1031,1276187,33720175973,2378564793,36098740766
2016-08-31,1,TPG,84,684,707151,57272786135,3898046200,61170832335
2016-08-31,1,RPG,224,851,732442,41538496133,2782733907,44321230040
2016-08-31,1,UG,167,657,716882,47796754562,2584208911,50380963473
2016-08-31,1,Alumni,4,8,9203,1638159157,101468521,1739627678
2016-08-31,1,Others(HKUST),10,39,50460,901532915,76529659,978062574
2016-08-31,1,Non-HKUST,17,43,55013,1150470687,181131496,1331602183
2016-08-31,1,Total,689,3313,3547338,184018375562,12002683487,196021059049
2016-08-31,G,Staff,162,939,717743,25053185624,2746411898,27799597522
2016-08-31,G,TPG,317,2485,1431864,175620295477,13963323041,189583618518
2016-08-31,G,RPG,198,1010,766553,50246921981,5020716099,55267638080
2016-08-31,G,UG,694,2702,1490677,64292739846,6222848874,70515588720
2016-08-31,G,Alumni,12,44,27475,3887130729,164278723,4051409452
2016-08-31,G,Others(HKUST),12,114,316790,897027846,167693829,1064721675
2016-08-31,G,Non-HKUST,47,169,120364,2841407569,301429776,3142837345
2016-08-31,G,Total,1442,7463,4871466,322838709072,28586702240,351425411312
2016-08-31,LG1,Staff,117,863,696605,77626623609,4311887016,81938510625
2016-08-31,LG1,TPG,282,3665,3266803,207813741847,27242152361,235055894208
2016-08-31,LG1,RPG,191,1830,1539330,119739006668,15666345582,135405352250
2016-08-31,LG1,UG,686,7540,6384038,378889218847,68243699939,447132918786
2016-08-31,LG1,Alumni,9,109,90380,1292270868,150582075,1442852943
2016-08-31,LG1,Others(HKUST),12,129,496620,16345326063,1486215516,17831541579
2016-08-31,LG1,Non-HKUST,28,92,113825,4945170516,492838196,5438008712
2016-08-31,LG1,Total,1325,14228,12587601,806651358418,117593720685,924245079103
2016-08-31,LG3,Staff,147,554,299513,18173551176,1068998637,19242549813
2016-08-31,LG3,TPG,190,1184,1078674,65996590426,6298599994,72295190420
2016-08-31,LG3,RPG,222,909,722047,71743398264,6651435040,78394833304
2016-08-31,LG3,UG,589,1903,1162110,40275243668,3248232816,43523476484
2016-08-31,LG3,Alumni,9,99,37211,365736339,74621318,440357657
2016-08-31,LG3,Others(HKUST),15,59,38427,1395272182,154416393,1549688575
2016-08-31,LG3,Non-HKUST,30,115,152382,2939237593,217582468,3156820061
2016-08-31,LG3,Total,1202,4823,3490364,200889029648,17713886666,218602916314
2016-08-31,LG4,Staff,200,589,338602,8853544707,519575482,9373120189
2016-08-31,LG4,TPG,200,964,685554,21534527829,4272426117,25806953946
2016-08-31,LG4,RPG,313,1204,1064820,58575070076,7222731162,65797801238
2016-08-31,LG4,UG,1088,3128,1620564,143203212495,12853817315,156057029810
2016-08-31,LG4,Alumni,12,105,101907,2193825460,171619872,2365445332
2016-08-31,LG4,Others(HKUST),21,201,248242,12962050606,1190586964,14152637570
2016-08-31,LG4,Non-HKUST,66,128,52180,859245997,141295516,1000541513
2016-08-31,LG4,Total,1900,6319,4111869,248181477170,26372052428,274553529598
2016-08-31,All-Floors,Staff,525,3976,3328650,163427081089,11025437826,174452518915
2016-08-31,All-Floors,TPG,491,8982,7170046,528237941714,55674547713,583912489427
2016-08-31,All-Floors,RPG,723,5804,4825192,341842893122,37343961790,379186854912
2016-08-31,All-Floors,UG,1868,15930,11374271,674457169418,93152807855,767609977273
2016-08-31,All-Floors,Alumni,24,365,266176,9377122553,662570509,10039693062
2016-08-31,All-Floors,Others(HKUST),36,542,1150539,32501209612,3075442361,35576651973
2016-08-31,All-Floors,Non-HKUST,120,547,493764,12735532362,1334277452,14069809814
2016-08-31,All-Floors,Total,3787,36146,28608638,1762578949870,202269045506,1964847995376
