Date,Floor,User-Group,User-Count,WiFi-Conn,Duration-Sec,Traffic-In-Byte,Traffic-Out-Byte,Traffic-Both-Byte
2017-01-01,1,Staff,4,36,161522,24187012,7196221,31383233
2017-01-01,1,TPG,0,0,0,0,0,0
2017-01-01,1,RPG,2,2,0,3486863,1290753,4777616
2017-01-01,1,UG,6,6,120,277947021,171542614,449489635
2017-01-01,1,Alumni,1,3,362,3994361,1078750,5073111
2017-01-01,1,Others(HKUST),0,0,0,0,0,0
2017-01-01,1,Non-HKUST,0,0,0,0,0,0
2017-01-01,1,Total,13,47,162004,309615257,181108338,490723595
2017-01-01,G,Staff,5,5,86640,97451499,40988303,138439802
2017-01-01,G,TPG,2,3,720,440629,260426,701055
2017-01-01,G,RPG,9,10,361,102621502,5451506,108073008
2017-01-01,G,UG,15,16,1199,432975817,122383775,555359592
2017-01-01,G,Alumni,0,0,0,0,0,0
2017-01-01,G,Others(HKUST),2,34,252960,2583222196,415279751,2998501947
2017-01-01,G,Non-HKUST,0,0,0,0,0,0
2017-01-01,G,Total,33,68,341880,3216711643,584363761,3801075404
2017-01-01,LG1,Staff,7,11,3604,1997747,638363,2636110
2017-01-01,LG1,TPG,2,3,840,149694,114897,264591
2017-01-01,LG1,RPG,32,65,22558,100231596,57651261,157882857
2017-01-01,LG1,UG,42,45,3389,4095511749,259240396,4354752145
2017-01-01,LG1,Alumni,2,2,480,2939852,490168,3430020
2017-01-01,LG1,Others(HKUST),3,13,260277,2558536943,1073348786,3631885729
2017-01-01,LG1,Non-HKUST,2,2,839,58766182,13241557,72007739
2017-01-01,LG1,Total,90,141,291987,6818133763,1404725428,8222859191
2017-01-01,LG3,Staff,7,8,841,130728023,123958929,254686952
2017-01-01,LG3,TPG,4,6,0,15322218,34346144,49668362
2017-01-01,LG3,RPG,13,17,0,1929538542,129975908,2059514450
2017-01-01,LG3,UG,22,24,958,11378099264,190629349,11568728613
2017-01-01,LG3,Alumni,1,2,0,60515,39789,100304
2017-01-01,LG3,Others(HKUST),0,0,0,0,0,0
2017-01-01,LG3,Non-HKUST,0,0,0,0,0,0
2017-01-01,LG3,Total,47,57,1799,13453748562,478950119,13932698681
2017-01-01,LG4,Staff,17,20,4922,1512615367,68559005,1581174372
2017-01-01,LG4,TPG,10,13,1200,49104596,6689825,55794421
2017-01-01,LG4,RPG,46,60,4801,7489874255,2435047144,9924921399
2017-01-01,LG4,UG,69,197,137150,13357106642,1502803361,14859910003
2017-01-01,LG4,Alumni,3,3,840,207374075,9806526,217180601
2017-01-01,LG4,Others(HKUST),5,94,259355,18475699168,2106988814,20582687982
2017-01-01,LG4,Non-HKUST,3,4,120,13616774,32602171,46218945
2017-01-01,LG4,Total,153,391,408388,41105390877,6162496846,47267887723
2017-01-01,All-Floors,Staff,36,80,257529,1766979648,241340821,2008320469
2017-01-01,All-Floors,TPG,14,25,2760,65017137,41411292,106428429
2017-01-01,All-Floors,RPG,98,154,27720,9625752758,2629416572,12255169330
2017-01-01,All-Floors,UG,137,288,142816,29541640493,2246599495,31788239988
2017-01-01,All-Floors,Alumni,7,10,1682,214368803,11415233,225784036
2017-01-01,All-Floors,Others(HKUST),7,141,772592,23617458307,3595617351,27213075658
2017-01-01,All-Floors,Non-HKUST,5,6,959,72382956,45843728,118226684
2017-01-01,All-Floors,Total,304,704,1206058,64903600102,8811644492,73715244594
2017-01-02,1,Staff,8,53,167168,373702366,27855623,401557989
2017-01-02,1,TPG,11,90,105983,19764517292,1338271831,21102789123
2017-01-02,1,RPG,3,6,479,96775373,1844347619,1941122992
2017-01-02,1,UG,13,59,95672,10048898016,517242937,10566140953
2017-01-02,1,Alumni,1,43,30002,202365985,737963382,940329367
2017-01-02,1,Others(HKUST),0,0,0,0,0,0
2017-01-02,1,Non-HKUST,0,0,0,0,0,0
2017-01-02,1,Total,36,251,399304,30486259032,4465681392,34951940424
2017-01-02,G,Staff,24,115,187804,6703227922,1482913638,8186141560
2017-01-02,G,TPG,33,177,153777,37432472051,2174714842,39607186893
2017-01-02,G,RPG,39,123,73452,7719816651,1497187455,9217004106
2017-01-02,G,UG,58,184,166844,17076526769,2467221846,19543748615
2017-01-02,G,Alumni,14,69,72856,5473738547,475549388,5949287935
2017-01-02,G,Others(HKUST),1,12,257397,2598330978,416131611,3014462589
2017-01-02,G,Non-HKUST,3,13,16207,31064936,23214460,54279396
2017-01-02,G,Total,172,693,928337,77035177854,8536933240,85572111094
2017-01-02,LG1,Staff,26,98,112459,7920691264,836435127,8757126391
2017-01-02,LG1,TPG,43,282,362329,42515167659,2958591155,45473758814
2017-01-02,LG1,RPG,70,158,83961,5907854765,971264446,6879119211
2017-01-02,LG1,UG,88,403,338730,26653270303,7665413962,34318684265
2017-01-02,LG1,Alumni,6,20,33853,818520188,86373116,904893304
2017-01-02,LG1,Others(HKUST),3,12,261837,2467651645,1070523481,3538175126
2017-01-02,LG1,Non-HKUST,6,22,31445,1952492767,183811880,2136304647
2017-01-02,LG1,Total,242,995,1224614,88235648591,13772413167,102008061758
2017-01-02,LG3,Staff,24,72,45494,5021587591,392909933,5414497524
2017-01-02,LG3,TPG,16,70,129631,1689187195,687022746,2376209941
2017-01-02,LG3,RPG,24,74,112697,12222595641,4114414276,16337009917
2017-01-02,LG3,UG,49,109,40218,16697865349,2026136126,18724001475
2017-01-02,LG3,Alumni,5,10,8519,178618271,96852174,275470445
2017-01-02,LG3,Others(HKUST),2,4,28086,104087755,12323364,116411119
2017-01-02,LG3,Non-HKUST,2,2,0,55080,52111,107191
2017-01-02,LG3,Total,122,341,364645,35913996882,7329710730,43243707612
2017-01-02,LG4,Staff,28,49,19470,1272859188,711806676,1984665864
2017-01-02,LG4,TPG,17,45,15846,2556774535,277645763,2834420298
2017-01-02,LG4,RPG,70,101,33012,5454743425,2620398188,8075141613
2017-01-02,LG4,UG,87,326,179752,40098391243,2091384499,42189775742
2017-01-02,LG4,Alumni,5,12,9356,323618322,18553892,342172214
2017-01-02,LG4,Others(HKUST),2,66,183526,38367363172,2852847099,41220210271
2017-01-02,LG4,Non-HKUST,2,2,0,95722487,43509174,139231661
2017-01-02,LG4,Total,211,601,440962,88169472372,8616145291,96785617663
2017-01-02,All-Floors,Staff,77,387,532395,21292068331,3451920997,24743989328
2017-01-02,All-Floors,TPG,77,664,767566,103958118732,7436246337,111394365069
2017-01-02,All-Floors,RPG,159,462,303601,31401785855,11047611984,42449397839
2017-01-02,All-Floors,UG,216,1081,821216,110574951680,14767399370,125342351050
2017-01-02,All-Floors,Alumni,22,154,154586,6996861313,1415291952,8412153265
2017-01-02,All-Floors,Others(HKUST),3,94,730846,43537433550,4351825555,47889259105
2017-01-02,All-Floors,Non-HKUST,11,39,47652,2079335270,250587625,2329922895
2017-01-02,All-Floors,Total,565,2881,3357862,319840554731,42720883820,362561438551
2017-01-03,1,Staff,67,723,971004,31147497526,3430002963,34577500489
2017-01-03,1,TPG,24,277,387763,33163110034,1943133030,35106243064
2017-01-03,1,RPG,23,229,249698,10321427059,3044291361,13365718420
2017-01-03,1,UG,34,259,323375,39896263159,6356190252,46252453411
2017-01-03,1,Alumni,2,3,5646,1471629285,42279439,1513908724
2017-01-03,1,Others(HKUST),3,6,253,342246475,11118757,353365232
2017-01-03,1,Non-HKUST,2,5,23042,519620747,63053958,582674705
2017-01-03,1,Total,155,1502,1960781,116861794285,14890069760,131751864045
2017-01-03,G,Staff,152,891,899428,22642854342,7746536725,30389391067
2017-01-03,G,TPG,91,479,346198,61446071640,4757173186,66203244826
2017-01-03,G,RPG,101,393,307818,21795297875,2440174305,24235472180
2017-01-03,G,UG,182,676,525889,54378754946,2954425679,57333180625
2017-01-03,G,Alumni,7,30,17456,2289516316,153993461,2443509777
2017-01-03,G,Others(HKUST),9,45,271812,5660761730,551523939,6212285669
2017-01-03,G,Non-HKUST,14,43,43868,3724889467,256108923,3980998390
2017-01-03,G,Total,556,2557,2412469,171938146316,18859936218,190798082534
2017-01-03,LG1,Staff,152,498,351294,18042756259,2760426718,20803182977
2017-01-03,LG1,TPG,106,1062,1033576,138538812947,16977950079,155516763026
2017-01-03,LG1,RPG,171,809,896750,37669074768,3423337238,41092412006
2017-01-03,LG1,UG,266,1670,1969655,246074259768,20409516470,266483776238
2017-01-03,LG1,Alumni,5,23,32157,5007198756,334707791,5341906547
2017-01-03,LG1,Others(HKUST),8,30,435022,3796034061,1415857358,5211891419
2017-01-03,LG1,Non-HKUST,15,102,136063,8161521893,400677886,8562199779
2017-01-03,LG1,Total,723,4194,4854517,457289658452,45722473540,503012131992
2017-01-03,LG3,Staff,93,400,181722,22036917855,4895350407,26932268262
2017-01-03,LG3,TPG,44,431,633897,65675597078,4884716239,70560313317
2017-01-03,LG3,RPG,49,275,343304,33915660468,2610542933,36526203401
2017-01-03,LG3,UG,142,680,772062,91282111068,7856950694,99139061762
2017-01-03,LG3,Alumni,4,5,11722,1462405729,32867567,1495273296
2017-01-03,LG3,Others(HKUST),6,15,13210,172600679,14214242,186814921
2017-01-03,LG3,Non-HKUST,5,38,20297,523923106,83070742,606993848
2017-01-03,LG3,Total,343,1844,1976214,215069215983,20377712824,235446928807
2017-01-03,LG4,Staff,145,327,72462,6472799296,6982021929,13454821225
2017-01-03,LG4,TPG,52,414,468616,131385365653,8645687523,140031053176
2017-01-03,LG4,RPG,158,447,423207,65386193482,4591232431,69977425913
2017-01-03,LG4,UG,259,701,463840,78556327415,7837502593,86393830008
2017-01-03,LG4,Alumni,3,44,61263,2624210027,147867409,2772077436
2017-01-03,LG4,Others(HKUST),14,129,232560,41861226672,2830042389,44691269061
2017-01-03,LG4,Non-HKUST,6,19,31153,313946971,53619451,367566422
2017-01-03,LG4,Total,637,2081,1753101,326600069516,31087973725,357688043241
2017-01-03,All-Floors,Staff,381,2839,2475910,100342825278,25814338742,126157164020
2017-01-03,All-Floors,TPG,158,2663,2870050,430208957352,37208660057,467417617409
2017-01-03,All-Floors,RPG,358,2153,2220777,169087653652,16109578268,185197231920
2017-01-03,All-Floors,UG,598,3986,4054821,510187716356,45414585688,555602302044
2017-01-03,All-Floors,Alumni,10,105,128244,12854960113,711715667,13566675780
2017-01-03,All-Floors,Others(HKUST),25,225,952857,51832869617,4822756685,56655626302
2017-01-03,All-Floors,Non-HKUST,27,207,254423,13243902184,856530960,14100433144
2017-01-03,All-Floors,Total,1557,12178,12957082,1287758884552,130938166067,1418697050619
2017-01-04,1,Staff,67,686,942334,31925793234,4277418867,36203212101
2017-01-04,1,TPG,21,248,352411,44650715240,12799203815,57449919055
2017-01-04,1,RPG,26,159,224661,95557381407,3833149495,99390530902
2017-01-04,1,UG,35,265,373092,15095976122,930541125,16026517247
2017-01-04,1,Alumni,2,12,32891,5611716949,261627260,5873344209
2017-01-04,1,Others(HKUST),6,14,4694,272567214,56527745,329094959
2017-01-04,1,Non-HKUST,6,36,60393,1980593023,119562716,2100155739
2017-01-04,1,Total,163,1420,1990476,195094743189,22278031023,217372774212
2017-01-04,G,Staff,138,790,759693,40133111191,10780211759,50913322950
2017-01-04,G,TPG,91,537,378427,59926391188,7380475370,67306866558
2017-01-04,G,RPG,117,560,411389,88179233862,5567102957,93746336819
2017-01-04,G,UG,172,715,503560,53135949587,6844836531,59980786118
2017-01-04,G,Alumni,6,31,19170,379602215,82283244,461885459
2017-01-04,G,Others(HKUST),15,48,288489,8082253602,1290944038,9373197640
2017-01-04,G,Non-HKUST,13,49,56996,3637931046,318605735,3956536781
2017-01-04,G,Total,552,2730,2417724,253474472691,32264459634,285738932325
2017-01-04,LG1,Staff,156,584,446300,18899836331,2020907954,20920744285
2017-01-04,LG1,TPG,106,770,939881,94281725587,11660289928,105942015515
2017-01-04,LG1,RPG,212,1396,1532325,81253735019,7781565923,89035300942
2017-01-04,LG1,UG,209,1269,1580892,209978528755,21576052414,231554581169
2017-01-04,LG1,Alumni,3,8,721,21703239,5033405,26736644
2017-01-04,LG1,Others(HKUST),15,92,578477,17691693946,3316622003,21008315949
2017-01-04,LG1,Non-HKUST,12,51,74852,3122989224,323784748,3446773972
2017-01-04,LG1,Total,713,4170,5153448,425250212101,46684256375,471934468476
2017-01-04,LG3,Staff,83,356,240167,13488821248,3237660248,16726481496
2017-01-04,LG3,TPG,43,242,384171,24559532996,1929872078,26489405074
2017-01-04,LG3,RPG,68,424,546494,40557641296,4607810565,45165451861
2017-01-04,LG3,UG,90,411,390157,45871162191,5351362728,51222524919
2017-01-04,LG3,Alumni,3,19,20441,554986347,39214754,594201101
2017-01-04,LG3,Others(HKUST),6,16,17527,205917781,14689022,220606803
2017-01-04,LG3,Non-HKUST,3,55,60373,1811971944,97816396,1909788340
2017-01-04,LG3,Total,296,1523,1659330,127050033803,15278425791,142328459594
2017-01-04,LG4,Staff,155,358,122350,7417368525,1007395311,8424763836
2017-01-04,LG4,TPG,60,372,390958,68481961119,5851127821,74333088940
2017-01-04,LG4,RPG,217,432,308238,27982756752,2599307186,30582063938
2017-01-04,LG4,UG,249,576,294772,87180196398,3639205567,90819401965
2017-01-04,LG4,Alumni,4,36,36893,4179503355,371629475,4551132830
2017-01-04,LG4,Others(HKUST),10,174,210563,20234869177,1888065961,22122935138
2017-01-04,LG4,Non-HKUST,9,9,120,116694273,13456682,130150955
2017-01-04,LG4,Total,704,1957,1363894,215593349599,15370188003,230963537602
2017-01-04,All-Floors,Staff,391,2774,2510844,111864930529,21323594139,133188524668
2017-01-04,All-Floors,TPG,183,2169,2445848,291900326130,39620969012,331521295142
2017-01-04,All-Floors,RPG,454,2971,3023107,333530748336,24388936126,357919684462
2017-01-04,All-Floors,UG,516,3236,3142473,411261813053,38341998365,449603811418
2017-01-04,All-Floors,Alumni,9,106,110116,10747512105,759788138,11507300243
2017-01-04,All-Floors,Others(HKUST),31,344,1099750,46487301720,6566848769,53054150489
2017-01-04,All-Floors,Non-HKUST,29,200,252734,10670179510,873226277,11543405787
2017-01-04,All-Floors,Total,1613,11800,12584872,1216462811383,131875360826,1348338172209
2017-01-05,1,Staff,66,829,974692,48812822056,30195348359,79008170415
2017-01-05,1,TPG,32,441,592393,48339229077,3797291620,52136520697
2017-01-05,1,RPG,25,187,228941,10452328791,1930779657,12383108448
2017-01-05,1,UG,47,432,524312,41384152492,2385328908,43769481400
2017-01-05,1,Alumni,3,32,49312,402035214,80988554,483023768
2017-01-05,1,Others(HKUST),3,5,365,9186714,2156012,11342726
2017-01-05,1,Non-HKUST,2,8,4912,253902258,12278836,266181094
2017-01-05,1,Total,178,1934,2374927,149653656602,38404171946,188057828548
2017-01-05,G,Staff,128,760,816432,68278521117,3168193495,71446714612
2017-01-05,G,TPG,101,638,475830,179430961668,14577233547,194008195215
2017-01-05,G,RPG,124,599,454971,59967581663,3963214502,63930796165
2017-01-05,G,UG,199,912,639541,95014606288,6462548303,101477154591
2017-01-05,G,Alumni,12,226,121865,6609146319,798629530,7407775849
2017-01-05,G,Others(HKUST),12,49,288566,4936867826,575479488,5512347314
2017-01-05,G,Non-HKUST,10,45,37497,3569716514,435461160,4005177674
2017-01-05,G,Total,586,3229,2834702,417807401395,29980760025,447788161420
2017-01-05,LG1,Staff,159,589,372296,19829455714,1744962044,21574417758
2017-01-05,LG1,TPG,113,853,998731,74184289387,13598754036,87783043423
2017-01-05,LG1,RPG,178,1282,1303910,125131143971,13182428896,138313572867
2017-01-05,LG1,UG,288,1957,2382580,238812167959,30284295392,269096463351
2017-01-05,LG1,Alumni,9,29,17442,3290197542,203617670,3493815212
2017-01-05,LG1,Others(HKUST),11,33,441341,3681767611,1626514229,5308281840
2017-01-05,LG1,Non-HKUST,10,75,81032,115083349669,2328821393,117412171062
2017-01-05,LG1,Total,768,4818,5597332,580012371853,62969393660,642981765513
2017-01-05,LG3,Staff,91,396,242801,20933939556,1705183679,22639123235
2017-01-05,LG3,TPG,47,467,477261,67785397577,9544581024,77329978601
2017-01-05,LG3,RPG,70,490,708687,47081838946,6763655254,53845494200
2017-01-05,LG3,UG,114,505,489783,75743065971,5956913551,81699979522
2017-01-05,LG3,Alumni,5,28,27302,1165472099,77711703,1243183802
2017-01-05,LG3,Others(HKUST),5,13,14864,14236726,6966425,21203151
2017-01-05,LG3,Non-HKUST,5,12,28089,1180055043,62564949,1242619992
2017-01-05,LG3,Total,337,1911,1988787,213904005918,24117576585,238021582503
2017-01-05,LG4,Staff,144,347,146858,8891997793,1194545926,10086543719
2017-01-05,LG4,TPG,67,266,271836,26842636704,2873966865,29716603569
2017-01-05,LG4,RPG,215,561,388885,24046085855,2991151006,27037236861
2017-01-05,LG4,UG,307,689,338381,81342391262,5185527635,86527918897
2017-01-05,LG4,Alumni,11,60,88146,6767116855,311775589,7078892444
2017-01-05,LG4,Others(HKUST),11,194,202198,25468854556,2087913758,27556768314
2017-01-05,LG4,Non-HKUST,13,28,15932,1744434454,163707946,1908142400
2017-01-05,LG4,Total,768,2145,1452236,175103517479,14808588725,189912106204
2017-01-05,All-Floors,Staff,380,2921,2553079,166746736236,38008233503,204754969739
2017-01-05,All-Floors,TPG,182,2665,2816051,396582514413,44391827092,440974341505
2017-01-05,All-Floors,RPG,432,3119,3085394,266678979226,28831229315,295510208541
2017-01-05,All-Floors,UG,635,4495,4374597,532296383972,50274613789,582570997761
2017-01-05,All-Floors,Alumni,21,375,304067,18233968029,1472723046,19706691075
2017-01-05,All-Floors,Others(HKUST),25,294,947334,34110913433,4299029912,38409943345
2017-01-05,All-Floors,Non-HKUST,29,168,167462,121831457938,3002834284,124834292222
2017-01-05,All-Floors,Total,1704,14037,14247984,1536480953247,170280490941,1706761444188
2017-01-06,1,Staff,84,829,1087337,19970630176,3921220338,23891850514
2017-01-06,1,TPG,28,254,408781,58572580600,3871618136,62444198736
2017-01-06,1,RPG,25,174,255423,28685662797,1719143419,30404806216
2017-01-06,1,UG,50,446,599631,46923722941,5433693306,52357416247
2017-01-06,1,Alumni,5,61,58765,4646549019,213024487,4859573506
2017-01-06,1,Others(HKUST),6,7,2391,12292989,2102406,14395395
2017-01-06,1,Non-HKUST,4,9,11998,276956423,20028254,296984677
2017-01-06,1,Total,202,1780,2424326,159088394945,15180830346,174269225291
2017-01-06,G,Staff,147,930,880397,28773664744,3245952034,32019616778
2017-01-06,G,TPG,92,622,403971,57695353753,5561521751,63256875504
2017-01-06,G,RPG,119,489,350011,109113796920,5299313543,114413110463
2017-01-06,G,UG,156,663,438730,42593060338,3986517177,46579577515
2017-01-06,G,Alumni,8,26,33191,2065539861,124847419,2190387280
2017-01-06,G,Others(HKUST),8,26,281183,3505280924,545361988,4050642912
2017-01-06,G,Non-HKUST,14,63,77023,7444260235,719670590,8163930825
2017-01-06,G,Total,544,2819,2464506,251190956775,19483184502,270674141277
2017-01-06,LG1,Staff,158,531,335173,15193406049,1242534357,16435940406
2017-01-06,LG1,TPG,101,743,932565,120603154900,11615746561,132218901461
2017-01-06,LG1,RPG,197,1233,1507545,89917403674,6396059721,96313463395
2017-01-06,LG1,UG,234,1432,1818434,191361428295,14597076929,205958505224
2017-01-06,LG1,Alumni,6,13,10642,510030610,33972690,544003300
2017-01-06,LG1,Others(HKUST),9,33,436308,3658548286,1629623183,5288171469
2017-01-06,LG1,Non-HKUST,14,33,39137,4777051493,2451090363,7228141856
2017-01-06,LG1,Total,719,4018,5079804,426021023307,37966103804,463987127111
2017-01-06,LG3,Staff,84,318,246048,20791792579,2480517999,23272310578
2017-01-06,LG3,TPG,33,268,286882,22763080347,3467851423,26230931770
2017-01-06,LG3,RPG,71,392,616702,50487670563,3806459641,54294130204
2017-01-06,LG3,UG,87,380,337516,38433450041,2673276759,41106726800
2017-01-06,LG3,Alumni,2,4,6815,10552574,2376582,12929156
2017-01-06,LG3,Others(HKUST),3,9,483,792480064,31252188,823732252
2017-01-06,LG3,Non-HKUST,0,0,0,0,0,0
2017-01-06,LG3,Total,280,1371,1494446,133279026168,12461734592,145740760760
2017-01-06,LG4,Staff,157,413,164754,12699630735,1805811202,14505441937
2017-01-06,LG4,TPG,64,314,275348,59662726163,3951529211,63614255374
2017-01-06,LG4,RPG,183,473,304040,25921056973,3026822002,28947878975
2017-01-06,LG4,UG,236,649,367563,60831776763,3579646199,64411422962
2017-01-06,LG4,Alumni,4,18,35653,6111976301,840985022,6952961323
2017-01-06,LG4,Others(HKUST),15,180,306046,20037321385,2775459557,22812780942
2017-01-06,LG4,Non-HKUST,12,36,21591,932348726,684974437,1617323163
2017-01-06,LG4,Total,671,2083,1474995,186196837046,16665227630,202862064676
2017-01-06,All-Floors,Staff,397,3021,2713709,97429124283,12696035930,110125160213
2017-01-06,All-Floors,TPG,175,2201,2307547,319296895763,28468267082,347765162845
2017-01-06,All-Floors,RPG,417,2761,3033721,304125590927,20247798326,324373389253
2017-01-06,All-Floors,UG,531,3570,3561874,380143438378,30270210370,410413648748
2017-01-06,All-Floors,Alumni,12,122,145066,13344648365,1215206200,14559854565
2017-01-06,All-Floors,Others(HKUST),25,255,1026411,28005923648,4983799322,32989722970
2017-01-06,All-Floors,Non-HKUST,35,141,149749,13430616877,3875763644,17306380521
2017-01-06,All-Floors,Total,1592,12071,12938077,1155776238241,101757080874,1257533319115
2017-01-07,1,Staff,21,262,356800,5631389946,523614969,6155004915
2017-01-07,1,TPG,29,331,488583,55193905760,4876990767,60070896527
2017-01-07,1,RPG,15,72,141755,4499167149,341599504,4840766653
2017-01-07,1,UG,17,83,124518,25260251687,845044109,26105295796
2017-01-07,1,Alumni,3,23,26257,1262432367,115523788,1377956155
2017-01-07,1,Others(HKUST),2,15,44527,1503016304,2038596108,3541612412
2017-01-07,1,Non-HKUST,4,6,31712,116600789,22985272,139586061
2017-01-07,1,Total,91,792,1214152,93466764002,8764354517,102231118519
2017-01-07,G,Staff,55,359,327340,9793821074,1941898646,11735719720
2017-01-07,G,TPG,67,597,395972,37153134905,3514181794,40667316699
2017-01-07,G,RPG,68,222,161653,11999694749,665761180,12665455929
2017-01-07,G,UG,91,371,218562,44169464860,2888506738,47057971598
2017-01-07,G,Alumni,22,103,112780,9623634056,1732263511,11355897567
2017-01-07,G,Others(HKUST),8,55,297764,4099622812,655561720,4755184532
2017-01-07,G,Non-HKUST,12,27,49477,657472223,89223708,746695931
2017-01-07,G,Total,323,1734,1563548,117496844679,11487397297,128984241976
2017-01-07,LG1,Staff,62,213,189178,10653891670,700758597,11354650267
2017-01-07,LG1,TPG,101,976,1354938,208047011351,19685872057,227732883408
2017-01-07,LG1,RPG,111,596,674739,116720483372,6184369953,122904853325
2017-01-07,LG1,UG,154,953,1928717,150339370495,11407983230,161747353725
2017-01-07,LG1,Alumni,19,119,185418,31250928675,4361998579,35612927254
2017-01-07,LG1,Others(HKUST),8,35,449152,5060248761,2285616955,7345865716
2017-01-07,LG1,Non-HKUST,16,42,35623,6025939234,515115308,6541054542
2017-01-07,LG1,Total,471,2934,4817765,528097873558,45141714679,573239588237
2017-01-07,LG3,Staff,36,164,95082,11590087386,3199658739,14789746125
2017-01-07,LG3,TPG,44,373,540537,33044328351,4275428329,37319756680
2017-01-07,LG3,RPG,41,312,450956,26922585123,6473533670,33396118793
2017-01-07,LG3,UG,82,409,496222,76729402440,3912034725,80641437165
2017-01-07,LG3,Alumni,13,74,92532,6726323639,997566724,7723890363
2017-01-07,LG3,Others(HKUST),5,32,45857,3629270867,178836761,3808107628
2017-01-07,LG3,Non-HKUST,10,32,36216,990089772,212999959,1203089731
2017-01-07,LG3,Total,231,1396,1757402,159632087578,19250058907,178882146485
2017-01-07,LG4,Staff,46,233,198885,17448394760,3092430985,20540825745
2017-01-07,LG4,TPG,68,356,368092,64646645091,6562294297,71208939388
2017-01-07,LG4,RPG,118,238,157705,19287889310,1357378791,20645268101
2017-01-07,LG4,UG,169,580,381724,121519573165,8493283594,130012856759
2017-01-07,LG4,Alumni,13,66,70549,7615167338,1470122359,9085289697
2017-01-07,LG4,Others(HKUST),9,181,366490,26125495262,1396822963,27522318225
2017-01-07,LG4,Non-HKUST,53,76,3955,6413897466,2562347744,8976245210
2017-01-07,LG4,Total,476,1730,1547400,263057062392,24934680733,287991743125
2017-01-07,All-Floors,Staff,147,1231,1167285,55117584836,9458361936,64575946772
2017-01-07,All-Floors,TPG,170,2633,3148122,398085025458,38914767244,436999792702
2017-01-07,All-Floors,RPG,264,1440,1586808,179429819703,15022643098,194452462801
2017-01-07,All-Floors,UG,351,2396,3149743,418018062647,27546852396,445564915043
2017-01-07,All-Floors,Alumni,38,385,487536,56478486075,8677474961,65155961036
2017-01-07,All-Floors,Others(HKUST),14,318,1203790,40417654006,6555434507,46973088513
2017-01-07,All-Floors,Non-HKUST,71,183,156983,14203999484,3402671991,17606671475
2017-01-07,All-Floors,Total,1055,8586,10900267,1161750632209,109578206133,1271328838342
2017-01-08,1,Staff,8,111,217318,1467603821,631485161,2099088982
2017-01-08,1,TPG,16,135,142463,6415907135,4610284487,11026191622
2017-01-08,1,RPG,15,43,134271,3299682974,193157970,3492840944
2017-01-08,1,UG,10,55,47770,8534200388,1363165859,9897366247
2017-01-08,1,Alumni,6,18,33486,1933913469,170686976,2104600445
2017-01-08,1,Others(HKUST),2,16,20649,336273806,77668761,413942567
2017-01-08,1,Non-HKUST,3,7,17285,686976522,53802688,740779210
2017-01-08,1,Total,60,385,613242,22674558115,7100251902,29774810017
2017-01-08,G,Staff,26,72,67205,1475367257,174142738,1649509995
2017-01-08,G,TPG,49,289,287411,12118165049,2172380813,14290545862
2017-01-08,G,RPG,46,142,78128,10333781025,1757866399,12091647424
2017-01-08,G,UG,51,280,209696,36591633809,2512979211,39104613020
2017-01-08,G,Alumni,19,98,89026,1063965362,1294344913,2358310275
2017-01-08,G,Others(HKUST),4,7,260272,2820737279,511135236,3331872515
2017-01-08,G,Non-HKUST,7,27,17634,1387297015,190715620,1578012635
2017-01-08,G,Total,202,915,1009372,65790946796,8613564930,74404511726
2017-01-08,LG1,Staff,31,113,124428,6342724213,939138192,7281862405
2017-01-08,LG1,TPG,73,452,608560,27387752858,4566771891,31954524749
2017-01-08,LG1,RPG,87,321,356430,33212661445,3204717357,36417378802
2017-01-08,LG1,UG,95,428,426117,70672949171,5504138940,76177088111
2017-01-08,LG1,Alumni,14,78,118096,4139436656,488921352,4628358008
2017-01-08,LG1,Others(HKUST),5,26,436786,3743811426,1643015345,5386826771
2017-01-08,LG1,Non-HKUST,5,18,46583,6059437219,393240505,6452677724
2017-01-08,LG1,Total,310,1436,2117000,151558772988,16739943582,168298716570
2017-01-08,LG3,Staff,18,92,53191,4124324570,556918356,4681242926
2017-01-08,LG3,TPG,25,109,96879,16331304415,909125005,17240429420
2017-01-08,LG3,RPG,27,70,97086,3547126099,716110624,4263236723
2017-01-08,LG3,UG,50,139,105740,12452927804,595632856,13048560660
2017-01-08,LG3,Alumni,8,35,67451,56163371337,3226530170,59389901507
2017-01-08,LG3,Others(HKUST),1,8,12009,265292450,34127247,299419697
2017-01-08,LG3,Non-HKUST,2,2,0,81183454,14105316,95288770
2017-01-08,LG3,Total,131,455,432356,92965530129,6052549574,99018079703
2017-01-08,LG4,Staff,40,64,46222,3857072637,590279195,4447351832
2017-01-08,LG4,TPG,36,151,119904,37255384987,1370345653,38625730640
2017-01-08,LG4,RPG,93,141,112565,8884341906,1482439206,10366781112
2017-01-08,LG4,UG,125,309,163671,94681278649,5778262640,100459541289
2017-01-08,LG4,Alumni,12,58,31078,5344109019,1452708188,6796817207
2017-01-08,LG4,Others(HKUST),5,62,215855,4202571248,361861880,4564433128
2017-01-08,LG4,Non-HKUST,12,12,2041,26674794,29536955,56211749
2017-01-08,LG4,Total,323,797,691336,154251433240,11065433717,165316866957
2017-01-08,All-Floors,Staff,95,452,508364,17267092498,2891963642,20159056140
2017-01-08,All-Floors,TPG,119,1136,1255217,99508514444,13628907849,113137422293
2017-01-08,All-Floors,RPG,213,717,778480,59277593449,7354291556,66631885005
2017-01-08,All-Floors,UG,248,1211,952994,222932989821,15754179506,238687169327
2017-01-08,All-Floors,Alumni,31,287,339137,68644795843,6633191599,75277987442
2017-01-08,All-Floors,Others(HKUST),9,119,945571,11368686209,2627808469,13996494678
2017-01-08,All-Floors,Non-HKUST,23,66,83543,8241569004,681401084,8922970088
2017-01-08,All-Floors,Total,738,3988,4863306,487241241268,49571743705,536812984973
2017-01-09,1,Staff,70,884,1117852,12072003948,6407147593,18479151541
2017-01-09,1,TPG,28,260,384484,39147368459,2405350548,41552719007
2017-01-09,1,RPG,28,211,208380,12346169753,1440964969,13787134722
2017-01-09,1,UG,37,231,230324,18646292678,1816452233,20462744911
2017-01-09,1,Alumni,1,4,1320,176739,88252,264991
2017-01-09,1,Others(HKUST),3,3,602,15415837,4414579,19830416
2017-01-09,1,Non-HKUST,4,14,21872,322431762,1258600837,1581032599
2017-01-09,1,Total,171,1607,1964834,82549859176,13333019011,95882878187
2017-01-09,G,Staff,149,953,872251,14437958442,7658473071,22096431513
2017-01-09,G,TPG,115,723,603657,89821961553,9859808176,99681769729
2017-01-09,G,RPG,115,565,487501,58666265624,5475550693,64141816317
2017-01-09,G,UG,222,1158,1414095,89957849207,13132417384,103090266591
2017-01-09,G,Alumni,4,72,69408,352850612,29167318,382017930
2017-01-09,G,Others(HKUST),8,18,266752,3657727183,547081574,4204808757
2017-01-09,G,Non-HKUST,16,39,27004,2944025206,597659025,3541684231
2017-01-09,G,Total,629,3528,3740668,259838637827,37300157241,297138795068
2017-01-09,LG1,Staff,143,576,431124,12914382551,4420877948,17335260499
2017-01-09,LG1,TPG,144,1320,1660607,102829102369,11129234014,113958336383
2017-01-09,LG1,RPG,223,1263,1188490,111065003419,12036006837,123101010256
2017-01-09,LG1,UG,329,2301,3099995,217072013766,34119669486,251191683252
2017-01-09,LG1,Alumni,2,12,2518,1019056,293829,1312885
2017-01-09,LG1,Others(HKUST),8,51,448766,6595473623,2654300065,9249773688
2017-01-09,LG1,Non-HKUST,16,54,88471,12170581736,699909731,12870491467
2017-01-09,LG1,Total,865,5577,6919971,462647576520,65060291910,527707868430
2017-01-09,LG3,Staff,83,506,371508,60063736453,5348687072,65412423525
2017-01-09,LG3,TPG,53,358,556519,43748514059,5789262376,49537776435
2017-01-09,LG3,RPG,79,501,732793,75583572397,6107133736,81690706133
2017-01-09,LG3,UG,130,505,488853,54698169668,4009366297,58707535965
2017-01-09,LG3,Alumni,1,1,0,13121370,1184648,14306018
2017-01-09,LG3,Others(HKUST),4,10,0,49532924,8433153,57966077
2017-01-09,LG3,Non-HKUST,3,17,28310,1503303641,248946517,1752250158
2017-01-09,LG3,Total,353,1898,2177983,235659950512,21513013799,257172964311
2017-01-09,LG4,Staff,175,518,221167,17001617833,4496343471,21497961304
2017-01-09,LG4,TPG,82,614,788737,92736683949,8603254629,101339938578
2017-01-09,LG4,RPG,214,616,578995,40238033123,5522520002,45760553125
2017-01-09,LG4,UG,282,641,412200,69095712842,5560273766,74655986608
2017-01-09,LG4,Alumni,4,35,61725,4000779799,222288086,4223067885
2017-01-09,LG4,Others(HKUST),14,211,338312,16601288789,1152067632,17753356421
2017-01-09,LG4,Non-HKUST,16,88,52337,2722808879,583447173,3306256052
2017-01-09,LG4,Total,787,2723,2453473,242396925214,26140194759,268537119973
2017-01-09,All-Floors,Staff,392,3437,3013902,116489699227,28331529155,144821228382
2017-01-09,All-Floors,TPG,221,3275,3994004,368283630389,37786909743,406070540132
2017-01-09,All-Floors,RPG,441,3156,3196159,297899044316,30582176237,328481220553
2017-01-09,All-Floors,UG,667,4836,5645467,449470038161,58638179166,508108217327
2017-01-09,All-Floors,Alumni,8,124,134971,4367947576,253022133,4620969709
2017-01-09,All-Floors,Others(HKUST),22,293,1054432,26919438356,4366297003,31285735359
2017-01-09,All-Floors,Non-HKUST,37,212,217994,19663151224,3388563283,23051714507
2017-01-09,All-Floors,Total,1788,15333,17256929,1283092949249,163346676720,1446439625969
2017-01-10,1,Staff,67,719,1012130,14081503801,2163159859,16244663660
2017-01-10,1,TPG,17,171,324996,21684431922,1256243203,22940675125
2017-01-10,1,RPG,29,131,233357,11571827367,1125677906,12697505273
2017-01-10,1,UG,42,323,344442,33255389537,4562913100,37818302637
2017-01-10,1,Alumni,2,8,4936,2597529,915445,3512974
2017-01-10,1,Others(HKUST),2,6,2640,337457042,11833282,349290324
2017-01-10,1,Non-HKUST,1,6,8973,158301907,261543497,419845404
2017-01-10,1,Total,160,1364,1931474,81091509105,9382286292,90473795397
2017-01-10,G,Staff,141,936,890039,16791788086,2987566799,19779354885
2017-01-10,G,TPG,90,449,347153,34269392825,6966581696,41235974521
2017-01-10,G,RPG,119,582,435626,74275886327,4024152151,78300038478
2017-01-10,G,UG,203,949,765012,109472116382,9999441218,119471557600
2017-01-10,G,Alumni,5,83,94805,573524893,6759846291,7333371184
2017-01-10,G,Others(HKUST),14,62,338067,7053902729,1258906722,8312809451
2017-01-10,G,Non-HKUST,10,23,3803,536577643,403422530,940000173
2017-01-10,G,Total,582,3084,2874505,242973188885,32399917407,275373106292
2017-01-10,LG1,Staff,160,669,638473,57518976322,3027531129,60546507451
2017-01-10,LG1,TPG,127,1025,1412878,211532150579,21440345210,232972495789
2017-01-10,LG1,RPG,225,1165,1151359,80486201196,6826963836,87313165032
2017-01-10,LG1,UG,315,1961,3476466,276655233101,27263516564,303918749665
2017-01-10,LG1,Alumni,3,13,33484,3773694764,222056044,3995750808
2017-01-10,LG1,Others(HKUST),14,71,489856,9109975060,2579826886,11689801946
2017-01-10,LG1,Non-HKUST,8,56,67446,823368885,266644696,1090013581
2017-01-10,LG1,Total,852,4960,7269962,639899599907,61626884365,701526484272
2017-01-10,LG3,Staff,82,402,204427,14948989240,1374743229,16323732469
2017-01-10,LG3,TPG,46,425,495815,72496793259,6266812190,78763605449
2017-01-10,LG3,RPG,65,338,423931,37451786636,3765387969,41217174605
2017-01-10,LG3,UG,114,409,413990,55470396738,3239029212,58709425950
2017-01-10,LG3,Alumni,1,1,0,36801605,1964427,38766032
2017-01-10,LG3,Others(HKUST),4,10,8265,151874266,6024181,157898447
2017-01-10,LG3,Non-HKUST,3,10,26033,933860752,127657346,1061518098
2017-01-10,LG3,Total,315,1595,1572461,181490502496,14781618554,196272121050
2017-01-10,LG4,Staff,115,295,145845,9742169747,1976110393,11718280140
2017-01-10,LG4,TPG,46,285,338452,37383146520,2962473848,40345620368
2017-01-10,LG4,RPG,145,525,598559,49995176157,4608575809,54603751966
2017-01-10,LG4,UG,244,627,508736,92351079726,7292172591,99643252317
2017-01-10,LG4,Alumni,2,3,477,78185090,6873816,85058906
2017-01-10,LG4,Others(HKUST),12,206,254920,26417755745,2768938914,29186694659
2017-01-10,LG4,Non-HKUST,8,54,13138,755791245,552516054,1308307299
2017-01-10,LG4,Total,572,1995,1860127,216723304230,20167661425,236890965655
2017-01-10,All-Floors,Staff,348,3021,2890914,113083427196,11529111409,124612538605
2017-01-10,All-Floors,TPG,179,2355,2919294,377365915105,38892456147,416258371252
2017-01-10,All-Floors,RPG,410,2741,2842832,253780877683,20350757671,274131635354
2017-01-10,All-Floors,UG,655,4269,5508646,567204215484,52357072685,619561288169
2017-01-10,All-Floors,Alumni,7,108,133702,4464803881,6991656023,11456459904
2017-01-10,All-Floors,Others(HKUST),26,355,1093748,43070964842,6625529985,49696494827
2017-01-10,All-Floors,Non-HKUST,19,149,119393,3207900432,1611784123,4819684555
2017-01-10,All-Floors,Total,1644,12998,15508529,1362178104623,138358368043,1500536472666
2017-01-11,1,Staff,67,763,1025910,15867843842,2172710113,18040553955
2017-01-11,1,TPG,40,406,574320,80905934978,4488533272,85394468250
2017-01-11,1,RPG,24,278,383909,44645455057,2448247950,47093703007
2017-01-11,1,UG,44,287,414988,30995579923,6294420528,37290000451
2017-01-11,1,Alumni,3,6,1214,1418565,692965,2111530
2017-01-11,1,Others(HKUST),3,42,34336,1325352909,356113257,1681466166
2017-01-11,1,Non-HKUST,5,15,46551,8447618537,528184737,8975803274
2017-01-11,1,Total,186,1797,2481228,182189203811,16288902822,198478106633
2017-01-11,G,Staff,135,806,733297,13860297495,2285392798,16145690293
2017-01-11,G,TPG,116,607,378166,46405076765,4573943675,50979020440
2017-01-11,G,RPG,104,549,459259,29919224658,4258201016,34177425674
2017-01-11,G,UG,192,930,743177,97087327114,6023742776,103111069890
2017-01-11,G,Alumni,3,21,17936,10287247,3068529,13355776
2017-01-11,G,Others(HKUST),8,24,277811,4094845144,706581925,4801427069
2017-01-11,G,Non-HKUST,15,39,18351,11809118497,754253302,12563371799
2017-01-11,G,Total,573,2976,2627997,203186176920,18605184021,221791360941
2017-01-11,LG1,Staff,133,593,589115,49857375736,2932814552,52790190288
2017-01-11,LG1,TPG,128,984,1499639,128092222186,10013413541,138105635727
2017-01-11,LG1,RPG,183,1071,1131595,53360869464,9304418729,62665288193
2017-01-11,LG1,UG,315,2097,3127309,271040973092,21837624376,292878597468
2017-01-11,LG1,Alumni,6,14,10273,969661081,1812417607,2782078688
2017-01-11,LG1,Others(HKUST),10,40,459312,3958925235,1497592688,5456517923
2017-01-11,LG1,Non-HKUST,18,100,185604,4141628206,380044082,4521672288
2017-01-11,LG1,Total,793,4899,7002847,511421655000,47778325575,559199980575
2017-01-11,LG3,Staff,83,322,250316,31062440553,1585009707,32647450260
2017-01-11,LG3,TPG,53,398,435384,40344178783,6653020702,46997199485
2017-01-11,LG3,RPG,63,320,518981,57965673095,5341112806,63306785901
2017-01-11,LG3,UG,99,341,394281,34885424068,9332640915,44218064983
2017-01-11,LG3,Alumni,5,44,62055,1662355315,158610437,1820965752
2017-01-11,LG3,Others(HKUST),3,11,15213,436651894,16754671,453406565
2017-01-11,LG3,Non-HKUST,6,32,45964,953794392,91937157,1045731549
2017-01-11,LG3,Total,312,1468,1722194,167310518100,23179086395,190489604495
2017-01-11,LG4,Staff,119,455,335658,15021163436,1080444464,16101607900
2017-01-11,LG4,TPG,56,420,579516,65227077966,3892239318,69119317284
2017-01-11,LG4,RPG,147,477,483837,43738449449,3287501176,47025950625
2017-01-11,LG4,UG,228,649,469397,156565636793,10391957785,166957594578
2017-01-11,LG4,Alumni,6,16,23650,326226427,272145984,598372411
2017-01-11,LG4,Others(HKUST),12,237,283798,13860517898,1697409654,15557927552
2017-01-11,LG4,Non-HKUST,16,71,25309,892229420,872887313,1765116733
2017-01-11,LG4,Total,584,2325,2201165,295631301389,21494585694,317125887083
2017-01-11,All-Floors,Staff,339,2939,2934296,125669121062,10056371634,135725492696
2017-01-11,All-Floors,TPG,211,2815,3467025,360974490678,29621150508,390595641186
2017-01-11,All-Floors,RPG,356,2695,2977581,229629671723,24639481677,254269153400
2017-01-11,All-Floors,UG,596,4304,5149152,590574940990,53880386380,644455327370
2017-01-11,All-Floors,Alumni,13,101,115128,2969948635,2246935522,5216884157
2017-01-11,All-Floors,Others(HKUST),22,354,1070470,23676293080,4274452195,27950745275
2017-01-11,All-Floors,Non-HKUST,33,257,321779,26244389052,2627306591,28871695643
2017-01-11,All-Floors,Total,1570,13465,16035431,1359738855220,127346084507,1487084939727
2017-01-12,1,Staff,80,901,1141899,30047224597,3065811831,33113036428
2017-01-12,1,TPG,14,195,321670,55464701608,2940610982,58405312590
2017-01-12,1,RPG,16,181,254722,19493854548,1260829949,20754684497
2017-01-12,1,UG,41,377,417554,70791360743,17431510442,88222871185
2017-01-12,1,Alumni,3,7,5040,25179487,5447709,30627196
2017-01-12,1,Others(HKUST),3,14,24631,260662237,979055259,1239717496
2017-01-12,1,Non-HKUST,4,27,41170,1778111108,920446428,2698557536
2017-01-12,1,Total,161,1702,2206686,177861094328,26603712600,204464806928
2017-01-12,G,Staff,137,790,679893,19293533447,3546604998,22840138445
2017-01-12,G,TPG,91,459,208279,39829317530,3988836984,43818154514
2017-01-12,G,RPG,117,391,283722,40707163819,2208750519,42915914338
2017-01-12,G,UG,173,793,583249,69125728399,4481189940,73606918339
2017-01-12,G,Alumni,11,56,40634,2775888996,581923905,3357812901
2017-01-12,G,Others(HKUST),6,14,267753,3007167914,644992091,3652160005
2017-01-12,G,Non-HKUST,13,57,13697,3875858400,580367765,4456226165
2017-01-12,G,Total,548,2560,2077227,178614658505,16032666202,194647324707
2017-01-12,LG1,Staff,167,724,544139,32080871452,2773039740,34853911192
2017-01-12,LG1,TPG,132,1038,1285513,116979871783,9618114381,126597986164
2017-01-12,LG1,RPG,194,1128,1140723,75727117364,8425172331,84152289695
2017-01-12,LG1,UG,270,1683,2454699,357101945577,21250135412,378352080989
2017-01-12,LG1,Alumni,7,78,118459,12786244140,1101926074,13888170214
2017-01-12,LG1,Others(HKUST),14,66,482318,5082514383,1600589024,6683103407
2017-01-12,LG1,Non-HKUST,14,55,83268,15388705110,563543762,15952248872
2017-01-12,LG1,Total,798,4772,6109119,615147269809,45332520724,660479790533
2017-01-12,LG3,Staff,85,391,249627,25122873119,1587941804,26710814923
2017-01-12,LG3,TPG,58,547,698015,68877873515,13566550565,82444424080
2017-01-12,LG3,RPG,86,568,758260,67852795778,5671599628,73524395406
2017-01-12,LG3,UG,115,446,345166,60977061896,5015761733,65992823629
2017-01-12,LG3,Alumni,7,34,45149,3021793790,665342262,3687136052
2017-01-12,LG3,Others(HKUST),6,18,24673,140506859,26952952,167459811
2017-01-12,LG3,Non-HKUST,4,14,22560,608389368,27816196,636205564
2017-01-12,LG3,Total,361,2018,2143450,226601294325,26561965140,253163259465
2017-01-12,LG4,Staff,139,397,207820,14083123267,1783682726,15866805993
2017-01-12,LG4,TPG,62,583,724732,101297464290,6398855141,107696319431
2017-01-12,LG4,RPG,153,427,382269,40239374019,3751252522,43990626541
2017-01-12,LG4,UG,244,620,525041,135837605400,8447534897,144285140297
2017-01-12,LG4,Alumni,9,48,62758,3083371392,206298825,3289670217
2017-01-12,LG4,Others(HKUST),14,257,248421,19729585161,2810421073,22540006234
2017-01-12,LG4,Non-HKUST,15,88,56693,11472528925,2637769107,14110298032
2017-01-12,LG4,Total,636,2420,2207734,325743052454,26035814291,351778866745
2017-01-12,All-Floors,Staff,372,3203,2823378,120627625882,12757081099,133384706981
2017-01-12,All-Floors,TPG,189,2822,3238209,382449228726,36512968053,418962196779
2017-01-12,All-Floors,RPG,380,2695,2819696,244020305528,21317604949,265337910477
2017-01-12,All-Floors,UG,580,3919,4325709,693833702015,56626132424,750459834439
2017-01-12,All-Floors,Alumni,16,223,272040,21692477805,2560938775,24253416580
2017-01-12,All-Floors,Others(HKUST),26,369,1047796,28220436554,6062010399,34282446953
2017-01-12,All-Floors,Non-HKUST,31,241,217388,33123592911,4729943258,37853536169
2017-01-12,All-Floors,Total,1594,13472,14744216,1523967369421,140566678957,1664534048378
2017-01-13,1,Staff,73,935,1170268,20185904574,1639955922,21825860496
2017-01-13,1,TPG,25,204,318515,75611507210,4014918345,79626425555
2017-01-13,1,RPG,13,139,123361,22197415754,1094626227,23292041981
2017-01-13,1,UG,33,246,370895,19036041451,1202039111,20238080562
2017-01-13,1,Alumni,1,4,5411,1339519630,17551823,1357071453
2017-01-13,1,Others(HKUST),3,8,4053,14485659,2656939,17142598
2017-01-13,1,Non-HKUST,3,17,23911,536920367,77924609,614844976
2017-01-13,1,Total,151,1553,2016414,138921794645,8049672976,146971467621
2017-01-13,G,Staff,135,771,675276,18178365215,1979836756,20158201971
2017-01-13,G,TPG,84,481,190925,42331120586,27774101336,70105221922
2017-01-13,G,RPG,87,242,125432,15524355237,4537182538,20061537775
2017-01-13,G,UG,184,647,398265,73905381029,17067796690,90973177719
2017-01-13,G,Alumni,4,17,1553,1708227023,81688365,1789915388
2017-01-13,G,Others(HKUST),11,17,263160,4988649161,667415335,5656064496
2017-01-13,G,Non-HKUST,10,28,3355,340078395,134128519,474206914
2017-01-13,G,Total,515,2203,1657966,156976176646,52242149539,209218326185
2017-01-13,LG1,Staff,155,672,541936,253956736143,6443540235,260400276378
2017-01-13,LG1,TPG,125,983,1322270,130989780102,18448469320,149438249422
2017-01-13,LG1,RPG,175,1029,1012112,99513592540,8129193511,107642786051
2017-01-13,LG1,UG,303,1994,2895185,230607344810,39821604470,270428949280
2017-01-13,LG1,Alumni,5,51,87665,179372278,21413311,200785589
2017-01-13,LG1,Others(HKUST),7,26,435132,6240712597,1509907921,7750620518
2017-01-13,LG1,Non-HKUST,16,112,167650,8877648103,1282113102,10159761205
2017-01-13,LG1,Total,786,4867,6461950,730365186573,75656241870,806021428443
2017-01-13,LG3,Staff,72,340,236388,12221979650,1423583695,13645563345
2017-01-13,LG3,TPG,46,468,608656,80909774790,6191425492,87101200282
2017-01-13,LG3,RPG,51,364,481003,108651631324,5793092412,114444723736
2017-01-13,LG3,UG,149,768,603445,111332777065,5057565662,116390342727
2017-01-13,LG3,Alumni,2,5,2039,544094449,19355522,563449971
2017-01-13,LG3,Others(HKUST),3,7,367,39921677,3814423,43736100
2017-01-13,LG3,Non-HKUST,5,8,3963,146420929,39293724,185714653
2017-01-13,LG3,Total,328,1960,1935861,313846599884,18528130930,332374730814
2017-01-13,LG4,Staff,121,318,126577,6626546604,702043729,7328590333
2017-01-13,LG4,TPG,61,444,589275,151208342334,13858637750,165066980084
2017-01-13,LG4,RPG,135,428,390938,52716295053,3317707983,56034003036
2017-01-13,LG4,UG,241,593,398655,167662958857,10228473794,177891432651
2017-01-13,LG4,Alumni,5,29,70905,3348241453,154645599,3502887052
2017-01-13,LG4,Others(HKUST),14,184,231882,18331011806,5884634286,24215646092
2017-01-13,LG4,Non-HKUST,11,34,26915,728502080,129808907,858310987
2017-01-13,LG4,Total,588,2030,1835147,400621898187,34275952048,434897850235
2017-01-13,All-Floors,Staff,365,3036,2750445,311169532186,12188960337,323358492523
2017-01-13,All-Floors,TPG,178,2580,3029641,481050525022,70287552243,551338077265
2017-01-13,All-Floors,RPG,339,2202,2132846,298603289908,22871802671,321475092579
2017-01-13,All-Floors,UG,621,4248,4666445,602544503212,73377479727,675921982939
2017-01-13,All-Floors,Alumni,10,106,167573,7119454833,294654620,7414109453
2017-01-13,All-Floors,Others(HKUST),25,242,934594,29614780900,8068428904,37683209804
2017-01-13,All-Floors,Non-HKUST,26,199,225794,10629569874,1663268861,12292838735
2017-01-13,All-Floors,Total,1564,12613,13907338,1740731655935,188752147363,1929483803298
2017-01-14,1,Staff,17,285,235791,23817022179,1100448051,24917470230
2017-01-14,1,TPG,8,147,259664,32906813081,1786507397,34693320478
2017-01-14,1,RPG,15,118,183251,29308307777,1418513063,30726820840
2017-01-14,1,UG,17,67,107402,11213081200,1253600573,12466681773
2017-01-14,1,Alumni,6,49,78229,34883622342,1307572942,36191195284
2017-01-14,1,Others(HKUST),1,18,50781,1646049195,116472567,1762521762
2017-01-14,1,Non-HKUST,1,8,23724,1272064161,111199668,1383263829
2017-01-14,1,Total,65,692,938842,135046959935,7094314261,142141274196
2017-01-14,G,Staff,39,292,248380,14730107727,1614347722,16344455449
2017-01-14,G,TPG,51,317,227489,43706535477,2584648280,46291183757
2017-01-14,G,RPG,65,176,98858,13153160425,1834421492,14987581917
2017-01-14,G,UG,87,355,314360,32842588713,2519071544,35361660257
2017-01-14,G,Alumni,21,76,53839,22871017543,656869200,23527886743
2017-01-14,G,Others(HKUST),3,13,269389,3322712472,818958162,4141670634
2017-01-14,G,Non-HKUST,7,26,61929,582312554,81376186,663688740
2017-01-14,G,Total,273,1255,1274244,131208434911,10109692586,141318127497
2017-01-14,LG1,Staff,53,216,282200,155813992911,5012739616,160826732527
2017-01-14,LG1,TPG,76,685,1028079,145039611372,11262679721,156302291093
2017-01-14,LG1,RPG,99,493,668766,53459148401,16775272742,70234421143
2017-01-14,LG1,UG,154,1062,1890251,224179903299,25940381040,250120284339
2017-01-14,LG1,Alumni,17,115,149615,15591447980,1936698384,17528146364
2017-01-14,LG1,Others(HKUST),6,25,446628,4193735760,1525499944,5719235704
2017-01-14,LG1,Non-HKUST,10,68,120849,5430629310,474983739,5905613049
2017-01-14,LG1,Total,415,2664,4586388,603708469033,62928255186,666636724219
2017-01-14,LG3,Staff,30,126,125907,30466926065,6939978790,37406904855
2017-01-14,LG3,TPG,39,393,564874,62397333157,5746138629,68143471786
2017-01-14,LG3,RPG,40,181,225395,18398656343,2352460938,20751117281
2017-01-14,LG3,UG,66,422,317497,43210941607,3394156787,46605098394
2017-01-14,LG3,Alumni,12,48,63143,12234304778,2372576466,14606881244
2017-01-14,LG3,Others(HKUST),3,28,45615,4988417710,277084688,5265502398
2017-01-14,LG3,Non-HKUST,6,9,6714,77544424,4056473,81600897
2017-01-14,LG3,Total,196,1207,1349145,171774124084,21086452771,192860576855
2017-01-14,LG4,Staff,42,115,89597,14601460829,2361001986,16962462815
2017-01-14,LG4,TPG,35,284,476159,74751605473,6556837800,81308443273
2017-01-14,LG4,RPG,72,230,255894,16328207718,1221376677,17549584395
2017-01-14,LG4,UG,110,440,352870,46592036131,4265705561,50857741692
2017-01-14,LG4,Alumni,15,116,112058,26980865090,4082875036,31063740126
2017-01-14,LG4,Others(HKUST),5,136,399908,58950602801,3011877483,61962480284
2017-01-14,LG4,Non-HKUST,11,39,60652,4069277378,271173203,4340450581
2017-01-14,LG4,Total,290,1360,1747138,242274055420,21770847746,264044903166
2017-01-14,All-Floors,Staff,124,1034,981875,239429509711,17028516165,256458025876
2017-01-14,All-Floors,TPG,119,1826,2556265,358801898560,27936811827,386738710387
2017-01-14,All-Floors,RPG,198,1198,1432164,130647480664,23602044912,154249525576
2017-01-14,All-Floors,UG,300,2346,2982380,358038550950,37372915505,395411466455
2017-01-14,All-Floors,Alumni,37,404,456884,112561257733,10356592028,122917849761
2017-01-14,All-Floors,Others(HKUST),12,220,1212321,73101517938,5749892844,78851410782
2017-01-14,All-Floors,Non-HKUST,27,150,273868,11431827827,942789269,12374617096
2017-01-14,All-Floors,Total,817,7178,9895757,1284012043383,122989562550,1407001605933
2017-01-15,1,Staff,6,155,132877,81874001,21370008,103244009
2017-01-15,1,TPG,16,113,224180,18912017043,1329377801,20241394844
2017-01-15,1,RPG,5,29,42266,828250867,113842258,942093125
2017-01-15,1,UG,12,16,8523,3714941320,306325038,4021266358
2017-01-15,1,Alumni,2,10,26899,3989193488,145470281,4134663769
2017-01-15,1,Others(HKUST),0,0,0,0,0,0
2017-01-15,1,Non-HKUST,2,2,241,552475235,14045458,566520693
2017-01-15,1,Total,43,325,434986,28078751954,1930430844,30009182798
2017-01-15,G,Staff,31,212,139876,4697077541,786637842,5483715383
2017-01-15,G,TPG,42,161,142897,20936191588,1221371215,22157562803
2017-01-15,G,RPG,28,75,67236,4933797062,313991525,5247788587
2017-01-15,G,UG,46,167,129560,11880773604,2162551864,14043325468
2017-01-15,G,Alumni,18,70,43111,3655378064,177578616,3832956680
2017-01-15,G,Others(HKUST),2,25,273736,4232794676,678831453,4911626129
2017-01-15,G,Non-HKUST,5,27,35299,5796853587,196538842,5993392429
2017-01-15,G,Total,172,737,831715,56132866122,5537501357,61670367479
2017-01-15,LG1,Staff,25,114,44546,6344445635,280557437,6625003072
2017-01-15,LG1,TPG,50,333,478169,52600327976,3442662600,56042990576
2017-01-15,LG1,RPG,59,205,180832,11457197364,4735317234,16192514598
2017-01-15,LG1,UG,115,510,674727,67138495727,4516760434,71655256161
2017-01-15,LG1,Alumni,10,63,50303,2410070439,1541539152,3951609591
2017-01-15,LG1,Others(HKUST),4,17,435589,4535854801,2116101469,6651956270
2017-01-15,LG1,Non-HKUST,9,20,25700,2432087575,170663676,2602751251
2017-01-15,LG1,Total,272,1262,1889866,146918479517,16803602002,163722081519
2017-01-15,LG3,Staff,20,114,98939,33354563040,865933410,34220496450
2017-01-15,LG3,TPG,24,129,122691,36503138806,1391270537,37894409343
2017-01-15,LG3,RPG,15,41,56183,7556654798,387628340,7944283138
2017-01-15,LG3,UG,64,161,113353,11395782998,3210611816,14606394814
2017-01-15,LG3,Alumni,6,19,28570,1154664017,60388294,1215052311
2017-01-15,LG3,Others(HKUST),1,1,11648,81972364,13636129,95608493
2017-01-15,LG3,Non-HKUST,7,36,32797,1492655445,492118198,1984773643
2017-01-15,LG3,Total,137,501,464181,91539431468,6421586724,97961018192
2017-01-15,LG4,Staff,25,34,13561,974301443,54418880,1028720323
2017-01-15,LG4,TPG,24,104,83358,7551162640,1094837413,8646000053
2017-01-15,LG4,RPG,55,114,49483,13963317429,820986806,14784304235
2017-01-15,LG4,UG,127,344,212683,30350952583,4513880716,34864833299
2017-01-15,LG4,Alumni,12,81,80668,22751246605,616654866,23367901471
2017-01-15,LG4,Others(HKUST),3,65,238127,30477618801,988763032,31466381833
2017-01-15,LG4,Non-HKUST,5,5,719,3228225,1624536,4852761
2017-01-15,LG4,Total,251,747,678599,106071827726,8091166249,114162993975
2017-01-15,All-Floors,Staff,76,629,429799,45452261660,2008917577,47461179237
2017-01-15,All-Floors,TPG,91,840,1051295,136502838053,8479519566,144982357619
2017-01-15,All-Floors,RPG,132,464,396000,38739217520,6371766163,45110983683
2017-01-15,All-Floors,UG,288,1198,1138846,124480946232,14710129868,139191076100
2017-01-15,All-Floors,Alumni,24,243,229551,33960552613,2541631209,36502183822
2017-01-15,All-Floors,Others(HKUST),7,108,959100,39328240642,3797332083,43125572725
2017-01-15,All-Floors,Non-HKUST,16,90,94756,10277300067,874990710,11152290777
2017-01-15,All-Floors,Total,634,3572,4299347,428741356787,38784287176,467525643963
2017-01-16,1,Staff,70,905,1056501,17270582903,3368499390,20639082293
2017-01-16,1,TPG,22,368,461165,50663638895,2745326187,53408965082
2017-01-16,1,RPG,23,214,284494,15041289201,4904912007,19946201208
2017-01-16,1,UG,36,254,330552,24223030353,63207897370,87430927723
2017-01-16,1,Alumni,1,2,243,190868,200464,391332
2017-01-16,1,Others(HKUST),2,3,955,120217783,10418096,130635879
2017-01-16,1,Non-HKUST,2,12,9115,252867955,122058638,374926593
2017-01-16,1,Total,156,1758,2143025,107571817958,74359312152,181931130110
2017-01-16,G,Staff,140,787,642862,12639738084,3150134423,15789872507
2017-01-16,G,TPG,78,420,266572,72406581972,13253303258,85659885230
2017-01-16,G,RPG,123,463,310013,32039876202,5683379993,37723256195
2017-01-16,G,UG,174,773,567138,60924051932,10371256714,71295308646
2017-01-16,G,Alumni,5,84,94079,3922786109,242329320,4165115429
2017-01-16,G,Others(HKUST),13,71,313546,9508928372,1426200169,10935128541
2017-01-16,G,Non-HKUST,8,31,43642,5073247849,1031504600,6104752449
2017-01-16,G,Total,541,2629,2237852,196515210520,35158108477,231673318997
2017-01-16,LG1,Staff,150,815,688697,59804856498,4842212249,64647068747
2017-01-16,LG1,TPG,118,906,1212079,112464657055,10371326236,122835983291
2017-01-16,LG1,RPG,218,1146,1096961,117262872037,13040029856,130302901893
2017-01-16,LG1,UG,270,1876,2409099,371981538670,40656785267,412638323937
2017-01-16,LG1,Alumni,3,27,27517,809137536,1222675893,2031813429
2017-01-16,LG1,Others(HKUST),8,58,441381,8696633046,3820681874,12517314920
2017-01-16,LG1,Non-HKUST,8,54,61393,18956000788,5014666223,23970667011
2017-01-16,LG1,Total,775,4882,5937127,689975695630,78968377598,768944073228
2017-01-16,LG3,Staff,89,448,338919,28172834743,3505441790,31678276533
2017-01-16,LG3,TPG,45,448,604814,62508192706,9922029224,72430221930
2017-01-16,LG3,RPG,74,467,793455,86773817686,9170569290,95944386976
2017-01-16,LG3,UG,111,521,565346,33446433356,17662845521,51109278877
2017-01-16,LG3,Alumni,5,17,11477,1172696013,50096756,1222792769
2017-01-16,LG3,Others(HKUST),4,20,19173,1377272674,83374479,1460647153
2017-01-16,LG3,Non-HKUST,2,12,16187,23533934607,7619638540,31153573147
2017-01-16,LG3,Total,330,1933,2349371,236985181785,48013995600,284999177385
2017-01-16,LG4,Staff,130,342,140730,6809994019,696897348,7506891367
2017-01-16,LG4,TPG,59,345,576196,90212911863,6930943674,97143855537
2017-01-16,LG4,RPG,134,539,528409,32805173714,4655272554,37460446268
2017-01-16,LG4,UG,203,686,502077,90482191588,8271401182,98753592770
2017-01-16,LG4,Alumni,2,20,24314,47429563,6328988,53758551
2017-01-16,LG4,Others(HKUST),13,169,276531,21998531871,1609871071,23608402942
2017-01-16,LG4,Non-HKUST,9,24,10079,13360362210,4065556025,17425918235
2017-01-16,LG4,Total,550,2125,2058336,255716594828,26236270842,281952865670
2017-01-16,All-Floors,Staff,358,3297,2867709,124698006247,15563185200,140261191447
2017-01-16,All-Floors,TPG,170,2487,3120826,388255982491,43222928579,431478911070
2017-01-16,All-Floors,RPG,384,2829,3013332,283923028840,37454163700,321377192540
2017-01-16,All-Floors,UG,538,4110,4374212,581057245899,140170186054,721227431953
2017-01-16,All-Floors,Alumni,8,150,157630,5952240089,1521631421,7473871510
2017-01-16,All-Floors,Others(HKUST),27,321,1051586,41701583746,6950545689,48652129435
2017-01-16,All-Floors,Non-HKUST,21,133,140416,61176413409,17853424026,79029837435
2017-01-16,All-Floors,Total,1506,13327,14725711,1486764500721,262736064669,1749500565390
2017-01-17,1,Staff,80,974,1109494,70411188659,27226691471,97637880130
2017-01-17,1,TPG,23,350,489584,62010752741,2793984173,64804736914
2017-01-17,1,RPG,23,131,219792,10884130807,735593437,11619724244
2017-01-17,1,UG,37,258,286677,16082915997,2050870982,18133786979
2017-01-17,1,Alumni,2,7,9319,2779151625,49456118,2828607743
2017-01-17,1,Others(HKUST),3,7,14795,1996899723,36597034,2033496757
2017-01-17,1,Non-HKUST,4,13,43490,565999084,1309933964,1875933048
2017-01-17,1,Total,172,1740,2173151,164731038636,34203127179,198934165815
2017-01-17,G,Staff,146,749,627979,24391578008,5352653099,29744231107
2017-01-17,G,TPG,70,330,242380,42710740067,3107031514,45817771581
2017-01-17,G,RPG,107,422,287891,24640677381,5620307508,30260984889
2017-01-17,G,UG,172,714,593911,50853548180,5053093441,55906641621
2017-01-17,G,Alumni,6,68,48504,717973341,136918018,854891359
2017-01-17,G,Others(HKUST),10,30,273520,4863690513,1255811362,6119501875
2017-01-17,G,Non-HKUST,15,76,29353,4285085940,1974108583,6259194523
2017-01-17,G,Total,526,2389,2103538,152463293430,22499923525,174963216955
2017-01-17,LG1,Staff,155,644,490394,32088264601,4370178595,36458443196
2017-01-17,LG1,TPG,109,978,1306819,89432872670,11184863151,100617735821
2017-01-17,LG1,RPG,196,1046,954325,55208756341,8100032130,63308788471
2017-01-17,LG1,UG,292,1888,2437477,254881671138,20909775471,275791446609
2017-01-17,LG1,Alumni,8,29,11160,283609414,61908820,345518234
2017-01-17,LG1,Others(HKUST),12,62,464996,9561258389,3800028450,13361286839
2017-01-17,LG1,Non-HKUST,15,58,95924,3039732085,4065214292,7104946377
2017-01-17,LG1,Total,787,4705,5761095,444496164638,52492000909,496988165547
2017-01-17,LG3,Staff,81,420,259051,27225460770,2191542536,29417003306
2017-01-17,LG3,TPG,38,405,497535,55871460925,7637549328,63509010253
2017-01-17,LG3,RPG,72,433,691031,49816173278,9170348278,58986521556
2017-01-17,LG3,UG,123,539,566727,51782277751,4089028499,55871306250
2017-01-17,LG3,Alumni,6,36,57449,3101686287,172500574,3274186861
2017-01-17,LG3,Others(HKUST),4,19,20047,46682243,10125821,56808064
2017-01-17,LG3,Non-HKUST,5,22,59008,1390923155,85913857,1476837012
2017-01-17,LG3,Total,329,1874,2150848,189234664409,23357008893,212591673302
2017-01-17,LG4,Staff,123,380,167663,33967852902,1842583890,35810436792
2017-01-17,LG4,TPG,52,345,444752,79004595355,19346146945,98350742300
2017-01-17,LG4,RPG,148,492,512740,64827181904,6957651642,71784833546
2017-01-17,LG4,UG,271,576,314187,44914693341,5987806495,50902499836
2017-01-17,LG4,Alumni,7,20,38348,1593788059,123837373,1717625432
2017-01-17,LG4,Others(HKUST),13,184,300133,13552110759,1058825199,14610935958
2017-01-17,LG4,Non-HKUST,8,28,5398,740632345,1934309582,2674941927
2017-01-17,LG4,Total,622,2025,1783221,238600854665,37251161126,275852015791
2017-01-17,All-Floors,Staff,367,3167,2654581,188084344940,40983649591,229067994531
2017-01-17,All-Floors,TPG,167,2408,2981070,329030421758,44069575111,373099996869
2017-01-17,All-Floors,RPG,368,2524,2665779,205376919711,30583932995,235960852706
2017-01-17,All-Floors,UG,637,3975,4198979,418515106407,38090574888,456605681295
2017-01-17,All-Floors,Alumni,14,160,164780,8476208726,544620903,9020829629
2017-01-17,All-Floors,Others(HKUST),22,302,1073491,30020641627,6161387866,36182029493
2017-01-17,All-Floors,Non-HKUST,30,197,233173,10022372609,9369480278,19391852887
2017-01-17,All-Floors,Total,1605,12733,13971853,1189526015778,169803221632,1359329237410
2017-01-18,1,Staff,69,826,1022385,43174651477,2520372669,45695024146
2017-01-18,1,TPG,27,456,443102,65758170511,5347368426,71105538937
2017-01-18,1,RPG,24,164,324651,27789855931,2505756444,30295612375
2017-01-18,1,UG,46,337,516530,24034500582,2662480211,26696980793
2017-01-18,1,Alumni,2,9,12400,9201392,4495548,13696940
2017-01-18,1,Others(HKUST),2,4,0,14942136,2292818,17234954
2017-01-18,1,Non-HKUST,4,23,40705,2751442343,345658457,3097100800
2017-01-18,1,Total,174,1819,2359773,163532764372,13388424573,176921188945
2017-01-18,G,Staff,150,817,727875,18130447174,3782626212,21913073386
2017-01-18,G,TPG,81,518,376109,48188159537,5969854871,54158014408
2017-01-18,G,RPG,104,392,313289,44783752048,2189976397,46973728445
2017-01-18,G,UG,205,720,672458,60807333486,9622090936,70429424422
2017-01-18,G,Alumni,7,30,10407,788308432,1072319105,1860627537
2017-01-18,G,Others(HKUST),8,68,309767,3276157078,777977930,4054135008
2017-01-18,G,Non-HKUST,12,64,39895,5725044684,278297447,6003342131
2017-01-18,G,Total,567,2609,2449800,181699202439,23693142898,205392345337
2017-01-18,LG1,Staff,156,693,597487,53467713738,3820162266,57287876004
2017-01-18,LG1,TPG,107,1147,1546410,198674277005,14753706747,213427983752
2017-01-18,LG1,RPG,200,1267,1401690,138781161643,16534160025,155315321668
2017-01-18,LG1,UG,326,2059,2554622,232812645108,28141906618,260954551726
2017-01-18,LG1,Alumni,5,21,20804,715062041,231110956,946172997
2017-01-18,LG1,Others(HKUST),14,81,506211,11138444729,2847073524,13985518253
2017-01-18,LG1,Non-HKUST,18,124,139369,4869425184,801176895,5670602079
2017-01-18,LG1,Total,826,5392,6766593,640458729448,67129297031,707588026479
2017-01-18,LG3,Staff,90,362,181385,23125098853,1126333307,24251432160
2017-01-18,LG3,TPG,49,341,520976,95913538751,3874081588,99787620339
2017-01-18,LG3,RPG,55,443,559236,42431936727,3296198142,45728134869
2017-01-18,LG3,UG,117,842,822840,58584178417,7494001338,66078179755
2017-01-18,LG3,Alumni,3,14,50233,2593808620,150883522,2744692142
2017-01-18,LG3,Others(HKUST),10,34,25126,1310397654,71501195,1381898849
2017-01-18,LG3,Non-HKUST,4,30,47472,2374354875,97539433,2471894308
2017-01-18,LG3,Total,328,2066,2207268,226333313897,16110538525,242443852422
2017-01-18,LG4,Staff,139,441,120127,11379712065,1688777554,13068489619
2017-01-18,LG4,TPG,49,245,338043,24283024403,2044488650,26327513053
2017-01-18,LG4,RPG,133,403,347271,25784697969,2122186674,27906884643
2017-01-18,LG4,UG,284,768,579393,68058546548,5662305340,73720851888
2017-01-18,LG4,Alumni,4,20,15772,1448987387,559780320,2008767707
2017-01-18,LG4,Others(HKUST),14,178,230366,14039102459,2133242565,16172345024
2017-01-18,LG4,Non-HKUST,8,48,34747,7569255872,392523887,7961779759
2017-01-18,LG4,Total,631,2103,1665719,152563326703,14603304990,167166631693
2017-01-18,All-Floors,Staff,382,3139,2649259,149277623307,12938272008,162215895315
2017-01-18,All-Floors,TPG,169,2707,3224640,432817170207,31989500282,464806670489
2017-01-18,All-Floors,RPG,348,2669,2946137,279571404318,26648277682,306219682000
2017-01-18,All-Floors,UG,688,4726,5145843,444297204141,53582784443,497879988584
2017-01-18,All-Floors,Alumni,11,94,109616,5555367872,2018589451,7573957323
2017-01-18,All-Floors,Others(HKUST),29,365,1071470,29779044056,5832088032,35611132088
2017-01-18,All-Floors,Non-HKUST,30,289,302188,23289522958,1915196119,25204719077
2017-01-18,All-Floors,Total,1657,13989,15449153,1364587336859,134924708017,1499512044876
2017-01-19,1,Staff,79,873,990880,52032184798,3619783032,55651967830
2017-01-19,1,TPG,15,187,178917,23343245582,1144370635,24487616217
2017-01-19,1,RPG,20,115,172991,7036828633,631269195,7668097828
2017-01-19,1,UG,35,388,603190,35190908161,5138864425,40329772586
2017-01-19,1,Alumni,2,14,15154,75413685,16328660,91742345
2017-01-19,1,Others(HKUST),3,5,1201,23767752,2670459,26438211
2017-01-19,1,Non-HKUST,3,13,33874,932266551,378143007,1310409558
2017-01-19,1,Total,157,1595,1996207,118634615162,10931429413,129566044575
2017-01-19,G,Staff,154,846,564926,16843598301,3973702292,20817300593
2017-01-19,G,TPG,72,454,246163,47051015152,4226584464,51277599616
2017-01-19,G,RPG,109,558,427474,74781901366,9355180296,84137081662
2017-01-19,G,UG,166,818,703014,85747766712,18153154050,103900920762
2017-01-19,G,Alumni,5,30,14013,743273834,100897999,844171833
2017-01-19,G,Others(HKUST),12,95,351317,5946018833,1458358464,7404377297
2017-01-19,G,Non-HKUST,12,57,101901,3746236309,416002128,4162238437
2017-01-19,G,Total,530,2858,2408808,234859810507,37683879693,272543690200
2017-01-19,LG1,Staff,150,644,564001,47533964355,6002138672,53536103027
2017-01-19,LG1,TPG,117,1069,1274362,153580102356,25258849709,178838952065
2017-01-19,LG1,RPG,214,1241,1233452,165101071104,25320808611,190421879715
2017-01-19,LG1,UG,292,2057,3012047,230310930938,25202343022,255513273960
2017-01-19,LG1,Alumni,5,10,1789,2069297421,74867987,2144165408
2017-01-19,LG1,Others(HKUST),11,45,445213,4069666281,1887154319,5956820600
2017-01-19,LG1,Non-HKUST,17,93,127524,5480648303,1157163911,6637812214
2017-01-19,LG1,Total,806,5159,6658388,608145680758,84903326231,693049006989
2017-01-19,LG3,Staff,78,333,169718,8493825669,777109928,9270935597
2017-01-19,LG3,TPG,49,419,585063,57767620180,4291766155,62059386335
2017-01-19,LG3,RPG,77,516,724372,67353188197,7598349787,74951537984
2017-01-19,LG3,UG,108,581,518066,56048239470,6035810403,62084049873
2017-01-19,LG3,Alumni,4,25,48330,2929609562,134000604,3063610166
2017-01-19,LG3,Others(HKUST),6,15,18504,634208558,13289246,647497804
2017-01-19,LG3,Non-HKUST,3,9,4206,14331796,3454228,17786024
2017-01-19,LG3,Total,325,1898,2068259,193241023432,18853780351,212094803783
2017-01-19,LG4,Staff,149,678,470833,33665941560,5889648804,39555590364
2017-01-19,LG4,TPG,46,418,579645,63279459874,6336121301,69615581175
2017-01-19,LG4,RPG,132,508,408315,76067539607,5692776309,81760315916
2017-01-19,LG4,UG,226,644,484940,157605389369,12872227701,170477617070
2017-01-19,LG4,Alumni,8,47,90698,4527633867,181649616,4709283483
2017-01-19,LG4,Others(HKUST),10,145,243963,22120632669,2427207998,24547840667
2017-01-19,LG4,Non-HKUST,10,33,36514,5581558702,234055020,5815613722
2017-01-19,LG4,Total,581,2473,2314908,362848155648,33633686749,396481842397
2017-01-19,All-Floors,Staff,368,3374,2760358,158569514683,20262382728,178831897411
2017-01-19,All-Floors,TPG,162,2547,2864150,345021443144,41257692264,386279135408
2017-01-19,All-Floors,RPG,376,2938,2966604,390340528907,48598384198,438938913105
2017-01-19,All-Floors,UG,580,4488,5321257,564903234650,67402399601,632305634251
2017-01-19,All-Floors,Alumni,14,126,169984,10345228369,507744866,10852973235
2017-01-19,All-Floors,Others(HKUST),30,305,1060198,32794294093,5788680486,38582974579
2017-01-19,All-Floors,Non-HKUST,33,205,304019,15755041661,2188818294,17943859955
2017-01-19,All-Floors,Total,1563,13983,15446570,1517729285507,186006102437,1703735387944
2017-01-20,1,Staff,80,965,1082326,56516782209,5934859231,62451641440
2017-01-20,1,TPG,23,298,433441,31795474679,2070586506,33866061185
2017-01-20,1,RPG,17,112,242760,19391105491,1118591550,20509697041
2017-01-20,1,UG,41,304,440455,44890327062,5146500726,50036827788
2017-01-20,1,Alumni,2,3,722,1322241,1013237,2335478
2017-01-20,1,Others(HKUST),3,5,603,17859842,3274416,21134258
2017-01-20,1,Non-HKUST,0,0,0,0,0,0
2017-01-20,1,Total,166,1687,2200307,152612871524,14274825666,166887697190
2017-01-20,G,Staff,141,879,583825,31008445463,5137708126,36146153589
2017-01-20,G,TPG,87,427,357393,37957380422,2624033770,40581414192
2017-01-20,G,RPG,87,306,268990,21112135604,2318454597,23430590201
2017-01-20,G,UG,164,682,724818,56941457227,13417826492,70359283719
2017-01-20,G,Alumni,5,93,110813,936299488,85779597,1022079085
2017-01-20,G,Others(HKUST),8,40,359972,3352280022,780527588,4132807610
2017-01-20,G,Non-HKUST,8,15,20537,2162248194,4425007294,6587255488
2017-01-20,G,Total,500,2442,2426348,153470246420,28789337464,182259583884
2017-01-20,LG1,Staff,140,550,464705,133415425913,8691610898,142107036811
2017-01-20,LG1,TPG,110,1256,1596384,161009555009,26359481723,187369036732
2017-01-20,LG1,RPG,158,1026,955328,67074813784,10432770652,77507584436
2017-01-20,LG1,UG,271,1735,2483623,192459036955,26849846875,219308883830
2017-01-20,LG1,Alumni,3,13,2520,1335916867,56223031,1392139898
2017-01-20,LG1,Others(HKUST),6,44,482919,6763539605,2056655539,8820195144
2017-01-20,LG1,Non-HKUST,10,50,84069,611978025,427267426,1039245451
2017-01-20,LG1,Total,698,4674,6069548,562670266158,74873856144,637544122302
2017-01-20,LG3,Staff,74,234,103411,13047691791,796868243,13844560034
2017-01-20,LG3,TPG,44,476,613310,49108641068,35157481618,84266122686
2017-01-20,LG3,RPG,52,299,537122,29219405209,4151235620,33370640829
2017-01-20,LG3,UG,113,467,383654,42397863248,2853173798,45251037046
2017-01-20,LG3,Alumni,2,27,40148,8828873914,306448671,9135322585
2017-01-20,LG3,Others(HKUST),2,12,597,71262365,7841903,79104268
2017-01-20,LG3,Non-HKUST,4,9,10540,57238862,3125144,60364006
2017-01-20,LG3,Total,291,1524,1688782,142730976457,43276174997,186007151454
2017-01-20,LG4,Staff,136,317,75764,9307626803,746741900,10054368703
2017-01-20,LG4,TPG,48,514,599278,124974697753,11528619857,136503317610
2017-01-20,LG4,RPG,121,348,246080,37705702058,6781540415,44487242473
2017-01-20,LG4,UG,233,554,252154,63038114043,4603896697,67642010740
2017-01-20,LG4,Alumni,8,19,24538,6960593452,184440695,7145034147
2017-01-20,LG4,Others(HKUST),7,171,292489,19566076895,2294550318,21860627213
2017-01-20,LG4,Non-HKUST,6,54,45869,13768757195,426075524,14194832719
2017-01-20,LG4,Total,559,1977,1536172,275321568199,26565865406,301887433605
2017-01-20,All-Floors,Staff,355,2945,2310031,243295972179,21307788398,264603760577
2017-01-20,All-Floors,TPG,158,2971,3599806,404845748931,77740203474,482585952405
2017-01-20,All-Floors,RPG,316,2091,2250280,174503162146,24802592834,199305754980
2017-01-20,All-Floors,UG,581,3742,4284704,399726798535,52871244588,452598043123
2017-01-20,All-Floors,Alumni,10,155,178741,18063005962,633905231,18696911193
2017-01-20,All-Floors,Others(HKUST),17,272,1136580,29771018729,5142849764,34913868493
2017-01-20,All-Floors,Non-HKUST,18,128,161015,16600222276,5281475388,21881697664
2017-01-20,All-Floors,Total,1455,12304,13921157,1286805928758,187780059677,1474585988435
2017-01-21,1,Staff,12,247,303905,1404142526,252787099,1656929625
2017-01-21,1,TPG,19,188,310193,15204169655,3351001926,18555171581
2017-01-21,1,RPG,7,54,144911,11923108025,848409131,12771517156
2017-01-21,1,UG,21,78,78907,5337277938,501344741,5838622679
2017-01-21,1,Alumni,2,16,21003,1646756082,73671398,1720427480
2017-01-21,1,Others(HKUST),0,0,0,0,0,0
2017-01-21,1,Non-HKUST,1,9,609,43419846,2787197,46207043
2017-01-21,1,Total,62,592,859528,35558874072,5030001492,40588875564
2017-01-21,G,Staff,33,151,218781,5695546860,843999052,6539545912
2017-01-21,G,TPG,72,411,372613,43008984155,6711991122,49720975277
2017-01-21,G,RPG,52,186,149576,17626764227,986404964,18613169191
2017-01-21,G,UG,100,468,379039,38912651768,3374878245,42287530013
2017-01-21,G,Alumni,21,116,88706,12959277385,473840411,13433117796
2017-01-21,G,Others(HKUST),4,11,271045,3377547908,716763175,4094311083
2017-01-21,G,Non-HKUST,10,44,64572,822655038,494448763,1317103801
2017-01-21,G,Total,292,1387,1544332,122403427341,13602325732,136005753073
2017-01-21,LG1,Staff,50,180,185507,9078594755,2019796534,11098391289
2017-01-21,LG1,TPG,83,755,1227332,104019987385,12697694577,116717681962
2017-01-21,LG1,RPG,76,347,344778,63756784470,5355180417,69111964887
2017-01-21,LG1,UG,185,1055,1820553,169764740309,23812843190,193577583499
2017-01-21,LG1,Alumni,17,103,152878,12502370703,1194734297,13697105000
2017-01-21,LG1,Others(HKUST),5,25,435831,7099377162,2784178546,9883555708
2017-01-21,LG1,Non-HKUST,6,15,26256,8705191514,333978555,9039170069
2017-01-21,LG1,Total,422,2480,4193135,374927046298,48198406116,423125452414
2017-01-21,LG3,Staff,26,186,187202,63787380404,2800415918,66587796322
2017-01-21,LG3,TPG,40,342,610885,46180813601,6991562484,53172376085
2017-01-21,LG3,RPG,36,362,451844,50535668765,10866801602,61402470367
2017-01-21,LG3,UG,73,422,334069,63387924998,7504023966,70891948964
2017-01-21,LG3,Alumni,10,16,21248,1095549980,126696733,1222246713
2017-01-21,LG3,Others(HKUST),7,13,23390,1607990110,108222571,1716212681
2017-01-21,LG3,Non-HKUST,2,18,16684,809236860,548610132,1357846992
2017-01-21,LG3,Total,194,1359,1645322,227404564718,28946333406,256350898124
2017-01-21,LG4,Staff,38,129,129699,9478466994,772041996,10250508990
2017-01-21,LG4,TPG,37,245,319345,70042737649,6097701176,76140438825
2017-01-21,LG4,RPG,62,163,143290,45326761415,3375810059,48702571474
2017-01-21,LG4,UG,155,531,340116,61233068475,11920598848,73153667323
2017-01-21,LG4,Alumni,15,48,62386,4285478059,392659271,4678137330
2017-01-21,LG4,Others(HKUST),4,129,418912,40528588877,2436245231,42964834108
2017-01-21,LG4,Non-HKUST,3,4,1796,54721041,2681034,57402075
2017-01-21,LG4,Total,314,1249,1415544,230949822510,24997737615,255947560125
2017-01-21,All-Floors,Staff,113,893,1025094,89444131539,6689040599,96133172138
2017-01-21,All-Floors,TPG,131,1941,2840368,278456692445,35849951285,314306643730
2017-01-21,All-Floors,RPG,161,1112,1234399,189169086902,21432606173,210601693075
2017-01-21,All-Floors,UG,379,2554,2952684,338635663488,47113688990,385749352478
2017-01-21,All-Floors,Alumni,37,299,346221,32489432209,2261602110,34751034319
2017-01-21,All-Floors,Others(HKUST),12,178,1149178,52613504057,6045409523,58658913580
2017-01-21,All-Floors,Non-HKUST,18,90,109917,10435224299,1382505681,11817729980
2017-01-21,All-Floors,Total,851,7067,9657861,991243734939,120774804361,1112018539300
2017-01-22,1,Staff,10,99,197076,802459212,141584124,944043336
2017-01-22,1,TPG,5,23,63580,759081194,60945075,820026269
2017-01-22,1,RPG,4,4,0,265975203,30003435,295978638
2017-01-22,1,UG,4,5,0,9386284,1755176,11141460
2017-01-22,1,Alumni,4,41,75239,9514665526,1333732110,10848397636
2017-01-22,1,Others(HKUST),1,1,0,26983,18556,45539
2017-01-22,1,Non-HKUST,1,1,0,247080,29114,276194
2017-01-22,1,Total,29,174,335895,11351841482,1568067590,12919909072
2017-01-22,G,Staff,26,103,52415,2987032285,378222396,3365254681
2017-01-22,G,TPG,24,100,78853,7248456246,827849584,8076305830
2017-01-22,G,RPG,38,116,97078,9643585502,2044129689,11687715191
2017-01-22,G,UG,41,137,91799,7201787721,1082586415,8284374136
2017-01-22,G,Alumni,14,78,44769,8801475383,417234230,9218709613
2017-01-22,G,Others(HKUST),2,8,276842,4678816666,739520802,5418337468
2017-01-22,G,Non-HKUST,3,4,243,29558282,48339694,77897976
2017-01-22,G,Total,148,546,641999,40590712085,5537882810,46128594895
2017-01-22,LG1,Staff,35,159,127788,25585488815,2062911491,27648400306
2017-01-22,LG1,TPG,32,157,223903,5484735506,544601908,6029337414
2017-01-22,LG1,RPG,48,187,240725,20506184537,1521250060,22027434597
2017-01-22,LG1,UG,80,386,530013,60772147678,10594441692,71366589370
2017-01-22,LG1,Alumni,9,23,25189,2895564783,164680336,3060245119
2017-01-22,LG1,Others(HKUST),5,20,434381,5385774976,2646613551,8032388527
2017-01-22,LG1,Non-HKUST,4,11,2400,67803886,11430063,79233949
2017-01-22,LG1,Total,213,943,1584399,120697700181,17545929101,138243629282
2017-01-22,LG3,Staff,20,89,46790,3854531533,188260081,4042791614
2017-01-22,LG3,TPG,8,50,22454,5126433220,465639277,5592072497
2017-01-22,LG3,RPG,21,95,90822,19231046815,22330545751,41561592566
2017-01-22,LG3,UG,52,124,58925,6486624496,594526941,7081151437
2017-01-22,LG3,Alumni,2,2,0,2328739,1029221,3357960
2017-01-22,LG3,Others(HKUST),1,1,13322,541222909,25864511,567087420
2017-01-22,LG3,Non-HKUST,2,4,3723,20966794,3886733,24853527
2017-01-22,LG3,Total,106,365,236036,35263154506,23609752515,58872907021
2017-01-22,LG4,Staff,25,54,27854,1490378532,138251526,1628630058
2017-01-22,LG4,TPG,28,161,116764,21785940705,1369632871,23155573576
2017-01-22,LG4,RPG,49,84,64075,7688717041,399811379,8088528420
2017-01-22,LG4,UG,108,310,166467,23357724464,3372409068,26730133532
2017-01-22,LG4,Alumni,9,36,28335,3461821529,132828194,3594649723
2017-01-22,LG4,Others(HKUST),3,55,239860,25401453733,3081462257,28482915990
2017-01-22,LG4,Non-HKUST,6,7,1080,176523242,12450164,188973406
2017-01-22,LG4,Total,228,707,644435,83362559246,8506845459,91869404705
2017-01-22,All-Floors,Staff,82,504,451923,34719890377,2909229618,37629119995
2017-01-22,All-Floors,TPG,62,491,505554,40404646871,3268668715,43673315586
2017-01-22,All-Floors,RPG,127,486,492700,57335509098,26325740314,83661249412
2017-01-22,All-Floors,UG,227,962,847204,97827670643,15645719292,113473389935
2017-01-22,All-Floors,Alumni,24,180,173532,24675855960,2049504091,26725360051
2017-01-22,All-Floors,Others(HKUST),7,85,964405,36007295267,6493479677,42500774944
2017-01-22,All-Floors,Non-HKUST,11,27,7446,295099284,76135768,371235052
2017-01-22,All-Floors,Total,540,2735,3442764,291265967500,56768477475,348034444975
2017-01-23,1,Staff,59,826,1031271,31028964318,6276576185,37305540503
2017-01-23,1,TPG,19,154,301188,24542306752,2193400045,26735706797
2017-01-23,1,RPG,15,129,144732,6902630280,664317692,7566947972
2017-01-23,1,UG,31,175,237380,23040505488,1551852231,24592357719
2017-01-23,1,Alumni,3,17,29644,1738558784,117191125,1855749909
2017-01-23,1,Others(HKUST),4,22,51148,532069318,39178739,571248057
2017-01-23,1,Non-HKUST,2,3,835,2535690,22468976,25004666
2017-01-23,1,Total,133,1326,1796198,87787570630,10864984993,98652555623
2017-01-23,G,Staff,140,879,675989,29158583543,7819087263,36977670806
2017-01-23,G,TPG,59,508,401536,50732532082,7650460368,58382992450
2017-01-23,G,RPG,85,268,126540,16045726243,3107050507,19152776750
2017-01-23,G,UG,145,656,525494,49966654113,4508266687,54474920800
2017-01-23,G,Alumni,8,56,87934,1258690313,123089146,1381779459
2017-01-23,G,Others(HKUST),9,66,237815,3834519683,779506216,4614025899
2017-01-23,G,Non-HKUST,10,43,12809,787008446,190331321,977339767
2017-01-23,G,Total,456,2476,2068117,151783714423,24177791508,175961505931
2017-01-23,LG1,Staff,159,648,492103,21158587101,4232357652,25390944753
2017-01-23,LG1,TPG,75,863,1058776,97051134881,4829358024,101880492905
2017-01-23,LG1,RPG,142,714,668422,48648007727,6286036475,54934044202
2017-01-23,LG1,UG,257,1743,2223298,304171073682,53199618958,357370692640
2017-01-23,LG1,Alumni,4,20,27146,763995994,50996319,814992313
2017-01-23,LG1,Others(HKUST),10,60,464512,7116014980,3294282254,10410297234
2017-01-23,LG1,Non-HKUST,9,82,98632,7550154049,598854399,8149008448
2017-01-23,LG1,Total,656,4130,5032889,486458968414,72491504081,558950472495
2017-01-23,LG3,Staff,78,272,193181,7906838421,1249120870,9155959291
2017-01-23,LG3,TPG,27,170,232565,16000854710,2492530719,18493385429
2017-01-23,LG3,RPG,44,246,425840,11757790734,2891449309,14649240043
2017-01-23,LG3,UG,123,402,326325,30317210952,4037015948,34354226900
2017-01-23,LG3,Alumni,4,5,7754,889357092,18541327,907898419
2017-01-23,LG3,Others(HKUST),5,15,14764,573200413,23143346,596343759
2017-01-23,LG3,Non-HKUST,4,7,13295,32743775,17026680,49770455
2017-01-23,LG3,Total,285,1117,1213724,67477996097,10728828199,78206824296
2017-01-23,LG4,Staff,120,369,198158,13578679962,1326971678,14905651640
2017-01-23,LG4,TPG,37,347,421509,40765107351,4011759462,44776866813
2017-01-23,LG4,RPG,83,231,212499,22753277398,4651633601,27404910999
2017-01-23,LG4,UG,291,671,403581,96165403319,7986869131,104152272450
2017-01-23,LG4,Alumni,5,19,23659,1918492305,87639245,2006131550
2017-01-23,LG4,Others(HKUST),10,132,224578,29217096545,3404254126,32621350671
2017-01-23,LG4,Non-HKUST,3,18,5491,690251054,29746538,719997592
2017-01-23,LG4,Total,549,1787,1489475,205088307934,21498873781,226587181715
2017-01-23,All-Floors,Staff,364,2994,2590702,102831653345,20904113648,123735766993
2017-01-23,All-Floors,TPG,119,2042,2415574,229091935776,21177508618,250269444394
2017-01-23,All-Floors,RPG,245,1588,1578033,106107432382,17600487584,123707919966
2017-01-23,All-Floors,UG,612,3647,3716078,503660847554,71283622955,574944470509
2017-01-23,All-Floors,Alumni,14,117,176137,6569094488,397457162,6966551650
2017-01-23,All-Floors,Others(HKUST),25,295,992817,41272900939,7540364681,48813265620
2017-01-23,All-Floors,Non-HKUST,21,153,131062,9062693014,858427914,9921120928
2017-01-23,All-Floors,Total,1400,10836,11600403,998596557498,139761982562,1138358540060
2017-01-24,1,Staff,67,809,1076578,72869845610,3678608555,76548454165
2017-01-24,1,TPG,11,114,128528,35998583906,2720199513,38718783419
2017-01-24,1,RPG,13,96,128216,27239430731,1591429388,28830860119
2017-01-24,1,UG,41,190,193103,21011261287,1448204776,22459466063
2017-01-24,1,Alumni,2,10,9218,9776943,5006488,14783431
2017-01-24,1,Others(HKUST),5,14,138614,4428919909,103588525,4532508434
2017-01-24,1,Non-HKUST,4,41,41334,2029884959,240332574,2270217533
2017-01-24,1,Total,143,1274,1715591,163587703345,9787369819,173375073164
2017-01-24,G,Staff,148,753,651343,47662461300,4344276269,52006737569
2017-01-24,G,TPG,61,399,493211,36374105717,3918640881,40292746598
2017-01-24,G,RPG,70,267,189201,29516667385,1998096270,31514763655
2017-01-24,G,UG,148,646,531014,56529438045,3626204006,60155642051
2017-01-24,G,Alumni,4,6,1444,2037783,1305133,3342916
2017-01-24,G,Others(HKUST),9,58,206035,3892443924,825791707,4718235631
2017-01-24,G,Non-HKUST,15,67,89526,6344295570,433362830,6777658400
2017-01-24,G,Total,455,2196,2161774,180321449724,15147677096,195469126820
2017-01-24,LG1,Staff,144,580,465212,75208119976,2177038984,77385158960
2017-01-24,LG1,TPG,75,649,786546,106032508184,6177665976,112210174160
2017-01-24,LG1,RPG,119,668,770700,50354710520,5619850048,55974560568
2017-01-24,LG1,UG,268,1419,2061523,221269938954,27910692238,249180631192
2017-01-24,LG1,Alumni,2,2,475,23539,20627,44166
2017-01-24,LG1,Others(HKUST),7,34,437755,8897915161,4174087564,13072002725
2017-01-24,LG1,Non-HKUST,11,27,79204,3555204053,477045089,4032249142
2017-01-24,LG1,Total,626,3379,4601415,465318420387,46536400526,511854820913
2017-01-24,LG3,Staff,78,220,134559,19985315563,1869407069,21854722632
2017-01-24,LG3,TPG,32,380,515380,46574892404,5590273316,52165165720
2017-01-24,LG3,RPG,38,160,207903,20490308994,1884893583,22375202577
2017-01-24,LG3,UG,116,499,523181,36417766575,3365998663,39783765238
2017-01-24,LG3,Alumni,1,1,480,40507,19979,60486
2017-01-24,LG3,Others(HKUST),5,12,12833,464824615,9525517,474350132
2017-01-24,LG3,Non-HKUST,3,4,0,996164,680367,1676531
2017-01-24,LG3,Total,273,1276,1394336,123934144822,12720798494,136654943316
2017-01-24,LG4,Staff,152,382,183349,13318252781,2367438010,15685690791
2017-01-24,LG4,TPG,29,205,222751,17112710683,3981066596,21093777279
2017-01-24,LG4,RPG,79,217,150361,12005189545,1027120955,13032310500
2017-01-24,LG4,UG,260,597,417409,108369590749,7183132049,115552722798
2017-01-24,LG4,Alumni,3,7,3833,433132,212292,645424
2017-01-24,LG4,Others(HKUST),9,170,298390,21088036992,1751025776,22839062768
2017-01-24,LG4,Non-HKUST,23,27,1075,3774441003,254512196,4028953199
2017-01-24,LG4,Total,555,1605,1277168,175668654885,16564507874,192233162759
2017-01-24,All-Floors,Staff,364,2744,2511041,229043995230,14436768887,243480764117
2017-01-24,All-Floors,TPG,114,1747,2146416,242092800894,22387846282,264480647176
2017-01-24,All-Floors,RPG,222,1408,1446381,139606307175,12121390244,151727697419
2017-01-24,All-Floors,UG,608,3351,3726230,443597995610,43534231732,487132227342
2017-01-24,All-Floors,Alumni,9,26,15450,12311904,6564519,18876423
2017-01-24,All-Floors,Others(HKUST),21,288,1093627,38772140601,6864019089,45636159690
2017-01-24,All-Floors,Non-HKUST,44,166,211139,15704821749,1405933056,17110754805
2017-01-24,All-Floors,Total,1382,9730,11150284,1108830373163,100756753809,1209587126972
2017-01-25,1,Staff,77,867,1122849,51268788622,2405617469,53674406091
2017-01-25,1,TPG,13,142,141348,31732149722,1645092368,33377242090
2017-01-25,1,RPG,10,64,106066,7148404325,408850148,7557254473
2017-01-25,1,UG,35,169,259458,18999636135,1023061013,20022697148
2017-01-25,1,Alumni,1,13,18111,18569762,8280879,26850641
2017-01-25,1,Others(HKUST),5,14,148657,4810803439,68272269,4879075708
2017-01-25,1,Non-HKUST,5,37,74361,2853427773,386581846,3240009619
2017-01-25,1,Total,146,1306,1870850,116831779778,5945755992,122777535770
2017-01-25,G,Staff,138,754,667064,33764969448,3192835603,36957805051
2017-01-25,G,TPG,32,272,187515,17380568959,1979970643,19360539602
2017-01-25,G,RPG,55,163,112913,12393568654,1187936471,13581505125
2017-01-25,G,UG,155,644,608251,40171141318,4756295936,44927437254
2017-01-25,G,Alumni,7,22,3472,847930931,271957527,1119888458
2017-01-25,G,Others(HKUST),13,90,169448,5531220895,1556656558,7087877453
2017-01-25,G,Non-HKUST,8,28,69682,7060499612,336122995,7396622607
2017-01-25,G,Total,408,1973,1818345,117149899817,13281775733,130431675550
2017-01-25,LG1,Staff,158,646,589337,133729497550,4505667002,138235164552
2017-01-25,LG1,TPG,35,312,442184,62356023325,3952178184,66308201509
2017-01-25,LG1,RPG,87,444,502168,32716564865,3606722386,36323287251
2017-01-25,LG1,UG,218,1010,1549990,139356215313,16752032799,156108248112
2017-01-25,LG1,Alumni,9,62,62683,2334863848,668362460,3003226308
2017-01-25,LG1,Others(HKUST),10,42,446845,8117598400,2499595324,10617193724
2017-01-25,LG1,Non-HKUST,12,28,21948,543012102,86589714,629601816
2017-01-25,LG1,Total,529,2544,3615155,379153775403,32071147869,411224923272
2017-01-25,LG3,Staff,72,246,172655,14314341711,2003502336,16317844047
2017-01-25,LG3,TPG,10,64,47749,2730083146,1714596334,4444679480
2017-01-25,LG3,RPG,23,185,359193,17603576186,4319451154,21923027340
2017-01-25,LG3,UG,107,655,601904,60544969054,4846986367,65391955421
2017-01-25,LG3,Alumni,5,30,32962,3112341511,355939576,3468281087
2017-01-25,LG3,Others(HKUST),8,17,10541,1860563874,90322893,1950886767
2017-01-25,LG3,Non-HKUST,4,21,6846,153712875,28743866,182456741
2017-01-25,LG3,Total,229,1218,1231850,100319588357,13359542526,113679130883
2017-01-25,LG4,Staff,123,299,131277,15352400499,1004378488,16356778987
2017-01-25,LG4,TPG,22,140,174538,10983555310,1418136084,12401691394
2017-01-25,LG4,RPG,59,113,76096,15239935708,1128176620,16368112328
2017-01-25,LG4,UG,270,545,260522,32881939263,7352654314,40234593577
2017-01-25,LG4,Alumni,7,43,52167,6453037881,483003976,6936041857
2017-01-25,LG4,Others(HKUST),15,166,354929,12876950440,1535719556,14412669996
2017-01-25,LG4,Non-HKUST,19,23,8284,174897906,89541855,264439761
2017-01-25,LG4,Total,515,1329,1057813,93962717007,13011610893,106974327900
2017-01-25,All-Floors,Staff,341,2812,2683182,248429997830,13112000898,261541998728
2017-01-25,All-Floors,TPG,61,930,993334,125182380462,10709973613,135892354075
2017-01-25,All-Floors,RPG,163,969,1156436,85102049738,10651136779,95753186517
2017-01-25,All-Floors,UG,574,3023,3280125,291953901083,34731030429,326684931512
2017-01-25,All-Floors,Alumni,14,170,169395,12766743933,1787544418,14554288351
2017-01-25,All-Floors,Others(HKUST),31,329,1130420,33197137048,5750566600,38947703648
2017-01-25,All-Floors,Non-HKUST,37,137,181121,10785550268,927580276,11713130544
2017-01-25,All-Floors,Total,1221,8370,9594013,807417760362,77669833013,885087593375
2017-01-26,1,Staff,66,710,887597,31225294535,2868891098,34094185633
2017-01-26,1,TPG,7,64,27638,17514584496,879223738,18393808234
2017-01-26,1,RPG,6,36,60955,5634979287,3050922305,8685901592
2017-01-26,1,UG,33,201,217089,10834816717,1883045720,12717862437
2017-01-26,1,Alumni,1,6,2160,171410,79558,250968
2017-01-26,1,Others(HKUST),4,25,114381,1227873585,48561858,1276435443
2017-01-26,1,Non-HKUST,6,61,117551,3589109477,512060111,4101169588
2017-01-26,1,Total,123,1103,1427371,70026829507,9242784388,79269613895
2017-01-26,G,Staff,113,704,628214,17050714690,4612303284,21663017974
2017-01-26,G,TPG,29,266,146703,10732185389,2037022474,12769207863
2017-01-26,G,RPG,37,140,75442,8861013536,969179346,9830192882
2017-01-26,G,UG,135,535,447579,37849445559,3172788025,41022233584
2017-01-26,G,Alumni,7,39,23625,5004424734,139837405,5144262139
2017-01-26,G,Others(HKUST),9,31,104496,1524377060,175441112,1699818172
2017-01-26,G,Non-HKUST,20,71,78212,7640487251,334734532,7975221783
2017-01-26,G,Total,350,1786,1504271,88662648219,11441306178,100103954397
2017-01-26,LG1,Staff,138,522,462695,44199626612,2406365353,46605991965
2017-01-26,LG1,TPG,27,275,356019,42524986006,7665137395,50190123401
2017-01-26,LG1,RPG,72,291,320665,13424304350,1859155160,15283459510
2017-01-26,LG1,UG,192,1048,1049232,85444249934,15997928202,101442178136
2017-01-26,LG1,Alumni,7,12,6227,796294868,345037205,1141332073
2017-01-26,LG1,Others(HKUST),7,57,147838,28021222937,7939117173,35960340110
2017-01-26,LG1,Non-HKUST,9,22,15001,219877989,22581125,242459114
2017-01-26,LG1,Total,452,2227,2357677,214630562696,36235321613,250865884309
2017-01-26,LG3,Staff,66,192,109786,10514722323,1059205230,11573927553
2017-01-26,LG3,TPG,9,23,11283,338575250,393976324,732551574
2017-01-26,LG3,RPG,24,83,116505,5044927673,463776903,5508704576
2017-01-26,LG3,UG,106,318,213325,23573121492,2416575841,25989697333
2017-01-26,LG3,Alumni,2,12,6360,1512782327,73217019,1585999346
2017-01-26,LG3,Others(HKUST),7,17,27019,1597056762,71284648,1668341410
2017-01-26,LG3,Non-HKUST,3,4,119,825553,522430,1347983
2017-01-26,LG3,Total,217,649,484397,42582011380,4478558395,47060569775
2017-01-26,LG4,Staff,91,277,75005,15253893388,1524334731,16778228119
2017-01-26,LG4,TPG,15,142,214855,9399301851,910322540,10309624391
2017-01-26,LG4,RPG,51,103,26632,14787531867,463063529,15250595396
2017-01-26,LG4,UG,286,626,418511,87433111094,13241437242,100674548336
2017-01-26,LG4,Alumni,5,21,35293,5393455314,184506226,5577961540
2017-01-26,LG4,Others(HKUST),12,216,362101,38129445391,8031345655,46160791046
2017-01-26,LG4,Non-HKUST,19,29,5999,170114719,25743386,195858105
2017-01-26,LG4,Total,479,1414,1138396,170566853624,24380753309,194947606933
2017-01-26,All-Floors,Staff,286,2405,2163297,118244251548,12471099696,130715351244
2017-01-26,All-Floors,TPG,52,770,756498,80509632992,11885682471,92395315463
2017-01-26,All-Floors,RPG,134,653,600199,47752756713,6806097243,54558853956
2017-01-26,All-Floors,UG,551,2728,2345736,245134744796,36711775030,281846519826
2017-01-26,All-Floors,Alumni,13,90,73665,12707128653,742677413,13449806066
2017-01-26,All-Floors,Others(HKUST),23,346,755835,70499975735,16265750446,86765726181
2017-01-26,All-Floors,Non-HKUST,43,187,216882,11620414989,895641584,12516056573
2017-01-26,All-Floors,Total,1102,7179,6912112,586468905426,85778723883,672247629309
2017-01-27,1,Staff,41,284,333609,14496656682,612965026,15109621708
2017-01-27,1,TPG,3,12,26884,115118398,12475431,127593829
2017-01-27,1,RPG,4,4,0,120553005,6411560,126964565
2017-01-27,1,UG,12,40,27971,3111623510,134279437,3245902947
2017-01-27,1,Alumni,1,3,15250,10400284,1877654,12277938
2017-01-27,1,Others(HKUST),4,13,350793,1343449362,29521562,1372970924
2017-01-27,1,Non-HKUST,1,7,11027,922156109,42800665,964956774
2017-01-27,1,Total,66,363,765534,20119957350,840331335,20960288685
2017-01-27,G,Staff,72,302,210189,25204261012,1107063487,26311324499
2017-01-27,G,TPG,10,28,44325,1156127357,194482381,1350609738
2017-01-27,G,RPG,8,25,9503,1165767001,83631187,1249398188
2017-01-27,G,UG,56,112,37124,9068452408,458200579,9526652987
2017-01-27,G,Alumni,1,5,1566,30895086,143586296,174481382
2017-01-27,G,Others(HKUST),5,29,147041,1477062499,3090378822,4567441321
2017-01-27,G,Non-HKUST,7,16,1908,613990570,48689911,662680481
2017-01-27,G,Total,159,517,451656,38716555933,5126032663,43842588596
2017-01-27,LG1,Staff,68,205,119332,19966003621,1069332650,21035336271
2017-01-27,LG1,TPG,7,39,30029,4617970710,834985448,5452956158
2017-01-27,LG1,RPG,29,69,42721,995164151,93054792,1088218943
2017-01-27,LG1,UG,81,238,212453,10271775856,2051241428,12323017284
2017-01-27,LG1,Alumni,3,14,21854,5561381117,665877279,6227258396
2017-01-27,LG1,Others(HKUST),5,23,521022,6101910234,2212795235,8314705469
2017-01-27,LG1,Non-HKUST,7,23,7554,9581061638,227640294,9808701932
2017-01-27,LG1,Total,200,611,954965,57095267327,7154927126,64250194453
2017-01-27,LG3,Staff,38,117,68734,4364963861,373074282,4738038143
2017-01-27,LG3,TPG,5,13,4921,235222122,34987054,270209176
2017-01-27,LG3,RPG,8,27,16692,494409848,73428552,567838400
2017-01-27,LG3,UG,53,104,41753,4428324014,342367082,4770691096
2017-01-27,LG3,Alumni,1,1,0,666939,1089989,1756928
2017-01-27,LG3,Others(HKUST),3,5,2150,43990522,6961121,50951643
2017-01-27,LG3,Non-HKUST,1,1,0,1842796,472846,2315642
2017-01-27,LG3,Total,109,268,134250,9569420102,832380926,10401801028
2017-01-27,LG4,Staff,61,132,41287,15106935778,1278989071,16385924849
2017-01-27,LG4,TPG,10,39,47550,2800053817,201913494,3001967311
2017-01-27,LG4,RPG,22,24,1079,2052837793,164840572,2217678365
2017-01-27,LG4,UG,163,331,166726,24541042690,2364724755,26905767445
2017-01-27,LG4,Alumni,4,6,2389,784878868,61851446,846730314
2017-01-27,LG4,Others(HKUST),7,145,413063,44664339515,8332141156,52996480671
2017-01-27,LG4,Non-HKUST,12,13,360,1826006924,72047550,1898054474
2017-01-27,LG4,Total,279,690,672454,91776095385,12476508044,104252603429
2017-01-27,All-Floors,Staff,185,1040,773151,79138820954,4441424516,83580245470
2017-01-27,All-Floors,TPG,19,131,153709,8924492404,1278843808,10203336212
2017-01-27,All-Floors,RPG,55,149,69995,4828731798,421366663,5250098461
2017-01-27,All-Floors,UG,298,825,486027,51421218478,5350813281,56772031759
2017-01-27,All-Floors,Alumni,6,29,41059,6388222294,874282664,7262504958
2017-01-27,All-Floors,Others(HKUST),11,215,1434069,53630752132,13671797896,67302550028
2017-01-27,All-Floors,Non-HKUST,21,60,20849,12945058037,391651266,13336709303
2017-01-27,All-Floors,Total,595,2449,2978859,217277296097,26430180094,243707476191
2017-01-28,1,Staff,1,1,0,0,0,0
2017-01-28,1,TPG,0,0,0,0,0,0
2017-01-28,1,RPG,1,1,0,1814750,1354681,3169431
2017-01-28,1,UG,1,1,0,60011,50496,110507
2017-01-28,1,Alumni,0,0,0,0,0,0
2017-01-28,1,Others(HKUST),1,4,345596,183208368,9423846,192632214
2017-01-28,1,Non-HKUST,0,0,0,0,0,0
2017-01-28,1,Total,4,7,345596,185083129,10829023,195912152
2017-01-28,G,Staff,1,1,0,69770,38699,108469
2017-01-28,G,TPG,0,0,0,0,0,0
2017-01-28,G,RPG,1,1,0,62161,38961,101122
2017-01-28,G,UG,11,14,359,738382754,872610067,1610992821
2017-01-28,G,Alumni,0,0,0,0,0,0
2017-01-28,G,Others(HKUST),1,2,172798,544403572,10132832,554536404
2017-01-28,G,Non-HKUST,1,1,0,1380764,355081,1735845
2017-01-28,G,Total,15,19,173157,1284299021,883175640,2167474661
2017-01-28,LG1,Staff,4,5,1082,1658649,11371838,13030487
2017-01-28,LG1,TPG,0,0,0,0,0,0
2017-01-28,LG1,RPG,7,10,3728,3187693,424617,3612310
2017-01-28,LG1,UG,15,78,32161,103388843,40371607,143760450
2017-01-28,LG1,Alumni,0,0,0,0,0,0
2017-01-28,LG1,Others(HKUST),2,13,692339,8451203265,3303342954,11754546219
2017-01-28,LG1,Non-HKUST,1,1,0,46511490,2082859,48594349
2017-01-28,LG1,Total,29,107,729310,8605949940,3357593875,11963543815
2017-01-28,LG3,Staff,4,5,120,124179344,248898551,373077895
2017-01-28,LG3,TPG,1,1,0,117945,54421,172366
2017-01-28,LG3,RPG,0,0,0,0,0,0
2017-01-28,LG3,UG,18,18,0,407861846,19196729,427058575
2017-01-28,LG3,Alumni,1,1,0,45254,28889,74143
2017-01-28,LG3,Others(HKUST),1,1,0,2443403,86777,2530180
2017-01-28,LG3,Non-HKUST,2,2,0,18422079,191404350,209826429
2017-01-28,LG3,Total,27,28,120,553069871,459669717,1012739588
2017-01-28,LG4,Staff,11,16,2160,498142377,84169570,582311947
2017-01-28,LG4,TPG,3,4,0,124436185,5501648,129937833
2017-01-28,LG4,RPG,13,13,242,93960303,5650271,99610574
2017-01-28,LG4,UG,54,212,71587,5550161861,1113386821,6663548682
2017-01-28,LG4,Alumni,0,0,0,0,0,0
2017-01-28,LG4,Others(HKUST),2,77,193501,28749755477,2878951073,31628706550
2017-01-28,LG4,Non-HKUST,5,5,0,338226710,102525481,440752191
2017-01-28,LG4,Total,88,327,267490,35354682913,4190184864,39544867777
2017-01-28,All-Floors,Staff,20,28,3362,624050140,344478658,968528798
2017-01-28,All-Floors,TPG,4,5,0,124554130,5556069,130110199
2017-01-28,All-Floors,RPG,22,25,3970,99024907,7468530,106493437
2017-01-28,All-Floors,UG,92,323,104107,6799855315,2045615720,8845471035
2017-01-28,All-Floors,Alumni,1,1,0,45254,28889,74143
2017-01-28,All-Floors,Others(HKUST),3,97,1404234,37931014085,6201937482,44132951567
2017-01-28,All-Floors,Non-HKUST,9,9,0,404541043,296367771,700908814
2017-01-28,All-Floors,Total,151,488,1515673,45983084874,8901453119,54884537993
2017-01-29,1,Staff,0,0,0,0,0,0
2017-01-29,1,TPG,0,0,0,0,0,0
2017-01-29,1,RPG,0,0,0,0,0,0
2017-01-29,1,UG,1,1,840,78920,37685,116605
2017-01-29,1,Alumni,0,0,0,0,0,0
2017-01-29,1,Others(HKUST),1,4,345596,183208368,9423846,192632214
2017-01-29,1,Non-HKUST,0,0,0,0,0,0
2017-01-29,1,Total,2,5,346436,183287288,9461531,192748819
2017-01-29,G,Staff,2,5,359,716184,898100,1614284
2017-01-29,G,TPG,0,0,0,0,0,0
2017-01-29,G,RPG,4,4,0,49826404,1504462,51330866
2017-01-29,G,UG,4,4,0,430048,206956,637004
2017-01-29,G,Alumni,0,0,0,0,0,0
2017-01-29,G,Others(HKUST),1,2,172798,544403572,10132832,554536404
2017-01-29,G,Non-HKUST,0,0,0,0,0,0
2017-01-29,G,Total,11,15,173157,595376208,12742350,608118558
2017-01-29,LG1,Staff,6,7,2404,17453511,24130473,41583984
2017-01-29,LG1,TPG,1,1,0,13312,3851,17163
2017-01-29,LG1,RPG,2,3,841,3214631,470931,3685562
2017-01-29,LG1,UG,21,77,33709,2659810583,120128941,2779939524
2017-01-29,LG1,Alumni,0,0,0,0,0,0
2017-01-29,LG1,Others(HKUST),3,17,864780,10194139591,3700872417,13895012008
2017-01-29,LG1,Non-HKUST,0,0,0,0,0,0
2017-01-29,LG1,Total,33,105,901734,12874631628,3845606613,16720238241
2017-01-29,LG3,Staff,4,6,839,15895745,3007254,18902999
2017-01-29,LG3,TPG,0,0,0,0,0,0
2017-01-29,LG3,RPG,2,2,0,10108022,3649373,13757395
2017-01-29,LG3,UG,9,10,240,3248347,1434714,4683061
2017-01-29,LG3,Alumni,0,0,0,0,0,0
2017-01-29,LG3,Others(HKUST),0,0,0,0,0,0
2017-01-29,LG3,Non-HKUST,1,1,0,933341,269437,1202778
2017-01-29,LG3,Total,16,19,1079,30185455,8360778,38546233
2017-01-29,LG4,Staff,6,6,479,19063714,64302368,83366082
2017-01-29,LG4,TPG,4,6,6236,68404254,5829952,74234206
2017-01-29,LG4,RPG,11,11,838,475465921,26062714,501528635
2017-01-29,LG4,UG,63,181,144656,5957923762,768417683,6726341445
2017-01-29,LG4,Alumni,1,6,3241,32049500,3838913,35888413
2017-01-29,LG4,Others(HKUST),2,56,293664,24317252457,1923798469,26241050926
2017-01-29,LG4,Non-HKUST,5,6,2040,2606192178,104934179,2711126357
2017-01-29,LG4,Total,92,272,451154,33476351786,2897184278,36373536064
2017-01-29,All-Floors,Staff,16,24,4081,53129154,92338195,145467349
2017-01-29,All-Floors,TPG,4,7,6236,68417566,5833803,74251369
2017-01-29,All-Floors,RPG,19,20,1679,538614978,31687480,570302458
2017-01-29,All-Floors,UG,90,273,179445,8621491660,890225979,9511717639
2017-01-29,All-Floors,Alumni,1,6,3241,32049500,3838913,35888413
2017-01-29,All-Floors,Others(HKUST),4,79,1676838,35239003988,5644227564,40883231552
2017-01-29,All-Floors,Non-HKUST,6,7,2040,2607125519,105203616,2712329135
2017-01-29,All-Floors,Total,140,416,1873560,47159832365,6773355550,53933187915
2017-01-30,1,Staff,2,2,0,404638,142095,546733
2017-01-30,1,TPG,2,2,0,367109,213948,581057
2017-01-30,1,RPG,2,2,0,7006510,4314873,11321383
2017-01-30,1,UG,7,7,0,93100187,38327988,131428175
2017-01-30,1,Alumni,0,0,0,0,0,0
2017-01-30,1,Others(HKUST),1,4,345596,183208368,9423846,192632214
2017-01-30,1,Non-HKUST,0,0,0,0,0,0
2017-01-30,1,Total,14,17,345596,284086812,52422750,336509562
2017-01-30,G,Staff,2,9,120,5541926,1711931,7253857
2017-01-30,G,TPG,1,1,0,288807,107402,396209
2017-01-30,G,RPG,1,1,0,1101875,813270,1915145
2017-01-30,G,UG,13,13,960,1040985003,68760071,1109745074
2017-01-30,G,Alumni,0,0,0,0,0,0
2017-01-30,G,Others(HKUST),1,2,172798,544403572,10132832,554536404
2017-01-30,G,Non-HKUST,2,2,0,165269,48843,214112
2017-01-30,G,Total,20,28,173878,1592486452,81574349,1674060801
2017-01-30,LG1,Staff,9,14,1681,14321635,214313952,228635587
2017-01-30,LG1,TPG,0,0,0,0,0,0
2017-01-30,LG1,RPG,6,11,4203,37585936,6821913,44407849
2017-01-30,LG1,UG,24,88,32518,222185970,46483986,268669956
2017-01-30,LG1,Alumni,0,0,0,0,0,0
2017-01-30,LG1,Others(HKUST),3,15,866395,10168039823,3692882253,13860922076
2017-01-30,LG1,Non-HKUST,2,2,597,10492,3304,13796
2017-01-30,LG1,Total,44,130,905394,10442143856,3960505408,14402649264
2017-01-30,LG3,Staff,6,9,601,10942296,11728919,22671215
2017-01-30,LG3,TPG,1,1,0,10920347,450651,11370998
2017-01-30,LG3,RPG,2,2,0,29093894,1406764,30500658
2017-01-30,LG3,UG,19,19,360,128918126,121286323,250204449
2017-01-30,LG3,Alumni,1,1,0,11137417,61573139,72710556
2017-01-30,LG3,Others(HKUST),0,0,0,0,0,0
2017-01-30,LG3,Non-HKUST,3,3,0,64734013,4621973,69355986
2017-01-30,LG3,Total,32,35,961,255746093,201067769,456813862
2017-01-30,LG4,Staff,9,10,1920,412183946,49479854,461663800
2017-01-30,LG4,TPG,6,8,721,35183050,3190747,38373797
2017-01-30,LG4,RPG,18,21,240,431773990,27150964,458924954
2017-01-30,LG4,UG,162,409,181252,12061101680,3373402715,15434504395
2017-01-30,LG4,Alumni,2,2,840,279664,61782852,62062516
2017-01-30,LG4,Others(HKUST),4,64,180515,21409963976,1677058669,23087022645
2017-01-30,LG4,Non-HKUST,6,6,839,2664980,1084966,3749946
2017-01-30,LG4,Total,207,520,366327,34353151286,5193150767,39546302053
2017-01-30,All-Floors,Staff,24,44,4322,443394441,277376751,720771192
2017-01-30,All-Floors,TPG,9,12,721,46759313,3962748,50722061
2017-01-30,All-Floors,RPG,27,37,4443,506562205,40507784,547069989
2017-01-30,All-Floors,UG,208,536,215090,13546290966,3648261083,17194552049
2017-01-30,All-Floors,Alumni,2,3,840,11417081,123355991,134773072
2017-01-30,All-Floors,Others(HKUST),6,85,1565304,32305615739,5389497600,37695113339
2017-01-30,All-Floors,Non-HKUST,13,13,1436,67574754,5759086,73333840
2017-01-30,All-Floors,Total,289,730,1792156,46927614499,9488721043,56416335542
2017-01-31,1,Staff,5,37,66512,4846534492,261613426,5108147918
2017-01-31,1,TPG,12,129,203104,25439634273,4613277245,30052911518
2017-01-31,1,RPG,10,116,145427,19512454163,4136505271,23648959434
2017-01-31,1,UG,36,103,143037,4483426978,645875627,5129302605
2017-01-31,1,Alumni,4,13,29417,1217933599,87733398,1305666997
2017-01-31,1,Others(HKUST),1,3,259197,174025724,7567171,181592895
2017-01-31,1,Non-HKUST,5,29,94968,3438834615,155616156,3594450771
2017-01-31,1,Total,73,430,941662,59112843844,9908188294,69021032138
2017-01-31,G,Staff,27,123,137945,1918268081,112829606,2031097687
2017-01-31,G,TPG,57,331,302415,42564462605,3480176917,46044639522
2017-01-31,G,RPG,31,104,53423,8774315412,900798697,9675114109
2017-01-31,G,UG,248,791,629309,70538393210,7307643405,77846036615
2017-01-31,G,Alumni,21,85,65309,4070812411,259396046,4330208457
2017-01-31,G,Others(HKUST),5,46,195614,3396749809,120251221,3517001030
2017-01-31,G,Non-HKUST,14,49,24978,5584941184,186569888,5771511072
2017-01-31,G,Total,403,1529,1408993,136847942712,12367665780,149215608492
2017-01-31,LG1,Staff,22,70,96549,6284445539,295157947,6579603486
2017-01-31,LG1,TPG,72,549,1006822,80702351777,16248454033,96950805810
2017-01-31,LG1,RPG,36,136,193540,41385283733,3381616857,44766900590
2017-01-31,LG1,UG,281,1423,1737918,214645305004,30758440978,245403745982
2017-01-31,LG1,Alumni,11,72,106128,20485686761,2112205118,22597891879
2017-01-31,LG1,Others(HKUST),5,34,800642,13718891584,3821975594,17540867178
2017-01-31,LG1,Non-HKUST,16,78,99769,17410212565,1017803214,18428015779
2017-01-31,LG1,Total,443,2362,4041368,394632176963,57635653741,452267830704
2017-01-31,LG3,Staff,14,19,1911,483043243,30452377,513495620
2017-01-31,LG3,TPG,28,219,394638,26463772578,3842569953,30306342531
2017-01-31,LG3,RPG,17,114,157305,10430049628,992047285,11422096913
2017-01-31,LG3,UG,142,439,345180,32167161848,2446530055,34613691903
2017-01-31,LG3,Alumni,9,16,22099,1998047851,173914521,2171962372
2017-01-31,LG3,Others(HKUST),2,8,14651,303226776,57545614,360772390
2017-01-31,LG3,Non-HKUST,11,76,21956,1088242521,391558971,1479801492
2017-01-31,LG3,Total,223,891,957740,72933544445,7934618776,80868163221
2017-01-31,LG4,Staff,22,51,52351,1296005903,74288374,1370294277
2017-01-31,LG4,TPG,28,180,206736,31413151313,10906032807,42319184120
2017-01-31,LG4,RPG,51,134,97492,28246755889,980664268,29227420157
2017-01-31,LG4,UG,403,925,725873,87946435492,8331895011,96278330503
2017-01-31,LG4,Alumni,12,110,219836,19179422496,1294510076,20473932572
2017-01-31,LG4,Others(HKUST),4,88,185147,30578471563,3258311660,33836783223
2017-01-31,LG4,Non-HKUST,19,52,56555,8401790065,1147518662,9549308727
2017-01-31,LG4,Total,539,1540,1543990,207062032721,25993220858,233055253579
2017-01-31,All-Floors,Staff,66,300,355268,14828297258,774341730,15602638988
2017-01-31,All-Floors,TPG,111,1408,2113715,206583372546,39090510955,245673883501
2017-01-31,All-Floors,RPG,93,604,647187,108348858825,10391632378,118740491203
2017-01-31,All-Floors,UG,809,3681,3581317,409780722532,49490385076,459271107608
2017-01-31,All-Floors,Alumni,29,296,442789,46951903118,3927759159,50879662277
2017-01-31,All-Floors,Others(HKUST),9,179,1455251,48171365456,7265651260,55437016716
2017-01-31,All-Floors,Non-HKUST,43,284,298226,35924020950,2899066891,38823087841
2017-01-31,All-Floors,Total,1160,6752,8893753,870588540685,113839347449,984427888134
