Date,Floor,User-Group,User-Count,WiFi-Conn,Duration-Sec,Traffic-In-Byte,Traffic-Out-Byte,Traffic-Both-Byte
2018-07-01,1,Staff,4,25,153610,6012680291,261676158,6274356449
2018-07-01,1,TPG,0,0,0,0,0,0
2018-07-01,1,RPG,3,3,604,76795546,7177612,83973158
2018-07-01,1,UG,4,4,1199,179082543,5518730,184601273
2018-07-01,1,Alumni,0,0,0,0,0,0
2018-07-01,1,Others(HKUST),1,1,0,33637,18300,51937
2018-07-01,1,Non-HKUST,1,1,0,1057412,18238446,19295858
2018-07-01,1,Total,13,34,155413,6269649429,292629246,6562278675
2018-07-01,G,Staff,3,6,1801,306872266,9540016,316412282
2018-07-01,G,TPG,0,0,0,0,0,0
2018-07-01,G,RPG,0,0,0,0,0,0
2018-07-01,G,UG,1,3,62975,29536,971532,1001068
2018-07-01,G,Alumni,0,0,0,0,0,0
2018-07-01,G,Others(HKUST),2,10,158425,770261504,261537702,1031799206
2018-07-01,G,Non-HKUST,0,0,0,0,0,0
2018-07-01,G,Total,6,19,223201,1077163306,272049250,1349212556
2018-07-01,LG1,Staff,8,10,607,142543506,8110948,150654454
2018-07-01,LG1,TPG,0,0,0,0,0,0
2018-07-01,LG1,RPG,4,4,1198,15126846,12437580,27564426
2018-07-01,LG1,UG,12,12,1795,4337199017,217632715,4554831732
2018-07-01,LG1,Alumni,0,0,0,0,0,0
2018-07-01,LG1,Others(HKUST),3,8,427783,4050495803,1146134364,5196630167
2018-07-01,LG1,Non-HKUST,1,1,0,5879404,841015,6720419
2018-07-01,LG1,Total,28,35,431383,8551244576,1385156622,9936401198
2018-07-01,LG3,Staff,7,9,1204,324404774,9477398,333882172
2018-07-01,LG3,TPG,0,0,0,0,0,0
2018-07-01,LG3,RPG,0,0,0,0,0,0
2018-07-01,LG3,UG,3,3,0,57557475,6974891,64532366
2018-07-01,LG3,Alumni,1,1,0,1929674925,66231129,1995906054
2018-07-01,LG3,Others(HKUST),0,0,0,0,0,0
2018-07-01,LG3,Non-HKUST,0,0,0,0,0,0
2018-07-01,LG3,Total,11,13,1204,2311637174,82683418,2394320592
2018-07-01,LG4,Staff,7,9,599,370166168,11098433,381264601
2018-07-01,LG4,TPG,3,3,0,5596060,2004500,7600560
2018-07-01,LG4,RPG,13,13,1200,1074917561,42162467,1117080028
2018-07-01,LG4,UG,28,30,3603,929161168,115756858,1044918026
2018-07-01,LG4,Alumni,2,2,0,127045672,6111732,133157404
2018-07-01,LG4,Others(HKUST),3,5,167395,1825407283,943007945,2768415228
2018-07-01,LG4,Non-HKUST,0,0,0,0,0,0
2018-07-01,LG4,Total,56,62,172797,4332293912,1120141935,5452435847
2018-07-01,All-Floors,Staff,19,59,157821,7156667005,299902953,7456569958
2018-07-01,All-Floors,TPG,3,3,0,5596060,2004500,7600560
2018-07-01,All-Floors,RPG,20,20,3002,1166839953,61777659,1228617612
2018-07-01,All-Floors,UG,48,52,69572,5503029739,346854726,5849884465
2018-07-01,All-Floors,Alumni,3,3,0,2056720597,72342861,2129063458
2018-07-01,All-Floors,Others(HKUST),7,24,753603,6646198227,2350698311,8996896538
2018-07-01,All-Floors,Non-HKUST,2,2,0,6936816,19079461,26016277
2018-07-01,All-Floors,Total,102,163,983998,22541988397,3152660471,25694648868
2018-07-02,1,Staff,13,50,233427,6334868430,540510489,6875378919
2018-07-02,1,TPG,7,23,78604,8565276434,309601655,8874878089
2018-07-02,1,RPG,5,26,70176,5665702872,376954072,6042656944
2018-07-02,1,UG,30,158,504561,40445331336,3400739544,43846070880
2018-07-02,1,Alumni,4,7,26400,4128780848,42108993,4170889841
2018-07-02,1,Others(HKUST),3,3,0,12573058250,384377288,12957435538
2018-07-02,1,Non-HKUST,3,6,22810,329439730,79868329,409308059
2018-07-02,1,Total,65,273,935978,78042457900,5134160370,83176618270
2018-07-02,G,Staff,22,82,86384,6592014114,625726019,7217740133
2018-07-02,G,TPG,19,42,133816,9150452658,2253776107,11404228765
2018-07-02,G,RPG,24,57,109172,9375419040,982941451,10358360491
2018-07-02,G,UG,51,136,368466,20919753178,1401015497,22320768675
2018-07-02,G,Alumni,7,11,3599,1098464664,41498887,1139963551
2018-07-02,G,Others(HKUST),5,43,170987,2951839163,426209558,3378048721
2018-07-02,G,Non-HKUST,9,26,71412,8040157092,1045169764,9085326856
2018-07-02,G,Total,137,397,943836,58128099909,6776337283,64904437192
2018-07-02,LG1,Staff,27,70,156613,12027625478,1478355582,13505981060
2018-07-02,LG1,TPG,38,213,559290,67612062457,9388131132,77000193589
2018-07-02,LG1,RPG,39,153,333643,50941858433,3296052167,54237910600
2018-07-02,LG1,UG,177,742,2126034,179660891649,51658404907,231319296556
2018-07-02,LG1,Alumni,7,20,73216,13522039867,429534543,13951574410
2018-07-02,LG1,Others(HKUST),7,21,454818,5078440535,2164260654,7242701189
2018-07-02,LG1,Non-HKUST,21,54,166818,8770889936,777270085,9548160021
2018-07-02,LG1,Total,316,1273,3870432,337613808355,69192009070,406805817425
2018-07-02,LG3,Staff,12,36,124227,7746393297,334921239,8081314536
2018-07-02,LG3,TPG,9,58,123603,8913879114,1453843738,10367722852
2018-07-02,LG3,RPG,12,49,142242,5360729601,1144690270,6505419871
2018-07-02,LG3,UG,33,103,262162,17350924784,1135460072,18486384856
2018-07-02,LG3,Alumni,6,50,65388,19959439850,1431935451,21391375301
2018-07-02,LG3,Others(HKUST),0,0,0,0,0,0
2018-07-02,LG3,Non-HKUST,6,14,23401,1438398604,105893741,1544292345
2018-07-02,LG3,Total,78,310,741023,60769765250,5606744511,66376509761
2018-07-02,LG4,Staff,11,18,0,448574295,95481231,544055526
2018-07-02,LG4,TPG,12,47,161409,8739254831,508041951,9247296782
2018-07-02,LG4,RPG,25,82,129563,20003186031,1124150787,21127336818
2018-07-02,LG4,UG,52,96,240586,40483806371,3392834079,43876640450
2018-07-02,LG4,Alumni,8,25,72608,7236155685,197602199,7433757884
2018-07-02,LG4,Others(HKUST),3,15,167423,2636859118,677435695,3314294813
2018-07-02,LG4,Non-HKUST,6,18,43814,4560118522,379106603,4939225125
2018-07-02,LG4,Total,117,301,815403,84107954853,6374652545,90482607398
2018-07-02,All-Floors,Staff,64,256,600651,33149475614,3074994560,36224470174
2018-07-02,All-Floors,TPG,63,383,1056722,102980925494,13913394583,116894320077
2018-07-02,All-Floors,RPG,83,367,784796,91346895977,6924788747,98271684724
2018-07-02,All-Floors,UG,267,1235,3501809,298860707318,60988454099,359849161417
2018-07-02,All-Floors,Alumni,19,113,241211,45944880914,2142680073,48087560987
2018-07-02,All-Floors,Others(HKUST),13,82,793228,23240197066,3652283195,26892480261
2018-07-02,All-Floors,Non-HKUST,38,118,328255,23139003884,2387308522,25526312406
2018-07-02,All-Floors,Total,547,2554,7306672,618662086267,93083903779,711745990046
2018-07-03,1,Staff,63,379,1106815,69867948131,5340722784,75208670915
2018-07-03,1,TPG,16,96,483923,34863853455,1684702233,36548555688
2018-07-03,1,RPG,11,55,152037,13191894958,833568761,14025463719
2018-07-03,1,UG,104,490,1548917,90111978284,6053977171,96165955455
2018-07-03,1,Alumni,3,5,22780,2621985102,90409655,2712394757
2018-07-03,1,Others(HKUST),4,14,37184,3127958183,408093826,3536052009
2018-07-03,1,Non-HKUST,10,33,135007,4588726221,585261335,5173987556
2018-07-03,1,Total,211,1072,3486663,218374344334,14996735765,233371080099
2018-07-03,G,Staff,104,379,583225,33412281075,3609720210,37022001285
2018-07-03,G,TPG,56,167,303125,41218357593,2275073315,43493430908
2018-07-03,G,RPG,56,141,205237,13955303289,2204914648,16160217937
2018-07-03,G,UG,156,433,788908,63821006865,7762893637,71583900502
2018-07-03,G,Alumni,8,27,49862,3328274946,413088013,3741362959
2018-07-03,G,Others(HKUST),16,79,244469,4895999557,2874743708,7770743265
2018-07-03,G,Non-HKUST,21,45,109027,25008240392,858712477,25866952869
2018-07-03,G,Total,417,1271,2283853,185639463717,19999146008,205638609725
2018-07-03,LG1,Staff,95,345,692008,60147103406,5019800105,65166903511
2018-07-03,LG1,TPG,59,380,1030720,111363231690,6951644844,118314876534
2018-07-03,LG1,RPG,83,343,849857,77273107617,8466053941,85739161558
2018-07-03,LG1,UG,400,1970,5227501,508222963497,84542335586,592765299083
2018-07-03,LG1,Alumni,4,17,60063,15591816569,437584708,16029401277
2018-07-03,LG1,Others(HKUST),18,65,499284,6290065675,2790725505,9080791180
2018-07-03,LG1,Non-HKUST,27,99,347332,21821605241,2486273052,24307878293
2018-07-03,LG1,Total,686,3219,8706765,800709893695,110694417741,911404311436
2018-07-03,LG3,Staff,40,101,146833,8595285977,2430747880,11026033857
2018-07-03,LG3,TPG,22,138,434422,51433927099,3197462761,54631389860
2018-07-03,LG3,RPG,47,240,546603,35020178786,7305149016,42325327802
2018-07-03,LG3,UG,89,393,914366,86194048946,7125588483,93319637429
2018-07-03,LG3,Alumni,7,49,70175,3623518289,224873732,3848392021
2018-07-03,LG3,Others(HKUST),3,18,42452,4626498980,108923177,4735422157
2018-07-03,LG3,Non-HKUST,3,20,43127,2544901644,160258158,2705159802
2018-07-03,LG3,Total,211,959,2197978,192038359721,20553003207,212591362928
2018-07-03,LG4,Staff,40,116,115140,18956607751,1546393742,20503001493
2018-07-03,LG4,TPG,18,94,286336,35331400577,1943561840,37274962417
2018-07-03,LG4,RPG,36,129,257663,17267278279,26919863498,44187141777
2018-07-03,LG4,UG,117,410,1233884,111809553162,10090858189,121900411351
2018-07-03,LG4,Alumni,5,28,116057,1673805080,145942265,1819747345
2018-07-03,LG4,Others(HKUST),5,15,176974,3722104578,1338450407,5060554985
2018-07-03,LG4,Non-HKUST,7,7,5962,192529832,28507709,221037541
2018-07-03,LG4,Total,228,799,2192016,188953279259,42013577650,230966856909
2018-07-03,All-Floors,Staff,220,1320,2644021,190979226340,17947384721,208926611061
2018-07-03,All-Floors,TPG,121,875,2538526,274210770414,16052444993,290263215407
2018-07-03,All-Floors,RPG,173,908,2011397,156707762929,45729549864,202437312793
2018-07-03,All-Floors,UG,617,3696,9713576,860159550754,115575653066,975735203820
2018-07-03,All-Floors,Alumni,16,126,318937,26839399986,1311898373,28151298359
2018-07-03,All-Floors,Others(HKUST),32,191,1000363,22662626973,7520936623,30183563596
2018-07-03,All-Floors,Non-HKUST,55,204,640455,54156003330,4119012731,58275016061
2018-07-03,All-Floors,Total,1234,7320,18867275,1585715340726,208256880371,1793972221097
2018-07-04,1,Staff,68,384,1210459,59357635503,3735972153,63093607656
2018-07-04,1,TPG,16,90,421425,21179072890,1903433592,23082506482
2018-07-04,1,RPG,10,50,152600,8905539139,813268813,9718807952
2018-07-04,1,UG,67,352,1191351,169062030791,9641443521,178703474312
2018-07-04,1,Alumni,3,17,24464,3403832267,137571644,3541403911
2018-07-04,1,Others(HKUST),6,18,42054,1008040687,261024011,1269064698
2018-07-04,1,Non-HKUST,12,29,114960,17277972968,2492086477,19770059445
2018-07-04,1,Total,182,940,3157313,280194124245,18984800211,299178924456
2018-07-04,G,Staff,97,328,609256,21208576436,1964957071,23173533507
2018-07-04,G,TPG,45,149,332652,22203144593,2219077230,24422221823
2018-07-04,G,RPG,48,165,420682,38466837728,3232056807,41698894535
2018-07-04,G,UG,152,389,855205,78140159776,12215722875,90355882651
2018-07-04,G,Alumni,10,15,25877,2227021279,126734576,2353755855
2018-07-04,G,Others(HKUST),16,40,253759,28801149364,1110874054,29912023418
2018-07-04,G,Non-HKUST,16,36,97153,8700122687,237920005,8938042692
2018-07-04,G,Total,384,1122,2594584,199747011863,21107342618,220854354481
2018-07-04,LG1,Staff,109,383,516058,59548990230,4575792107,64124782337
2018-07-04,LG1,TPG,65,366,1193532,98650565143,17057058603,115707623746
2018-07-04,LG1,RPG,79,278,602787,48347890853,5714722067,54062612920
2018-07-04,LG1,UG,352,1541,3330473,411076440679,54907858721,465984299400
2018-07-04,LG1,Alumni,7,21,28751,5561179847,103718460,5664898307
2018-07-04,LG1,Others(HKUST),15,45,484913,6126987348,1405301500,7532288848
2018-07-04,LG1,Non-HKUST,26,84,305730,17284969312,866289052,18151258364
2018-07-04,LG1,Total,653,2718,6462244,646597023412,84630740510,731227763922
2018-07-04,LG3,Staff,42,130,199719,16579627600,861503770,17441131370
2018-07-04,LG3,TPG,15,63,264473,32920247208,1859618051,34779865259
2018-07-04,LG3,RPG,39,205,605720,43368052049,3154458547,46522510596
2018-07-04,LG3,UG,78,309,807522,79226834850,4932467870,84159302720
2018-07-04,LG3,Alumni,6,49,114430,5086150336,472947643,5559097979
2018-07-04,LG3,Others(HKUST),2,31,60666,8181542188,250702743,8432244931
2018-07-04,LG3,Non-HKUST,7,13,33729,3178488566,364803499,3543292065
2018-07-04,LG3,Total,189,800,2086259,188540942797,11896502123,200437444920
2018-07-04,LG4,Staff,61,136,144694,16636703678,935379833,17572083511
2018-07-04,LG4,TPG,16,75,305366,15498421788,996025387,16494447175
2018-07-04,LG4,RPG,26,106,271914,19075424344,3135714656,22211139000
2018-07-04,LG4,UG,96,269,715315,90296136536,5296810540,95592947076
2018-07-04,LG4,Alumni,8,47,162921,14918914688,806741573,15725656261
2018-07-04,LG4,Others(HKUST),6,13,193921,2182675194,775054222,2957729416
2018-07-04,LG4,Non-HKUST,11,30,34696,8404427121,317352952,8721780073
2018-07-04,LG4,Total,224,676,1828827,167012703349,12263079163,179275782512
2018-07-04,All-Floors,Staff,242,1361,2680186,173331533447,12073604934,185405138381
2018-07-04,All-Floors,TPG,115,743,2517448,190451451622,24035212863,214486664485
2018-07-04,All-Floors,RPG,156,804,2053703,158163744113,16050220890,174213965003
2018-07-04,All-Floors,UG,559,2860,6899866,827801602632,86994303527,914795906159
2018-07-04,All-Floors,Alumni,21,149,356443,31197098417,1647713896,32844812313
2018-07-04,All-Floors,Others(HKUST),28,147,1035313,46300394781,3802956530,50103351311
2018-07-04,All-Floors,Non-HKUST,55,192,586268,54845980654,4278451985,59124432639
2018-07-04,All-Floors,Total,1176,6256,16129227,1482091805666,148882464625,1630974270291
2018-07-05,1,Staff,61,258,594669,27737260197,5041041941,32778302138
2018-07-05,1,TPG,7,32,124120,8558496907,289958060,8848454967
2018-07-05,1,RPG,12,63,193010,7884083312,412153884,8296237196
2018-07-05,1,UG,95,432,1192963,103730840885,14463354665,118194195550
2018-07-05,1,Alumni,1,1,0,967465,416594,1384059
2018-07-05,1,Others(HKUST),6,9,37058,738725413,135776028,874501441
2018-07-05,1,Non-HKUST,15,58,211702,21391147344,1572459384,22963606728
2018-07-05,1,Total,197,853,2353522,170041521523,21915160556,191956682079
2018-07-05,G,Staff,89,265,443875,15764058310,3113289751,18877348061
2018-07-05,G,TPG,44,198,439946,40924811468,30445735673,71370547141
2018-07-05,G,RPG,48,143,286546,29995232333,2943401402,32938633735
2018-07-05,G,UG,174,519,1052074,64671467432,8664979110,73336446542
2018-07-05,G,Alumni,13,73,120407,15878779686,850832439,16729612125
2018-07-05,G,Others(HKUST),14,45,290289,35046155337,1439680378,36485835715
2018-07-05,G,Non-HKUST,18,42,118629,7098645636,521569791,7620215427
2018-07-05,G,Total,400,1285,2751766,209379150202,47979488544,257358638746
2018-07-05,LG1,Staff,127,490,1307176,59465814667,15696408239,75162222906
2018-07-05,LG1,TPG,49,307,927388,107864762099,18702483590,126567245689
2018-07-05,LG1,RPG,83,378,909506,86187537338,7122191261,93309728599
2018-07-05,LG1,UG,363,1663,3950928,611724653276,81862595430,693587248706
2018-07-05,LG1,Alumni,7,42,136062,65713007840,1623530700,67336538540
2018-07-05,LG1,Others(HKUST),8,38,463860,6802845814,3007820403,9810666217
2018-07-05,LG1,Non-HKUST,17,77,239181,10916571837,647066561,11563638398
2018-07-05,LG1,Total,654,2995,7934101,948675192871,128662096184,1077337289055
2018-07-05,LG3,Staff,39,85,120730,6609602728,627993217,7237595945
2018-07-05,LG3,TPG,20,134,310771,34703162922,2585036244,37288199166
2018-07-05,LG3,RPG,38,173,566818,49426610091,3742508796,53169118887
2018-07-05,LG3,UG,79,298,653243,122691165781,5510229082,128201394863
2018-07-05,LG3,Alumni,4,92,144931,11281178093,1223103949,12504282042
2018-07-05,LG3,Others(HKUST),1,34,51017,12498253662,424380706,12922634368
2018-07-05,LG3,Non-HKUST,1,3,0,136416475,8115928,144532403
2018-07-05,LG3,Total,182,819,1847510,237346389752,14121367922,251467757674
2018-07-05,LG4,Staff,50,79,95957,6136645345,581841603,6718486948
2018-07-05,LG4,TPG,21,102,313178,20132974054,2570177038,22703151092
2018-07-05,LG4,RPG,46,167,541040,41725519577,3484349049,45209868626
2018-07-05,LG4,UG,124,389,1074355,90825740402,7718637946,98544378348
2018-07-05,LG4,Alumni,7,25,119785,1762845943,153830628,1916676571
2018-07-05,LG4,Others(HKUST),6,11,191461,2316777961,736877290,3053655251
2018-07-05,LG4,Non-HKUST,5,16,28811,620902663,188663077,809565740
2018-07-05,LG4,Total,259,789,2364587,163521405945,15434376631,178955782576
2018-07-05,All-Floors,Staff,224,1177,2562407,115713381247,25060574751,140773955998
2018-07-05,All-Floors,TPG,100,773,2115403,212184207450,54593390605,266777598055
2018-07-05,All-Floors,RPG,176,924,2496920,215218982651,17704604392,232923587043
2018-07-05,All-Floors,UG,601,3301,7923563,993643867776,118219796233,1111863664009
2018-07-05,All-Floors,Alumni,19,233,521185,94636779027,3851714310,98488493337
2018-07-05,All-Floors,Others(HKUST),24,137,1033685,57402758187,5744534805,63147292992
2018-07-05,All-Floors,Non-HKUST,41,196,598323,40163683955,2937874741,43101558696
2018-07-05,All-Floors,Total,1185,6741,17251486,1728963660293,228112489837,1957076150130
2018-07-06,1,Staff,60,259,645774,9765151943,1213611623,10978763566
2018-07-06,1,TPG,17,85,334774,14422903051,6680505927,21103408978
2018-07-06,1,RPG,13,42,154247,9033722923,510970911,9544693834
2018-07-06,1,UG,55,271,764926,86195968721,12270150886,98466119607
2018-07-06,1,Alumni,3,14,64732,11430897620,192982646,11623880266
2018-07-06,1,Others(HKUST),5,26,46908,2416306461,357219471,2773525932
2018-07-06,1,Non-HKUST,11,23,110297,7689145449,1442659557,9131805006
2018-07-06,1,Total,164,720,2121658,140954096168,22668101021,163622197189
2018-07-06,G,Staff,106,318,436320,15592379798,2603126259,18195506057
2018-07-06,G,TPG,60,172,460374,24336191348,3479380175,27815571523
2018-07-06,G,RPG,45,134,265002,29428445919,1823264233,31251710152
2018-07-06,G,UG,147,471,974998,65292821783,10769080231,76061902014
2018-07-06,G,Alumni,13,74,152295,3284297677,2158996735,5443294412
2018-07-06,G,Others(HKUST),19,61,204624,3966630925,2882167721,6848798646
2018-07-06,G,Non-HKUST,16,71,137895,16230651659,834766830,17065418489
2018-07-06,G,Total,406,1301,2631508,158131419109,24550782184,182682201293
2018-07-06,LG1,Staff,127,525,1058332,38024800894,4955669594,42980470488
2018-07-06,LG1,TPG,46,285,947388,117163556784,13687586447,130851143231
2018-07-06,LG1,RPG,90,405,1051268,78307941536,20637604743,98945546279
2018-07-06,LG1,UG,293,1262,3101080,266504270657,49573983301,316078253958
2018-07-06,LG1,Alumni,12,41,154037,24963268990,9210518481,34173787471
2018-07-06,LG1,Others(HKUST),18,64,534525,22781930302,4256426159,27038356461
2018-07-06,LG1,Non-HKUST,26,75,265601,10432277492,2397536133,12829813625
2018-07-06,LG1,Total,612,2657,7112231,558178046655,104719324858,662897371513
2018-07-06,LG3,Staff,36,61,53335,3119408832,264994217,3384403049
2018-07-06,LG3,TPG,18,103,357106,68302915476,2840262122,71143177598
2018-07-06,LG3,RPG,36,168,468471,34558992365,5373738672,39932731037
2018-07-06,LG3,UG,64,256,566815,43930205178,2234137405,46164342583
2018-07-06,LG3,Alumni,4,27,73598,939350229,78005949,1017356178
2018-07-06,LG3,Others(HKUST),3,30,72012,8658131079,321856364,8979987443
2018-07-06,LG3,Non-HKUST,1,6,26989,2259153830,366652110,2625805940
2018-07-06,LG3,Total,162,651,1618326,161768156989,11479646839,173247803828
2018-07-06,LG4,Staff,43,84,134896,7152468983,625840282,7778309265
2018-07-06,LG4,TPG,12,76,309009,16606936727,998146677,17605083404
2018-07-06,LG4,RPG,54,167,464537,21073393286,1646654547,22720047833
2018-07-06,LG4,UG,74,235,595732,50021179752,3077718803,53098898555
2018-07-06,LG4,Alumni,5,36,137532,2409293188,218899603,2628192791
2018-07-06,LG4,Others(HKUST),5,12,174002,2346099754,691730656,3037830410
2018-07-06,LG4,Non-HKUST,10,15,11988,499012273,109657320,608669593
2018-07-06,LG4,Total,203,625,1827696,100108383963,7368647888,107477031851
2018-07-06,All-Floors,Staff,220,1247,2328657,73654210450,9663241975,83317452425
2018-07-06,All-Floors,TPG,109,721,2408651,240832503386,27685881348,268518384734
2018-07-06,All-Floors,RPG,179,916,2403525,172402496029,29992233106,202394729135
2018-07-06,All-Floors,UG,500,2495,6003551,511944446091,77925070626,589869516717
2018-07-06,All-Floors,Alumni,25,192,582194,43027107704,11859403414,54886511118
2018-07-06,All-Floors,Others(HKUST),33,193,1032071,40169098521,8509400371,48678498892
2018-07-06,All-Floors,Non-HKUST,45,190,552770,37110240703,5151271950,42261512653
2018-07-06,All-Floors,Total,1111,5954,15311419,1119140102884,170786502790,1289926605674
2018-07-07,1,Staff,15,57,211801,1955066949,392881876,2347948825
2018-07-07,1,TPG,23,107,320976,14380350820,1562557038,15942907858
2018-07-07,1,RPG,8,30,64226,5902512559,380565098,6283077657
2018-07-07,1,UG,38,236,706220,82008805465,11403519550,93412325015
2018-07-07,1,Alumni,6,23,81599,3425986171,188435213,3614421384
2018-07-07,1,Others(HKUST),2,18,32376,418603348,42396777,461000125
2018-07-07,1,Non-HKUST,5,15,113388,6976216109,2086118068,9062334177
2018-07-07,1,Total,97,486,1530586,115067541421,16056473620,131124015041
2018-07-07,G,Staff,26,108,199802,7738300304,1392307844,9130608148
2018-07-07,G,TPG,44,121,349714,15729856382,2186615635,17916472017
2018-07-07,G,RPG,27,103,193846,12674050542,1437299597,14111350139
2018-07-07,G,UG,103,341,778758,49875172284,3823960145,53699132429
2018-07-07,G,Alumni,18,62,127214,26815950821,954914142,27770864963
2018-07-07,G,Others(HKUST),11,50,229788,5453900774,954898339,6408799113
2018-07-07,G,Non-HKUST,11,51,77432,16549669729,890162535,17439832264
2018-07-07,G,Total,240,836,1956554,134836900836,11640158237,146477059073
2018-07-07,LG1,Staff,38,156,426572,20039570355,2602783506,22642353861
2018-07-07,LG1,TPG,56,227,715796,60326525928,11357126059,71683651987
2018-07-07,LG1,RPG,55,224,544373,37988213364,3778767728,41766981092
2018-07-07,LG1,UG,189,965,3004862,262700539543,42691664893,305392204436
2018-07-07,LG1,Alumni,17,49,119960,18887463377,1088440742,19975904119
2018-07-07,LG1,Others(HKUST),9,37,509447,11648350453,2446817355,14095167808
2018-07-07,LG1,Non-HKUST,9,50,152427,6581315712,397523694,6978839406
2018-07-07,LG1,Total,373,1708,5473437,418171978732,64363123977,482535102709
2018-07-07,LG3,Staff,13,29,45580,5696460968,801067639,6497528607
2018-07-07,LG3,TPG,21,96,275334,16638221045,1819822158,18458043203
2018-07-07,LG3,RPG,20,106,391869,17976685467,1496003401,19472688868
2018-07-07,LG3,UG,43,122,437997,32697149933,2729725663,35426875596
2018-07-07,LG3,Alumni,8,94,112216,11492929862,1079904356,12572834218
2018-07-07,LG3,Others(HKUST),2,17,52232,2595849516,84988314,2680837830
2018-07-07,LG3,Non-HKUST,3,8,31209,419435136,80701564,500136700
2018-07-07,LG3,Total,110,472,1346437,87516731927,8092213095,95608945022
2018-07-07,LG4,Staff,12,20,7186,531561808,35034967,566596775
2018-07-07,LG4,TPG,18,74,212972,11322660944,6540337965,17862998909
2018-07-07,LG4,RPG,23,70,157209,7575191097,1118981796,8694172893
2018-07-07,LG4,UG,53,189,782959,28612424281,2376949795,30989374076
2018-07-07,LG4,Alumni,16,60,196718,7681395948,442649386,8124045334
2018-07-07,LG4,Others(HKUST),4,7,173395,1779560595,699131168,2478691763
2018-07-07,LG4,Non-HKUST,2,6,28775,10495217171,391121638,10886338809
2018-07-07,LG4,Total,128,426,1559214,67998011844,11604206715,79602218559
2018-07-07,All-Floors,Staff,77,370,890941,35960960384,5224075832,41185036216
2018-07-07,All-Floors,TPG,117,625,1874792,118397615119,23466458855,141864073974
2018-07-07,All-Floors,RPG,100,533,1351523,82116653029,8211617620,90328270649
2018-07-07,All-Floors,UG,315,1853,5710796,455894091506,63025820046,518919911552
2018-07-07,All-Floors,Alumni,43,288,637707,68303726179,3754343839,72058070018
2018-07-07,All-Floors,Others(HKUST),19,129,997238,21896264686,4228231953,26124496639
2018-07-07,All-Floors,Non-HKUST,22,130,403231,41021853857,3845627499,44867481356
2018-07-07,All-Floors,Total,693,3928,11866228,823591164760,111756175644,935347340404
2018-07-08,1,Staff,10,38,174631,232841235,70851747,303692982
2018-07-08,1,TPG,15,66,237040,25823024225,2857954552,28680978777
2018-07-08,1,RPG,10,48,93591,13512566714,642459303,14155026017
2018-07-08,1,UG,40,207,688299,47994498697,3858208425,51852707122
2018-07-08,1,Alumni,0,0,0,0,0,0
2018-07-08,1,Others(HKUST),3,3,1200,298821538,21201687,320023225
2018-07-08,1,Non-HKUST,5,13,66624,10723850135,917727187,11641577322
2018-07-08,1,Total,83,375,1261385,98585602544,8368402901,106954005445
2018-07-08,G,Staff,17,59,37193,1137643901,157391830,1295035731
2018-07-08,G,TPG,28,68,188448,22471250862,1779083718,24250334580
2018-07-08,G,RPG,19,38,91862,10354408850,2560468834,12914877684
2018-07-08,G,UG,59,184,556304,19417158378,2477008880,21894167258
2018-07-08,G,Alumni,15,55,61783,5407679960,246017082,5653697042
2018-07-08,G,Others(HKUST),6,10,169821,1264306978,312789106,1577096084
2018-07-08,G,Non-HKUST,5,6,24598,231909504,14904679,246814183
2018-07-08,G,Total,149,420,1130009,60284358433,7547664129,67832022562
2018-07-08,LG1,Staff,26,96,312740,14509633661,976924518,15486558179
2018-07-08,LG1,TPG,35,130,489042,27848966193,9738616819,37587583012
2018-07-08,LG1,RPG,25,96,312656,15200871962,4848848387,20049720349
2018-07-08,LG1,UG,169,732,2320362,264438249235,103338165605,367776414840
2018-07-08,LG1,Alumni,18,43,174600,16219006415,653495695,16872502110
2018-07-08,LG1,Others(HKUST),8,19,467999,9647479347,3119177978,12766657325
2018-07-08,LG1,Non-HKUST,17,53,198600,10519838654,1327124828,11846963482
2018-07-08,LG1,Total,298,1169,4275999,358384045467,124002353830,482386399297
2018-07-08,LG3,Staff,12,20,39016,2877895678,148017413,3025913091
2018-07-08,LG3,TPG,4,14,43831,3681617385,764427736,4446045121
2018-07-08,LG3,RPG,16,59,149415,7018906897,554047146,7572954043
2018-07-08,LG3,UG,38,135,456690,23044411258,2735253492,25779664750
2018-07-08,LG3,Alumni,8,52,77399,9401576817,1576881091,10978457908
2018-07-08,LG3,Others(HKUST),1,14,33008,2067883012,64928964,2132811976
2018-07-08,LG3,Non-HKUST,5,18,72607,1385822199,1023225692,2409047891
2018-07-08,LG3,Total,84,312,871966,49478113246,6866781534,56344894780
2018-07-08,LG4,Staff,7,9,14994,360455123,25958409,386413532
2018-07-08,LG4,TPG,7,51,181832,15149552049,1195266316,16344818365
2018-07-08,LG4,RPG,15,45,70826,12589419436,881707618,13471127054
2018-07-08,LG4,UG,57,143,265851,31914694185,2323740048,34238434233
2018-07-08,LG4,Alumni,5,27,88781,7363600756,373537587,7737138343
2018-07-08,LG4,Others(HKUST),3,4,173396,1723758361,656376644,2380135005
2018-07-08,LG4,Non-HKUST,2,2,6591,259587742,10315048,269902790
2018-07-08,LG4,Total,96,281,802271,69361067652,5466901670,74827969322
2018-07-08,All-Floors,Staff,48,222,578574,19118469598,1379143917,20497613515
2018-07-08,All-Floors,TPG,64,329,1140193,94974410714,16335349141,111309759855
2018-07-08,All-Floors,RPG,63,286,718350,58676173859,9487531288,68163705147
2018-07-08,All-Floors,UG,274,1401,4287506,386809011753,114732376450,501541388203
2018-07-08,All-Floors,Alumni,29,177,402563,38391863948,2849931455,41241795403
2018-07-08,All-Floors,Others(HKUST),15,50,845424,15002249236,4174474379,19176723615
2018-07-08,All-Floors,Non-HKUST,30,92,369020,23121008234,3293297434,26414305668
2018-07-08,All-Floors,Total,523,2557,8341630,636093187342,152252104064,788345291406
2018-07-09,1,Staff,70,442,1110127,51348815334,5744312189,57093127523
2018-07-09,1,TPG,21,141,437656,13316180388,1241634880,14557815268
2018-07-09,1,RPG,16,85,176266,12159924622,1337218554,13497143176
2018-07-09,1,UG,90,459,1447291,94498818998,10863442567,105362261565
2018-07-09,1,Alumni,3,14,32951,10930907096,390950372,11321857468
2018-07-09,1,Others(HKUST),2,13,33040,2304861562,430828468,2735690030
2018-07-09,1,Non-HKUST,9,41,196116,6679254671,527698173,7206952844
2018-07-09,1,Total,211,1195,3433447,191238762671,20536085203,211774847874
2018-07-09,G,Staff,104,373,576785,10995283853,2157143580,13152427433
2018-07-09,G,TPG,44,202,470139,31579503236,2479916851,34059420087
2018-07-09,G,RPG,52,165,338283,32884204367,4668771262,37552975629
2018-07-09,G,UG,150,398,808257,39483034089,3581982498,43065016587
2018-07-09,G,Alumni,11,39,101295,4553009367,667021467,5220030834
2018-07-09,G,Others(HKUST),17,69,284208,5239016690,1445598569,6684615259
2018-07-09,G,Non-HKUST,20,45,81967,11005838978,462376997,11468215975
2018-07-09,G,Total,398,1291,2660934,135739890580,15462811224,151202701804
2018-07-09,LG1,Staff,89,309,612023,26741233653,8059097740,34800331393
2018-07-09,LG1,TPG,50,276,774948,91485261065,41783720886,133268981951
2018-07-09,LG1,RPG,84,357,811630,64476802397,8924113880,73400916277
2018-07-09,LG1,UG,382,2031,5013677,494000877850,59123827325,553124705175
2018-07-09,LG1,Alumni,8,26,61709,2688411623,289401546,2977813169
2018-07-09,LG1,Others(HKUST),17,56,496774,11527383326,2496118761,14023502087
2018-07-09,LG1,Non-HKUST,20,37,76068,11540531172,672121376,12212652548
2018-07-09,LG1,Total,650,3092,7846829,702460501086,121348401514,823808902600
2018-07-09,LG3,Staff,49,133,121656,12884924975,835651704,13720576679
2018-07-09,LG3,TPG,19,63,144244,10608999659,584275779,11193275438
2018-07-09,LG3,RPG,45,157,455681,36139646947,2583268223,38722915170
2018-07-09,LG3,UG,84,390,978499,56078642417,4048108230,60126750647
2018-07-09,LG3,Alumni,3,26,45560,1172018925,69461148,1241480073
2018-07-09,LG3,Others(HKUST),5,23,63598,9723141998,216446988,9939588986
2018-07-09,LG3,Non-HKUST,5,12,40164,3511123970,341188815,3852312785
2018-07-09,LG3,Total,210,804,1849402,130118498891,8678400887,138796899778
2018-07-09,LG4,Staff,48,123,132547,9038525939,1484199658,10522725597
2018-07-09,LG4,TPG,15,53,298122,16944252378,2048680409,18992932787
2018-07-09,LG4,RPG,39,144,409929,25384411712,1210345525,26594757237
2018-07-09,LG4,UG,136,489,1029310,74141058337,12100280475,86241338812
2018-07-09,LG4,Alumni,6,47,164510,5153778563,312067098,5465845661
2018-07-09,LG4,Others(HKUST),12,15,172200,4226858662,1404262417,5631121079
2018-07-09,LG4,Non-HKUST,7,13,32291,8874328337,359363619,9233691956
2018-07-09,LG4,Total,263,884,2238909,143763213928,18919199201,162682413129
2018-07-09,All-Floors,Staff,211,1380,2553138,111008783754,18280404871,129289188625
2018-07-09,All-Floors,TPG,98,735,2125109,163934196726,48138228805,212072425531
2018-07-09,All-Floors,RPG,170,908,2191789,171044990045,18723717444,189768707489
2018-07-09,All-Floors,UG,598,3767,9277034,758202431691,89717641095,847920072786
2018-07-09,All-Floors,Alumni,19,152,406025,24498125574,1728901631,26227027205
2018-07-09,All-Floors,Others(HKUST),35,176,1049820,33021262238,5993255203,39014517441
2018-07-09,All-Floors,Non-HKUST,45,148,426606,41611077128,2362748980,43973826108
2018-07-09,All-Floors,Total,1176,7266,18029521,1303320867156,184944898029,1488265765185
2018-07-10,1,Staff,64,382,1062100,80946301362,7373757264,88320058626
2018-07-10,1,TPG,16,131,454730,29837850329,2803081160,32640931489
2018-07-10,1,RPG,12,67,188077,10479391349,410337565,10889728914
2018-07-10,1,UG,78,469,1294831,94064766089,12168279366,106233045455
2018-07-10,1,Alumni,0,0,0,0,0,0
2018-07-10,1,Others(HKUST),3,14,25224,8763742327,545034076,9308776403
2018-07-10,1,Non-HKUST,8,26,79774,5115590955,435403680,5550994635
2018-07-10,1,Total,181,1089,3104736,229207642411,23735893111,252943535522
2018-07-10,G,Staff,101,324,575186,18140598746,4069062482,22209661228
2018-07-10,G,TPG,38,147,404565,29977593835,2099881672,32077475507
2018-07-10,G,RPG,53,164,352617,21001289656,2594624692,23595914348
2018-07-10,G,UG,171,450,822499,45788137109,4532481226,50320618335
2018-07-10,G,Alumni,16,51,140368,12142129159,707547922,12849677081
2018-07-10,G,Others(HKUST),14,53,283774,3900365600,7460156467,11360522067
2018-07-10,G,Non-HKUST,15,40,95832,7861429598,775459523,8636889121
2018-07-10,G,Total,408,1229,2674841,138811543703,22239213984,161050757687
2018-07-10,LG1,Staff,96,340,613756,69523739957,8607671810,78131411767
2018-07-10,LG1,TPG,34,273,753308,57791197028,20355771758,78146968786
2018-07-10,LG1,RPG,83,393,981286,64330375415,9095873684,73426249099
2018-07-10,LG1,UG,407,2097,5004242,694507314409,62367547352,756874861761
2018-07-10,LG1,Alumni,7,27,115737,13424829069,618204540,14043033609
2018-07-10,LG1,Others(HKUST),18,48,487194,12503461064,6627747325,19131208389
2018-07-10,LG1,Non-HKUST,15,64,221271,18966239857,865305958,19831545815
2018-07-10,LG1,Total,660,3242,8176794,931047156799,108538122427,1039585279226
2018-07-10,LG3,Staff,51,113,152201,42135906542,2200717133,44336623675
2018-07-10,LG3,TPG,10,40,56860,10102566350,743111564,10845677914
2018-07-10,LG3,RPG,56,221,570855,60014109369,13806839727,73820949096
2018-07-10,LG3,UG,87,374,832920,67665580296,5724757453,73390337749
2018-07-10,LG3,Alumni,6,19,78428,813959096,40383687,854342783
2018-07-10,LG3,Others(HKUST),2,30,51016,6143269774,233971471,6377241245
2018-07-10,LG3,Non-HKUST,3,4,3012,23620166,4107472,27727638
2018-07-10,LG3,Total,215,801,1745292,186899011593,22753888507,209652900100
2018-07-10,LG4,Staff,48,74,50920,6969833988,430155149,7399989137
2018-07-10,LG4,TPG,10,32,193910,7777154115,1961017666,9738171781
2018-07-10,LG4,RPG,43,153,448690,29643769501,1876770465,31520539966
2018-07-10,LG4,UG,106,390,920207,55897364348,5648883204,61546247552
2018-07-10,LG4,Alumni,6,28,143147,4918033832,250616469,5168650301
2018-07-10,LG4,Others(HKUST),5,7,172798,2197216212,763536082,2960752294
2018-07-10,LG4,Non-HKUST,9,17,46725,5434555244,293688245,5728243489
2018-07-10,LG4,Total,227,701,1976397,112837927240,11224667280,124062594520
2018-07-10,All-Floors,Staff,232,1233,2454163,217716380595,22681363838,240397744433
2018-07-10,All-Floors,TPG,78,623,1863373,135486361657,27962863820,163449225477
2018-07-10,All-Floors,RPG,189,998,2541525,185468935290,27784446133,213253381423
2018-07-10,All-Floors,UG,637,3780,8874699,957923162251,90441948601,1048365110852
2018-07-10,All-Floors,Alumni,23,125,477680,31298951156,1616752618,32915703774
2018-07-10,All-Floors,Others(HKUST),30,152,1020006,33508054977,15630445421,49138500398
2018-07-10,All-Floors,Non-HKUST,44,151,446614,37401435820,2373964878,39775400698
2018-07-10,All-Floors,Total,1233,7062,17678060,1598803281746,188491785309,1787295067055
2018-07-11,1,Staff,67,451,1101809,65078150538,8626915859,73705066397
2018-07-11,1,TPG,24,185,765694,64133268628,4187580084,68320848712
2018-07-11,1,RPG,11,29,98194,4596377940,260568244,4856946184
2018-07-11,1,UG,76,421,1270719,163869534562,7047780586,170917315148
2018-07-11,1,Alumni,4,8,55767,1893326574,73517090,1966843664
2018-07-11,1,Others(HKUST),7,21,30699,1416476008,214773785,1631249793
2018-07-11,1,Non-HKUST,9,38,129985,6752995585,1376174009,8129169594
2018-07-11,1,Total,198,1153,3452867,307740129835,21787309657,329527439492
2018-07-11,G,Staff,112,394,597261,35824240254,4561533317,40385773571
2018-07-11,G,TPG,41,117,287495,40956403265,6611624695,47568027960
2018-07-11,G,RPG,47,152,339667,18762920261,1724417530,20487337791
2018-07-11,G,UG,139,369,880886,56245806249,3968431436,60214237685
2018-07-11,G,Alumni,11,26,45698,6601750667,191309443,6793060110
2018-07-11,G,Others(HKUST),32,142,523754,23959227114,2593388949,26552616063
2018-07-11,G,Non-HKUST,16,50,153656,10749240897,1372555503,12121796400
2018-07-11,G,Total,398,1250,2828417,193099588707,21023260873,214122849580
2018-07-11,LG1,Staff,99,362,747165,63974728019,7230380320,71205108339
2018-07-11,LG1,TPG,37,191,627473,39217407743,14584270836,53801678579
2018-07-11,LG1,RPG,68,252,664446,40144701885,6235805611,46380507496
2018-07-11,LG1,UG,350,1664,4461789,430155235073,72158215392,502313450465
2018-07-11,LG1,Alumni,7,46,98403,4068198946,213221317,4281420263
2018-07-11,LG1,Others(HKUST),21,123,677949,12090628763,2274558789,14365187552
2018-07-11,LG1,Non-HKUST,17,63,182808,10765971408,574009651,11339981059
2018-07-11,LG1,Total,599,2701,7460033,600416871837,103270461916,703687333753
2018-07-11,LG3,Staff,45,110,54092,6189935744,521502320,6711438064
2018-07-11,LG3,TPG,13,65,167220,21405221068,1238931338,22644152406
2018-07-11,LG3,RPG,33,144,483689,50374831370,3169247776,53544079146
2018-07-11,LG3,UG,76,344,879483,156677794361,8281685116,164959479477
2018-07-11,LG3,Alumni,5,43,82570,3045640245,1006779896,4052420141
2018-07-11,LG3,Others(HKUST),3,30,68931,11988914376,403969019,12392883395
2018-07-11,LG3,Non-HKUST,2,10,30018,905271344,242245681,1147517025
2018-07-11,LG3,Total,177,746,1766003,250587608508,14864361146,265451969654
2018-07-11,LG4,Staff,40,75,94826,11078568979,1387884357,12466453336
2018-07-11,LG4,TPG,11,51,282249,14517601067,5142306538,19659907605
2018-07-11,LG4,RPG,36,111,344044,46140412718,3013732633,49154145351
2018-07-11,LG4,UG,112,300,636520,108344474372,8688480718,117032955090
2018-07-11,LG4,Alumni,7,30,80268,570555428,48042267,618597695
2018-07-11,LG4,Others(HKUST),11,17,211234,3035480127,816256321,3851736448
2018-07-11,LG4,Non-HKUST,6,13,66492,2093981490,191286312,2285267802
2018-07-11,LG4,Total,223,597,1715633,185781074181,19287989146,205069063327
2018-07-11,All-Floors,Staff,234,1392,2595153,182145623534,22328216173,204473839707
2018-07-11,All-Floors,TPG,91,609,2130131,180229901771,31764713491,211994615262
2018-07-11,All-Floors,RPG,145,688,1930040,160019244174,14403771794,174423015968
2018-07-11,All-Floors,UG,569,3098,8129397,915292844617,100144593248,1015437437865
2018-07-11,All-Floors,Alumni,23,153,362706,16179471860,1532870013,17712341873
2018-07-11,All-Floors,Others(HKUST),47,333,1512567,52490726388,6302946863,58793673251
2018-07-11,All-Floors,Non-HKUST,39,174,562959,31267460724,3756271156,35023731880
2018-07-11,All-Floors,Total,1148,6447,17222953,1537625273068,180233382738,1717858655806
2018-07-12,1,Staff,62,435,1102968,79457709649,8961650772,88419360421
2018-07-12,1,TPG,16,97,409099,33945651767,1042938265,34988590032
2018-07-12,1,RPG,12,54,124092,4873910801,339729820,5213640621
2018-07-12,1,UG,73,423,1297022,111228211111,12568194443,123796405554
2018-07-12,1,Alumni,0,0,0,0,0,0
2018-07-12,1,Others(HKUST),11,32,113003,16808561338,728529187,17537090525
2018-07-12,1,Non-HKUST,10,27,146171,2221772367,454018449,2675790816
2018-07-12,1,Total,184,1068,3192355,248535817033,24095060936,272630877969
2018-07-12,G,Staff,111,358,612230,28837590139,7134769869,35972360008
2018-07-12,G,TPG,41,163,388860,26643426859,8317329763,34960756622
2018-07-12,G,RPG,67,229,390466,76025057150,34466829783,110491886933
2018-07-12,G,UG,150,375,725935,57421887160,6215180589,63637067749
2018-07-12,G,Alumni,13,34,91771,4979947411,421719532,5401666943
2018-07-12,G,Others(HKUST),32,209,630870,30815722447,3537482712,34353205159
2018-07-12,G,Non-HKUST,19,64,102532,9407082835,1284117136,10691199971
2018-07-12,G,Total,433,1432,2942664,234130714001,61377429384,295508143385
2018-07-12,LG1,Staff,107,358,577739,43140347127,10111123443,53251470570
2018-07-12,LG1,TPG,41,259,623860,63442057156,9827727759,73269784915
2018-07-12,LG1,RPG,90,356,978958,96473049748,5839891118,102312940866
2018-07-12,LG1,UG,359,1781,4430429,381872159771,57046488535,438918648306
2018-07-12,LG1,Alumni,11,33,118189,13983482174,547274534,14530756708
2018-07-12,LG1,Others(HKUST),29,139,760117,16342006504,3223328282,19565334786
2018-07-12,LG1,Non-HKUST,27,90,344030,36875660069,1170815077,38046475146
2018-07-12,LG1,Total,664,3016,7833322,652128762549,87766648748,739895411297
2018-07-12,LG3,Staff,45,115,165511,16534788812,936948988,17471737800
2018-07-12,LG3,TPG,14,91,287827,42915537112,1806341843,44721878955
2018-07-12,LG3,RPG,41,194,397272,49829672374,3764632848,53594305222
2018-07-12,LG3,UG,77,326,768548,57515560086,5238789105,62754349191
2018-07-12,LG3,Alumni,6,57,158067,7613771715,646598287,8260370002
2018-07-12,LG3,Others(HKUST),6,36,68412,16194104019,495561527,16689665546
2018-07-12,LG3,Non-HKUST,6,12,45615,2815872609,430405115,3246277724
2018-07-12,LG3,Total,195,831,1891252,193419306727,13319277713,206738584440
2018-07-12,LG4,Staff,57,152,278062,10080882050,4876514775,14957396825
2018-07-12,LG4,TPG,12,45,200594,13225712506,2304062290,15529774796
2018-07-12,LG4,RPG,41,127,414638,27817556033,1700693343,29518249376
2018-07-12,LG4,UG,110,333,743719,55792601140,3872210184,59664811324
2018-07-12,LG4,Alumni,9,36,91046,9127970830,354725478,9482696308
2018-07-12,LG4,Others(HKUST),22,98,499824,11354920993,1865853301,13220774294
2018-07-12,LG4,Non-HKUST,5,26,73831,3438552377,280807108,3719359485
2018-07-12,LG4,Total,256,817,2301714,130838195929,15254866479,146093062408
2018-07-12,All-Floors,Staff,239,1418,2736510,178051317777,32021007847,210072325624
2018-07-12,All-Floors,TPG,91,655,1910240,180172385400,23298399920,203470785320
2018-07-12,All-Floors,RPG,193,960,2305426,255019246106,46111776912,301131023018
2018-07-12,All-Floors,UG,583,3238,7965653,663830419268,84940862856,748771282124
2018-07-12,All-Floors,Alumni,24,160,459073,35705172130,1970317831,37675489961
2018-07-12,All-Floors,Others(HKUST),62,514,2072226,91515315301,9850755009,101366070310
2018-07-12,All-Floors,Non-HKUST,54,219,712179,54758940257,3620162885,58379103142
2018-07-12,All-Floors,Total,1246,7164,18161307,1459052796239,201813283260,1660866079499
2018-07-13,1,Staff,64,447,1272844,84347711005,5265943736,89613654741
2018-07-13,1,TPG,17,110,368272,19403645984,1767522253,21171168237
2018-07-13,1,RPG,9,38,97711,21081528122,1072440395,22153968517
2018-07-13,1,UG,55,296,920010,88662114126,5661671019,94323785145
2018-07-13,1,Alumni,3,17,65960,24109196309,369177394,24478373703
2018-07-13,1,Others(HKUST),13,69,165825,7593801057,543614508,8137415565
2018-07-13,1,Non-HKUST,6,12,67132,4733391061,460418828,5193809889
2018-07-13,1,Total,167,989,2957754,249931387664,15140788133,265072175797
2018-07-13,G,Staff,103,338,660981,52106114564,3781375415,55887489979
2018-07-13,G,TPG,34,102,206625,24086237870,2267294515,26353532385
2018-07-13,G,RPG,52,154,320962,27123631174,1732215878,28855847052
2018-07-13,G,UG,139,366,767004,66968788658,5130667184,72099455842
2018-07-13,G,Alumni,11,29,70202,1825575286,81014187,1906589473
2018-07-13,G,Others(HKUST),33,117,429585,36448661788,3130281027,39578942815
2018-07-13,G,Non-HKUST,17,45,104431,16823158059,579562918,17402720977
2018-07-13,G,Total,389,1151,2559790,225382167399,16702411124,242084578523
2018-07-13,LG1,Staff,90,390,721188,60096371587,6997395049,67093766636
2018-07-13,LG1,TPG,35,313,749173,127879446042,15714077236,143593523278
2018-07-13,LG1,RPG,82,313,783370,75795644582,5882620670,81678265252
2018-07-13,LG1,UG,312,1385,3592334,328392340964,30038938539,358431279503
2018-07-13,LG1,Alumni,11,18,70850,7181365784,188440234,7369806018
2018-07-13,LG1,Others(HKUST),29,185,871651,44486144245,4387813370,48873957615
2018-07-13,LG1,Non-HKUST,20,87,240598,18592356738,1018318592,19610675330
2018-07-13,LG1,Total,579,2691,7029164,662423669942,64227603690,726651273632
2018-07-13,LG3,Staff,42,122,164349,11744390188,1113392785,12857782973
2018-07-13,LG3,TPG,11,67,217528,64723336208,2596090753,67319426961
2018-07-13,LG3,RPG,33,162,445607,40847507589,6705558573,47553066162
2018-07-13,LG3,UG,80,354,692841,96751467823,5981992414,102733460237
2018-07-13,LG3,Alumni,5,34,78411,1898852259,138332180,2037184439
2018-07-13,LG3,Others(HKUST),8,45,85747,8916598614,569221494,9485820108
2018-07-13,LG3,Non-HKUST,5,18,50367,3490445875,272043059,3762488934
2018-07-13,LG3,Total,184,802,1734850,228372598556,17376631258,245749229814
2018-07-13,LG4,Staff,51,112,73868,8024482977,728003018,8752485995
2018-07-13,LG4,TPG,12,42,134072,3517210079,316670065,3833880144
2018-07-13,LG4,RPG,41,129,524510,26221615156,2009908794,28231523950
2018-07-13,LG4,UG,114,306,719816,86854509677,12804639114,99659148791
2018-07-13,LG4,Alumni,5,19,66460,1831394939,60346940,1891741879
2018-07-13,LG4,Others(HKUST),12,25,174596,2634546909,864689344,3499236253
2018-07-13,LG4,Non-HKUST,8,10,20413,3635823997,166656924,3802480921
2018-07-13,LG4,Total,243,643,1713735,132719583734,16950914199,149670497933
2018-07-13,All-Floors,Staff,227,1409,2893230,216319070321,17886110003,234205180324
2018-07-13,All-Floors,TPG,80,634,1675670,239609876183,22661654822,262271531005
2018-07-13,All-Floors,RPG,159,796,2172160,191069926623,17402744310,208472670933
2018-07-13,All-Floors,UG,511,2707,6692005,667629221248,59617908270,727247129518
2018-07-13,All-Floors,Alumni,20,117,351883,36846384577,837310935,37683695512
2018-07-13,All-Floors,Others(HKUST),58,441,1727404,100079752613,9495619743,109575372356
2018-07-13,All-Floors,Non-HKUST,42,172,482941,47275175730,2497000321,49772176051
2018-07-13,All-Floors,Total,1097,6276,15995293,1498829407295,130398348404,1629227755699
2018-07-14,1,Staff,15,67,332424,3647931078,365767760,4013698838
2018-07-14,1,TPG,18,84,362943,25998644080,1064331301,27062975381
2018-07-14,1,RPG,8,22,32362,9671230485,1331100910,11002331395
2018-07-14,1,UG,42,223,824655,86390793219,8050713831,94441507050
2018-07-14,1,Alumni,3,21,61775,1677336567,406734878,2084071445
2018-07-14,1,Others(HKUST),3,9,24048,1018754964,62095240,1080850204
2018-07-14,1,Non-HKUST,6,9,31836,847615168,89923897,937539065
2018-07-14,1,Total,95,435,1670043,129252305561,11370667817,140622973378
2018-07-14,G,Staff,28,89,144022,5214524460,315045869,5529570329
2018-07-14,G,TPG,30,108,232719,35663176706,3699646467,39362823173
2018-07-14,G,RPG,29,75,245431,13734376369,2223996711,15958373080
2018-07-14,G,UG,85,274,679204,28072924273,4143840886,32216765159
2018-07-14,G,Alumni,18,63,119372,9451958176,612131341,10064089517
2018-07-14,G,Others(HKUST),28,92,453087,19061705821,3751820566,22813526387
2018-07-14,G,Non-HKUST,11,29,151186,6818379203,331813719,7150192922
2018-07-14,G,Total,229,730,2025021,118017045008,15078295559,133095340567
2018-07-14,LG1,Staff,37,151,366114,41733051299,2958412682,44691463981
2018-07-14,LG1,TPG,34,161,457836,48757015911,3393285107,52150301018
2018-07-14,LG1,RPG,53,252,555134,67740216585,22750901269,90491117854
2018-07-14,LG1,UG,196,902,2875184,301041191996,104617292276,405658484272
2018-07-14,LG1,Alumni,11,50,122945,34684934861,1793370907,36478305768
2018-07-14,LG1,Others(HKUST),23,204,873438,171303962775,3967494051,175271456826
2018-07-14,LG1,Non-HKUST,13,18,102071,6746034702,373312993,7119347695
2018-07-14,LG1,Total,367,1738,5352722,672006408129,139854069285,811860477414
2018-07-14,LG3,Staff,13,34,113492,17963179414,623847016,18587026430
2018-07-14,LG3,TPG,15,90,215938,56562579024,4399383999,60961963023
2018-07-14,LG3,RPG,21,102,291678,22819454177,1689724047,24509178224
2018-07-14,LG3,UG,52,133,402665,19023715844,1697413509,20721129353
2018-07-14,LG3,Alumni,6,15,17999,660948036,33809039,694757075
2018-07-14,LG3,Others(HKUST),6,18,59439,6000724102,251978258,6252702360
2018-07-14,LG3,Non-HKUST,2,5,19186,1369955385,186097380,1556052765
2018-07-14,LG3,Total,115,397,1120397,124400555982,8882253248,133282809230
2018-07-14,LG4,Staff,9,13,7183,3190159778,81966958,3272126736
2018-07-14,LG4,TPG,16,58,131355,93252387871,30880451158,124132839029
2018-07-14,LG4,RPG,19,51,192038,10084293626,604524812,10688818438
2018-07-14,LG4,UG,83,248,455998,45891459085,13433167856,59324626941
2018-07-14,LG4,Alumni,14,53,194443,12811512831,429035350,13240548181
2018-07-14,LG4,Others(HKUST),12,23,187183,5097725790,1020890648,6118616438
2018-07-14,LG4,Non-HKUST,4,15,30012,366578064,595173940,961752004
2018-07-14,LG4,Total,157,461,1198212,170694117045,47045210722,217739327767
2018-07-14,All-Floors,Staff,73,354,963235,71748846029,4345040285,76093886314
2018-07-14,All-Floors,TPG,82,501,1400791,260233803592,43437098032,303670901624
2018-07-14,All-Floors,RPG,105,502,1316643,124049571242,28600247749,152649818991
2018-07-14,All-Floors,UG,349,1780,5237706,480420084417,131942428358,612362512775
2018-07-14,All-Floors,Alumni,35,202,516534,59286690471,3275081515,62561771986
2018-07-14,All-Floors,Others(HKUST),50,346,1597195,202482873452,9054278763,211537152215
2018-07-14,All-Floors,Non-HKUST,29,76,334291,16148562522,1576321929,17724884451
2018-07-14,All-Floors,Total,723,3761,11366395,1214370431725,222230496631,1436600928356
2018-07-15,1,Staff,11,38,280257,770211927,286565176,1056777103
2018-07-15,1,TPG,10,79,142715,5858296425,799470576,6657767001
2018-07-15,1,RPG,5,13,36606,339389831,56156291,395546122
2018-07-15,1,UG,22,111,404939,58526383760,3275771065,61802154825
2018-07-15,1,Alumni,4,10,71978,2143523465,132300090,2275823555
2018-07-15,1,Others(HKUST),3,13,28184,317583806,186842343,504426149
2018-07-15,1,Non-HKUST,0,0,0,0,0,0
2018-07-15,1,Total,55,264,964679,67955389214,4737105541,72692494755
2018-07-15,G,Staff,12,44,45593,1814915762,314400844,2129316606
2018-07-15,G,TPG,14,38,157743,9108059008,843044731,9951103739
2018-07-15,G,RPG,11,35,113397,35003571209,850671515,35854242724
2018-07-15,G,UG,56,168,346729,32185632842,1803923936,33989556778
2018-07-15,G,Alumni,13,46,71378,10008905905,362140644,10371046549
2018-07-15,G,Others(HKUST),20,70,398906,5827072937,1418871866,7245944803
2018-07-15,G,Non-HKUST,9,17,100757,3100006011,256470338,3356476349
2018-07-15,G,Total,135,418,1234503,97048163674,5849523874,102897687548
2018-07-15,LG1,Staff,25,73,150596,17482961341,2693787585,20176748926
2018-07-15,LG1,TPG,15,87,257318,15510904307,1594882729,17105787036
2018-07-15,LG1,RPG,22,75,248329,8240171453,622852203,8863023656
2018-07-15,LG1,UG,133,638,1835092,164113984831,17650321967,181764306798
2018-07-15,LG1,Alumni,6,27,83382,14632525730,823944439,15456470169
2018-07-15,LG1,Others(HKUST),10,43,505788,17067737068,1847328790,18915065858
2018-07-15,LG1,Non-HKUST,10,26,70785,6179228827,277433814,6456662641
2018-07-15,LG1,Total,221,969,3151290,243227513557,25510551527,268738065084
2018-07-15,LG3,Staff,12,19,29388,1087739789,1021438408,2109178197
2018-07-15,LG3,TPG,6,38,86980,6676340061,455873393,7132213454
2018-07-15,LG3,RPG,10,34,71983,10945300170,492095532,11437395702
2018-07-15,LG3,UG,32,105,332973,30899575882,2771621838,33671197720
2018-07-15,LG3,Alumni,5,29,70191,12833956300,1037190744,13871147044
2018-07-15,LG3,Others(HKUST),4,16,35391,5893699645,178837911,6072537556
2018-07-15,LG3,Non-HKUST,1,3,602,918822276,27128174,945950450
2018-07-15,LG3,Total,70,244,627508,69255434123,5984186000,75239620123
2018-07-15,LG4,Staff,9,20,22790,1040994586,66857787,1107852373
2018-07-15,LG4,TPG,4,29,92339,789727021,97489769,887216790
2018-07-15,LG4,RPG,23,63,176962,34885607576,1079354464,35964962040
2018-07-15,LG4,UG,49,109,229733,46644535908,1810654635,48455190543
2018-07-15,LG4,Alumni,2,11,31817,5707719342,153884295,5861603637
2018-07-15,LG4,Others(HKUST),8,15,171600,5976593768,1514058087,7490651855
2018-07-15,LG4,Non-HKUST,1,2,602,641384632,20019869,661404501
2018-07-15,LG4,Total,96,249,725843,95686562833,4742318906,100428881739
2018-07-15,All-Floors,Staff,49,194,528624,22196823405,4383049800,26579873205
2018-07-15,All-Floors,TPG,38,271,737095,37943326822,3790761198,41734088020
2018-07-15,All-Floors,RPG,62,220,647277,89414040239,3101130005,92515170244
2018-07-15,All-Floors,UG,228,1131,3149466,332370113223,27312293441,359682406664
2018-07-15,All-Floors,Alumni,22,123,328746,45326630742,2509460212,47836090954
2018-07-15,All-Floors,Others(HKUST),32,157,1139869,35082687224,5145938997,40228626221
2018-07-15,All-Floors,Non-HKUST,15,48,172746,10839441746,581052195,11420493941
2018-07-15,All-Floors,Total,446,2144,6703823,573173063401,46823685848,619996749249
2018-07-16,1,Staff,66,376,992229,19012914818,2721216247,21734131065
2018-07-16,1,TPG,15,91,265144,15302610733,833263217,16135873950
2018-07-16,1,RPG,8,41,159280,7187610648,1379115168,8566725816
2018-07-16,1,UG,78,369,1237109,112513372955,8445182920,120958555875
2018-07-16,1,Alumni,3,18,36612,1361507094,120206434,1481713528
2018-07-16,1,Others(HKUST),14,80,127457,13234310989,4135579479,17369890468
2018-07-16,1,Non-HKUST,16,43,107807,10022407166,573246735,10595653901
2018-07-16,1,Total,200,1018,2925638,178634734403,18207810200,196842544603
2018-07-16,G,Staff,99,329,620476,16797148075,3382800490,20179948565
2018-07-16,G,TPG,34,79,256356,48908868657,1901887178,50810755835
2018-07-16,G,RPG,56,174,438414,34403791722,3014956759,37418748481
2018-07-16,G,UG,141,387,848338,124082248922,7367361810,131449610732
2018-07-16,G,Alumni,10,39,77900,8663850995,530540021,9194391016
2018-07-16,G,Others(HKUST),60,258,605435,23492859393,3493601166,26986460559
2018-07-16,G,Non-HKUST,24,75,154238,63225854291,2623160877,65849015168
2018-07-16,G,Total,424,1341,3001157,319574622055,22314308301,341888930356
2018-07-16,LG1,Staff,83,299,526481,32034250276,2713962666,34748212942
2018-07-16,LG1,TPG,37,259,732728,123462911765,19073587889,142536499654
2018-07-16,LG1,RPG,85,385,956332,70886203902,7169223594,78055427496
2018-07-16,LG1,UG,316,1572,3879707,484786810820,35021283976,519808094796
2018-07-16,LG1,Alumni,11,74,207066,9347368928,872551995,10219920923
2018-07-16,LG1,Others(HKUST),59,309,1130607,43007086073,4408894803,47415980876
2018-07-16,LG1,Non-HKUST,31,70,205724,12667517643,1124248082,13791765725
2018-07-16,LG1,Total,622,2968,7638645,776192149407,70383753005,846575902412
2018-07-16,LG3,Staff,42,97,124757,11857354633,724960834,12582315467
2018-07-16,LG3,TPG,13,61,251081,17167534827,3861096413,21028631240
2018-07-16,LG3,RPG,42,159,391674,32888059451,3562984232,36451043683
2018-07-16,LG3,UG,86,353,814393,107703532787,6821326541,114524859328
2018-07-16,LG3,Alumni,5,33,49033,792591007,95439939,888030946
2018-07-16,LG3,Others(HKUST),13,53,70202,8591650551,497677161,9089327712
2018-07-16,LG3,Non-HKUST,9,35,113235,7783192943,585174911,8368367854
2018-07-16,LG3,Total,210,791,1814375,186783916199,16148660031,202932576230
2018-07-16,LG4,Staff,41,90,147010,6202713910,632788662,6835502572
2018-07-16,LG4,TPG,8,69,152615,5991543452,478917211,6470460663
2018-07-16,LG4,RPG,46,237,553524,50521178767,3329444365,53850623132
2018-07-16,LG4,UG,107,347,839784,247631727948,11772828514,259404556462
2018-07-16,LG4,Alumni,8,24,100998,18215840665,804847729,19020688394
2018-07-16,LG4,Others(HKUST),20,78,179414,6428019651,1561310493,7989330144
2018-07-16,LG4,Non-HKUST,14,25,32445,8017967338,538722138,8556689476
2018-07-16,LG4,Total,244,870,2005790,343008991731,19118859112,362127850843
2018-07-16,All-Floors,Staff,220,1191,2410953,85904381712,10175728899,96080110611
2018-07-16,All-Floors,TPG,79,559,1657924,210833469434,26148751908,236982221342
2018-07-16,All-Floors,RPG,166,996,2499224,195886844490,18455724118,214342568608
2018-07-16,All-Floors,UG,527,3028,7619331,1076717693432,69427983761,1146145677193
2018-07-16,All-Floors,Alumni,26,188,471609,38381158689,2423586118,40804744807
2018-07-16,All-Floors,Others(HKUST),99,778,2113115,94753926657,14097063102,108850989759
2018-07-16,All-Floors,Non-HKUST,59,248,613449,101716939381,5444552743,107161492124
2018-07-16,All-Floors,Total,1176,6988,17385605,1804194413795,146173390649,1950367804444
2018-07-17,1,Staff,56,365,855488,15752461970,2658794205,18411256175
2018-07-17,1,TPG,21,163,508275,24046231723,10285929749,34332161472
2018-07-17,1,RPG,10,41,146405,10286015383,1542331203,11828346586
2018-07-17,1,UG,64,377,993139,53722983024,11602806387,65325789411
2018-07-17,1,Alumni,4,6,20361,932735751,190841189,1123576940
2018-07-17,1,Others(HKUST),23,123,152427,9057740136,802155864,9859896000
2018-07-17,1,Non-HKUST,11,44,109706,4688175104,433584837,5121759941
2018-07-17,1,Total,189,1119,2785801,118486343091,27516443434,146002786525
2018-07-17,G,Staff,107,340,584579,16153785867,3081374067,19235159934
2018-07-17,G,TPG,40,193,343694,33178755921,1876823595,35055579516
2018-07-17,G,RPG,43,181,328885,26983114198,2299542291,29282656489
2018-07-17,G,UG,172,522,833356,57857483315,9297764434,67155247749
2018-07-17,G,Alumni,13,36,103826,10178569803,414837855,10593407658
2018-07-17,G,Others(HKUST),66,238,536041,34913461308,3303194745,38216656053
2018-07-17,G,Non-HKUST,17,72,176094,5810277577,533594008,6343871585
2018-07-17,G,Total,458,1582,2906475,185075447989,20807130995,205882578984
2018-07-17,LG1,Staff,76,278,380180,23271799481,2040527979,25312327460
2018-07-17,LG1,TPG,39,341,761170,67556198922,9290814510,76847013432
2018-07-17,LG1,RPG,71,404,818958,73954090411,7725231725,81679322136
2018-07-17,LG1,UG,361,2193,4396896,377163077389,40595023488,417758100877
2018-07-17,LG1,Alumni,9,54,116380,7183080360,886786511,8069866871
2018-07-17,LG1,Others(HKUST),45,308,871003,30658983175,6410635496,37069618671
2018-07-17,LG1,Non-HKUST,25,119,267546,19164034583,876735250,20040769833
2018-07-17,LG1,Total,626,3697,7612133,598951264321,67825754959,666777019280
2018-07-17,LG3,Staff,36,80,101964,16076386905,694080763,16770467668
2018-07-17,LG3,TPG,8,73,212842,7432502736,783485379,8215988115
2018-07-17,LG3,RPG,35,178,463879,28458602257,3002867810,31461470067
2018-07-17,LG3,UG,97,416,776472,82061625458,5962436741,88024062199
2018-07-17,LG3,Alumni,6,31,51036,3808653543,321055088,4129708631
2018-07-17,LG3,Others(HKUST),9,43,77561,15860873673,422727470,16283601143
2018-07-17,LG3,Non-HKUST,9,51,118015,12191409669,531329024,12722738693
2018-07-17,LG3,Total,200,872,1801769,165890054241,11717982275,177608036516
2018-07-17,LG4,Staff,43,106,136818,10075581022,1167915876,11243496898
2018-07-17,LG4,TPG,7,30,53767,771220755,100483690,871704445
2018-07-17,LG4,RPG,46,215,683659,28302067752,2080762257,30382830009
2018-07-17,LG4,UG,101,275,464833,92149549884,3784440878,95933990762
2018-07-17,LG4,Alumni,4,37,140537,24025423808,1688425640,25713849448
2018-07-17,LG4,Others(HKUST),23,38,186048,6179857412,892411056,7072268468
2018-07-17,LG4,Non-HKUST,6,9,3582,3968126569,1142735631,5110862200
2018-07-17,LG4,Total,230,710,1669244,165471827202,10857175028,176329002230
2018-07-17,All-Floors,Staff,215,1169,2059029,81330015245,9642692890,90972708135
2018-07-17,All-Floors,TPG,85,800,1879748,132984910057,22337536923,155322446980
2018-07-17,All-Floors,RPG,144,1019,2441786,167983890001,16650735286,184634625287
2018-07-17,All-Floors,UG,574,3783,7464696,662954719070,71242471928,734197190998
2018-07-17,All-Floors,Alumni,22,164,432140,46128463265,3501946283,49630409548
2018-07-17,All-Floors,Others(HKUST),103,750,1823080,96670915704,11831124631,108502040335
2018-07-17,All-Floors,Non-HKUST,54,295,674943,45822023502,3517978750,49340002252
2018-07-17,All-Floors,Total,1197,7980,16775422,1233874936844,138724486691,1372599423535
2018-07-18,1,Staff,58,343,831084,25650866618,5141438343,30792304961
2018-07-18,1,TPG,13,90,332034,29443063534,6219007461,35662070995
2018-07-18,1,RPG,7,39,134275,9945936291,633655911,10579592202
2018-07-18,1,UG,64,387,1253962,146414867266,23108007537,169522874803
2018-07-18,1,Alumni,1,3,9031,71598024,13891903,85489927
2018-07-18,1,Others(HKUST),11,47,118315,11375670516,933199468,12308869984
2018-07-18,1,Non-HKUST,6,19,68466,14612170307,2386159118,16998329425
2018-07-18,1,Total,160,928,2747167,237514172556,38435359741,275949532297
2018-07-18,G,Staff,95,318,610190,18630765453,1931476147,20562241600
2018-07-18,G,TPG,33,123,316519,34215880250,6819559523,41035439773
2018-07-18,G,RPG,43,140,309740,20340271567,1523412947,21863684514
2018-07-18,G,UG,142,389,776128,55699069010,4654483786,60353552796
2018-07-18,G,Alumni,13,29,69543,5657780110,256864384,5914644494
2018-07-18,G,Others(HKUST),53,188,400606,45389413083,3560031785,48949444868
2018-07-18,G,Non-HKUST,17,54,123407,4325740583,2937467128,7263207711
2018-07-18,G,Total,396,1241,2606133,184258920056,21683295700,205942215756
2018-07-18,LG1,Staff,101,357,636802,39430723439,5822547007,45253270446
2018-07-18,LG1,TPG,20,101,376272,33020320731,5324677365,38344998096
2018-07-18,LG1,RPG,67,280,773259,45861181174,6513338551,52374519725
2018-07-18,LG1,UG,349,1711,4330303,395996114501,36933655678,432929770179
2018-07-18,LG1,Alumni,13,51,170830,20163570759,717458291,20881029050
2018-07-18,LG1,Others(HKUST),51,246,821074,37377489805,2510628387,39888118192
2018-07-18,LG1,Non-HKUST,26,75,243937,16723339064,5621797755,22345136819
2018-07-18,LG1,Total,627,2821,7352477,588572739473,63444103034,652016842507
2018-07-18,LG3,Staff,63,156,156013,22521122667,1319959171,23841081838
2018-07-18,LG3,TPG,13,64,228683,8251673065,737699466,8989372531
2018-07-18,LG3,RPG,35,165,487186,49337546766,3484012250,52821559016
2018-07-18,LG3,UG,90,293,675233,88732042108,8433135791,97165177899
2018-07-18,LG3,Alumni,3,30,35931,7940932495,707089318,8648021813
2018-07-18,LG3,Others(HKUST),11,33,70195,7145435839,256182687,7401618526
2018-07-18,LG3,Non-HKUST,7,25,80896,20160626838,1086446530,21247073368
2018-07-18,LG3,Total,222,766,1734137,204089379778,16024525213,220113904991
2018-07-18,LG4,Staff,47,126,67298,7291310944,611260333,7902571277
2018-07-18,LG4,TPG,9,54,87486,5774360465,1081155489,6855515954
2018-07-18,LG4,RPG,36,188,571872,46500658385,3563630328,50064288713
2018-07-18,LG4,UG,113,338,911120,146226275416,12283271779,158509547195
2018-07-18,LG4,Alumni,7,47,118027,11459276283,357684104,11816960387
2018-07-18,LG4,Others(HKUST),19,47,202244,4690633374,7111916537,11802549911
2018-07-18,LG4,Non-HKUST,9,13,10204,2419122238,188471948,2607594186
2018-07-18,LG4,Total,240,813,1968251,224361637105,25197390518,249559027623
2018-07-18,All-Floors,Staff,241,1300,2301387,113524789121,14826681001,128351470122
2018-07-18,All-Floors,TPG,63,432,1340994,110705298045,20182099304,130887397349
2018-07-18,All-Floors,RPG,146,812,2276332,171985594183,15718049987,187703644170
2018-07-18,All-Floors,UG,568,3118,7946746,833068368301,85412554571,918480922872
2018-07-18,All-Floors,Alumni,24,160,403362,45293157671,2052988000,47346145671
2018-07-18,All-Floors,Others(HKUST),100,561,1612434,105978642617,14371958864,120350601481
2018-07-18,All-Floors,Non-HKUST,50,186,526910,58240999030,12220342479,70461341509
2018-07-18,All-Floors,Total,1192,6569,16408165,1438796848968,164784674206,1603581523174
2018-07-19,1,Staff,59,370,964397,25649034331,3181999308,28831033639
2018-07-19,1,TPG,18,127,440059,26080433634,1639374943,27719808577
2018-07-19,1,RPG,10,51,216851,18529019054,1679671703,20208690757
2018-07-19,1,UG,77,412,1325975,109812475004,11217089015,121029564019
2018-07-19,1,Alumni,5,31,122487,16197240849,438889511,16636130360
2018-07-19,1,Others(HKUST),27,75,132023,14809335692,730095514,15539431206
2018-07-19,1,Non-HKUST,12,40,160437,11496072425,606199298,12102271723
2018-07-19,1,Total,208,1106,3362229,222573610989,19493319292,242066930281
2018-07-19,G,Staff,97,316,550692,26234647113,2724124887,28958772000
2018-07-19,G,TPG,35,80,194164,17379872108,928258164,18308130272
2018-07-19,G,RPG,52,190,427897,53888374621,2525523436,56413898057
2018-07-19,G,UG,175,473,788593,69638066290,20381083398,90019149688
2018-07-19,G,Alumni,10,18,49755,2893695336,106645815,3000341151
2018-07-19,G,Others(HKUST),70,261,508794,19349422095,2235997052,21585419147
2018-07-19,G,Non-HKUST,23,85,194489,8910103144,1238534797,10148637941
2018-07-19,G,Total,462,1423,2714384,198294180707,30140167549,228434348256
2018-07-19,LG1,Staff,93,308,691931,37431502184,4392715806,41824217990
2018-07-19,LG1,TPG,30,209,671946,64488719702,18262820482,82751540184
2018-07-19,LG1,RPG,71,320,754625,84204974415,4935946280,89140920695
2018-07-19,LG1,UG,358,1760,3778492,481020910657,86708126985,567729037642
2018-07-19,LG1,Alumni,12,90,145645,23359671612,900190585,24259862197
2018-07-19,LG1,Others(HKUST),90,388,1153223,63963450168,3466474418,67429924586
2018-07-19,LG1,Non-HKUST,30,107,273644,11574478380,1405281087,12979759467
2018-07-19,LG1,Total,684,3182,7469506,766043707118,120071555643,886115262761
2018-07-19,LG3,Staff,48,155,180000,20161408740,1782032166,21943440906
2018-07-19,LG3,TPG,6,39,64712,9581583916,371785154,9953369070
2018-07-19,LG3,RPG,30,129,443544,47119758995,2596467670,49716226665
2018-07-19,LG3,UG,98,354,713468,66090383563,4059326822,70149710385
2018-07-19,LG3,Alumni,6,25,61729,1312953502,264239296,1577192798
2018-07-19,LG3,Others(HKUST),12,55,123605,26292981689,963425185,27256406874
2018-07-19,LG3,Non-HKUST,7,32,88902,26722327316,1514425535,28236752851
2018-07-19,LG3,Total,207,789,1675960,197281397721,11551701828,208833099549
2018-07-19,LG4,Staff,52,122,120239,7514259894,3090514527,10604774421
2018-07-19,LG4,TPG,6,18,60337,2694252629,131983502,2826236131
2018-07-19,LG4,RPG,48,206,539331,60273237226,2729582125,63002819351
2018-07-19,LG4,UG,147,332,581131,83071335023,12588940107,95660275130
2018-07-19,LG4,Alumni,8,54,110779,6276236043,363664555,6639900598
2018-07-19,LG4,Others(HKUST),31,46,187795,3662571537,307805583,3970377120
2018-07-19,LG4,Non-HKUST,11,23,20922,1363935315,418784859,1782720174
2018-07-19,LG4,Total,303,801,1620534,164855827667,19631275258,184487102925
2018-07-19,All-Floors,Staff,233,1271,2507259,116990852262,15171386694,132162238956
2018-07-19,All-Floors,TPG,73,473,1431218,120224861989,21334222245,141559084234
2018-07-19,All-Floors,RPG,163,896,2382248,264015364311,14467191214,278482555525
2018-07-19,All-Floors,UG,632,3331,7187659,809633170537,134954566327,944587736864
2018-07-19,All-Floors,Alumni,27,218,490395,50039797342,2073629762,52113427104
2018-07-19,All-Floors,Others(HKUST),138,825,2105440,128077761181,7703797752,135781558933
2018-07-19,All-Floors,Non-HKUST,58,287,738394,60066916580,5183225576,65250142156
2018-07-19,All-Floors,Total,1324,7301,16842613,1549048724202,200888019570,1749936743772
2018-07-20,1,Staff,62,354,929128,47418278911,2941157626,50359436537
2018-07-20,1,TPG,21,159,617533,50158485848,3326854992,53485340840
2018-07-20,1,RPG,12,76,208597,13165389438,935193106,14100582544
2018-07-20,1,UG,58,279,886366,70202046694,17989096578,88191143272
2018-07-20,1,Alumni,2,8,40737,624177432,59599634,683777066
2018-07-20,1,Others(HKUST),12,63,229190,10508368073,1067551588,11575919661
2018-07-20,1,Non-HKUST,12,46,95320,8326178782,1584618871,9910797653
2018-07-20,1,Total,179,985,3006871,200402925178,27904072395,228306997573
2018-07-20,G,Staff,82,315,573121,19790661341,1879788467,21670449808
2018-07-20,G,TPG,29,81,199246,28321094720,2136802055,30457896775
2018-07-20,G,RPG,39,147,309302,32914607508,2451818459,35366425967
2018-07-20,G,UG,152,414,820564,103238755800,10714763556,113953519356
2018-07-20,G,Alumni,13,57,77987,10814880111,265286728,11080166839
2018-07-20,G,Others(HKUST),46,130,535681,20510243087,1983211369,22493454456
2018-07-20,G,Non-HKUST,22,53,68891,9793815130,516164329,10309979459
2018-07-20,G,Total,383,1197,2584792,225384057697,19947834963,245331892660
2018-07-20,LG1,Staff,93,324,641125,48598824971,27989532808,76588357779
2018-07-20,LG1,TPG,35,252,673588,40879095904,8902241315,49781337219
2018-07-20,LG1,RPG,71,272,661452,50794357944,7564147545,58358505489
2018-07-20,LG1,UG,345,1605,3366558,366315037979,57026558947,423341596926
2018-07-20,LG1,Alumni,10,88,169579,26225040681,791846462,27016887143
2018-07-20,LG1,Others(HKUST),37,210,866632,20469235640,1646151733,22115387373
2018-07-20,LG1,Non-HKUST,25,71,198338,20397717630,1176655346,21574372976
2018-07-20,LG1,Total,616,2822,6577272,573679310749,105097134156,678776444905
2018-07-20,LG3,Staff,44,106,124266,24742529506,1500811931,26243341437
2018-07-20,LG3,TPG,9,59,163455,30152352778,1609760733,31762113511
2018-07-20,LG3,RPG,27,110,425955,18508539384,1461006288,19969545672
2018-07-20,LG3,UG,65,238,577101,112850218717,4464741809,117314960526
2018-07-20,LG3,Alumni,2,12,12588,464699136,517947926,982647062
2018-07-20,LG3,Others(HKUST),10,44,98366,9063806829,272405307,9336212136
2018-07-20,LG3,Non-HKUST,4,5,18600,568859085,63160383,632019468
2018-07-20,LG3,Total,161,574,1420331,196351005435,9889834377,206240839812
2018-07-20,LG4,Staff,39,115,77464,7415025507,627596149,8042621656
2018-07-20,LG4,TPG,6,26,76716,5781469607,1357884045,7139353652
2018-07-20,LG4,RPG,42,176,536054,65818669538,3703761353,69522430891
2018-07-20,LG4,UG,87,254,652993,86425367745,5464954468,91890322213
2018-07-20,LG4,Alumni,5,44,146788,48579200550,1344473525,49923674075
2018-07-20,LG4,Others(HKUST),19,53,227995,2439288181,195553204,2634841385
2018-07-20,LG4,Non-HKUST,11,27,57675,10505782564,348718991,10854501555
2018-07-20,LG4,Total,209,695,1775685,226964803692,13042941735,240007745427
2018-07-20,All-Floors,Staff,210,1214,2345104,147965320236,34938886981,182904207217
2018-07-20,All-Floors,TPG,78,577,1730538,155292498857,17333543140,172626041997
2018-07-20,All-Floors,RPG,151,781,2141360,181201563812,16115926751,197317490563
2018-07-20,All-Floors,UG,535,2790,6303582,739031426935,95660115358,834691542293
2018-07-20,All-Floors,Alumni,22,209,447679,86707997910,2979154275,89687152185
2018-07-20,All-Floors,Others(HKUST),86,500,1957864,62990941810,5164873201,68155815011
2018-07-20,All-Floors,Non-HKUST,49,202,438824,49592353191,3689317920,53281671111
2018-07-20,All-Floors,Total,1131,6273,15364951,1422782102751,175881817626,1598663920377
2018-07-21,1,Staff,15,70,254466,6633016160,628844570,7261860730
2018-07-21,1,TPG,22,139,501009,16172859845,5157554080,21330413925
2018-07-21,1,RPG,11,64,141031,8668975383,534767164,9203742547
2018-07-21,1,UG,31,161,580987,41848144096,2545238230,44393382326
2018-07-21,1,Alumni,3,17,59424,1427770623,98679971,1526450594
2018-07-21,1,Others(HKUST),5,12,22829,3262145708,271729791,3533875499
2018-07-21,1,Non-HKUST,4,12,40204,498202176,43671892,541874068
2018-07-21,1,Total,91,475,1599950,78511113991,9280485698,87791599689
2018-07-21,G,Staff,34,147,209512,9781175142,2244631680,12025806822
2018-07-21,G,TPG,32,98,158987,23477129932,2505144226,25982274158
2018-07-21,G,RPG,37,103,288065,14076015880,1433937113,15509952993
2018-07-21,G,UG,93,279,747664,93868469362,5821364027,99689833389
2018-07-21,G,Alumni,19,35,27616,13490444226,878971617,14369415843
2018-07-21,G,Others(HKUST),18,82,378133,8623227821,780532890,9403760711
2018-07-21,G,Non-HKUST,10,19,70865,2823304207,277574045,3100878252
2018-07-21,G,Total,243,763,1880842,166139766570,13942155598,180081922168
2018-07-21,LG1,Staff,39,201,423745,19458180411,1308633170,20766813581
2018-07-21,LG1,TPG,30,195,374910,58674293546,5859405595,64533699141
2018-07-21,LG1,RPG,50,199,460524,53381322786,3145195438,56526518224
2018-07-21,LG1,UG,195,992,2611475,288278120788,47780690655,336058811443
2018-07-21,LG1,Alumni,12,86,119361,18752849266,847567861,19600417127
2018-07-21,LG1,Others(HKUST),23,144,786677,54893731918,2383171915,57276903833
2018-07-21,LG1,Non-HKUST,19,41,197986,15760015831,834728437,16594744268
2018-07-21,LG1,Total,368,1858,4974678,509198514546,62159393071,571357907617
2018-07-21,LG3,Staff,9,22,23984,373419385,38143015,411562400
2018-07-21,LG3,TPG,7,42,131964,7162551880,971227983,8133779863
2018-07-21,LG3,RPG,23,139,540088,40735454834,2720245302,43455700136
2018-07-21,LG3,UG,37,164,480750,108178303576,4028675637,112206979213
2018-07-21,LG3,Alumni,12,61,217163,28087993198,2645039341,30733032539
2018-07-21,LG3,Others(HKUST),3,14,70293,6130109384,230793302,6360902686
2018-07-21,LG3,Non-HKUST,2,3,0,12856300,1662535,14518835
2018-07-21,LG3,Total,93,445,1464242,190680688557,10635787115,201316475672
2018-07-21,LG4,Staff,14,31,70187,6049970311,375821384,6425791695
2018-07-21,LG4,TPG,8,44,165566,2877049016,720940515,3597989531
2018-07-21,LG4,RPG,24,103,279037,25889880699,1622873907,27512754606
2018-07-21,LG4,UG,51,158,452592,96346977321,7661363170,104008340491
2018-07-21,LG4,Alumni,13,77,286156,111301215215,2896939126,114198154341
2018-07-21,LG4,Others(HKUST),9,16,193776,2423899746,164314057,2588213803
2018-07-21,LG4,Non-HKUST,8,10,10190,410855598,128225840,539081438
2018-07-21,LG4,Total,127,439,1457504,245299847906,13570477999,258870325905
2018-07-21,All-Floors,Staff,78,471,981894,42295761409,4596073819,46891835228
2018-07-21,All-Floors,TPG,80,518,1332436,108363884219,15214272399,123578156618
2018-07-21,All-Floors,RPG,107,608,1708745,142751649582,9457018924,152208668506
2018-07-21,All-Floors,UG,297,1754,4873468,628520015143,67837331719,696357346862
2018-07-21,All-Floors,Alumni,37,276,709720,173060272528,7367197916,180427470444
2018-07-21,All-Floors,Others(HKUST),40,268,1451708,75333114577,3830541955,79163656532
2018-07-21,All-Floors,Non-HKUST,33,85,319245,19505234112,1285862749,20791096861
2018-07-21,All-Floors,Total,672,3980,11377216,1189829931570,109588299481,1299418231051
2018-07-22,1,Staff,7,44,181805,252737750,167492206,420229956
2018-07-22,1,TPG,11,53,225554,9457988032,974040888,10432028920
2018-07-22,1,RPG,10,37,153571,15029288994,986736394,16016025388
2018-07-22,1,UG,33,123,454209,71514868957,2782252200,74297121157
2018-07-22,1,Alumni,9,30,94793,12530347542,735836554,13266184096
2018-07-22,1,Others(HKUST),3,11,58814,1046974478,86155780,1133130258
2018-07-22,1,Non-HKUST,1,2,31796,111229112,22014147,133243259
2018-07-22,1,Total,74,300,1200542,109943434865,5754528169,115697963034
2018-07-22,G,Staff,27,62,130790,3096167240,427622443,3523789683
2018-07-22,G,TPG,15,50,93616,7711010826,2308210945,10019221771
2018-07-22,G,RPG,23,65,148761,10296288504,1711593023,12007881527
2018-07-22,G,UG,60,178,404395,34291439674,2446052076,36737491750
2018-07-22,G,Alumni,13,34,26395,4172596197,254323900,4426920097
2018-07-22,G,Others(HKUST),19,65,376798,7831329692,2218194292,10049523984
2018-07-22,G,Non-HKUST,7,10,31815,581935941,48845095,630781036
2018-07-22,G,Total,164,464,1212570,67980768074,9414841774,77395609848
2018-07-22,LG1,Staff,17,74,148175,22535606034,885338134,23420944168
2018-07-22,LG1,TPG,27,133,398959,43875462026,6983150680,50858612706
2018-07-22,LG1,RPG,36,143,337786,27985030391,3894781216,31879811607
2018-07-22,LG1,UG,167,823,2254467,181063035312,17249208551,198312243863
2018-07-22,LG1,Alumni,10,52,89986,18082664066,3577812931,21660476997
2018-07-22,LG1,Others(HKUST),15,77,593977,5953831983,1871491695,7825323678
2018-07-22,LG1,Non-HKUST,14,33,152999,10985827485,667378776,11653206261
2018-07-22,LG1,Total,286,1335,3976349,310481457297,35129161983,345610619280
2018-07-22,LG3,Staff,7,15,10193,483673701,141442773,625116474
2018-07-22,LG3,TPG,5,19,58180,1698638534,149441554,1848080088
2018-07-22,LG3,RPG,19,67,216547,14527141992,1136070472,15663212464
2018-07-22,LG3,UG,40,154,427098,42641678276,10208841336,52850519612
2018-07-22,LG3,Alumni,11,32,41985,4900354492,330973700,5231328192
2018-07-22,LG3,Others(HKUST),6,21,41377,2752632145,9659154356,12411786501
2018-07-22,LG3,Non-HKUST,7,14,32389,1937835105,193509909,2131345014
2018-07-22,LG3,Total,95,322,827769,68941954245,21819434100,90761388345
2018-07-22,LG4,Staff,6,10,0,124531239,174582495,299113734
2018-07-22,LG4,TPG,4,5,22209,128551025,17982007,146533032
2018-07-22,LG4,RPG,18,63,135574,14564868844,1417425029,15982293873
2018-07-22,LG4,UG,40,78,170397,35747591888,1570958086,37318549974
2018-07-22,LG4,Alumni,13,61,146381,6657688103,763301364,7420989467
2018-07-22,LG4,Others(HKUST),6,12,184198,749191789,116495088,865686877
2018-07-22,LG4,Non-HKUST,8,10,0,396671396,37645939,434317335
2018-07-22,LG4,Total,95,239,658759,58369094284,4098390008,62467484292
2018-07-22,All-Floors,Staff,50,205,470963,26492715964,1796478051,28289194015
2018-07-22,All-Floors,TPG,51,260,798518,62871650443,10432826074,73304476517
2018-07-22,All-Floors,RPG,84,375,992239,82402618725,9146606134,91549224859
2018-07-22,All-Floors,UG,258,1356,3710566,365258614107,34257312249,399515926356
2018-07-22,All-Floors,Alumni,39,209,399540,46343650400,5662248449,52005898849
2018-07-22,All-Floors,Others(HKUST),31,186,1255164,18333960087,13951491211,32285451298
2018-07-22,All-Floors,Non-HKUST,28,69,248999,14013499039,969393866,14982892905
2018-07-22,All-Floors,Total,541,2660,7875989,615716708765,76216356034,691933064799
2018-07-23,1,Staff,57,381,1013147,22777314940,2841013634,25618328574
2018-07-23,1,TPG,19,146,422355,17050471028,1549666165,18600137193
2018-07-23,1,RPG,17,66,238051,18600216287,1476730871,20076947158
2018-07-23,1,UG,77,396,1212859,103220697533,6902222637,110122920170
2018-07-23,1,Alumni,5,42,37226,3654125633,199782005,3853907638
2018-07-23,1,Others(HKUST),7,34,132720,22533695836,832879143,23366574979
2018-07-23,1,Non-HKUST,7,28,49105,4328312125,247312691,4575624816
2018-07-23,1,Total,189,1093,3105463,192164833382,14049607146,206214440528
2018-07-23,G,Staff,100,337,734294,16888723608,5393194909,22281918517
2018-07-23,G,TPG,22,82,242342,19779099812,889243428,20668343240
2018-07-23,G,RPG,65,147,276571,15985431847,3564419448,19549851295
2018-07-23,G,UG,152,444,1014730,52971955006,6784000670,59755955676
2018-07-23,G,Alumni,12,48,133885,6893817432,399028101,7292845533
2018-07-23,G,Others(HKUST),47,149,660853,32877299853,1868529184,34745829037
2018-07-23,G,Non-HKUST,14,47,145532,8043955081,1380248939,9424204020
2018-07-23,G,Total,412,1254,3208207,153440282639,20278664679,173718947318
2018-07-23,LG1,Staff,86,309,625350,38612579679,6510097290,45122676969
2018-07-23,LG1,TPG,30,288,707409,58833060735,17909414024,76742474759
2018-07-23,LG1,RPG,73,339,743547,55867727463,4378877254,60246604717
2018-07-23,LG1,UG,342,1827,4869038,476889325649,80957419982,557846745631
2018-07-23,LG1,Alumni,13,58,172748,22175336098,1845307319,24020643417
2018-07-23,LG1,Others(HKUST),60,290,1116415,34693715382,2922949316,37616664698
2018-07-23,LG1,Non-HKUST,15,56,107876,6056558402,859871850,6916430252
2018-07-23,LG1,Total,619,3167,8342383,693128303408,115383937035,808512240443
2018-07-23,LG3,Staff,39,104,108533,18552558061,1092186624,19644744685
2018-07-23,LG3,TPG,7,28,61117,7454241781,421830238,7876072019
2018-07-23,LG3,RPG,43,188,608496,53346452912,5979611426,59326064338
2018-07-23,LG3,UG,69,285,612940,95078149774,5537922788,100616072562
2018-07-23,LG3,Alumni,5,33,43719,894456189,85493828,979950017
2018-07-23,LG3,Others(HKUST),8,37,116811,9400593493,511778229,9912371722
2018-07-23,LG3,Non-HKUST,4,13,23997,2296974463,213937421,2510911884
2018-07-23,LG3,Total,175,688,1575613,187023426673,13842760554,200866187227
2018-07-23,LG4,Staff,56,128,68431,9931462732,866144243,10797606975
2018-07-23,LG4,TPG,7,25,103002,3748196916,1413278085,5161475001
2018-07-23,LG4,RPG,48,169,437555,43790891428,10298342100,54089233528
2018-07-23,LG4,UG,95,320,793359,66031751745,6525702256,72557454001
2018-07-23,LG4,Alumni,8,34,141304,4383527380,282467285,4665994665
2018-07-23,LG4,Others(HKUST),19,44,237085,9329098678,627403862,9956502540
2018-07-23,LG4,Non-HKUST,7,8,13238,1708785744,566700180,2275485924
2018-07-23,LG4,Total,240,728,1793974,138923714623,20580038011,159503752634
2018-07-23,All-Floors,Staff,229,1259,2549755,106762639020,16702636700,123465275720
2018-07-23,All-Floors,TPG,62,569,1536225,106865070272,22183431940,129048502212
2018-07-23,All-Floors,RPG,171,909,2304220,187590719937,25697981099,213288701036
2018-07-23,All-Floors,UG,531,3272,8502926,794191879707,106707268333,900899148040
2018-07-23,All-Floors,Alumni,27,215,528882,38001262732,2812078538,40813341270
2018-07-23,All-Floors,Others(HKUST),102,554,2263884,108834403242,6763539734,115597942976
2018-07-23,All-Floors,Non-HKUST,33,152,339748,22434585815,3268071081,25702656896
2018-07-23,All-Floors,Total,1155,6930,18025640,1364680560725,184135007425,1548815568150
2018-07-24,1,Staff,69,435,1107683,172745105441,9134467869,181879573310
2018-07-24,1,TPG,20,123,609380,34495874569,2551862105,37047736674
2018-07-24,1,RPG,20,111,265021,53619341362,3597189742,57216531104
2018-07-24,1,UG,77,370,1228954,87864278298,19638613442,107502891740
2018-07-24,1,Alumni,2,23,17983,616443085,27844368,644287453
2018-07-24,1,Others(HKUST),18,66,225521,33783004909,2346680955,36129685864
2018-07-24,1,Non-HKUST,9,47,85165,23737434844,1606631994,25344066838
2018-07-24,1,Total,215,1175,3539707,406861482508,38903290475,445764772983
2018-07-24,G,Staff,95,360,725936,30428125814,4612390956,35040516770
2018-07-24,G,TPG,33,114,291291,31022936037,1967164867,32990100904
2018-07-24,G,RPG,67,229,383160,25581775754,5419709623,31001485377
2018-07-24,G,UG,169,552,1228409,120081430670,8064344547,128145775217
2018-07-24,G,Alumni,14,29,91717,4734371434,237945445,4972316879
2018-07-24,G,Others(HKUST),56,164,490908,17866816968,2021501654,19888318622
2018-07-24,G,Non-HKUST,22,75,194817,5986019335,985079334,6971098669
2018-07-24,G,Total,456,1523,3406238,235701476012,23308136426,259009612438
2018-07-24,LG1,Staff,98,374,648293,50777458382,9148589168,59926047550
2018-07-24,LG1,TPG,33,243,640463,30360876758,13755423745,44116300503
2018-07-24,LG1,RPG,75,365,804103,90226953447,10026546837,100253500284
2018-07-24,LG1,UG,405,2118,4910253,468469897984,57659979152,526129877136
2018-07-24,LG1,Alumni,15,81,231005,21513375964,1479752442,22993128406
2018-07-24,LG1,Others(HKUST),56,300,1103232,36683039694,3934696628,40617736322
2018-07-24,LG1,Non-HKUST,26,82,204995,9452627667,1115284880,10567912547
2018-07-24,LG1,Total,708,3563,8542344,707484229896,97120272852,804604502748
2018-07-24,LG3,Staff,45,139,137839,16675581747,1267156162,17942737909
2018-07-24,LG3,TPG,5,16,37594,3244630948,130989550,3375620498
2018-07-24,LG3,RPG,46,195,533519,31999922778,3883295576,35883218354
2018-07-24,LG3,UG,84,320,876328,91400913796,5762813389,97163727185
2018-07-24,LG3,Alumni,4,34,63473,1000585944,758401873,1758987817
2018-07-24,LG3,Others(HKUST),16,90,136139,7910382305,448480508,8358862813
2018-07-24,LG3,Non-HKUST,8,17,45471,5116287902,496712843,5613000745
2018-07-24,LG3,Total,208,811,1830363,157348305420,12747849901,170096155321
2018-07-24,LG4,Staff,48,90,41412,12118742001,691756353,12810498354
2018-07-24,LG4,TPG,6,41,113237,4345699456,595005281,4940704737
2018-07-24,LG4,RPG,41,183,463284,39053981198,2804215779,41858196977
2018-07-24,LG4,UG,96,271,569553,41826331498,4000231346,45826562844
2018-07-24,LG4,Alumni,6,79,129614,88580543967,2898926101,91479470068
2018-07-24,LG4,Others(HKUST),11,35,205767,6802454680,413852103,7216306783
2018-07-24,LG4,Non-HKUST,5,5,3021,95367246,13082231,108449477
2018-07-24,LG4,Total,213,704,1525888,192823120046,11417069194,204240189240
2018-07-24,All-Floors,Staff,231,1398,2661163,282745013385,24854360508,307599373893
2018-07-24,All-Floors,TPG,70,537,1691965,103470017768,19000445548,122470463316
2018-07-24,All-Floors,RPG,181,1083,2449087,240481974539,25730957557,266212932096
2018-07-24,All-Floors,UG,607,3631,8813497,809642852246,95125981876,904768834122
2018-07-24,All-Floors,Alumni,24,246,533792,116445320394,5402870229,121848190623
2018-07-24,All-Floors,Others(HKUST),109,655,2161567,103045698556,9165211848,112210910404
2018-07-24,All-Floors,Non-HKUST,45,226,533469,44387736994,4216791282,48604528276
2018-07-24,All-Floors,Total,1267,7776,18844540,1700218613882,183496618848,1883715232730
2018-07-25,1,Staff,65,350,997934,26084325113,2264162025,28348487138
2018-07-25,1,TPG,16,107,395506,30029643748,2426931342,32456575090
2018-07-25,1,RPG,10,47,175724,54422001973,1572899791,55994901764
2018-07-25,1,UG,58,334,1244939,94280074732,19048294087,113328368819
2018-07-25,1,Alumni,0,0,0,0,0,0
2018-07-25,1,Others(HKUST),17,73,271384,39293569080,1259945740,40553514820
2018-07-25,1,Non-HKUST,6,19,43173,1111912171,257316279,1369228450
2018-07-25,1,Total,172,930,3128660,245221526817,26829549264,272051076081
2018-07-25,G,Staff,95,295,653524,20959483005,2634605194,23594088199
2018-07-25,G,TPG,35,119,358893,26765147760,3810499736,30575647496
2018-07-25,G,RPG,54,242,464893,25406219274,3042210247,28448429521
2018-07-25,G,UG,129,402,966159,89140122537,9280884065,98421006602
2018-07-25,G,Alumni,15,64,114461,2681770341,281631448,2963401789
2018-07-25,G,Others(HKUST),41,133,508332,29466683878,2084843144,31551527022
2018-07-25,G,Non-HKUST,18,68,172242,10039057039,3236174886,13275231925
2018-07-25,G,Total,387,1323,3238504,204458483834,24370848720,228829332554
2018-07-25,LG1,Staff,89,305,603135,46466509531,3303595196,49770104727
2018-07-25,LG1,TPG,33,182,486941,35311585282,6181324711,41492909993
2018-07-25,LG1,RPG,73,304,659643,62411880799,6496543514,68908424313
2018-07-25,LG1,UG,300,1496,4026177,388313466189,39657320358,427970786547
2018-07-25,LG1,Alumni,13,89,186359,9986740813,1607565760,11594306573
2018-07-25,LG1,Others(HKUST),58,280,1094219,37594243844,4086921526,41681165370
2018-07-25,LG1,Non-HKUST,19,58,171434,14128984209,1938168423,16067152632
2018-07-25,LG1,Total,585,2714,7227908,594213410667,63271439488,657484850155
2018-07-25,LG3,Staff,43,114,159590,20092425830,1100234655,21192660485
2018-07-25,LG3,TPG,8,36,103064,24938495285,2734649006,27673144291
2018-07-25,LG3,RPG,44,193,595899,38765837202,4382094088,43147931290
2018-07-25,LG3,UG,75,317,809998,182211027035,53116619474,235327646509
2018-07-25,LG3,Alumni,6,39,89906,1866433833,210975893,2077409726
2018-07-25,LG3,Others(HKUST),11,87,249269,19983438470,3048727182,23032165652
2018-07-25,LG3,Non-HKUST,2,3,1803,65558866,11785305,77344171
2018-07-25,LG3,Total,189,789,2009529,287923216521,64605085603,352528302124
2018-07-25,LG4,Staff,50,134,157738,10276734503,1229531211,11506265714
2018-07-25,LG4,TPG,11,62,193335,10388779922,4751088788,15139868710
2018-07-25,LG4,RPG,37,118,360764,30109150275,1906042659,32015192934
2018-07-25,LG4,UG,63,181,352629,29129519947,1354898098,30484418045
2018-07-25,LG4,Alumni,6,28,107773,1830290866,1202035529,3032326395
2018-07-25,LG4,Others(HKUST),16,48,190816,2693881715,394617247,3088498962
2018-07-25,LG4,Non-HKUST,5,14,119908,20725899011,709112829,21435011840
2018-07-25,LG4,Total,188,585,1482963,105154256239,11547326361,116701582600
2018-07-25,All-Floors,Staff,226,1198,2571921,123879477982,10532128281,134411606263
2018-07-25,All-Floors,TPG,71,506,1537739,127433651997,19904493583,147338145580
2018-07-25,All-Floors,RPG,167,904,2256923,211115089523,17399790299,228514879822
2018-07-25,All-Floors,UG,458,2730,7399902,783074210440,122458016082,905532226522
2018-07-25,All-Floors,Alumni,28,220,498499,16365235853,3302208630,19667444483
2018-07-25,All-Floors,Others(HKUST),92,621,2314020,129031816987,10875054839,139906871826
2018-07-25,All-Floors,Non-HKUST,36,162,508560,46071411296,6152557722,52223969018
2018-07-25,All-Floors,Total,1078,6341,17087564,1436970894078,190624249436,1627595143514
2018-07-26,1,Staff,57,344,1053735,20692019668,2387993166,23080012834
2018-07-26,1,TPG,17,153,518003,38200592116,3769717582,41970309698
2018-07-26,1,RPG,9,79,212288,22805133256,1015405330,23820538586
2018-07-26,1,UG,56,336,1281051,102500031663,33541816369,136041848032
2018-07-26,1,Alumni,3,12,32959,1524700360,155736334,1680436694
2018-07-26,1,Others(HKUST),21,104,338841,33098183571,2719821409,35818004980
2018-07-26,1,Non-HKUST,4,9,38397,1974126538,73064175,2047190713
2018-07-26,1,Total,167,1037,3475274,220794787172,43663554365,264458341537
2018-07-26,G,Staff,107,310,745774,38248796859,6349224108,44598020967
2018-07-26,G,TPG,40,99,119820,32185059477,1244352238,33429411715
2018-07-26,G,RPG,68,227,562623,31686351921,2461155357,34147507278
2018-07-26,G,UG,155,466,1085666,68651084692,16475660721,85126745413
2018-07-26,G,Alumni,14,48,97779,8508475831,382089223,8890565054
2018-07-26,G,Others(HKUST),45,130,452626,24008456915,1603104394,25611561309
2018-07-26,G,Non-HKUST,17,53,103363,10493075080,750692156,11243767236
2018-07-26,G,Total,446,1333,3167651,213781300775,29266278197,243047578972
2018-07-26,LG1,Staff,97,363,575189,63068308357,5400731963,68469040320
2018-07-26,LG1,TPG,24,168,517228,50514078350,23400151104,73914229454
2018-07-26,LG1,RPG,83,296,523293,53726932500,4516887819,58243820319
2018-07-26,LG1,UG,292,1568,3951583,467518949925,54536297289,522055247214
2018-07-26,LG1,Alumni,10,92,212500,26234773641,1180433548,27415207189
2018-07-26,LG1,Others(HKUST),65,285,1069291,43915470279,3013469431,46928939710
2018-07-26,LG1,Non-HKUST,16,57,189020,9905833679,2103135849,12008969528
2018-07-26,LG1,Total,587,2829,7038104,714884346731,94151107003,809035453734
2018-07-26,LG3,Staff,53,130,186336,9512165036,1267749986,10779915022
2018-07-26,LG3,TPG,6,39,87594,29532623500,843122516,30375746016
2018-07-26,LG3,RPG,40,168,491169,79789140564,4677805249,84466945813
2018-07-26,LG3,UG,78,305,694732,82690166263,5030264671,87720430934
2018-07-26,LG3,Alumni,5,33,81489,2825236476,152610232,2977846708
2018-07-26,LG3,Others(HKUST),17,67,141645,24440223482,2602679598,27042903080
2018-07-26,LG3,Non-HKUST,5,27,46235,2765868550,448656490,3214525040
2018-07-26,LG3,Total,204,769,1729200,231555423871,15022888742,246578312613
2018-07-26,LG4,Staff,45,118,181593,6008076013,943535563,6951611576
2018-07-26,LG4,TPG,7,25,70042,5234694484,208874425,5443568909
2018-07-26,LG4,RPG,35,116,292117,42499897535,2354191795,44854089330
2018-07-26,LG4,UG,102,290,674139,47109427454,4197499812,51306927266
2018-07-26,LG4,Alumni,7,41,119405,24645621192,887234433,25532855625
2018-07-26,LG4,Others(HKUST),23,69,338226,7275422184,692938343,7968360527
2018-07-26,LG4,Non-HKUST,5,9,31240,5469220816,311699784,5780920600
2018-07-26,LG4,Total,224,668,1706762,138242359678,9595974155,147838333833
2018-07-26,All-Floors,Staff,228,1265,2742627,137529365933,16349234786,153878600719
2018-07-26,All-Floors,TPG,68,484,1312687,155667047927,29466217865,185133265792
2018-07-26,All-Floors,RPG,178,886,2081490,230507455776,15025445550,245532901326
2018-07-26,All-Floors,UG,512,2965,7687171,768469659997,113781538862,882251198859
2018-07-26,All-Floors,Alumni,26,226,544132,63738807500,2758103770,66496911270
2018-07-26,All-Floors,Others(HKUST),103,655,2340629,132737756431,10632013175,143369769606
2018-07-26,All-Floors,Non-HKUST,35,155,408255,30608124663,3687248454,34295373117
2018-07-26,All-Floors,Total,1150,6636,17116991,1519258218227,191699802462,1710958020689
2018-07-27,1,Staff,65,391,1115683,29599337739,2099825060,31699162799
2018-07-27,1,TPG,16,171,532367,12823458221,6441838065,19265296286
2018-07-27,1,RPG,17,63,171164,18784583728,1727478031,20512061759
2018-07-27,1,UG,46,299,950888,52125446076,7947586363,60073032439
2018-07-27,1,Alumni,2,8,18757,6243317402,178325292,6421642694
2018-07-27,1,Others(HKUST),19,74,214841,7723647019,1490995018,9214642037
2018-07-27,1,Non-HKUST,3,7,42150,799653743,36523748,836177491
2018-07-27,1,Total,168,1013,3045850,128099443928,19922571577,148022015505
2018-07-27,G,Staff,85,322,639878,16329031629,1845989243,18175020872
2018-07-27,G,TPG,26,159,348671,13014279336,1403888062,14418167398
2018-07-27,G,RPG,63,233,433696,22611779005,3913137567,26524916572
2018-07-27,G,UG,134,386,869695,34106719351,4476498688,38583218039
2018-07-27,G,Alumni,10,43,66063,5001610240,158667957,5160278197
2018-07-27,G,Others(HKUST),61,182,512373,26702121691,3654839204,30356960895
2018-07-27,G,Non-HKUST,12,43,118751,1682714277,140220474,1822934751
2018-07-27,G,Total,391,1368,2989127,119448255529,15593241195,135041496724
2018-07-27,LG1,Staff,93,369,659995,51488199314,14768934945,66257134259
2018-07-27,LG1,TPG,25,174,477701,29150441307,4323094102,33473535409
2018-07-27,LG1,RPG,71,282,616901,48858970529,11705289553,60564260082
2018-07-27,LG1,UG,236,1325,3255665,327664379917,31964597294,359628977211
2018-07-27,LG1,Alumni,10,61,170934,7266549274,1141847683,8408396957
2018-07-27,LG1,Others(HKUST),71,377,1063929,76959784684,6458295218,83418079902
2018-07-27,LG1,Non-HKUST,16,61,140805,5733882444,1428320820,7162203264
2018-07-27,LG1,Total,522,2649,6385930,547122207469,71790379615,618912587084
2018-07-27,LG3,Staff,49,134,153697,15025663151,1004975548,16030638699
2018-07-27,LG3,TPG,8,36,80437,10698361028,444277865,11142638893
2018-07-27,LG3,RPG,30,175,491473,26239757564,1544434325,27784191889
2018-07-27,LG3,UG,65,311,575481,44917700594,4387140085,49304840679
2018-07-27,LG3,Alumni,6,24,18560,1295306413,132144057,1427450470
2018-07-27,LG3,Others(HKUST),16,62,125495,11977083279,419200562,12396283841
2018-07-27,LG3,Non-HKUST,5,22,71819,3536962506,184213165,3721175671
2018-07-27,LG3,Total,179,764,1516962,113690834535,8116385607,121807220142
2018-07-27,LG4,Staff,47,138,253086,18804308915,1225801256,20030110171
2018-07-27,LG4,TPG,11,22,86918,2366422614,2248944843,4615367457
2018-07-27,LG4,RPG,41,114,305432,16565296717,1966150493,18531447210
2018-07-27,LG4,UG,77,211,424564,35993043303,1801665820,37794709123
2018-07-27,LG4,Alumni,6,32,115512,1731987653,149611526,1881599179
2018-07-27,LG4,Others(HKUST),25,88,294585,9478793254,688419380,10167212634
2018-07-27,LG4,Non-HKUST,7,15,40856,4402201259,1083561096,5485762355
2018-07-27,LG4,Total,214,620,1520953,89342053715,9164154414,98506208129
2018-07-27,All-Floors,Staff,215,1354,2822339,131246540748,20945526052,152192066800
2018-07-27,All-Floors,TPG,63,562,1526094,68052962506,14862042937,82915005443
2018-07-27,All-Floors,RPG,160,867,2018666,133060387543,20856489969,153916877512
2018-07-27,All-Floors,UG,399,2532,6076293,494807289241,50577488250,545384777491
2018-07-27,All-Floors,Alumni,22,168,389826,21538770982,1760596515,23299367497
2018-07-27,All-Floors,Others(HKUST),124,783,2211223,132841429927,12711749382,145553179309
2018-07-27,All-Floors,Non-HKUST,32,148,414381,16155414229,2872839303,19028253532
2018-07-27,All-Floors,Total,1015,6414,15458822,997702795176,124586732408,1122289527584
2018-07-28,1,Staff,17,56,387608,0,0,0
2018-07-28,1,TPG,28,176,557950,0,0,0
2018-07-28,1,RPG,8,37,127197,0,0,0
2018-07-28,1,UG,36,195,816018,0,0,0
2018-07-28,1,Alumni,1,1,2999,0,0,0
2018-07-28,1,Others(HKUST),5,41,92403,0,0,0
2018-07-28,1,Non-HKUST,0,0,0,0,0,0
2018-07-28,1,Total,95,506,1984175,0,0,0
2018-07-28,G,Staff,29,87,264616,0,0,0
2018-07-28,G,TPG,35,100,312584,0,0,0
2018-07-28,G,RPG,28,86,195008,0,0,0
2018-07-28,G,UG,78,282,634214,0,0,0
2018-07-28,G,Alumni,20,61,160176,0,0,0
2018-07-28,G,Others(HKUST),21,69,480627,0,0,0
2018-07-28,G,Non-HKUST,6,23,85208,0,0,0
2018-07-28,G,Total,217,708,2132433,0,0,0
2018-07-28,LG1,Staff,43,158,404368,0,0,0
2018-07-28,LG1,TPG,47,233,601176,0,0,0
2018-07-28,LG1,RPG,69,275,584980,0,0,0
2018-07-28,LG1,UG,185,824,2407707,0,0,0
2018-07-28,LG1,Alumni,12,62,176975,0,0,0
2018-07-28,LG1,Others(HKUST),31,171,1171826,0,0,0
2018-07-28,LG1,Non-HKUST,8,19,60005,0,0,0
2018-07-28,LG1,Total,395,1742,5407037,0,0,0
2018-07-28,LG3,Staff,17,48,96005,0,0,0
2018-07-28,LG3,TPG,14,54,166779,0,0,0
2018-07-28,LG3,RPG,29,123,444605,0,0,0
2018-07-28,LG3,UG,50,191,431973,0,0,0
2018-07-28,LG3,Alumni,13,57,132600,0,0,0
2018-07-28,LG3,Others(HKUST),8,50,169810,0,0,0
2018-07-28,LG3,Non-HKUST,1,1,0,0,0,0
2018-07-28,LG3,Total,132,524,1441772,0,0,0
2018-07-28,LG4,Staff,12,41,94190,0,0,0
2018-07-28,LG4,TPG,12,46,70784,0,0,0
2018-07-28,LG4,RPG,29,60,261002,0,0,0
2018-07-28,LG4,UG,53,153,442169,0,0,0
2018-07-28,LG4,Alumni,9,55,115191,0,0,0
2018-07-28,LG4,Others(HKUST),7,16,265200,0,0,0
2018-07-28,LG4,Non-HKUST,5,10,44989,0,0,0
2018-07-28,LG4,Total,127,381,1293525,0,0,0
2018-07-28,All-Floors,Staff,76,390,1246787,0,0,0
2018-07-28,All-Floors,TPG,93,609,1709273,0,0,0
2018-07-28,All-Floors,RPG,124,581,1612792,0,0,0
2018-07-28,All-Floors,UG,299,1645,4732081,0,0,0
2018-07-28,All-Floors,Alumni,38,236,587941,0,0,0
2018-07-28,All-Floors,Others(HKUST),46,347,2179866,0,0,0
2018-07-28,All-Floors,Non-HKUST,18,53,190202,0,0,0
2018-07-28,All-Floors,Total,694,3861,12258942,0,0,0
2018-07-29,1,Staff,10,23,346798,0,0,0
2018-07-29,1,TPG,15,60,248414,0,0,0
2018-07-29,1,RPG,7,35,99599,0,0,0
2018-07-29,1,UG,21,97,492584,0,0,0
2018-07-29,1,Alumni,2,6,22795,0,0,0
2018-07-29,1,Others(HKUST),4,40,72597,0,0,0
2018-07-29,1,Non-HKUST,2,4,11399,0,0,0
2018-07-29,1,Total,61,265,1294186,0,0,0
2018-07-29,G,Staff,21,78,238195,0,0,0
2018-07-29,G,TPG,27,74,190799,0,0,0
2018-07-29,G,RPG,20,48,107990,0,0,0
2018-07-29,G,UG,46,141,479988,0,0,0
2018-07-29,G,Alumni,15,33,29398,0,0,0
2018-07-29,G,Others(HKUST),13,28,352203,0,0,0
2018-07-29,G,Non-HKUST,8,10,25802,0,0,0
2018-07-29,G,Total,150,412,1424375,0,0,0
2018-07-29,LG1,Staff,12,36,48602,0,0,0
2018-07-29,LG1,TPG,22,76,296407,0,0,0
2018-07-29,LG1,RPG,33,105,248413,0,0,0
2018-07-29,LG1,UG,148,566,1622911,0,0,0
2018-07-29,LG1,Alumni,15,39,113995,0,0,0
2018-07-29,LG1,Others(HKUST),14,60,964783,0,0,0
2018-07-29,LG1,Non-HKUST,10,19,40801,0,0,0
2018-07-29,LG1,Total,254,901,3335912,0,0,0
2018-07-29,LG3,Staff,11,18,15598,0,0,0
2018-07-29,LG3,TPG,4,24,54600,0,0,0
2018-07-29,LG3,RPG,13,46,148198,0,0,0
2018-07-29,LG3,UG,31,135,271192,0,0,0
2018-07-29,LG3,Alumni,9,54,106188,0,0,0
2018-07-29,LG3,Others(HKUST),7,29,104992,0,0,0
2018-07-29,LG3,Non-HKUST,2,6,48000,0,0,0
2018-07-29,LG3,Total,77,312,748768,0,0,0
2018-07-29,LG4,Staff,8,16,8399,0,0,0
2018-07-29,LG4,TPG,5,7,12602,0,0,0
2018-07-29,LG4,RPG,12,41,150013,0,0,0
2018-07-29,LG4,UG,35,103,211802,0,0,0
2018-07-29,LG4,Alumni,10,37,123589,0,0,0
2018-07-29,LG4,Others(HKUST),8,13,260997,0,0,0
2018-07-29,LG4,Non-HKUST,3,10,23393,0,0,0
2018-07-29,LG4,Total,81,227,790795,0,0,0
2018-07-29,All-Floors,Staff,42,171,657592,0,0,0
2018-07-29,All-Floors,TPG,54,241,802822,0,0,0
2018-07-29,All-Floors,RPG,65,275,754213,0,0,0
2018-07-29,All-Floors,UG,223,1042,3078477,0,0,0
2018-07-29,All-Floors,Alumni,32,169,395965,0,0,0
2018-07-29,All-Floors,Others(HKUST),30,170,1755572,0,0,0
2018-07-29,All-Floors,Non-HKUST,17,49,149395,0,0,0
2018-07-29,All-Floors,Total,463,2117,7594036,0,0,0
2018-07-30,1,Staff,64,502,1265282,0,0,0
2018-07-30,1,TPG,24,140,572470,0,0,0
2018-07-30,1,RPG,18,70,142810,0,0,0
2018-07-30,1,UG,69,560,1580704,0,0,0
2018-07-30,1,Alumni,0,0,0,0,0,0
2018-07-30,1,Others(HKUST),26,131,282471,0,0,0
2018-07-30,1,Non-HKUST,9,31,114924,0,0,0
2018-07-30,1,Total,210,1434,3958661,0,0,0
2018-07-30,G,Staff,132,525,891866,0,0,0
2018-07-30,G,TPG,62,242,327089,0,0,0
2018-07-30,G,RPG,81,262,509420,0,0,0
2018-07-30,G,UG,152,525,867158,0,0,0
2018-07-30,G,Alumni,13,27,41591,0,0,0
2018-07-30,G,Others(HKUST),58,251,747981,0,0,0
2018-07-30,G,Non-HKUST,26,100,193811,0,0,0
2018-07-30,G,Total,524,1932,3578916,0,0,0
2018-07-30,LG1,Staff,104,424,472046,0,0,0
2018-07-30,LG1,TPG,43,368,692930,0,0,0
2018-07-30,LG1,RPG,87,517,833238,0,0,0
2018-07-30,LG1,UG,286,1921,4002747,0,0,0
2018-07-30,LG1,Alumni,9,45,90553,0,0,0
2018-07-30,LG1,Others(HKUST),48,299,1363631,0,0,0
2018-07-30,LG1,Non-HKUST,20,62,148489,0,0,0
2018-07-30,LG1,Total,597,3636,7603634,0,0,0
2018-07-30,LG3,Staff,59,192,213590,0,0,0
2018-07-30,LG3,TPG,15,86,154950,0,0,0
2018-07-30,LG3,RPG,41,202,428664,0,0,0
2018-07-30,LG3,UG,97,540,891003,0,0,0
2018-07-30,LG3,Alumni,6,42,87179,0,0,0
2018-07-30,LG3,Others(HKUST),11,53,106827,0,0,0
2018-07-30,LG3,Non-HKUST,8,21,73621,0,0,0
2018-07-30,LG3,Total,237,1136,1955834,0,0,0
2018-07-30,LG4,Staff,75,194,149262,0,0,0
2018-07-30,LG4,TPG,15,52,207904,0,0,0
2018-07-30,LG4,RPG,67,182,266414,0,0,0
2018-07-30,LG4,UG,133,438,868923,0,0,0
2018-07-30,LG4,Alumni,8,48,127374,0,0,0
2018-07-30,LG4,Others(HKUST),30,86,346263,0,0,0
2018-07-30,LG4,Non-HKUST,12,21,25187,0,0,0
2018-07-30,LG4,Total,340,1021,1991327,0,0,0
2018-07-30,All-Floors,Staff,271,1837,2992046,0,0,0
2018-07-30,All-Floors,TPG,100,888,1955343,0,0,0
2018-07-30,All-Floors,RPG,201,1233,2180546,0,0,0
2018-07-30,All-Floors,UG,463,3984,8210535,0,0,0
2018-07-30,All-Floors,Alumni,24,162,346697,0,0,0
2018-07-30,All-Floors,Others(HKUST),98,820,2847173,0,0,0
2018-07-30,All-Floors,Non-HKUST,43,235,556032,0,0,0
2018-07-30,All-Floors,Total,1200,9159,19088372,0,0,0
2018-07-31,1,Staff,78,591,1516537,0,0,0
2018-07-31,1,TPG,18,203,616620,0,0,0
2018-07-31,1,RPG,21,142,281612,0,0,0
2018-07-31,1,UG,70,521,1394146,0,0,0
2018-07-31,1,Alumni,2,8,21785,0,0,0
2018-07-31,1,Others(HKUST),22,98,156637,0,0,0
2018-07-31,1,Non-HKUST,9,24,127612,0,0,0
2018-07-31,1,Total,220,1587,4114949,0,0,0
2018-07-31,G,Staff,136,585,950546,0,0,0
2018-07-31,G,TPG,41,142,223346,0,0,0
2018-07-31,G,RPG,80,309,555886,0,0,0
2018-07-31,G,UG,205,692,1058468,0,0,0
2018-07-31,G,Alumni,12,31,49864,0,0,0
2018-07-31,G,Others(HKUST),50,176,563255,0,0,0
2018-07-31,G,Non-HKUST,15,52,79176,0,0,0
2018-07-31,G,Total,539,1987,3480541,0,0,0
2018-07-31,LG1,Staff,124,559,762207,0,0,0
2018-07-31,LG1,TPG,35,279,717551,0,0,0
2018-07-31,LG1,RPG,101,409,658630,0,0,0
2018-07-31,LG1,UG,365,2297,4465567,0,0,0
2018-07-31,LG1,Alumni,8,54,121170,0,0,0
2018-07-31,LG1,Others(HKUST),48,367,1347388,0,0,0
2018-07-31,LG1,Non-HKUST,22,76,124397,0,0,0
2018-07-31,LG1,Total,703,4041,8196910,0,0,0
2018-07-31,LG3,Staff,59,184,127997,0,0,0
2018-07-31,LG3,TPG,9,32,48750,0,0,0
2018-07-31,LG3,RPG,44,213,484427,0,0,0
2018-07-31,LG3,UG,98,445,761194,0,0,0
2018-07-31,LG3,Alumni,4,45,47338,0,0,0
2018-07-31,LG3,Others(HKUST),24,96,203634,0,0,0
2018-07-31,LG3,Non-HKUST,7,35,97341,0,0,0
2018-07-31,LG3,Total,245,1050,1770681,0,0,0
2018-07-31,LG4,Staff,82,194,140577,0,0,0
2018-07-31,LG4,TPG,15,44,111957,0,0,0
2018-07-31,LG4,RPG,85,204,458889,0,0,0
2018-07-31,LG4,UG,177,510,823622,0,0,0
2018-07-31,LG4,Alumni,9,181,136382,0,0,0
2018-07-31,LG4,Others(HKUST),27,64,308508,0,0,0
2018-07-31,LG4,Non-HKUST,10,19,73260,0,0,0
2018-07-31,LG4,Total,405,1216,2053195,0,0,0
2018-07-31,All-Floors,Staff,288,2113,3497864,0,0,0
2018-07-31,All-Floors,TPG,70,700,1718224,0,0,0
2018-07-31,All-Floors,RPG,223,1277,2439444,0,0,0
2018-07-31,All-Floors,UG,587,4465,8502997,0,0,0
2018-07-31,All-Floors,Alumni,20,319,376539,0,0,0
2018-07-31,All-Floors,Others(HKUST),88,801,2579422,0,0,0
2018-07-31,All-Floors,Non-HKUST,36,206,501786,0,0,0
2018-07-31,All-Floors,Total,1312,9881,19616276,0,0,0
