Date,Floor,User-Group,User-Count,WiFi-Conn,Duration-Sec,Traffic-In-Byte,Traffic-Out-Byte,Traffic-Both-Byte
2019-06-01,1,Staff,14,70,392433,9167818791,1047317887,10215136678
2019-06-01,1,TPG,65,465,1597182,122444134124,10145795177,132589929301
2019-06-01,1,RPG,10,32,123831,1766293229,292124369,2058417598
2019-06-01,1,UG,13,39,190294,24657867810,750686252,25408554062
2019-06-01,1,Alumni,6,27,85515,9615534338,823189309,10438723647
2019-06-01,1,Others(HKUST),1,4,170997,68100133,8460112,76560245
2019-06-01,1,Non-HKUST,5,29,59040,2681192263,477508410,3158700673
2019-06-01,1,Total,114,666,2619292,170400940688,13545081516,183946022204
2019-06-01,G,Staff,36,161,347988,26204847452,3477886818,29682734270
2019-06-01,G,TPG,150,435,1029932,123602811019,14157832603,137760643622
2019-06-01,G,RPG,37,143,298217,26737204962,2053755723,28790960685
2019-06-01,G,UG,108,370,497609,73231284936,4583767209,77815052145
2019-06-01,G,Alumni,31,160,333768,43212563708,7585942671,50798506379
2019-06-01,G,Others(HKUST),6,16,261532,6434679620,964196447,7398876067
2019-06-01,G,Non-HKUST,12,42,61756,2489544847,423757186,2913302033
2019-06-01,G,Total,380,1327,2830802,301912936544,33247138657,335160075201
2019-06-01,LG1,Staff,29,86,152799,7517707760,613804436,8131512196
2019-06-01,LG1,TPG,207,1390,3477046,391030251422,65090493546,456120744968
2019-06-01,LG1,RPG,52,243,334834,48059429415,3777107511,51836536926
2019-06-01,LG1,UG,158,818,1704779,226974773370,43365591844,270340365214
2019-06-01,LG1,Alumni,23,145,348651,49883277416,6521629038,56404906454
2019-06-01,LG1,Others(HKUST),5,28,443325,10423734746,2179869970,12603604716
2019-06-01,LG1,Non-HKUST,13,34,52192,5144711833,623090229,5767802062
2019-06-01,LG1,Total,487,2744,6513626,739033885962,122171586574,861205472536
2019-06-01,LG3,Staff,16,102,131590,3270835358,248648087,3519483445
2019-06-01,LG3,TPG,39,256,395765,70403466176,6069692589,76473158765
2019-06-01,LG3,RPG,18,75,167770,18889175700,1165522828,20054698528
2019-06-01,LG3,UG,50,264,398408,58154868429,5930904305,64085772734
2019-06-01,LG3,Alumni,16,75,183443,21059977678,3019313943,24079291621
2019-06-01,LG3,Others(HKUST),5,24,13687,3009755236,219115074,3228870310
2019-06-01,LG3,Non-HKUST,2,2,0,614484646,33204504,647689150
2019-06-01,LG3,Total,146,798,1290663,175402563223,16686401330,192088964553
2019-06-01,LG4,Staff,10,34,57758,14705127580,2126013448,16831141028
2019-06-01,LG4,TPG,29,206,376656,113306278263,6097924575,119404202838
2019-06-01,LG4,RPG,31,113,258108,43785951050,3144462980,46930414030
2019-06-01,LG4,UG,67,185,179071,51940702714,2252556806,54193259520
2019-06-01,LG4,Alumni,11,47,175990,35378141719,3270279261,38648420980
2019-06-01,LG4,Others(HKUST),8,41,233990,34934156024,7062894962,41997050986
2019-06-01,LG4,Non-HKUST,8,54,129982,9204537862,625210614,9829748476
2019-06-01,LG4,Total,164,680,1411555,303254895212,24579342646,327834237858
2019-06-01,All-Floors,Staff,71,453,1082568,60866336941,7513670676,68380007617
2019-06-01,All-Floors,TPG,295,2752,6876581,820786941004,101561738490,922348679494
2019-06-01,All-Floors,RPG,99,606,1182760,139238054356,10432973411,149671027767
2019-06-01,All-Floors,UG,271,1676,2970161,434959497259,56883506416,491843003675
2019-06-01,All-Floors,Alumni,53,454,1127367,159149494859,21220354222,180369849081
2019-06-01,All-Floors,Others(HKUST),13,113,1123531,54870425759,10434536565,65304962324
2019-06-01,All-Floors,Non-HKUST,23,161,302970,20134471451,2182770943,22317242394
2019-06-01,All-Floors,Total,825,6215,14665938,1690005221629,210229550723,1900234772352
2019-06-02,1,Staff,10,46,345984,1341187217,156461290,1497648507
2019-06-02,1,TPG,41,313,897060,66725818046,8867297431,75593115477
2019-06-02,1,RPG,6,12,23395,1365667771,77290652,1442958423
2019-06-02,1,UG,13,56,181817,31538451687,11117403571,42655855258
2019-06-02,1,Alumni,6,21,66591,5039718571,225503962,5265222533
2019-06-02,1,Others(HKUST),1,11,164691,9891875,7641990,17533865
2019-06-02,1,Non-HKUST,5,23,86228,7251960076,989734501,8241694577
2019-06-02,1,Total,82,482,1765766,113272695243,21441333397,134714028640
2019-06-02,G,Staff,19,83,222649,14341058340,4151160536,18492218876
2019-06-02,G,TPG,101,313,628149,84135699271,5372617767,89508317038
2019-06-02,G,RPG,35,94,106191,14440092090,1185634423,15625726513
2019-06-02,G,UG,51,153,208050,22788852409,4248819772,27037672181
2019-06-02,G,Alumni,27,76,117331,20090246620,1343503407,21433750027
2019-06-02,G,Others(HKUST),4,14,281521,7602662684,836965379,8439628063
2019-06-02,G,Non-HKUST,12,60,88004,5706263094,618559657,6324822751
2019-06-02,G,Total,249,793,1651895,169104874508,17757260941,186862135449
2019-06-02,LG1,Staff,17,47,71464,16662238842,733797317,17396036159
2019-06-02,LG1,TPG,162,1203,2891389,290400579673,25496516483,315897096156
2019-06-02,LG1,RPG,33,115,151395,22266822626,1251953683,23518776309
2019-06-02,LG1,UG,106,522,1207998,179333047465,62963436219,242296483684
2019-06-02,LG1,Alumni,21,83,231864,26301381811,2849047782,29150429593
2019-06-02,LG1,Others(HKUST),5,18,436667,6542079089,1569641054,8111720143
2019-06-02,LG1,Non-HKUST,5,19,34378,8477612907,1553755682,10031368589
2019-06-02,LG1,Total,349,2007,5025155,549983762413,96418148220,646401910633
2019-06-02,LG3,Staff,14,112,187180,7473983284,236256916,7710240200
2019-06-02,LG3,TPG,24,122,281147,22910233643,8077802880,30988036523
2019-06-02,LG3,RPG,21,86,158950,14962214894,1114308505,16076523399
2019-06-02,LG3,UG,35,70,80823,11863830461,975927845,12839758306
2019-06-02,LG3,Alumni,10,30,69668,14852614856,4192102924,19044717780
2019-06-02,LG3,Others(HKUST),3,12,15836,167056527,36272526,203329053
2019-06-02,LG3,Non-HKUST,3,3,181,224793,225350,450143
2019-06-02,LG3,Total,110,435,793785,72230158458,14632896946,86863055404
2019-06-02,LG4,Staff,11,45,53825,10783960944,448316426,11232277370
2019-06-02,LG4,TPG,27,119,194404,34037345530,4149838404,38187183934
2019-06-02,LG4,RPG,21,70,112146,55196385475,1838596884,57034982359
2019-06-02,LG4,UG,61,156,110331,25182351043,3712134283,28894485326
2019-06-02,LG4,Alumni,16,57,165215,17557906529,1608658426,19166564955
2019-06-02,LG4,Others(HKUST),4,17,215285,48504896312,11477904045,59982800357
2019-06-02,LG4,Non-HKUST,3,24,36705,9502974037,3205773174,12708747211
2019-06-02,LG4,Total,143,488,887911,200765819870,26441221642,227207041512
2019-06-02,All-Floors,Staff,46,333,881102,50602428627,5725992485,56328421112
2019-06-02,All-Floors,TPG,215,2070,4892149,498209676163,51964072965,550173749128
2019-06-02,All-Floors,RPG,80,377,552077,108231182856,5467784147,113698967003
2019-06-02,All-Floors,UG,193,957,1789019,270706533065,83017721690,353724254755
2019-06-02,All-Floors,Alumni,47,267,650669,83841868387,10218816501,94060684888
2019-06-02,All-Floors,Others(HKUST),9,72,1114000,62826586487,13928424994,76755011481
2019-06-02,All-Floors,Non-HKUST,18,129,245496,30939034907,6368048364,37307083271
2019-06-02,All-Floors,Total,608,4205,10124512,1105357310492,176690861146,1282048171638
2019-06-03,1,Staff,66,658,1013807,144985800123,8398691902,153384492025
2019-06-03,1,TPG,71,637,2638606,241385262818,17335652080,258720914898
2019-06-03,1,RPG,18,70,289894,9097876340,2497669401,11595545741
2019-06-03,1,UG,41,204,602967,49139180833,3021109638,52160290471
2019-06-03,1,Alumni,3,29,66577,537995513,103996482,641991995
2019-06-03,1,Others(HKUST),4,36,153213,26594404,14497483,41091887
2019-06-03,1,Non-HKUST,6,40,75177,23092157170,1114133859,24206291029
2019-06-03,1,Total,209,1674,4840241,468264867201,32485750845,500750618046
2019-06-03,G,Staff,140,662,923865,74185211441,15177109683,89362321124
2019-06-03,G,TPG,185,718,1047346,112984294741,17236225546,130220520287
2019-06-03,G,RPG,82,254,334183,157017829450,4091939061,161109768511
2019-06-03,G,UG,164,505,752038,212547487187,12804948482,225352435669
2019-06-03,G,Alumni,17,98,200731,23074880359,1695513593,24770393952
2019-06-03,G,Others(HKUST),11,24,317668,6777520989,1333620571,8111141560
2019-06-03,G,Non-HKUST,21,59,83162,2662567643,521778988,3184346631
2019-06-03,G,Total,620,2320,3658993,589249791810,52861135924,642110927734
2019-06-03,LG1,Staff,73,277,232612,16347521911,6133955447,22481477358
2019-06-03,LG1,TPG,258,2299,4383222,552714367797,50403763420,603118131217
2019-06-03,LG1,RPG,87,429,808084,76746688131,14398345859,91145033990
2019-06-03,LG1,UG,199,1020,1638729,281154126796,13837243292,294991370088
2019-06-03,LG1,Alumni,8,21,39173,2299461107,391978969,2691440076
2019-06-03,LG1,Others(HKUST),10,45,509760,6430927135,1591478647,8022405782
2019-06-03,LG1,Non-HKUST,11,30,66924,2816879393,3762005500,6578884893
2019-06-03,LG1,Total,646,4121,7678504,938509972270,90518771134,1029028743404
2019-06-03,LG3,Staff,66,264,256484,16325586142,1565516390,17891102532
2019-06-03,LG3,TPG,37,208,519082,111733806986,11814787866,123548594852
2019-06-03,LG3,RPG,36,120,344965,24473773442,2385285425,26859058867
2019-06-03,LG3,UG,77,254,464473,106896001500,5141266776,112037268276
2019-06-03,LG3,Alumni,5,12,1261,900707861,211546712,1112254573
2019-06-03,LG3,Others(HKUST),4,4,182,1152418,489054,1641472
2019-06-03,LG3,Non-HKUST,7,22,54774,4815407519,201822177,5017229696
2019-06-03,LG3,Total,232,884,1641221,265146435868,21320714400,286467150268
2019-06-03,LG4,Staff,87,325,381720,44250610096,4577016785,48827626881
2019-06-03,LG4,TPG,37,143,243503,37340529528,3762136589,41102666117
2019-06-03,LG4,RPG,34,168,469759,100952144323,3108679105,104060823428
2019-06-03,LG4,UG,89,203,175682,78235404016,3509468492,81744872508
2019-06-03,LG4,Alumni,8,43,146682,5958005530,321131434,6279136964
2019-06-03,LG4,Others(HKUST),9,28,247981,40412374785,8979293584,49391668369
2019-06-03,LG4,Non-HKUST,10,35,65836,891176669,114067226,1005243895
2019-06-03,LG4,Total,274,945,1731163,308040244947,24371793215,332412038162
2019-06-03,All-Floors,Staff,229,2186,2808488,296094729713,35852290207,331947019920
2019-06-03,All-Floors,TPG,326,4005,8831759,1056158261870,100552565501,1156710827371
2019-06-03,All-Floors,RPG,165,1041,2246885,368288311686,26481918851,394770230537
2019-06-03,All-Floors,UG,365,2186,3633889,727972200332,38314036680,766286237012
2019-06-03,All-Floors,Alumni,22,203,454424,32771050370,2724167190,35495217560
2019-06-03,All-Floors,Others(HKUST),25,137,1228804,53648569731,11919379339,65567949070
2019-06-03,All-Floors,Non-HKUST,28,186,345873,34278188394,5713807750,39991996144
2019-06-03,All-Floors,Total,1160,9944,19550122,2569211312096,221558165518,2790769477614
2019-06-04,1,Staff,65,588,1059572,38801079277,7301464495,46102543772
2019-06-04,1,TPG,57,518,2169535,189330248753,31589889353,220920138106
2019-06-04,1,RPG,20,78,243489,5721111689,1491302862,7212414551
2019-06-04,1,UG,34,237,703296,87073612882,5870937361,92944550243
2019-06-04,1,Alumni,1,1,180,38542284,1812922,40355206
2019-06-04,1,Others(HKUST),2,15,161787,65129083,8058151,73187234
2019-06-04,1,Non-HKUST,5,15,35135,467214841,45257565,512472406
2019-06-04,1,Total,184,1452,4372994,321496938809,46308722709,367805661518
2019-06-04,G,Staff,132,593,875363,42416791782,15659905207,58076696989
2019-06-04,G,TPG,145,512,857180,109421813131,8613176867,118034989998
2019-06-04,G,RPG,71,220,332585,27549031587,3487993237,31037024824
2019-06-04,G,UG,172,520,612153,132005443557,9321171767,141326615324
2019-06-04,G,Alumni,17,56,139474,35176629413,1208630935,36385260348
2019-06-04,G,Others(HKUST),6,24,280094,13224561511,1002760674,14227322185
2019-06-04,G,Non-HKUST,15,58,96149,3533021405,432179342,3965200747
2019-06-04,G,Total,558,1983,3192998,363327292386,39725818029,403053110415
2019-06-04,LG1,Staff,92,317,247334,30752743182,8463993449,39216736631
2019-06-04,LG1,TPG,197,1473,3303832,435061356742,34667346495,469728703237
2019-06-04,LG1,RPG,72,363,608995,70077667004,5420094937,75497761941
2019-06-04,LG1,UG,197,723,1397780,121117038425,9730479646,130847518071
2019-06-04,LG1,Alumni,10,48,180062,9283789697,739432118,10023221815
2019-06-04,LG1,Others(HKUST),7,28,480804,10510583952,2083938245,12594522197
2019-06-04,LG1,Non-HKUST,12,47,82281,6668150929,343312086,7011463015
2019-06-04,LG1,Total,587,2999,6301088,683471329931,61448596976,744919926907
2019-06-04,LG3,Staff,54,261,270118,20730098375,796337189,21526435564
2019-06-04,LG3,TPG,22,216,562202,87949167837,4845988947,92795156784
2019-06-04,LG3,RPG,33,123,306484,20902478204,2241126412,23143604616
2019-06-04,LG3,UG,66,359,495770,125713222168,8102982758,133816204926
2019-06-04,LG3,Alumni,4,12,7559,2786259458,85308218,2871567676
2019-06-04,LG3,Others(HKUST),2,7,1266,1033340485,26240130,1059580615
2019-06-04,LG3,Non-HKUST,3,7,26803,2867350028,1523368000,4390718028
2019-06-04,LG3,Total,184,985,1670202,261981916555,17621351654,279603268209
2019-06-04,LG4,Staff,69,215,269012,14215645923,4013151505,18228797428
2019-06-04,LG4,TPG,15,49,199143,32730671891,2972338688,35703010579
2019-06-04,LG4,RPG,38,148,322980,30453221465,1446603137,31899824602
2019-06-04,LG4,UG,92,206,167270,63259593808,3734710360,66994304168
2019-06-04,LG4,Alumni,12,70,170094,21927751315,825662682,22753413997
2019-06-04,LG4,Others(HKUST),7,34,237075,32508544386,7038999107,39547543493
2019-06-04,LG4,Non-HKUST,9,15,22883,998419720,85021627,1083441347
2019-06-04,LG4,Total,242,737,1388457,196093848508,20116487106,216210335614
2019-06-04,All-Floors,Staff,216,1974,2721399,146916358539,36234851845,183151210384
2019-06-04,All-Floors,TPG,262,2768,7091892,854493258354,82688740350,937181998704
2019-06-04,All-Floors,RPG,156,932,1814533,154703509949,14087120585,168790630534
2019-06-04,All-Floors,UG,369,2045,3376269,529168910840,36760281892,565929192732
2019-06-04,All-Floors,Alumni,25,187,497369,69212972167,2860846875,72073819042
2019-06-04,All-Floors,Others(HKUST),13,108,1161026,57342159417,10159996307,67502155724
2019-06-04,All-Floors,Non-HKUST,27,142,263251,14534156923,2429138620,16963295543
2019-06-04,All-Floors,Total,1068,8156,16925739,1826371326189,185220976474,2011592302663
2019-06-05,1,Staff,61,623,1343545,41734137877,6105123701,47839261578
2019-06-05,1,TPG,46,464,1947994,208220946020,14733634088,222954580108
2019-06-05,1,RPG,16,76,240142,7814086429,2330750472,10144836901
2019-06-05,1,UG,29,206,443523,35783863082,3204411824,38988274906
2019-06-05,1,Alumni,4,27,49833,3618628391,1048697367,4667325758
2019-06-05,1,Others(HKUST),2,5,172798,34013552,5213450,39227002
2019-06-05,1,Non-HKUST,5,20,70158,1376665803,151379458,1528045261
2019-06-05,1,Total,163,1421,4267993,298582341154,27579210360,326161551514
2019-06-05,G,Staff,132,615,1114594,57769900967,17022124502,74792025469
2019-06-05,G,TPG,132,527,862261,97648439188,22095582270,119744021458
2019-06-05,G,RPG,74,241,410900,30249789451,1776393851,32026183302
2019-06-05,G,UG,131,469,591396,116749943311,8377586511,125127529822
2019-06-05,G,Alumni,21,134,346410,29146107046,1818548964,30964656010
2019-06-05,G,Others(HKUST),8,27,342890,7937844161,809200453,8747044614
2019-06-05,G,Non-HKUST,12,58,113002,3035623443,6423979876,9459603319
2019-06-05,G,Total,510,2071,3781453,342537647567,58323416427,400861063994
2019-06-05,LG1,Staff,86,292,213448,20675922791,7221072331,27896995122
2019-06-05,LG1,TPG,182,1383,3230044,509753772820,71346638119,581100410939
2019-06-05,LG1,RPG,74,462,881961,137691616451,10826829692,148518446143
2019-06-05,LG1,UG,167,649,1165984,83239794257,8716673603,91956467860
2019-06-05,LG1,Alumni,16,109,280139,24318440712,4187833669,28506274381
2019-06-05,LG1,Others(HKUST),8,23,503645,5778778355,1514611555,7293389910
2019-06-05,LG1,Non-HKUST,10,36,107955,5731556200,1747988569,7479544769
2019-06-05,LG1,Total,543,2954,6383176,787189881586,105561647538,892751529124
2019-06-05,LG3,Staff,53,288,315342,36671981337,13119078043,49791059380
2019-06-05,LG3,TPG,40,186,638086,71455337121,4990365244,76445702365
2019-06-05,LG3,RPG,37,206,461245,51710911243,3706792469,55417703712
2019-06-05,LG3,UG,53,193,257930,27722749813,4033524818,31756274631
2019-06-05,LG3,Alumni,6,11,19222,1513605370,164593722,1678199092
2019-06-05,LG3,Others(HKUST),0,0,0,0,0,0
2019-06-05,LG3,Non-HKUST,1,4,179,13509923,6672528,20182451
2019-06-05,LG3,Total,190,888,1692004,189088094807,26021026824,215109121631
2019-06-05,LG4,Staff,48,230,100319,8312176287,5588055937,13900232224
2019-06-05,LG4,TPG,30,100,333148,34935880997,2100682036,37036563033
2019-06-05,LG4,RPG,49,135,349720,32543075346,1542252259,34085327605
2019-06-05,LG4,UG,64,176,253347,82585810956,4387526366,86973337322
2019-06-05,LG4,Alumni,6,35,152011,7110680315,850567058,7961247373
2019-06-05,LG4,Others(HKUST),5,24,210941,29716612015,6895855098,36612467113
2019-06-05,LG4,Non-HKUST,6,18,27138,1266374310,87336820,1353711130
2019-06-05,LG4,Total,208,718,1426624,196470610226,21452275574,217922885800
2019-06-05,All-Floors,Staff,211,2048,3087248,165164119259,49055454514,214219573773
2019-06-05,All-Floors,TPG,248,2660,7011533,922014376146,115266901757,1037281277903
2019-06-05,All-Floors,RPG,170,1120,2343968,260009478920,20183018743,280192497663
2019-06-05,All-Floors,UG,293,1693,2712180,346082161419,28719723122,374801884541
2019-06-05,All-Floors,Alumni,28,316,847615,65707461834,8070240780,73777702614
2019-06-05,All-Floors,Others(HKUST),15,79,1230274,43467248083,9224880556,52692128639
2019-06-05,All-Floors,Non-HKUST,24,136,318432,11423729679,8417357251,19841086930
2019-06-05,All-Floors,Total,989,8052,17551250,1813868575340,238937576723,2052806152063
2019-06-06,1,Staff,51,402,1118025,29620702541,2761177523,32381880064
2019-06-06,1,TPG,54,487,2085535,167355198582,9035493560,176390692142
2019-06-06,1,RPG,17,122,337261,24020388531,3256444017,27276832548
2019-06-06,1,UG,26,188,394829,29454962877,3887402218,33342365095
2019-06-06,1,Alumni,6,58,179877,9263826828,548999022,9812825850
2019-06-06,1,Others(HKUST),2,8,155687,30606216,11913111,42519327
2019-06-06,1,Non-HKUST,3,22,62169,881068835,46221079,927289914
2019-06-06,1,Total,159,1287,4333383,260626754410,19547650530,280174404940
2019-06-06,G,Staff,127,506,906157,26965302486,7426441462,34391743948
2019-06-06,G,TPG,126,425,782366,104424210961,10490275747,114914486708
2019-06-06,G,RPG,67,190,349850,44996771988,2682426411,47679198399
2019-06-06,G,UG,142,384,510862,52087749431,5697339727,57785089158
2019-06-06,G,Alumni,19,65,145114,17879868939,822215487,18702084426
2019-06-06,G,Others(HKUST),10,35,260666,7004597282,792879521,7797476803
2019-06-06,G,Non-HKUST,14,45,95792,4028270952,740306470,4768577422
2019-06-06,G,Total,505,1650,3050807,257386772039,28651884825,286038656864
2019-06-06,LG1,Staff,78,334,331239,45456260595,5105473320,50561733915
2019-06-06,LG1,TPG,159,1319,2861479,736660142480,57610154126,794270296606
2019-06-06,LG1,RPG,61,365,726257,94754356373,6841466012,101595822385
2019-06-06,LG1,UG,167,754,1560611,134339444355,12707278670,147046723025
2019-06-06,LG1,Alumni,11,84,218383,16926491556,3001683396,19928174952
2019-06-06,LG1,Others(HKUST),10,33,469457,7426435157,1866426902,9292862059
2019-06-06,LG1,Non-HKUST,6,35,66573,2004857223,1946121762,3950978985
2019-06-06,LG1,Total,492,2924,6233999,1037567987739,89078604188,1126646591927
2019-06-06,LG3,Staff,53,250,263736,26674017241,2798828269,29472845510
2019-06-06,LG3,TPG,26,94,280619,18491815949,2386467380,20878283329
2019-06-06,LG3,RPG,35,183,410033,51319420795,3671275375,54990696170
2019-06-06,LG3,UG,47,174,335520,40463642259,1750882148,42214524407
2019-06-06,LG3,Alumni,3,3,179,543449793,18826126,562275919
2019-06-06,LG3,Others(HKUST),5,10,5403,244728957,23807578,268536535
2019-06-06,LG3,Non-HKUST,2,9,541,8707036,23083726,31790762
2019-06-06,LG3,Total,171,723,1296031,137745782030,10673170602,148418952632
2019-06-06,LG4,Staff,45,127,92182,10844370334,501368068,11345738402
2019-06-06,LG4,TPG,23,82,259144,24985650306,2036754152,27022404458
2019-06-06,LG4,RPG,31,109,276958,31979847258,1546368818,33526216076
2019-06-06,LG4,UG,51,156,95725,30907748050,1755604018,32663352068
2019-06-06,LG4,Alumni,6,38,192209,13331074385,1197858117,14528932502
2019-06-06,LG4,Others(HKUST),7,30,257364,30536617852,6873296599,37409914451
2019-06-06,LG4,Non-HKUST,5,14,18729,3751441443,743833496,4495274939
2019-06-06,LG4,Total,168,556,1192311,146336749628,14655083268,160991832896
2019-06-06,All-Floors,Staff,210,1619,2711339,139560653197,18593288642,158153941839
2019-06-06,All-Floors,TPG,225,2407,6269143,1051917018278,81559144965,1133476163243
2019-06-06,All-Floors,RPG,142,969,2100359,247070784945,17997980633,265068765578
2019-06-06,All-Floors,UG,290,1656,2897547,287253546972,25798506781,313052053753
2019-06-06,All-Floors,Alumni,26,248,735762,57944711501,5589582148,63534293649
2019-06-06,All-Floors,Others(HKUST),20,116,1148577,45242985464,9568323711,54811309175
2019-06-06,All-Floors,Non-HKUST,20,125,243804,10674345489,3499566533,14173912022
2019-06-06,All-Floors,Total,933,7140,16106531,1839664045846,162606393413,2002270439259
2019-06-07,1,Staff,5,30,328319,2467945490,84837178,2552782668
2019-06-07,1,TPG,0,0,0,0,0,0
2019-06-07,1,RPG,2,2,0,0,0,0
2019-06-07,1,UG,3,3,0,169557,125172,294729
2019-06-07,1,Alumni,0,0,0,0,0,0
2019-06-07,1,Others(HKUST),1,3,169019,12932215,6097771,19029986
2019-06-07,1,Non-HKUST,0,0,0,0,0,0
2019-06-07,1,Total,11,38,497338,2481047262,91060121,2572107383
2019-06-07,G,Staff,5,6,172798,7600289475,2328996712,9929286187
2019-06-07,G,TPG,1,1,0,78182,47633,125815
2019-06-07,G,RPG,4,4,900,71482521,14697980,86180501
2019-06-07,G,UG,1,1,0,0,0,0
2019-06-07,G,Alumni,0,0,0,0,0,0
2019-06-07,G,Others(HKUST),2,4,215659,6785722933,950989931,7736712864
2019-06-07,G,Non-HKUST,0,0,0,0,0,0
2019-06-07,G,Total,13,16,389357,14457573111,3294732256,17752305367
2019-06-07,LG1,Staff,5,5,1619,9649371,2316847,11966218
2019-06-07,LG1,TPG,0,0,0,0,0,0
2019-06-07,LG1,RPG,0,0,0,0,0,0
2019-06-07,LG1,UG,7,7,1985,91336191,11231349,102567540
2019-06-07,LG1,Alumni,0,0,0,0,0,0
2019-06-07,LG1,Others(HKUST),1,7,431637,6952003363,1957715953,8909719316
2019-06-07,LG1,Non-HKUST,2,2,0,450014,218632,668646
2019-06-07,LG1,Total,15,21,435241,7053438939,1971482781,9024921720
2019-06-07,LG3,Staff,5,55,42475,29071773,3950106,33021879
2019-06-07,LG3,TPG,2,2,0,50705,29212,79917
2019-06-07,LG3,RPG,2,2,359,133183,21864,155047
2019-06-07,LG3,UG,4,4,0,5628621,783169,6411790
2019-06-07,LG3,Alumni,0,0,0,0,0,0
2019-06-07,LG3,Others(HKUST),0,0,0,0,0,0
2019-06-07,LG3,Non-HKUST,1,1,0,4925029,10403078,15328107
2019-06-07,LG3,Total,14,64,42834,39809311,15187429,54996740
2019-06-07,LG4,Staff,3,9,0,6438009,2334463,8772472
2019-06-07,LG4,TPG,2,2,0,344276549,27719892,371996441
2019-06-07,LG4,RPG,10,10,0,558188611,83969767,642158378
2019-06-07,LG4,UG,20,41,9372,10743686220,500656503,11244342723
2019-06-07,LG4,Alumni,2,4,13871,84831746,7708459,92540205
2019-06-07,LG4,Others(HKUST),1,2,172798,29402450190,6778830079,36181280269
2019-06-07,LG4,Non-HKUST,3,3,5043,39041331,3577734,42619065
2019-06-07,LG4,Total,41,71,201084,41178912656,7404796897,48583709553
2019-06-07,All-Floors,Staff,18,105,545211,10113394118,2422435306,12535829424
2019-06-07,All-Floors,TPG,4,5,0,344405436,27796737,372202173
2019-06-07,All-Floors,RPG,18,18,1259,629804315,98689611,728493926
2019-06-07,All-Floors,UG,35,56,11357,10840820589,512796193,11353616782
2019-06-07,All-Floors,Alumni,2,4,13871,84831746,7708459,92540205
2019-06-07,All-Floors,Others(HKUST),3,16,989113,43153108701,9693633734,52846742435
2019-06-07,All-Floors,Non-HKUST,5,6,5043,44416374,14199444,58615818
2019-06-07,All-Floors,Total,85,210,1565854,65210781279,12777259484,77988040763
2019-06-08,1,Staff,10,42,349945,2670608427,197690446,2868298873
2019-06-08,1,TPG,51,455,1556792,130740064547,12286861495,143026926042
2019-06-08,1,RPG,11,81,274515,21419962345,13530452982,34950415327
2019-06-08,1,UG,18,81,327138,26244929069,1894298350,28139227419
2019-06-08,1,Alumni,8,74,212223,10282693709,1191147381,11473841090
2019-06-08,1,Others(HKUST),1,2,172798,6517208,2751682,9268890
2019-06-08,1,Non-HKUST,4,19,45532,671117573,53490810,724608383
2019-06-08,1,Total,103,754,2938943,192035892878,29156693146,221192586024
2019-06-08,G,Staff,38,134,293601,28521684896,7314662924,35836347820
2019-06-08,G,TPG,98,338,538422,75071228526,10654027862,85725256388
2019-06-08,G,RPG,35,110,274341,9568526844,828423000,10396949844
2019-06-08,G,UG,69,208,272530,50018191992,3639884555,53658076547
2019-06-08,G,Alumni,30,121,261929,58986359955,5781088722,64767448677
2019-06-08,G,Others(HKUST),4,8,173161,6089599574,673730975,6763330549
2019-06-08,G,Non-HKUST,14,34,27181,1364056022,91381633,1455437655
2019-06-08,G,Total,288,953,1841165,229619647809,28983199671,258602847480
2019-06-08,LG1,Staff,17,85,82440,17929877373,708826856,18638704229
2019-06-08,LG1,TPG,120,859,2220591,335519262259,46199014362,381718276621
2019-06-08,LG1,RPG,42,180,424535,32111190990,4789954072,36901145062
2019-06-08,LG1,UG,111,564,1402397,138743742161,13782898807,152526640968
2019-06-08,LG1,Alumni,30,167,513404,67026335647,7839613118,74865948765
2019-06-08,LG1,Others(HKUST),3,15,432175,5040235312,1436332717,6476568029
2019-06-08,LG1,Non-HKUST,10,30,49491,8443215974,8153056445,16596272419
2019-06-08,LG1,Total,333,1900,5125033,604813859716,82909696377,687723556093
2019-06-08,LG3,Staff,20,81,92720,4420808944,456946402,4877755346
2019-06-08,LG3,TPG,23,117,394212,18254951166,2675679441,20930630607
2019-06-08,LG3,RPG,20,57,138940,15840575408,775945492,16616520900
2019-06-08,LG3,UG,36,165,247291,46833853372,1631533052,48465386424
2019-06-08,LG3,Alumni,13,76,224118,59944381933,3382021940,63326403873
2019-06-08,LG3,Others(HKUST),1,4,722,2570717,883692,3454409
2019-06-08,LG3,Non-HKUST,3,7,2884,35423576,8626205,44049781
2019-06-08,LG3,Total,116,507,1100887,145332565116,8931636224,154264201340
2019-06-08,LG4,Staff,13,36,78140,14690187712,652260145,15342447857
2019-06-08,LG4,TPG,22,50,85842,17284988820,4874795566,22159784386
2019-06-08,LG4,RPG,21,54,66794,7927872636,1064695635,8992568271
2019-06-08,LG4,UG,39,98,178383,59653900613,1597828248,61251728861
2019-06-08,LG4,Alumni,16,120,365054,36990264776,6198302450,43188567226
2019-06-08,LG4,Others(HKUST),6,27,255421,58318975026,11813442973,70132417999
2019-06-08,LG4,Non-HKUST,9,40,132278,9156790552,1855291788,11012082340
2019-06-08,LG4,Total,126,425,1161912,204022980135,28056616805,232079596940
2019-06-08,All-Floors,Staff,64,378,896846,68233167352,9330386773,77563554125
2019-06-08,All-Floors,TPG,171,1819,4795859,576870495318,76690378726,653560874044
2019-06-08,All-Floors,RPG,85,482,1179125,86868128223,20989471181,107857599404
2019-06-08,All-Floors,UG,170,1116,2427739,321494617207,22546443012,344041060219
2019-06-08,All-Floors,Alumni,54,558,1576728,233230036020,24392173611,257622209631
2019-06-08,All-Floors,Others(HKUST),8,56,1034277,69457897837,13927142039,83385039876
2019-06-08,All-Floors,Non-HKUST,24,130,257366,19670603697,10161846881,29832450578
2019-06-08,All-Floors,Total,576,4539,12167940,1375824945654,178037842223,1553862787877
2019-06-09,1,Staff,12,64,263017,3487431105,200821439,3688252544
2019-06-09,1,TPG,34,242,774557,78962092083,7339719645,86301811728
2019-06-09,1,RPG,10,46,120249,2041038930,979146394,3020185324
2019-06-09,1,UG,20,85,235822,10691491048,1355806806,12047297854
2019-06-09,1,Alumni,7,47,152635,9791444109,887949701,10679393810
2019-06-09,1,Others(HKUST),2,5,170464,16063745,6819134,22882879
2019-06-09,1,Non-HKUST,3,6,43744,203403553,71787922,275191475
2019-06-09,1,Total,88,495,1760488,105192964573,10842051041,116035015614
2019-06-09,G,Staff,24,151,269462,23945293947,8054764399,32000058346
2019-06-09,G,TPG,78,236,427337,62210664874,9011254455,71221919329
2019-06-09,G,RPG,28,58,74707,12949880469,2541589366,15491469835
2019-06-09,G,UG,51,149,263357,25962357287,1437610622,27399967909
2019-06-09,G,Alumni,27,77,127086,30227499222,2440416140,32667915362
2019-06-09,G,Others(HKUST),6,14,179101,11183636981,1507172194,12690809175
2019-06-09,G,Non-HKUST,11,20,1261,5352942479,202171654,5555114133
2019-06-09,G,Total,225,705,1342311,171832275259,25194978830,197027254089
2019-06-09,LG1,Staff,18,68,104041,6323535374,588712491,6912247865
2019-06-09,LG1,TPG,99,532,1359217,187274489835,17716517830,204991007665
2019-06-09,LG1,RPG,30,172,316133,35865883653,2231347179,38097230832
2019-06-09,LG1,UG,64,340,656861,38253386160,3714869658,41968255818
2019-06-09,LG1,Alumni,25,110,384844,25955398589,7974955428,33930354017
2019-06-09,LG1,Others(HKUST),4,35,446060,8733241312,1883425150,10616666462
2019-06-09,LG1,Non-HKUST,8,34,35650,2164446522,2330230450,4494676972
2019-06-09,LG1,Total,248,1291,3302806,304570381445,36440058186,341010439631
2019-06-09,LG3,Staff,17,149,148137,8985229219,501683017,9486912236
2019-06-09,LG3,TPG,24,103,236370,18786330924,1163982996,19950313920
2019-06-09,LG3,RPG,18,58,270743,29923367071,2204397280,32127764351
2019-06-09,LG3,UG,23,48,61193,1478220967,1503111434,2981332401
2019-06-09,LG3,Alumni,8,27,33854,1924311477,146935485,2071246962
2019-06-09,LG3,Others(HKUST),0,0,0,0,0,0
2019-06-09,LG3,Non-HKUST,5,13,44278,1548757574,210750292,1759507866
2019-06-09,LG3,Total,95,398,794575,62646217232,5730860504,68377077736
2019-06-09,LG4,Staff,14,50,72012,4242218192,463541080,4705759272
2019-06-09,LG4,TPG,21,67,109972,13127678441,3984512427,17112190868
2019-06-09,LG4,RPG,28,49,50938,6648292880,2405345717,9053638597
2019-06-09,LG4,UG,31,68,68403,11614690978,541536203,12156227181
2019-06-09,LG4,Alumni,13,73,212763,27876821886,1469850009,29346671895
2019-06-09,LG4,Others(HKUST),3,16,222656,40389710290,8932962658,49322672948
2019-06-09,LG4,Non-HKUST,9,34,72906,6553796710,1071234454,7625031164
2019-06-09,LG4,Total,119,357,809650,110453209377,18868982548,129322191925
2019-06-09,All-Floors,Staff,53,482,856669,46983707837,9809522426,56793230263
2019-06-09,All-Floors,TPG,148,1180,2907453,360361256157,39215987353,399577243510
2019-06-09,All-Floors,RPG,83,383,832770,87428463003,10361825936,97790288939
2019-06-09,All-Floors,UG,133,690,1285636,88000146440,8552934723,96553081163
2019-06-09,All-Floors,Alumni,47,334,911182,95775475283,12920106763,108695582046
2019-06-09,All-Floors,Others(HKUST),9,70,1018281,60322652328,12330379136,72653031464
2019-06-09,All-Floors,Non-HKUST,17,107,197839,15823346838,3886174772,19709521610
2019-06-09,All-Floors,Total,490,3246,8009830,754695047886,97076931109,851771978995
2019-06-10,1,Staff,64,636,1206062,28900427834,6020072385,34920500219
2019-06-10,1,TPG,62,547,2067402,141384037725,13048401853,154432439578
2019-06-10,1,RPG,15,122,386811,12006284714,1063711691,13069996405
2019-06-10,1,UG,31,211,593193,47710270361,5395354494,53105624855
2019-06-10,1,Alumni,5,80,204593,18001090066,2573742869,20574832935
2019-06-10,1,Others(HKUST),2,3,172978,6968211,3879626,10847837
2019-06-10,1,Non-HKUST,3,10,26082,106515091,11346021,117861112
2019-06-10,1,Total,182,1609,4657121,248115594002,28116508939,276232102941
2019-06-10,G,Staff,125,635,939304,87636111114,10801347587,98437458701
2019-06-10,G,TPG,153,619,1053982,109295091896,40358890659,149653982555
2019-06-10,G,RPG,72,234,450248,38720184403,22249944082,60970128485
2019-06-10,G,UG,138,488,943667,79620961421,9927920722,89548882143
2019-06-10,G,Alumni,17,103,161309,22430489713,1346935304,23777425017
2019-06-10,G,Others(HKUST),6,19,231478,11598507231,890561081,12489068312
2019-06-10,G,Non-HKUST,11,46,102937,2034422383,224480012,2258902395
2019-06-10,G,Total,522,2144,3882925,351335768161,85800079447,437135847608
2019-06-10,LG1,Staff,76,368,318192,41222493077,4349305367,45571798444
2019-06-10,LG1,TPG,164,1250,3182215,252712232971,31214808396,283927041367
2019-06-10,LG1,RPG,75,395,858747,50747301620,5870144095,56617445715
2019-06-10,LG1,UG,183,806,1209941,142234965460,9093104283,151328069743
2019-06-10,LG1,Alumni,15,158,334747,29333028382,9982816903,39315845285
2019-06-10,LG1,Others(HKUST),4,17,464056,379118559,87360637,466479196
2019-06-10,LG1,Non-HKUST,7,12,1081,828891491,36848402,865739893
2019-06-10,LG1,Total,524,3006,6368979,517458031560,60634388083,578092419643
2019-06-10,LG3,Staff,50,345,319789,68285225515,4128578724,72413804239
2019-06-10,LG3,TPG,29,147,427847,34959230750,4066629533,39025860283
2019-06-10,LG3,RPG,44,177,478068,45737159257,3028343801,48765503058
2019-06-10,LG3,UG,45,153,303759,27211635963,1656555165,28868191128
2019-06-10,LG3,Alumni,4,8,17979,1770854479,74064295,1844918774
2019-06-10,LG3,Others(HKUST),4,5,360,2991026,1081864,4072890
2019-06-10,LG3,Non-HKUST,2,2,0,1976388,734153,2710541
2019-06-10,LG3,Total,178,837,1547802,177969073378,12955987535,190925060913
2019-06-10,LG4,Staff,38,136,92957,6178801486,1683976199,7862777685
2019-06-10,LG4,TPG,22,81,145200,15119471504,1245286518,16364758022
2019-06-10,LG4,RPG,36,108,211726,25560410847,2079817943,27640228790
2019-06-10,LG4,UG,54,188,217588,46195015872,7049560707,53244576579
2019-06-10,LG4,Alumni,8,56,287851,24809692880,2244765690,27054458570
2019-06-10,LG4,Others(HKUST),4,22,206633,29644681420,6830107193,36474788613
2019-06-10,LG4,Non-HKUST,3,27,31359,731588811,73856248,805445059
2019-06-10,LG4,Total,165,618,1193314,148239662820,21207370498,169447033318
2019-06-10,All-Floors,Staff,187,2120,2876304,232223059026,26983280262,259206339288
2019-06-10,All-Floors,TPG,235,2644,6876646,553470064846,89934016959,643404081805
2019-06-10,All-Floors,RPG,153,1036,2385600,172771340841,34291961612,207063302453
2019-06-10,All-Floors,UG,297,1846,3268148,342972849077,33122495371,376095344448
2019-06-10,All-Floors,Alumni,27,405,1006479,96345155520,16222325061,112567480581
2019-06-10,All-Floors,Others(HKUST),10,66,1075505,41632266447,7812990401,49445256848
2019-06-10,All-Floors,Non-HKUST,15,97,161459,3703394164,347264836,4050659000
2019-06-10,All-Floors,Total,924,8214,17650141,1443118129921,208714334502,1651832464423
2019-06-11,1,Staff,75,899,1241726,68888515681,12544280953,81432796634
2019-06-11,1,TPG,51,453,1686110,131092306936,12338094585,143430401521
2019-06-11,1,RPG,21,186,588720,55013100537,3454989120,58468089657
2019-06-11,1,UG,30,287,727681,83851379096,16741934936,100593314032
2019-06-11,1,Alumni,6,60,181412,13873104473,1002075359,14875179832
2019-06-11,1,Others(HKUST),3,8,159323,270036670,33394243,303430913
2019-06-11,1,Non-HKUST,3,6,30604,83493685,9441208,92934893
2019-06-11,1,Total,189,1899,4615576,353071937078,46124210404,399196147482
2019-06-11,G,Staff,144,701,910072,51561277904,9803863271,61365141175
2019-06-11,G,TPG,128,488,894241,98692126501,12148619702,110840746203
2019-06-11,G,RPG,83,266,319803,38026814351,3806796493,41833610844
2019-06-11,G,UG,152,507,956125,121206472378,8824286523,130030758901
2019-06-11,G,Alumni,20,143,237110,23825454981,1554361776,25379816757
2019-06-11,G,Others(HKUST),11,35,252264,7306355378,679372362,7985727740
2019-06-11,G,Non-HKUST,8,16,14417,1123789834,75817832,1199607666
2019-06-11,G,Total,546,2156,3584032,341742291327,36893117959,378635409286
2019-06-11,LG1,Staff,80,301,326809,73339089969,3167394602,76506484571
2019-06-11,LG1,TPG,145,1286,3085512,521014769293,39866407399,560881176692
2019-06-11,LG1,RPG,81,452,966510,213607313153,41609431387,255216744540
2019-06-11,LG1,UG,170,843,1597978,214691201480,19115956175,233807157655
2019-06-11,LG1,Alumni,18,248,500686,140677937898,114662553632,255340491530
2019-06-11,LG1,Others(HKUST),7,52,483667,16861573799,487387258,17348961057
2019-06-11,LG1,Non-HKUST,4,17,62223,1291704675,1705900106,2997604781
2019-06-11,LG1,Total,505,3199,7023385,1181483590267,220615030559,1402098620826
2019-06-11,LG3,Staff,55,310,333968,24427928586,1200006148,25627934734
2019-06-11,LG3,TPG,27,209,450249,36407685591,5907193279,42314878870
2019-06-11,LG3,RPG,41,214,628197,54388115804,6465901783,60854017587
2019-06-11,LG3,UG,71,334,427845,60066305784,3895989999,63962295783
2019-06-11,LG3,Alumni,3,23,87279,5553647049,334863738,5888510787
2019-06-11,LG3,Others(HKUST),3,12,1075,3516399970,103011926,3619411896
2019-06-11,LG3,Non-HKUST,2,3,11888,91881982,20289528,112171510
2019-06-11,LG3,Total,202,1105,1940501,184451964766,17927256401,202379221167
2019-06-11,LG4,Staff,42,161,101457,13211902468,1462939999,14674842467
2019-06-11,LG4,TPG,14,83,227846,28051395636,1637377679,29688773315
2019-06-11,LG4,RPG,43,113,263323,51722794730,1939469574,53662264304
2019-06-11,LG4,UG,64,175,245979,30836040610,2106955938,32942996548
2019-06-11,LG4,Alumni,6,53,126189,13350800008,1982719364,15333519372
2019-06-11,LG4,Others(HKUST),5,31,223402,32957241200,6924086292,39881327492
2019-06-11,LG4,Non-HKUST,3,7,10267,781910688,20681487,802592175
2019-06-11,LG4,Total,177,623,1198463,170912085340,16074230333,186986315673
2019-06-11,All-Floors,Staff,214,2372,2914032,231428714608,28178484973,259607199581
2019-06-11,All-Floors,TPG,212,2519,6343958,815258283957,71897692644,887155976601
2019-06-11,All-Floors,RPG,160,1231,2766553,412758138575,57276588357,470034726932
2019-06-11,All-Floors,UG,296,2146,3955608,510651399348,50685123571,561336522919
2019-06-11,All-Floors,Alumni,33,527,1132676,197280944409,119536573869,316817518278
2019-06-11,All-Floors,Others(HKUST),15,138,1119731,60911607017,8227252081,69138859098
2019-06-11,All-Floors,Non-HKUST,13,49,129399,3372780864,1832130161,5204911025
2019-06-11,All-Floors,Total,943,8982,18361957,2231661868778,337633845656,2569295714434
2019-06-12,1,Staff,61,545,1106340,54710590719,9218028392,63928619111
2019-06-12,1,TPG,55,521,2303748,191126518639,19476721071,210603239710
2019-06-12,1,RPG,13,91,318407,10917591898,724106410,11641698308
2019-06-12,1,UG,27,191,538874,50408454665,3044197492,53452652157
2019-06-12,1,Alumni,10,90,286714,33675648380,1367614142,35043262522
2019-06-12,1,Others(HKUST),4,8,171522,174597989,104324752,278922741
2019-06-12,1,Non-HKUST,6,22,121295,7366675726,242347118,7609022844
2019-06-12,1,Total,176,1468,4846900,348380078016,34177339377,382557417393
2019-06-12,G,Staff,142,622,1130847,66908375243,18104401554,85012776797
2019-06-12,G,TPG,136,555,1192059,153983261791,12471830086,166455091877
2019-06-12,G,RPG,75,209,517232,31320856583,10071412081,41392268664
2019-06-12,G,UG,108,387,656547,61822770836,22307962048,84130732884
2019-06-12,G,Alumni,32,187,261112,48028874430,5621858930,53650733360
2019-06-12,G,Others(HKUST),13,50,383974,9511697448,1133352748,10645050196
2019-06-12,G,Non-HKUST,19,63,66741,21167732012,2538530310,23706262322
2019-06-12,G,Total,525,2073,4208512,392743568343,72249347757,464992916100
2019-06-12,LG1,Staff,73,362,275378,30001986965,2371985224,32373972189
2019-06-12,LG1,TPG,162,1463,3439343,551809776346,70817951263,622627727609
2019-06-12,LG1,RPG,85,505,994762,115265090055,8789310415,124054400470
2019-06-12,LG1,UG,111,605,1288882,185327808529,10718075969,196045884498
2019-06-12,LG1,Alumni,18,226,564908,148978737861,65400665767,214379403628
2019-06-12,LG1,Others(HKUST),8,66,493368,21345839117,907912655,22253751772
2019-06-12,LG1,Non-HKUST,13,80,110302,7259215083,1242887244,8502102327
2019-06-12,LG1,Total,470,3307,7166943,1059988453956,160248788537,1220237242493
2019-06-12,LG3,Staff,49,254,348693,44038757483,2544691206,46583448689
2019-06-12,LG3,TPG,33,196,528231,40942455713,2673255739,43615711452
2019-06-12,LG3,RPG,30,145,460999,26177467126,2371518897,28548986023
2019-06-12,LG3,UG,38,138,268482,32408182159,3159547304,35567729463
2019-06-12,LG3,Alumni,5,25,87651,5823330221,2645250487,8468580708
2019-06-12,LG3,Others(HKUST),3,14,362,3987025353,86325033,4073350386
2019-06-12,LG3,Non-HKUST,1,14,10243,6715639721,1776643866,8492283587
2019-06-12,LG3,Total,159,786,1704661,160092857776,15257232532,175350090308
2019-06-12,LG4,Staff,45,134,87547,13388458243,925586457,14314044700
2019-06-12,LG4,TPG,24,117,357167,43239394789,3701914686,46941309475
2019-06-12,LG4,RPG,39,97,320266,35480111093,4899732029,40379843122
2019-06-12,LG4,UG,42,103,168944,38184928350,1355485045,39540413395
2019-06-12,LG4,Alumni,9,88,229379,27329648179,4425465735,31755113914
2019-06-12,LG4,Others(HKUST),11,33,194183,34231075330,7085934682,41317010012
2019-06-12,LG4,Non-HKUST,5,12,15871,843273946,78315166,921589112
2019-06-12,LG4,Total,175,584,1373357,192696889930,22472433800,215169323730
2019-06-12,All-Floors,Staff,206,1917,2948805,209048168653,33164692833,242212861486
2019-06-12,All-Floors,TPG,241,2852,7820548,981101407278,109141672845,1090243080123
2019-06-12,All-Floors,RPG,168,1047,2611666,219161116755,26856079832,246017196587
2019-06-12,All-Floors,UG,219,1424,2921729,368152144539,40585267858,408737412397
2019-06-12,All-Floors,Alumni,35,616,1429764,263836239071,79460855061,343297094132
2019-06-12,All-Floors,Others(HKUST),22,171,1243409,69250235237,9317849870,78568085107
2019-06-12,All-Floors,Non-HKUST,25,191,324452,43352536488,5878723704,49231260192
2019-06-12,All-Floors,Total,916,8218,19300373,2153901848021,304405142003,2458306990024
2019-06-13,1,Staff,66,735,1306937,98386452733,6486046087,104872498820
2019-06-13,1,TPG,47,506,2006952,164196139346,13289881184,177486020530
2019-06-13,1,RPG,14,129,386094,16969648249,1173579301,18143227550
2019-06-13,1,UG,28,241,593330,36884079334,6923498504,43807577838
2019-06-13,1,Alumni,8,76,301452,13043831278,1316385195,14360216473
2019-06-13,1,Others(HKUST),3,18,176576,153785739,21727632,175513371
2019-06-13,1,Non-HKUST,4,25,44110,888714281,58246606,946960887
2019-06-13,1,Total,170,1730,4815451,330522650960,29269364509,359792015469
2019-06-13,G,Staff,137,737,1131097,86255219883,12589972500,98845192383
2019-06-13,G,TPG,161,522,954116,105224806684,13127463270,118352269954
2019-06-13,G,RPG,73,223,494442,28664787727,3327327661,31992115388
2019-06-13,G,UG,134,415,575537,65206934428,4571225300,69778159728
2019-06-13,G,Alumni,28,138,229074,23014402438,3506218109,26520620547
2019-06-13,G,Others(HKUST),10,38,331328,10131505147,820436955,10951942102
2019-06-13,G,Non-HKUST,34,95,75559,10048918187,953999770,11002917957
2019-06-13,G,Total,577,2168,3791153,328546574494,38896643565,367443218059
2019-06-13,LG1,Staff,92,456,323710,47456508079,3040141013,50496649092
2019-06-13,LG1,TPG,169,1381,3291144,400452783884,72439161350,472891945234
2019-06-13,LG1,RPG,88,510,1129099,108334368154,21985964697,130320332851
2019-06-13,LG1,UG,140,786,1703061,238761642094,33606345403,272367987497
2019-06-13,LG1,Alumni,17,114,302934,30573000059,4662113426,35235113485
2019-06-13,LG1,Others(HKUST),9,35,484011,1368441264,158540226,1526981490
2019-06-13,LG1,Non-HKUST,19,154,367174,70048888623,36758407493,106807296116
2019-06-13,LG1,Total,534,3436,7601133,896995632157,172650673608,1069646305765
2019-06-13,LG3,Staff,46,287,381708,31710124015,3590745775,35300869790
2019-06-13,LG3,TPG,33,249,569677,89026471787,33276787363,122303259150
2019-06-13,LG3,RPG,39,231,488465,41954693183,2646746996,44601440179
2019-06-13,LG3,UG,82,263,343793,66086279624,17726437108,83812716732
2019-06-13,LG3,Alumni,7,40,117526,3945186622,306545916,4251732538
2019-06-13,LG3,Others(HKUST),5,11,1439,26726273,3799008,30525281
2019-06-13,LG3,Non-HKUST,7,8,1074,99639740,8613197,108252937
2019-06-13,LG3,Total,219,1089,1903682,232849121244,57559675363,290408796607
2019-06-13,LG4,Staff,58,209,87022,16217952902,1570458032,17788410934
2019-06-13,LG4,TPG,27,84,192650,24901012555,2345705399,27246717954
2019-06-13,LG4,RPG,28,62,197113,27575679188,1417172427,28992851615
2019-06-13,LG4,UG,73,189,283420,76976299574,3134754390,80111053964
2019-06-13,LG4,Alumni,11,106,300717,26963539535,7867221709,34830761244
2019-06-13,LG4,Others(HKUST),8,20,197997,30015861209,6847999081,36863860290
2019-06-13,LG4,Non-HKUST,11,30,80924,6856880333,253990373,7110870706
2019-06-13,LG4,Total,216,700,1339843,209507225296,23437301411,232944526707
2019-06-13,All-Floors,Staff,208,2424,3230474,280026257612,27277363407,307303621019
2019-06-13,All-Floors,TPG,234,2742,7014539,783801214256,134478998566,918280212822
2019-06-13,All-Floors,RPG,162,1155,2695213,223499176501,30550791082,254049967583
2019-06-13,All-Floors,UG,277,1894,3499141,483915235054,65962260705,549877495759
2019-06-13,All-Floors,Alumni,36,474,1251703,97539959932,17658484355,115198444287
2019-06-13,All-Floors,Others(HKUST),17,122,1191351,41696319632,7852502902,49548822534
2019-06-13,All-Floors,Non-HKUST,43,312,568841,87943041164,38033257439,125976298603
2019-06-13,All-Floors,Total,977,9123,19451262,1998421204151,321813658456,2320234862607
2019-06-14,1,Staff,58,598,1146078,47390077248,7655287957,55045365205
2019-06-14,1,TPG,51,522,2030243,163617878376,11763226554,175381104930
2019-06-14,1,RPG,22,113,431011,20953770345,1437709520,22391479865
2019-06-14,1,UG,32,236,601780,91688270704,5839700346,97527971050
2019-06-14,1,Alumni,7,142,326777,26482658960,1266601867,27749260827
2019-06-14,1,Others(HKUST),3,16,153007,867761657,31856188,899617845
2019-06-14,1,Non-HKUST,7,18,74518,6504640999,397581198,6902222197
2019-06-14,1,Total,180,1645,4763414,357505058289,28391963630,385897021919
2019-06-14,G,Staff,119,512,956446,65437278715,17423443236,82860721951
2019-06-14,G,TPG,157,557,954380,117772184864,8727333660,126499518524
2019-06-14,G,RPG,70,309,495495,37893139842,2539150651,40432290493
2019-06-14,G,UG,137,465,738726,88401084637,5794745181,94195829818
2019-06-14,G,Alumni,23,115,153410,23956396832,1194009335,25150406167
2019-06-14,G,Others(HKUST),8,22,304765,6703221769,538790896,7242012665
2019-06-14,G,Non-HKUST,21,62,134124,4061432741,478562353,4539995094
2019-06-14,G,Total,535,2042,3737346,344224739400,36696035312,380920774712
2019-06-14,LG1,Staff,68,334,319306,38891977803,4641748410,43533726213
2019-06-14,LG1,TPG,174,1403,2936188,412127301034,37918241764,450045542798
2019-06-14,LG1,RPG,59,310,606163,55433620979,3735974872,59169595851
2019-06-14,LG1,UG,156,718,1527025,191009963364,13718955929,204728919293
2019-06-14,LG1,Alumni,20,198,500913,53538151142,3772511529,57310662671
2019-06-14,LG1,Others(HKUST),7,35,524843,1680238047,532071709,2212309756
2019-06-14,LG1,Non-HKUST,16,137,386303,24764348148,1911308538,26675656686
2019-06-14,LG1,Total,500,3135,6800741,777445600517,66230812751,843676413268
2019-06-14,LG3,Staff,48,230,265757,51650362538,5008695615,56659058153
2019-06-14,LG3,TPG,39,340,537207,82368033712,5482611629,87850645341
2019-06-14,LG3,RPG,27,114,296398,19165616782,1569508996,20735125778
2019-06-14,LG3,UG,73,181,247810,37852829785,2981041049,40833870834
2019-06-14,LG3,Alumni,6,52,109115,14823451857,1807517902,16630969759
2019-06-14,LG3,Others(HKUST),1,1,0,4788,4442,9230
2019-06-14,LG3,Non-HKUST,7,12,31337,1243046994,200059368,1443106362
2019-06-14,LG3,Total,201,930,1487624,207103346456,17049439001,224152785457
2019-06-14,LG4,Staff,47,167,118492,23109875138,1145645130,24255520268
2019-06-14,LG4,TPG,27,123,348857,44043018027,5266546335,49309564362
2019-06-14,LG4,RPG,26,46,100201,18846090078,672132202,19518222280
2019-06-14,LG4,UG,69,257,593903,88608175440,7141941887,95750117327
2019-06-14,LG4,Alumni,11,49,204425,16751483004,1566549255,18318032259
2019-06-14,LG4,Others(HKUST),5,28,221911,64248304756,12195195636,76443500392
2019-06-14,LG4,Non-HKUST,8,12,10091,981056518,44992964,1026049482
2019-06-14,LG4,Total,193,682,1597880,256588002961,28033003409,284621006370
2019-06-14,All-Floors,Staff,196,1841,2806079,226479571442,35874820348,262354391790
2019-06-14,All-Floors,TPG,246,2945,6806875,819928416013,69157959942,889086375955
2019-06-14,All-Floors,RPG,132,892,1929268,152292238026,9954476241,162246714267
2019-06-14,All-Floors,UG,313,1857,3709244,497560323930,35476384392,533036708322
2019-06-14,All-Floors,Alumni,37,556,1294640,135552141795,9607189888,145159331683
2019-06-14,All-Floors,Others(HKUST),14,102,1204526,73499531017,13297918871,86797449888
2019-06-14,All-Floors,Non-HKUST,42,241,636373,37554525400,3032504421,40587029821
2019-06-14,All-Floors,Total,980,8434,18387005,1942866747623,176401254103,2119268001726
2019-06-15,1,Staff,9,60,309630,6560223783,389555889,6949779672
2019-06-15,1,TPG,14,94,310702,19380806728,2184490667,21565297395
2019-06-15,1,RPG,15,63,230925,8434600985,531708982,8966309967
2019-06-15,1,UG,19,94,296473,48769002941,2410683131,51179686072
2019-06-15,1,Alumni,7,35,143273,9411532678,491841381,9903374059
2019-06-15,1,Others(HKUST),1,19,105859,32868479,6653462,39521941
2019-06-15,1,Non-HKUST,8,22,67688,4147658329,579329196,4726987525
2019-06-15,1,Total,73,387,1464550,96736693923,6594262708,103330956631
2019-06-15,G,Staff,32,96,269469,33533736528,5868836038,39402572566
2019-06-15,G,TPG,74,206,365916,36116782014,4774406680,40891188694
2019-06-15,G,RPG,38,115,246296,17410774514,2284441617,19695216131
2019-06-15,G,UG,90,267,433108,38854008597,5036023128,43890031725
2019-06-15,G,Alumni,27,95,183796,18247212718,1106620741,19353833459
2019-06-15,G,Others(HKUST),6,14,270186,6624658585,517673076,7142331661
2019-06-15,G,Non-HKUST,16,40,44834,5438066726,356092874,5794159600
2019-06-15,G,Total,283,833,1813605,156225239682,19944094154,176169333836
2019-06-15,LG1,Staff,24,124,167415,30402911575,2431664873,32834576448
2019-06-15,LG1,TPG,112,819,2051840,214242405470,18556523146,232798928616
2019-06-15,LG1,RPG,55,349,694616,97450555077,5234086576,102684641653
2019-06-15,LG1,UG,113,631,1225838,128218317864,7219727097,135438044961
2019-06-15,LG1,Alumni,18,53,115358,23844390613,2624023179,26468413792
2019-06-15,LG1,Others(HKUST),4,22,501294,1558850251,336781253,1895631504
2019-06-15,LG1,Non-HKUST,13,64,93581,25913270697,1025154509,26938425206
2019-06-15,LG1,Total,339,2062,4849942,521630701547,37427960633,559058662180
2019-06-15,LG3,Staff,20,141,159520,9160412694,1453022449,10613435143
2019-06-15,LG3,TPG,17,145,339307,23507489335,2925070585,26432559920
2019-06-15,LG3,RPG,17,65,144376,18180227535,1801392772,19981620307
2019-06-15,LG3,UG,56,201,198916,22111435113,2362209635,24473644748
2019-06-15,LG3,Alumni,10,41,115206,5125053700,478649757,5603703457
2019-06-15,LG3,Others(HKUST),2,4,0,550314957,147153954,697468911
2019-06-15,LG3,Non-HKUST,5,15,29326,1612814243,76285383,1689099626
2019-06-15,LG3,Total,127,612,986651,80247747577,9243784535,89491532112
2019-06-15,LG4,Staff,12,45,88584,14295464025,496303287,14791767312
2019-06-15,LG4,TPG,15,44,122774,16144634841,1419982728,17564617569
2019-06-15,LG4,RPG,22,37,96130,7552245046,295600526,7847845572
2019-06-15,LG4,UG,63,159,244448,100676385975,7091528345,107767914320
2019-06-15,LG4,Alumni,8,43,118994,24604563100,938891472,25543454572
2019-06-15,LG4,Others(HKUST),3,24,219423,42109125781,9338776693,51447902474
2019-06-15,LG4,Non-HKUST,9,23,34384,12562731190,999851896,13562583086
2019-06-15,LG4,Total,132,375,924737,217945149958,20580934947,238526084905
2019-06-15,All-Floors,Staff,67,466,994618,93952748605,10639382536,104592131141
2019-06-15,All-Floors,TPG,142,1308,3190539,309392118388,29860473806,339252592194
2019-06-15,All-Floors,RPG,105,629,1412343,149028403157,10147230473,159175633630
2019-06-15,All-Floors,UG,223,1352,2398783,338629150490,24120171336,362749321826
2019-06-15,All-Floors,Alumni,44,267,676627,81232752809,5640026530,86872779339
2019-06-15,All-Floors,Others(HKUST),9,83,1096762,50875818053,10347038438,61222856491
2019-06-15,All-Floors,Non-HKUST,32,164,269813,49674541185,3036713858,52711255043
2019-06-15,All-Floors,Total,622,4269,10039485,1072785532687,93791036977,1166576569664
2019-06-16,1,Staff,11,97,315187,4921153893,505730599,5426884492
2019-06-16,1,TPG,12,56,273223,38837738437,2025019662,40862758099
2019-06-16,1,RPG,11,49,181619,6412962567,916123313,7329085880
2019-06-16,1,UG,18,66,297184,30432365631,1376373152,31808738783
2019-06-16,1,Alumni,7,47,134095,48554934441,3358155829,51913090270
2019-06-16,1,Others(HKUST),1,9,147769,803097047,23549479,826646526
2019-06-16,1,Non-HKUST,2,6,21420,284603762,217429445,502033207
2019-06-16,1,Total,62,330,1370497,130246855778,8422381479,138669237257
2019-06-16,G,Staff,26,131,293384,19571371643,3680940496,23252312139
2019-06-16,G,TPG,42,152,205727,17423850108,2420388156,19844238264
2019-06-16,G,RPG,32,97,179612,6696935880,563431499,7260367379
2019-06-16,G,UG,55,194,242639,24254385253,2165431880,26419817133
2019-06-16,G,Alumni,23,74,99548,11060300034,2138559270,13198859304
2019-06-16,G,Others(HKUST),3,13,289945,12598760294,875918941,13474679235
2019-06-16,G,Non-HKUST,17,50,54379,8538868761,827147056,9366015817
2019-06-16,G,Total,198,711,1365234,100144471973,12671817298,112816289271
2019-06-16,LG1,Staff,18,79,110871,16103634267,1137656340,17241290607
2019-06-16,LG1,TPG,56,387,857575,102609312315,9140797606,111750109921
2019-06-16,LG1,RPG,40,133,188618,15006914796,1514828701,16521743497
2019-06-16,LG1,UG,73,343,782946,79075159458,19258570807,98333730265
2019-06-16,LG1,Alumni,10,74,193452,16298006168,851520899,17149527067
2019-06-16,LG1,Others(HKUST),3,12,469609,839380477,172308212,1011688689
2019-06-16,LG1,Non-HKUST,14,70,131956,5954714603,606127394,6560841997
2019-06-16,LG1,Total,214,1098,2735027,235887122084,32681809959,268568932043
2019-06-16,LG3,Staff,14,117,127415,9479226957,367588762,9846815719
2019-06-16,LG3,TPG,14,54,109772,34584372377,1996281100,36580653477
2019-06-16,LG3,RPG,13,36,91442,4038709309,589095967,4627805276
2019-06-16,LG3,UG,37,171,283870,48593936109,2480929584,51074865693
2019-06-16,LG3,Alumni,3,19,31313,4776914755,271977557,5048892312
2019-06-16,LG3,Others(HKUST),0,0,0,0,0,0
2019-06-16,LG3,Non-HKUST,6,9,13505,1067570935,16267543,1083838478
2019-06-16,LG3,Total,87,406,657317,102540730442,5722140513,108262870955
2019-06-16,LG4,Staff,9,26,60124,7830192610,1829805375,9659997985
2019-06-16,LG4,TPG,9,18,70921,13386618203,2899471101,16286089304
2019-06-16,LG4,RPG,15,32,80609,4956284985,267499807,5223784792
2019-06-16,LG4,UG,57,110,93574,28691983346,1018169324,29710152670
2019-06-16,LG4,Alumni,8,35,85835,7759244069,322885035,8082129104
2019-06-16,LG4,Others(HKUST),4,6,174240,29893698328,6850865520,36744563848
2019-06-16,LG4,Non-HKUST,11,20,21962,221680412,85474959,307155371
2019-06-16,LG4,Total,113,247,587265,92739701953,13274171121,106013873074
2019-06-16,All-Floors,Staff,49,450,906981,57905579370,7521721572,65427300942
2019-06-16,All-Floors,TPG,90,667,1517218,206841891440,18481957625,225323849065
2019-06-16,All-Floors,RPG,76,347,721900,37111807537,3850979287,40962786824
2019-06-16,All-Floors,UG,159,884,1700213,211047829797,26299474747,237347304544
2019-06-16,All-Floors,Alumni,31,249,544243,88449399467,6943098590,95392498057
2019-06-16,All-Floors,Others(HKUST),8,40,1081563,44134936146,7922642152,52057578298
2019-06-16,All-Floors,Non-HKUST,32,155,243222,16067438473,1752446397,17819884870
2019-06-16,All-Floors,Total,445,2792,6715340,661558882230,72772320370,734331202600
2019-06-17,1,Staff,72,607,1138098,54790039753,10246261454,65036301207
2019-06-17,1,TPG,35,295,722149,53790947344,4259232979,58050180323
2019-06-17,1,RPG,20,169,570324,20785266624,3021271400,23806538024
2019-06-17,1,UG,59,417,1153298,115567173203,16107919540,131675092743
2019-06-17,1,Alumni,2,4,54544,2396118243,143997502,2540115745
2019-06-17,1,Others(HKUST),3,23,203753,5625168130,148254187,5773422317
2019-06-17,1,Non-HKUST,15,51,146703,10078997671,804417179,10883414850
2019-06-17,1,Total,206,1566,3988869,263033710968,34731354241,297765065209
2019-06-17,G,Staff,137,621,1003032,64409715420,13837027786,78246743206
2019-06-17,G,TPG,115,419,468576,83407995115,11827094720,95235089835
2019-06-17,G,RPG,83,254,382152,59232739773,2620722631,61853462404
2019-06-17,G,UG,260,763,995272,128233004252,18385382237,146618386489
2019-06-17,G,Alumni,11,66,99574,9045723813,1205815752,10251539565
2019-06-17,G,Others(HKUST),7,17,342529,7162450184,482298942,7644749126
2019-06-17,G,Non-HKUST,31,93,113763,18094024104,5445107343,23539131447
2019-06-17,G,Total,644,2233,3404898,369585652661,53803449411,423389102072
2019-06-17,LG1,Staff,92,393,405222,44892457423,10776980044,55669437467
2019-06-17,LG1,TPG,126,986,2424726,276643388454,48331617795,324975006249
2019-06-17,LG1,RPG,106,427,830470,65976789658,21124250034,87101039692
2019-06-17,LG1,UG,279,1395,2389785,254364584892,21671404700,276035989592
2019-06-17,LG1,Alumni,6,25,27009,4231609835,339663549,4571273384
2019-06-17,LG1,Others(HKUST),8,29,525815,4114873599,3191871248,7306744847
2019-06-17,LG1,Non-HKUST,20,92,217415,15131568632,2207856633,17339425265
2019-06-17,LG1,Total,637,3347,6820442,665355272493,107643644003,772998916496
2019-06-17,LG3,Staff,55,224,189784,11068050459,804423381,11872473840
2019-06-17,LG3,TPG,21,109,374735,40126856692,5205262823,45332119515
2019-06-17,LG3,RPG,33,180,562463,43120766222,6913668540,50034434762
2019-06-17,LG3,UG,99,403,681282,143496704127,10338259469,153834963596
2019-06-17,LG3,Alumni,5,39,133733,6126450393,692951739,6819402132
2019-06-17,LG3,Others(HKUST),2,19,23067,4692138714,260327041,4952465755
2019-06-17,LG3,Non-HKUST,4,7,0,37936838,96543002,134479840
2019-06-17,LG3,Total,219,981,1965064,248668903445,24311435995,272980339440
2019-06-17,LG4,Staff,41,108,127713,8810783273,1323979927,10134763200
2019-06-17,LG4,TPG,21,71,153512,34336258645,1962410111,36298668756
2019-06-17,LG4,RPG,31,62,140722,10107920278,452395814,10560316092
2019-06-17,LG4,UG,102,260,332075,25821229828,1902328452,27723558280
2019-06-17,LG4,Alumni,5,41,58788,10425942309,580138481,11006080790
2019-06-17,LG4,Others(HKUST),8,23,209484,31471048340,9668436568,41139484908
2019-06-17,LG4,Non-HKUST,12,36,96637,5112154729,538274914,5650429643
2019-06-17,LG4,Total,220,601,1118931,126085337402,16427964267,142513301669
2019-06-17,All-Floors,Staff,225,1953,2863849,183971046328,36988672592,220959718920
2019-06-17,All-Floors,TPG,183,1880,4143698,488305446250,71585618428,559891064678
2019-06-17,All-Floors,RPG,179,1092,2486131,199223482555,34132308419,233355790974
2019-06-17,All-Floors,UG,490,3238,5551712,667482696302,68405294398,735887990700
2019-06-17,All-Floors,Alumni,16,175,373648,32225844593,2962567023,35188411616
2019-06-17,All-Floors,Others(HKUST),15,111,1304648,53065678967,13751187986,66816866953
2019-06-17,All-Floors,Non-HKUST,53,279,574518,48454681974,9092199071,57546881045
2019-06-17,All-Floors,Total,1161,8728,17298204,1672728876969,236917847917,1909646724886
2019-06-18,1,Staff,65,619,1165340,86770574400,10551447045,97322021445
2019-06-18,1,TPG,36,251,960287,136195388766,5786837443,141982226209
2019-06-18,1,RPG,25,135,459527,30381588723,1779601409,32161190132
2019-06-18,1,UG,61,427,1025163,98751040830,9347512745,108098553575
2019-06-18,1,Alumni,4,43,162833,8618042701,768855719,9386898420
2019-06-18,1,Others(HKUST),3,23,177119,7228323544,191221524,7419545068
2019-06-18,1,Non-HKUST,14,50,118624,9599622306,713107063,10312729369
2019-06-18,1,Total,208,1548,4068893,377544581270,29138582948,406683164218
2019-06-18,G,Staff,123,520,975700,68428753147,10403982988,78832736135
2019-06-18,G,TPG,99,399,868955,116483469087,7196342316,123679811403
2019-06-18,G,RPG,73,261,496412,24762902742,2559669745,27322572487
2019-06-18,G,UG,244,788,1113937,115303241586,78923426634,194226668220
2019-06-18,G,Alumni,8,45,89561,10057901020,502563088,10560464108
2019-06-18,G,Others(HKUST),7,16,288585,7143642502,484809174,7628451676
2019-06-18,G,Non-HKUST,25,86,108734,12703570074,1644726552,14348296626
2019-06-18,G,Total,579,2115,3941884,354883480158,101715520497,456599000655
2019-06-18,LG1,Staff,86,380,343475,42467730523,3520990285,45988720808
2019-06-18,LG1,TPG,114,880,2447062,373061906157,55974123488,429036029645
2019-06-18,LG1,RPG,90,394,773288,82972080668,11272519086,94244599754
2019-06-18,LG1,UG,240,1402,2636005,367360075787,55147635288,422507711075
2019-06-18,LG1,Alumni,5,8,9886,409748889,44022467,453771356
2019-06-18,LG1,Others(HKUST),8,29,474498,1613858465,233617160,1847475625
2019-06-18,LG1,Non-HKUST,23,99,175619,7078201952,973552711,8051754663
2019-06-18,LG1,Total,566,3192,6859833,874963602441,127166460485,1002130062926
2019-06-18,LG3,Staff,57,327,474299,31792337729,2226714077,34019051806
2019-06-18,LG3,TPG,25,184,364818,130019958119,8373542758,138393500877
2019-06-18,LG3,RPG,35,215,619224,89458583182,42091396989,131549980171
2019-06-18,LG3,UG,78,378,632324,133329247556,11296391851,144625639407
2019-06-18,LG3,Alumni,1,2,189,14131114,2538874,16669988
2019-06-18,LG3,Others(HKUST),3,14,27584,678907768,56092110,734999878
2019-06-18,LG3,Non-HKUST,8,18,42257,5019362027,366088446,5385450473
2019-06-18,LG3,Total,207,1138,2160695,390312527495,64412765105,454725292600
2019-06-18,LG4,Staff,41,103,97084,10778054574,1444931962,12222986536
2019-06-18,LG4,TPG,16,46,147672,17618291106,895793184,18514084290
2019-06-18,LG4,RPG,23,80,254924,23411662154,1810901888,25222564042
2019-06-18,LG4,UG,98,238,317079,38713127943,2765923315,41479051258
2019-06-18,LG4,Alumni,4,20,59239,4482462684,197797502,4680260186
2019-06-18,LG4,Others(HKUST),7,33,237897,32385482646,7198187570,39583670216
2019-06-18,LG4,Non-HKUST,14,35,65375,4183942083,495334421,4679276504
2019-06-18,LG4,Total,203,555,1179270,131573023190,14808869842,146381893032
2019-06-18,All-Floors,Staff,201,1949,3055898,240237450373,28148066357,268385516730
2019-06-18,All-Floors,TPG,173,1760,4788794,773379013235,78226639189,851605652424
2019-06-18,All-Floors,RPG,162,1085,2603375,250986817469,59514089117,310500906586
2019-06-18,All-Floors,UG,436,3233,5724508,753456733702,157480889833,910937623535
2019-06-18,All-Floors,Alumni,13,118,321708,23582286408,1515777650,25098064058
2019-06-18,All-Floors,Others(HKUST),18,115,1205683,49050214925,8163927538,57214142463
2019-06-18,All-Floors,Non-HKUST,53,288,510609,38584698442,4192809193,42777507635
2019-06-18,All-Floors,Total,1056,8548,18210575,2129277214554,337242198877,2466519413431
2019-06-19,1,Staff,61,659,1239137,55094406866,8811935399,63906342265
2019-06-19,1,TPG,29,239,879551,52398015433,6600464741,58998480174
2019-06-19,1,RPG,15,81,320583,25722165605,1648830449,27370996054
2019-06-19,1,UG,71,471,1151599,104023009213,10912391537,114935400750
2019-06-19,1,Alumni,1,11,38860,444625972,140899237,585525209
2019-06-19,1,Others(HKUST),2,23,181416,4438429235,165984482,4604413717
2019-06-19,1,Non-HKUST,15,40,147928,3407762490,278898907,3686661397
2019-06-19,1,Total,194,1524,3959074,245528414814,28559404752,274087819566
2019-06-19,G,Staff,138,561,1030620,58205249707,7930902795,66136152502
2019-06-19,G,TPG,86,345,568819,47607170026,11766248144,59373418170
2019-06-19,G,RPG,71,271,576173,40117233378,5778503297,45895736675
2019-06-19,G,UG,256,802,1253084,153643104693,17217477865,170860582558
2019-06-19,G,Alumni,14,49,91162,8245695592,462050713,8707746305
2019-06-19,G,Others(HKUST),12,32,275715,12483446834,786286067,13269732901
2019-06-19,G,Non-HKUST,39,108,128559,14208867212,724454566,14933321778
2019-06-19,G,Total,616,2168,3924132,334510767442,44665923447,379176690889
2019-06-19,LG1,Staff,97,318,225639,28826261037,3611376786,32437637823
2019-06-19,LG1,TPG,115,909,1962734,248155308735,40384082311,288539391046
2019-06-19,LG1,RPG,92,412,731804,60856368015,6049335371,66905703386
2019-06-19,LG1,UG,291,1646,2926616,471903424457,38127397205,510030821662
2019-06-19,LG1,Alumni,6,26,29507,560377147,40505417,600882564
2019-06-19,LG1,Others(HKUST),9,45,511198,4867044531,1185302351,6052346882
2019-06-19,LG1,Non-HKUST,33,203,457428,51232466127,15809362390,67041828517
2019-06-19,LG1,Total,643,3559,6844926,866401250049,105207361831,971608611880
2019-06-19,LG3,Staff,55,401,470370,26072860653,4415762126,30488622779
2019-06-19,LG3,TPG,27,246,457136,58375760298,16892116797,75267877095
2019-06-19,LG3,RPG,46,214,456155,40713854114,2545718498,43259572612
2019-06-19,LG3,UG,80,447,737454,165123349532,13689572497,178812922029
2019-06-19,LG3,Alumni,4,27,78214,3812352456,140234249,3952586705
2019-06-19,LG3,Others(HKUST),3,15,43529,378156173,27233265,405389438
2019-06-19,LG3,Non-HKUST,10,34,75876,4425499575,325209740,4750709315
2019-06-19,LG3,Total,225,1384,2318734,298901832801,38035847172,336937679973
2019-06-19,LG4,Staff,34,117,111839,9862191997,718389961,10580581958
2019-06-19,LG4,TPG,14,74,156268,26239528583,1514110888,27753639471
2019-06-19,LG4,RPG,28,107,366958,37255459513,4167310681,41422770194
2019-06-19,LG4,UG,102,333,755425,110183407847,7274822452,117458230299
2019-06-19,LG4,Alumni,4,27,116196,8559876836,376210930,8936087766
2019-06-19,LG4,Others(HKUST),6,32,239589,30171938895,6906449785,37078388680
2019-06-19,LG4,Non-HKUST,10,58,93172,16068787068,1193875474,17262662542
2019-06-19,LG4,Total,198,748,1839447,238341190739,22151170171,260492360910
2019-06-19,All-Floors,Staff,219,2056,3077605,178060970260,25488367067,203549337327
2019-06-19,All-Floors,TPG,169,1813,4024508,432775783075,77157022881,509932805956
2019-06-19,All-Floors,RPG,172,1085,2451673,204665080625,20189698296,224854778921
2019-06-19,All-Floors,UG,493,3699,6824178,1004876295742,87221661556,1092097957298
2019-06-19,All-Floors,Alumni,15,140,353939,21622928003,1159900546,22782828549
2019-06-19,All-Floors,Others(HKUST),17,147,1251447,52339015668,9071255950,61410271618
2019-06-19,All-Floors,Non-HKUST,68,443,902963,89343382472,18331801077,107675183549
2019-06-19,All-Floors,Total,1153,9383,18886313,1983683455845,238619707373,2222303163218
2019-06-20,1,Staff,59,667,1211396,43993121826,5077953096,49071074922
2019-06-20,1,TPG,24,204,798836,35055233246,2998768072,38054001318
2019-06-20,1,RPG,25,158,531653,28616146217,2349190417,30965336634
2019-06-20,1,UG,69,534,1161481,106465242031,24095705638,130560947669
2019-06-20,1,Alumni,3,29,86933,8679067245,309167735,8988234980
2019-06-20,1,Others(HKUST),2,23,210208,1798022994,134970272,1932993266
2019-06-20,1,Non-HKUST,12,46,119744,11858581399,750994484,12609575883
2019-06-20,1,Total,194,1661,4120251,236465414958,35716749714,272182164672
2019-06-20,G,Staff,141,531,997679,75170670824,8263326188,83433997012
2019-06-20,G,TPG,108,395,763439,81564217049,16211335764,97775552813
2019-06-20,G,RPG,109,378,684824,36930740687,3725551632,40656292319
2019-06-20,G,UG,250,820,1195847,138568043771,10829373232,149397417003
2019-06-20,G,Alumni,13,59,125128,18596616055,846811528,19443427583
2019-06-20,G,Others(HKUST),8,24,307457,7761235527,655183634,8416419161
2019-06-20,G,Non-HKUST,28,84,121303,10169664990,842083091,11011748081
2019-06-20,G,Total,657,2291,4195677,368761188903,41373665069,410134853972
2019-06-20,LG1,Staff,97,479,397053,33116888087,6365829288,39482717375
2019-06-20,LG1,TPG,109,901,2406590,278853494126,32777525120,311631019246
2019-06-20,LG1,RPG,97,445,890029,77814683164,9905615846,87720299010
2019-06-20,LG1,UG,290,1557,2667577,333301155074,35210763733,368511918807
2019-06-20,LG1,Alumni,9,23,15433,13197167503,1385267576,14582435079
2019-06-20,LG1,Others(HKUST),5,16,482241,4544944305,233186041,4778130346
2019-06-20,LG1,Non-HKUST,30,165,229119,21947818556,36985123909,58932942465
2019-06-20,LG1,Total,637,3586,7088042,762776150815,122863311513,885639462328
2019-06-20,LG3,Staff,43,327,356993,24472088329,2054663436,26526751765
2019-06-20,LG3,TPG,17,198,439533,86331312435,4062214527,90393526962
2019-06-20,LG3,RPG,37,145,381985,24761348227,2566501349,27327849576
2019-06-20,LG3,UG,93,434,840486,159282678550,17125828315,176408506865
2019-06-20,LG3,Alumni,3,21,51082,245910960,31568604,277479564
2019-06-20,LG3,Others(HKUST),3,5,8098,224952777,10284732,235237509
2019-06-20,LG3,Non-HKUST,7,21,88662,1875529133,130568263,2006097396
2019-06-20,LG3,Total,203,1151,2166839,297193820411,25981629226,323175449637
2019-06-20,LG4,Staff,39,105,102690,93997328775,1594139880,95591468655
2019-06-20,LG4,TPG,21,85,271557,43952295829,2310416083,46262711912
2019-06-20,LG4,RPG,29,107,260775,33102362499,1738559023,34840921522
2019-06-20,LG4,UG,92,298,434478,117193222253,6563219324,123756441577
2019-06-20,LG4,Alumni,5,50,157436,17998038900,809528227,18807567127
2019-06-20,LG4,Others(HKUST),5,15,215919,50484264933,11721800755,62206065688
2019-06-20,LG4,Non-HKUST,11,29,114815,5116809095,217320879,5334129974
2019-06-20,LG4,Total,202,689,1557670,361844322284,24954984171,386799306455
2019-06-20,All-Floors,Staff,218,2109,3065811,270750097841,23355911888,294106009729
2019-06-20,All-Floors,TPG,167,1783,4679955,525756552685,58360259566,584116812251
2019-06-20,All-Floors,RPG,189,1233,2749266,201225280794,20285418267,221510699061
2019-06-20,All-Floors,UG,482,3643,6299869,854810341679,93824890242,948635231921
2019-06-20,All-Floors,Alumni,21,182,436012,58716800663,3382343670,62099144333
2019-06-20,All-Floors,Others(HKUST),14,83,1223923,64813420536,12755425434,77568845970
2019-06-20,All-Floors,Non-HKUST,58,345,673643,50968403173,38926090626,89894493799
2019-06-20,All-Floors,Total,1149,9378,19128479,2027040897371,250890339693,2277931237064
2019-06-21,1,Staff,66,830,1146941,77966215788,24095177804,102061393592
2019-06-21,1,TPG,28,239,802020,46053018656,3423399566,49476418222
2019-06-21,1,RPG,16,86,322759,12950345299,1554273410,14504618709
2019-06-21,1,UG,71,421,1162872,233086972819,16986776301,250073749120
2019-06-21,1,Alumni,3,43,149339,6477895135,785658049,7263553184
2019-06-21,1,Others(HKUST),2,16,190243,1681781623,106232884,1788014507
2019-06-21,1,Non-HKUST,17,49,177996,5800955441,526830647,6327786088
2019-06-21,1,Total,203,1684,3952170,384017184761,47478348661,431495533422
2019-06-21,G,Staff,125,586,989661,74024486937,22996619935,97021106872
2019-06-21,G,TPG,100,365,401327,100740145681,4756450477,105496596158
2019-06-21,G,RPG,79,251,374155,22841039688,2142573594,24983613282
2019-06-21,G,UG,243,746,1268100,136378748479,89676278666,226055027145
2019-06-21,G,Alumni,11,40,67596,20212460229,669540615,20882000844
2019-06-21,G,Others(HKUST),7,27,299649,8083287380,618773465,8702060845
2019-06-21,G,Non-HKUST,39,96,114002,11323011049,2574136790,13897147839
2019-06-21,G,Total,604,2111,3514490,373603179443,123434373542,497037552985
2019-06-21,LG1,Staff,78,328,229435,24760817458,1872315968,26633133426
2019-06-21,LG1,TPG,121,975,2526754,303374505644,77942203658,381316709302
2019-06-21,LG1,RPG,95,491,911792,62911891732,9359243027,72271134759
2019-06-21,LG1,UG,264,1478,2572180,345906146245,22908107459,368814253704
2019-06-21,LG1,Alumni,9,16,19238,2599653296,119531331,2719184627
2019-06-21,LG1,Others(HKUST),5,31,445529,2443477523,500130057,2943607580
2019-06-21,LG1,Non-HKUST,24,74,119550,8723275620,6470611992,15193887612
2019-06-21,LG1,Total,596,3393,6824478,750719767518,119172143492,869891911010
2019-06-21,LG3,Staff,47,286,329459,29827050070,2157257132,31984307202
2019-06-21,LG3,TPG,27,150,338186,48065382527,2656977016,50722359543
2019-06-21,LG3,RPG,39,153,298743,31395710377,2468709545,33864419922
2019-06-21,LG3,UG,76,330,610333,106997001858,5366754554,112363756412
2019-06-21,LG3,Alumni,5,45,145814,5045870606,859860271,5905730877
2019-06-21,LG3,Others(HKUST),2,2,1619,106750195,4185334,110935529
2019-06-21,LG3,Non-HKUST,2,17,59763,13831539251,11988625584,25820164835
2019-06-21,LG3,Total,198,983,1783917,235269304884,25502369436,260771674320
2019-06-21,LG4,Staff,47,148,129541,13545926216,1331922277,14877848493
2019-06-21,LG4,TPG,20,84,338823,39233702069,4129469126,43363171195
2019-06-21,LG4,RPG,37,112,228898,30264763741,5332302950,35597066691
2019-06-21,LG4,UG,79,325,568677,97551296035,10973420360,108524716395
2019-06-21,LG4,Alumni,4,33,74394,5815489611,320719922,6136209533
2019-06-21,LG4,Others(HKUST),10,43,300983,76903549607,20931307440,97834857047
2019-06-21,LG4,Non-HKUST,9,67,61023,4717806682,687236341,5405043023
2019-06-21,LG4,Total,206,812,1702339,268032533961,43706378416,311738912377
2019-06-21,All-Floors,Staff,196,2178,2825037,220124496469,52453293116,272577789585
2019-06-21,All-Floors,TPG,167,1813,4407110,537466754577,92908499843,630375254420
2019-06-21,All-Floors,RPG,169,1093,2136347,160363750837,20857102526,181220853363
2019-06-21,All-Floors,UG,470,3300,6182162,919920165436,145911337340,1065831502776
2019-06-21,All-Floors,Alumni,15,177,456381,40151368877,2755310188,42906679065
2019-06-21,All-Floors,Others(HKUST),15,119,1238023,89218846328,22160629180,111379475508
2019-06-21,All-Floors,Non-HKUST,59,303,532334,44396588043,22247441354,66644029397
2019-06-21,All-Floors,Total,1091,8983,17777394,2011641970567,359293613547,2370935584114
2019-06-22,1,Staff,18,127,309493,11892111304,964025071,12856136375
2019-06-22,1,TPG,33,296,1248261,64877612022,4945566819,69823178841
2019-06-22,1,RPG,10,64,249714,8002315556,1068792555,9071108111
2019-06-22,1,UG,37,233,849404,110060816775,4675718849,114736535624
2019-06-22,1,Alumni,6,44,191902,10424238578,3085035504,13509274082
2019-06-22,1,Others(HKUST),2,20,243351,4133197368,171127149,4304324517
2019-06-22,1,Non-HKUST,8,14,31331,621943286,894092409,1516035695
2019-06-22,1,Total,114,798,3123456,210012234889,15804358356,225816593245
2019-06-22,G,Staff,39,169,341838,20442352782,7303786776,27746139558
2019-06-22,G,TPG,88,288,541364,45600511702,4907437041,50507948743
2019-06-22,G,RPG,33,86,135747,5259144921,403879788,5663024709
2019-06-22,G,UG,123,358,529750,104049535966,4269162667,108318698633
2019-06-22,G,Alumni,29,140,132816,14123822752,2618207413,16742030165
2019-06-22,G,Others(HKUST),7,18,268915,14538437943,1033633256,15572071199
2019-06-22,G,Non-HKUST,19,67,151951,8536181394,672720000,9208901394
2019-06-22,G,Total,338,1126,2102381,212549987460,21208826941,233758814401
2019-06-22,LG1,Staff,25,80,63892,4140755331,826882069,4967637400
2019-06-22,LG1,TPG,109,826,1913627,231450109249,13959683179,245409792428
2019-06-22,LG1,RPG,55,373,834988,91588322448,14346514043,105934836491
2019-06-22,LG1,UG,167,925,1914103,254750730999,14043027123,268793758122
2019-06-22,LG1,Alumni,23,174,226756,29706930551,2319153258,32026083809
2019-06-22,LG1,Others(HKUST),4,17,443511,2312012465,504389395,2816401860
2019-06-22,LG1,Non-HKUST,16,97,214784,20080915807,2489004216,22569920023
2019-06-22,LG1,Total,399,2492,5611661,634029776850,48488653283,682518430133
2019-06-22,LG3,Staff,17,173,264620,13916675252,997701390,14914376642
2019-06-22,LG3,TPG,17,135,215614,33348208857,5242915271,38591124128
2019-06-22,LG3,RPG,21,102,162916,11200360934,1334682508,12535043442
2019-06-22,LG3,UG,57,255,612038,99743348361,10050472281,109793820642
2019-06-22,LG3,Alumni,7,57,181148,11474843492,766932980,12241776472
2019-06-22,LG3,Others(HKUST),2,4,9724,1313456457,51673479,1365129936
2019-06-22,LG3,Non-HKUST,3,9,22860,3633023503,1113628584,4746652087
2019-06-22,LG3,Total,124,735,1468920,174629916856,19558006493,194187923349
2019-06-22,LG4,Staff,17,48,47338,5296424652,352197640,5648622292
2019-06-22,LG4,TPG,16,59,133371,16458748976,1239447352,17698196328
2019-06-22,LG4,RPG,20,47,157130,11307698166,693853085,12001551251
2019-06-22,LG4,UG,70,201,385190,78352163385,4170938902,82523102287
2019-06-22,LG4,Alumni,14,70,232912,31081321921,1900086668,32981408589
2019-06-22,LG4,Others(HKUST),5,31,259579,36003704781,7278810531,43282515312
2019-06-22,LG4,Non-HKUST,13,29,54899,3157286177,191172889,3348459066
2019-06-22,LG4,Total,155,485,1270419,181657348058,15826507067,197483855125
2019-06-22,All-Floors,Staff,61,597,1027181,55688319321,10444592946,66132912267
2019-06-22,All-Floors,TPG,157,1604,4052237,391735190806,30295049662,422030240468
2019-06-22,All-Floors,RPG,93,672,1540495,127357842025,17847721979,145205564004
2019-06-22,All-Floors,UG,270,1972,4290485,646956595486,37209319822,684165915308
2019-06-22,All-Floors,Alumni,46,485,965534,96811157294,10689415823,107500573117
2019-06-22,All-Floors,Others(HKUST),12,90,1225080,58300809014,9039633810,67340442824
2019-06-22,All-Floors,Non-HKUST,38,216,475825,36029350167,5360618098,41389968265
2019-06-22,All-Floors,Total,677,5636,13576837,1412879264113,120886352140,1533765616253
2019-06-23,1,Staff,11,93,186105,6760672776,2522182332,9282855108
2019-06-23,1,TPG,18,98,463140,32211682690,1815496005,34027178695
2019-06-23,1,RPG,8,47,191709,9551413546,712590811,10264004357
2019-06-23,1,UG,22,83,379912,27577127107,7303604155,34880731262
2019-06-23,1,Alumni,4,27,84948,1110619072,124848879,1235467951
2019-06-23,1,Others(HKUST),2,6,192786,1739263521,102241117,1841504638
2019-06-23,1,Non-HKUST,5,16,84608,4551417510,726218566,5277636076
2019-06-23,1,Total,70,370,1583208,83502196222,13307181865,96809378087
2019-06-23,G,Staff,23,104,218687,26211762172,10060157233,36271919405
2019-06-23,G,TPG,48,129,226590,14187291887,1335070887,15522362774
2019-06-23,G,RPG,30,67,54176,6802048230,584510099,7386558329
2019-06-23,G,UG,68,232,514061,62829489470,9544691589,72374181059
2019-06-23,G,Alumni,25,86,75611,12231881718,729211962,12961093680
2019-06-23,G,Others(HKUST),2,4,254875,7241864107,511953051,7753817158
2019-06-23,G,Non-HKUST,19,53,93751,7792662612,1106505288,8899167900
2019-06-23,G,Total,215,675,1437751,137297000196,23872100109,161169100305
2019-06-23,LG1,Staff,20,61,73455,7277404292,1467793178,8745197470
2019-06-23,LG1,TPG,55,280,785302,144336360600,7221877841,151558238441
2019-06-23,LG1,RPG,39,204,345667,28994638397,2829566069,31824204466
2019-06-23,LG1,UG,117,657,1792076,217193516226,17516565498,234710081724
2019-06-23,LG1,Alumni,26,109,215976,32943093776,2909136738,35852230514
2019-06-23,LG1,Others(HKUST),5,30,495878,2247385096,392228007,2639613103
2019-06-23,LG1,Non-HKUST,10,71,97366,11599380124,2164922800,13764302924
2019-06-23,LG1,Total,272,1412,3805720,444591778511,34502090131,479093868642
2019-06-23,LG3,Staff,16,127,166857,8543608960,4886764033,13430372993
2019-06-23,LG3,TPG,12,27,78659,82186602876,1581247312,83767850188
2019-06-23,LG3,RPG,17,61,191135,13840452706,980631480,14821084186
2019-06-23,LG3,UG,39,178,197247,23661634926,2159170163,25820805089
2019-06-23,LG3,Alumni,10,26,82604,3445023628,398795927,3843819555
2019-06-23,LG3,Others(HKUST),3,3,0,18116624,5445427,23562051
2019-06-23,LG3,Non-HKUST,3,12,11697,976599361,1457380364,2433979725
2019-06-23,LG3,Total,100,434,728199,132672039081,11469434706,144141473787
2019-06-23,LG4,Staff,12,29,1262,101835549,35579321,137414870
2019-06-23,LG4,TPG,6,29,63541,52291060452,2140003265,54431063717
2019-06-23,LG4,RPG,22,50,83690,7132074651,376744728,7508819379
2019-06-23,LG4,UG,47,98,160189,14331441738,731797847,15063239585
2019-06-23,LG4,Alumni,11,56,115724,5695563111,363536236,6059099347
2019-06-23,LG4,Others(HKUST),3,11,223549,30439826556,6906865386,37346691942
2019-06-23,LG4,Non-HKUST,11,19,27166,651523799,59961318,711485117
2019-06-23,LG4,Total,112,292,675121,110643325856,10614488101,121257813957
2019-06-23,All-Floors,Staff,47,414,646366,48895283749,18972476097,67867759846
2019-06-23,All-Floors,TPG,100,563,1617232,325212998505,14093695310,339306693815
2019-06-23,All-Floors,RPG,84,429,866377,66320627530,5484043187,71804670717
2019-06-23,All-Floors,UG,215,1248,3043485,345593209467,37255829252,382849038719
2019-06-23,All-Floors,Alumni,48,304,574863,55426181305,4525529742,59951711047
2019-06-23,All-Floors,Others(HKUST),10,54,1167088,41686455904,7918732988,49605188892
2019-06-23,All-Floors,Non-HKUST,32,171,314588,25571583406,5514988336,31086571742
2019-06-23,All-Floors,Total,536,3183,8229999,908706339866,93765294912,1002471634778
2019-06-24,1,Staff,68,715,1283367,39702616196,6156521888,45859138084
2019-06-24,1,TPG,35,341,1065065,74150510237,6009427567,80159937804
2019-06-24,1,RPG,15,107,387214,12875115448,1974204624,14849320072
2019-06-24,1,UG,71,452,1355407,101882995782,21715908814,123598904596
2019-06-24,1,Alumni,4,18,105814,7310358371,835710060,8146068431
2019-06-24,1,Others(HKUST),4,8,197281,2159469953,127070885,2286540838
2019-06-24,1,Non-HKUST,6,24,89382,7139565991,2024978944,9164544935
2019-06-24,1,Total,203,1665,4483530,245220631978,38843822782,284064454760
2019-06-24,G,Staff,133,608,934927,42439359413,19939812131,62379171544
2019-06-24,G,TPG,125,475,699322,87791642472,6782263653,94573906125
2019-06-24,G,RPG,79,269,481945,24811732834,1623806275,26435539109
2019-06-24,G,UG,296,969,1551293,152135743799,32423891321,184559635120
2019-06-24,G,Alumni,12,92,137969,12410678859,1085351155,13496030014
2019-06-24,G,Others(HKUST),6,27,277027,8576452968,673111539,9249564507
2019-06-24,G,Non-HKUST,25,47,33309,5699164904,902980969,6602145873
2019-06-24,G,Total,676,2487,4115792,333864775249,63431217043,397295992292
2019-06-24,LG1,Staff,66,304,365425,44118905894,4497624955,48616530849
2019-06-24,LG1,TPG,134,1255,3085862,399352429556,112200489972,511552919528
2019-06-24,LG1,RPG,86,636,1199706,97138997993,12311992229,109450990222
2019-06-24,LG1,UG,314,2015,3890551,463847848546,67056256235,530904104781
2019-06-24,LG1,Alumni,12,65,51467,12914825479,1202565702,14117391181
2019-06-24,LG1,Others(HKUST),7,22,520934,3915836348,573296558,4489132906
2019-06-24,LG1,Non-HKUST,34,151,259908,11555763913,1750153495,13305917408
2019-06-24,LG1,Total,653,4448,9373853,1032844607729,199592379146,1232436986875
2019-06-24,LG3,Staff,53,310,320056,82588631545,2161498306,84750129851
2019-06-24,LG3,TPG,18,105,285107,20666023800,2083622545,22749646345
2019-06-24,LG3,RPG,32,163,384423,39741865092,3173216264,42915081356
2019-06-24,LG3,UG,114,548,990450,126502686396,13387252485,139889938881
2019-06-24,LG3,Alumni,8,59,67301,19107787627,1072615633,20180403260
2019-06-24,LG3,Others(HKUST),2,5,4313,46752811,2705602,49458413
2019-06-24,LG3,Non-HKUST,7,25,70488,752489548,116337432,868826980
2019-06-24,LG3,Total,234,1215,2122138,289406236819,21997248267,311403485086
2019-06-24,LG4,Staff,42,114,64122,12548771182,643213010,13191984192
2019-06-24,LG4,TPG,14,71,208704,42393097248,2771340825,45164438073
2019-06-24,LG4,RPG,27,95,171125,12592663472,566513125,13159176597
2019-06-24,LG4,UG,126,405,729943,144326851329,16514097806,160840949135
2019-06-24,LG4,Alumni,5,46,177528,4993285060,1254402693,6247687753
2019-06-24,LG4,Others(HKUST),10,33,276461,40665237083,7183443289,47848680372
2019-06-24,LG4,Non-HKUST,13,58,87929,2118616058,431089642,2549705700
2019-06-24,LG4,Total,237,822,1715812,259638521432,29364100390,289002621822
2019-06-24,All-Floors,Staff,201,2051,2967897,221398284230,33398670290,254796954520
2019-06-24,All-Floors,TPG,203,2247,5344060,624353703313,129847144562,754200847875
2019-06-24,All-Floors,RPG,154,1270,2624413,187160374839,19649732517,206810107356
2019-06-24,All-Floors,UG,554,4389,8517644,988696125852,151097406661,1139793532513
2019-06-24,All-Floors,Alumni,21,280,540079,56736935396,5450645243,62187580639
2019-06-24,All-Floors,Others(HKUST),19,95,1276016,55363749163,8559627873,63923377036
2019-06-24,All-Floors,Non-HKUST,52,305,541016,27265600414,5225540482,32491140896
2019-06-24,All-Floors,Total,1204,10637,21811125,2160974773207,353228767628,2514203540835
2019-06-25,1,Staff,65,704,1287723,43743764457,6992908154,50736672611
2019-06-25,1,TPG,26,213,969141,76635888190,10507332629,87143220819
2019-06-25,1,RPG,18,118,356892,16058163214,1448098591,17506261805
2019-06-25,1,UG,69,491,1099355,97585765845,13051280649,110637046494
2019-06-25,1,Alumni,2,23,84562,6847878504,263347902,7111226406
2019-06-25,1,Others(HKUST),2,9,182401,6585745056,352520127,6938265183
2019-06-25,1,Non-HKUST,7,33,154772,5847012759,311230049,6158242808
2019-06-25,1,Total,189,1591,4134846,253304218025,32926718101,286230936126
2019-06-25,G,Staff,145,593,935011,55627381859,7165487643,62792869502
2019-06-25,G,TPG,82,329,670976,58036276075,10991515662,69027791737
2019-06-25,G,RPG,95,304,537606,32684503805,2012808138,34697311943
2019-06-25,G,UG,303,1034,1596193,193993488057,16813297278,210806785335
2019-06-25,G,Alumni,13,68,175205,17285721817,4582406168,21868127985
2019-06-25,G,Others(HKUST),9,24,358139,8277173198,636054049,8913227247
2019-06-25,G,Non-HKUST,26,55,68630,7917238577,485632116,8402870693
2019-06-25,G,Total,673,2407,4341760,373821783388,42687201054,416508984442
2019-06-25,LG1,Staff,103,386,367772,31355488565,6304444945,37659933510
2019-06-25,LG1,TPG,91,702,1614922,381586287571,20749272274,402335559845
2019-06-25,LG1,RPG,93,485,996915,68617907678,7030379590,75648287268
2019-06-25,LG1,UG,371,2162,4143890,561998755604,39508578376,601507333980
2019-06-25,LG1,Alumni,11,80,168251,7682113240,1086345236,8768458476
2019-06-25,LG1,Others(HKUST),9,32,500991,4549225789,683325621,5232551410
2019-06-25,LG1,Non-HKUST,36,175,368342,30667956155,2217463949,32885420104
2019-06-25,LG1,Total,714,4022,8161083,1086457734602,77579809991,1164037544593
2019-06-25,LG3,Staff,56,286,334396,22538643581,1504958900,24043602481
2019-06-25,LG3,TPG,18,117,140490,28123213837,5256769767,33379983604
2019-06-25,LG3,RPG,42,224,550133,65618599316,4638918089,70257517405
2019-06-25,LG3,UG,93,444,852411,139594873288,15375200197,154970073485
2019-06-25,LG3,Alumni,5,38,118385,5936249610,3917215328,9853464938
2019-06-25,LG3,Others(HKUST),3,11,7212,361729727,36984929,398714656
2019-06-25,LG3,Non-HKUST,9,26,59452,5288336968,177048328,5465385296
2019-06-25,LG3,Total,226,1146,2062479,267461646327,30907095538,298368741865
2019-06-25,LG4,Staff,38,145,71337,70826454630,2092326548,72918781178
2019-06-25,LG4,TPG,17,86,363696,40538054825,9018788190,49556843015
2019-06-25,LG4,RPG,33,106,235880,28808014680,1186291944,29994306624
2019-06-25,LG4,UG,103,288,660319,161056128249,7666193666,168722321915
2019-06-25,LG4,Alumni,5,12,53786,1090850700,483560043,1574410743
2019-06-25,LG4,Others(HKUST),9,37,282765,32401118297,7436915996,39838034293
2019-06-25,LG4,Non-HKUST,11,31,59741,8951236166,476264486,9427500652
2019-06-25,LG4,Total,216,705,1727524,343671857547,28360340873,372032198420
2019-06-25,All-Floors,Staff,212,2114,2996239,224091733092,24060126190,248151859282
2019-06-25,All-Floors,TPG,142,1447,3759225,584919720498,56523678522,641443399020
2019-06-25,All-Floors,RPG,179,1237,2677426,211787188693,16316496352,228103685045
2019-06-25,All-Floors,UG,566,4419,8352168,1154229011043,92414550166,1246643561209
2019-06-25,All-Floors,Alumni,20,221,600189,38842813871,10332874677,49175688548
2019-06-25,All-Floors,Others(HKUST),21,113,1331508,52174992067,9145800722,61320792789
2019-06-25,All-Floors,Non-HKUST,58,320,710937,58671780625,3667638928,62339419553
2019-06-25,All-Floors,Total,1198,9871,20427692,2324717239889,212461165557,2537178405446
2019-06-26,1,Staff,62,472,817259,19637057877,3016148734,22653206611
2019-06-26,1,TPG,27,241,982514,88939134894,5139710850,94078845744
2019-06-26,1,RPG,22,104,431105,21156554389,1867706922,23024261311
2019-06-26,1,UG,60,504,1047982,151241494642,18905716027,170147210669
2019-06-26,1,Alumni,2,15,85653,3188819580,237307199,3426126779
2019-06-26,1,Others(HKUST),2,7,82442,3286520732,171956991,3458477723
2019-06-26,1,Non-HKUST,9,43,180375,16201604227,2123835172,18325439399
2019-06-26,1,Total,184,1386,3627330,303651186341,31462381895,335113568236
2019-06-26,G,Staff,134,497,592612,19900931783,4718823094,24619754877
2019-06-26,G,TPG,105,376,639908,108038893354,7347770412,115386663766
2019-06-26,G,RPG,91,277,350154,41939160626,2098676556,44037837182
2019-06-26,G,UG,281,927,1403055,127886118122,38626332762,166512450884
2019-06-26,G,Alumni,13,70,98650,9126224269,673994783,9800219052
2019-06-26,G,Others(HKUST),9,26,382986,16753200650,1141246537,17894447187
2019-06-26,G,Non-HKUST,21,60,62975,3317188768,456124873,3773313641
2019-06-26,G,Total,654,2233,3530340,326961717572,55062969017,382024686589
2019-06-26,LG1,Staff,139,667,1172306,50372444040,6543056046,56915500086
2019-06-26,LG1,TPG,99,666,1198658,248149644756,70485659187,318635303943
2019-06-26,LG1,RPG,111,531,988397,104388737461,9716469101,114105206562
2019-06-26,LG1,UG,353,2158,4058965,440264320987,61180329589,501444650576
2019-06-26,LG1,Alumni,7,23,34361,2538059192,300290845,2838350037
2019-06-26,LG1,Others(HKUST),9,37,474336,25513521975,1879959378,27393481353
2019-06-26,LG1,Non-HKUST,31,146,285621,15917058498,1091123432,17008181930
2019-06-26,LG1,Total,749,4228,8212644,887143786909,151196887578,1038340674487
2019-06-26,LG3,Staff,55,246,249358,20709013007,965054527,21674067534
2019-06-26,LG3,TPG,23,165,505428,47049827741,4208300252,51258127993
2019-06-26,LG3,RPG,39,198,471916,40796865721,2186401038,42983266759
2019-06-26,LG3,UG,111,560,1085427,170804518908,15955358237,186759877145
2019-06-26,LG3,Alumni,4,46,136650,5938370859,897233949,6835604808
2019-06-26,LG3,Others(HKUST),5,9,26943,1040961785,42040181,1083001966
2019-06-26,LG3,Non-HKUST,5,8,12927,272373350,20566716,292940066
2019-06-26,LG3,Total,242,1232,2488649,286611931371,24274954900,310886886271
2019-06-26,LG4,Staff,32,101,119933,12313845574,1265746137,13579591711
2019-06-26,LG4,TPG,20,83,292597,31042176307,4002026988,35044203295
2019-06-26,LG4,RPG,37,133,324657,35034335930,1883615844,36917951774
2019-06-26,LG4,UG,124,437,822878,145555604840,21414668593,166970273433
2019-06-26,LG4,Alumni,5,42,153652,11214186570,1217435074,12431621644
2019-06-26,LG4,Others(HKUST),11,39,291452,52397507744,11986169268,64383677012
2019-06-26,LG4,Non-HKUST,18,66,115147,25907008240,1465131566,27372139806
2019-06-26,LG4,Total,247,901,2120316,313464665205,43234793470,356699458675
2019-06-26,All-Floors,Staff,219,1983,2951468,122933292281,16508828538,139442120819
2019-06-26,All-Floors,TPG,153,1531,3619105,523219677052,91183467689,614403144741
2019-06-26,All-Floors,RPG,182,1243,2566229,243315654127,17752869461,261068523588
2019-06-26,All-Floors,UG,568,4586,8418307,1035752057499,156082405208,1191834462707
2019-06-26,All-Floors,Alumni,18,196,508966,32005660470,3326261850,35331922320
2019-06-26,All-Floors,Others(HKUST),21,118,1258159,98991712886,15221372355,114213085241
2019-06-26,All-Floors,Non-HKUST,45,323,657045,61615233083,5156781759,66772014842
2019-06-26,All-Floors,Total,1206,9980,19979279,2117833287398,305231986860,2423065274258
2019-06-27,1,Staff,60,490,853756,37078626768,3498582384,40577209152
2019-06-27,1,TPG,23,156,662388,60869515746,2853866939,63723382685
2019-06-27,1,RPG,23,133,500259,25358408681,2013433050,27371841731
2019-06-27,1,UG,63,516,1054625,98111156009,7531393327,105642549336
2019-06-27,1,Alumni,3,26,76111,6380822327,3766145586,10146967913
2019-06-27,1,Others(HKUST),2,3,34669,366138767,10080152,376218919
2019-06-27,1,Non-HKUST,9,52,224800,15262465941,1701321568,16963787509
2019-06-27,1,Total,183,1376,3406608,243427134239,21374823006,264801957245
2019-06-27,G,Staff,143,566,677550,39210428660,4191163658,43401592318
2019-06-27,G,TPG,98,351,686725,127580692290,20532499105,148113191395
2019-06-27,G,RPG,84,283,396864,56519523603,3683862749,60203386352
2019-06-27,G,UG,260,923,1426756,203176971750,15515844450,218692816200
2019-06-27,G,Alumni,12,46,97785,14349687282,978682808,15328370090
2019-06-27,G,Others(HKUST),8,30,372920,3565308982,541733295,4107042277
2019-06-27,G,Non-HKUST,26,46,65971,4971536438,508835036,5480371474
2019-06-27,G,Total,631,2245,3724571,449374149005,45952621101,495326770106
2019-06-27,LG1,Staff,125,664,1069138,52162938778,4445568841,56608507619
2019-06-27,LG1,TPG,97,614,1607020,370850652857,28774532062,399625184919
2019-06-27,LG1,RPG,100,471,900826,106963154972,10878343009,117841497981
2019-06-27,LG1,UG,339,1944,3587862,537067008714,46920767759,583987776473
2019-06-27,LG1,Alumni,5,13,19409,625517035,40412295,665929330
2019-06-27,LG1,Others(HKUST),5,26,522955,3131486396,570393396,3701879792
2019-06-27,LG1,Non-HKUST,30,194,261712,48974072051,2862274497,51836346548
2019-06-27,LG1,Total,701,3926,7968922,1119774830803,94492291859,1214267122662
2019-06-27,LG3,Staff,50,260,300016,27954188112,2015720079,29969908191
2019-06-27,LG3,TPG,24,210,560205,113531355567,17740684446,131272040013
2019-06-27,LG3,RPG,44,207,547170,88300721099,4024053713,92324774812
2019-06-27,LG3,UG,104,496,898114,145701097823,11211282820,156912380643
2019-06-27,LG3,Alumni,5,30,61118,6344449914,4178532488,10522982402
2019-06-27,LG3,Others(HKUST),4,7,3778,148050615,11273382,159323997
2019-06-27,LG3,Non-HKUST,4,11,17962,1849637857,137829705,1987467562
2019-06-27,LG3,Total,235,1221,2388363,383829500987,39319376633,423148877620
2019-06-27,LG4,Staff,41,120,118773,19038607055,900372434,19938979489
2019-06-27,LG4,TPG,25,104,293014,72065678349,4887900152,76953578501
2019-06-27,LG4,RPG,34,172,308792,65829892047,2426051841,68255943888
2019-06-27,LG4,UG,83,326,643199,184008260834,10241280404,194249541238
2019-06-27,LG4,Alumni,6,47,137772,6317231291,1426414408,7743645699
2019-06-27,LG4,Others(HKUST),5,25,366105,58214011831,12372932307,70586944138
2019-06-27,LG4,Non-HKUST,11,46,102048,10012131880,470281749,10482413629
2019-06-27,LG4,Total,205,840,1969703,415485813287,32725233295,448211046582
2019-06-27,All-Floors,Staff,212,2100,3019233,175444789373,15051407396,190496196769
2019-06-27,All-Floors,TPG,145,1435,3809352,744897894809,74789482704,819687377513
2019-06-27,All-Floors,RPG,164,1266,2653911,342971700402,23025744362,365997444764
2019-06-27,All-Floors,UG,523,4205,7610556,1168064495130,91420568760,1259485063890
2019-06-27,All-Floors,Alumni,19,162,392195,34017707849,10390187585,44407895434
2019-06-27,All-Floors,Others(HKUST),15,91,1300427,65424996591,13506412532,78931409123
2019-06-27,All-Floors,Non-HKUST,50,349,672493,81069844167,5680542555,86750386722
2019-06-27,All-Floors,Total,1128,9608,19458167,2611891428321,233864345894,2845755774215
2019-06-28,1,Staff,60,632,1242982,42793003418,9836793298,52629796716
2019-06-28,1,TPG,23,141,446728,47578412806,7167974914,54746387720
2019-06-28,1,RPG,20,127,450766,15980391552,1312007838,17292399390
2019-06-28,1,UG,53,323,989989,74500174885,5128412591,79628587476
2019-06-28,1,Alumni,5,16,61321,3288491992,265544373,3554036365
2019-06-28,1,Others(HKUST),4,9,85696,1637686640,83479546,1721166186
2019-06-28,1,Non-HKUST,6,19,68751,465238795,74747864,539986659
2019-06-28,1,Total,171,1267,3346233,186243400088,23868960424,210112360512
2019-06-28,G,Staff,137,658,1087478,170038425004,13442393744,183480818748
2019-06-28,G,TPG,74,304,615549,72977613458,6349759391,79327372849
2019-06-28,G,RPG,69,278,467003,39063501003,5923394792,44986895795
2019-06-28,G,UG,289,858,1281105,145949261642,24439560504,170388822146
2019-06-28,G,Alumni,16,57,102115,6469762225,4698109398,11167871623
2019-06-28,G,Others(HKUST),7,31,474001,3289790188,438278903,3728069091
2019-06-28,G,Non-HKUST,24,80,118807,3386421728,256332416,3642754144
2019-06-28,G,Total,616,2266,4146058,441174775248,55547829148,496722604396
2019-06-28,LG1,Staff,81,449,498878,71061830162,10860351697,81922181859
2019-06-28,LG1,TPG,76,539,1418928,567887472588,23641787461,591529260049
2019-06-28,LG1,RPG,87,305,594635,79147754503,8575072129,87722826632
2019-06-28,LG1,UG,343,1887,3475282,474379567920,33045262021,507424829941
2019-06-28,LG1,Alumni,7,39,80165,2793980129,462686475,3256666604
2019-06-28,LG1,Others(HKUST),3,18,566408,2500333855,523347449,3023681304
2019-06-28,LG1,Non-HKUST,31,102,264736,17018303977,975025439,17993329416
2019-06-28,LG1,Total,628,3339,6899032,1214789243134,78083532671,1292872775805
2019-06-28,LG3,Staff,49,237,322725,36898659631,5172390722,42071050353
2019-06-28,LG3,TPG,18,149,369976,39603474076,2957705873,42561179949
2019-06-28,LG3,RPG,29,113,230175,19258778258,1060281519,20319059777
2019-06-28,LG3,UG,95,562,939497,139735327354,12383138337,152118465691
2019-06-28,LG3,Alumni,4,10,60146,2291702097,80558405,2372260502
2019-06-28,LG3,Others(HKUST),0,0,0,0,0,0
2019-06-28,LG3,Non-HKUST,5,24,57701,7089555216,227237760,7316792976
2019-06-28,LG3,Total,200,1095,1980220,244877496632,21881312616,266758809248
2019-06-28,LG4,Staff,41,99,70943,9137799041,2104588909,11242387950
2019-06-28,LG4,TPG,13,53,196961,175009782502,5772404022,180782186524
2019-06-28,LG4,RPG,17,53,125384,22460117745,2082272034,24542389779
2019-06-28,LG4,UG,109,369,821545,149713275513,8105079887,157818355400
2019-06-28,LG4,Alumni,7,53,186255,9244312305,635737033,9880049338
2019-06-28,LG4,Others(HKUST),7,30,271095,48273852818,9903578992,58177431810
2019-06-28,LG4,Non-HKUST,7,30,53435,1771764334,785531369,2557295703
2019-06-28,LG4,Total,201,687,1725618,415610904258,29389192246,445000096504
2019-06-28,All-Floors,Staff,199,2075,3223006,329929717256,41416518370,371346235626
2019-06-28,All-Floors,TPG,127,1186,3048142,903056755430,45889631661,948946387091
2019-06-28,All-Floors,RPG,147,876,1867963,175910543061,18953028312,194863571373
2019-06-28,All-Floors,UG,542,3999,7507418,984277607314,83101453340,1067379060654
2019-06-28,All-Floors,Alumni,24,175,490002,24088248748,6142635684,30230884432
2019-06-28,All-Floors,Others(HKUST),14,88,1397200,55701663501,10948684890,66650348391
2019-06-28,All-Floors,Non-HKUST,46,255,563430,29731284050,2318874848,32050158898
2019-06-28,All-Floors,Total,1099,8654,18097161,2502695819360,208770827105,2711466646465
2019-06-29,1,Staff,16,104,436340,14634629336,2028993991,16663623327
2019-06-29,1,TPG,25,167,712163,63834625598,5729713167,69564338765
2019-06-29,1,RPG,17,103,330993,7134737123,1073127395,8207864518
2019-06-29,1,UG,29,144,644411,33065748642,1770387635,34836136277
2019-06-29,1,Alumni,3,11,39422,2786400226,411094205,3197494431
2019-06-29,1,Others(HKUST),0,0,0,0,0,0
2019-06-29,1,Non-HKUST,2,18,33485,1352891104,110160157,1463051261
2019-06-29,1,Total,92,547,2196814,122809032029,11123476550,133932508579
2019-06-29,G,Staff,37,151,443943,50992077464,5453074125,56445151589
2019-06-29,G,TPG,51,138,247533,26854158274,3687026013,30541184287
2019-06-29,G,RPG,51,126,189154,30143653820,898175590,31041829410
2019-06-29,G,UG,138,441,579434,77831770452,3968404525,81800174977
2019-06-29,G,Alumni,24,109,85487,36725303547,6391687995,43116991542
2019-06-29,G,Others(HKUST),6,13,474675,2238825508,276680291,2515505799
2019-06-29,G,Non-HKUST,17,58,122422,18924574383,7180880782,26105455165
2019-06-29,G,Total,324,1036,2142648,243710363448,27855929321,271566292769
2019-06-29,LG1,Staff,28,72,91608,9071474942,377813686,9449288628
2019-06-29,LG1,TPG,84,516,1251250,184085510704,88673953675,272759464379
2019-06-29,LG1,RPG,41,208,532252,27939857322,2582554770,30522412092
2019-06-29,LG1,UG,177,975,2145765,297198988831,23561902286,320760891117
2019-06-29,LG1,Alumni,18,90,204246,20248233591,6961491253,27209724844
2019-06-29,LG1,Others(HKUST),2,10,624569,2157604923,526508985,2684113908
2019-06-29,LG1,Non-HKUST,15,66,97577,10752218815,11744445499,22496664314
2019-06-29,LG1,Total,365,1937,4947267,551453889128,134428670154,685882559282
2019-06-29,LG3,Staff,17,121,139119,7423550980,808490840,8232041820
2019-06-29,LG3,TPG,20,159,317281,39631960300,18931608739,58563569039
2019-06-29,LG3,RPG,22,43,104595,46257385142,1646364438,47903749580
2019-06-29,LG3,UG,63,322,589550,230732466364,11067739307,241800205671
2019-06-29,LG3,Alumni,7,48,146554,5213237271,387626293,5600863564
2019-06-29,LG3,Others(HKUST),0,0,0,0,0,0
2019-06-29,LG3,Non-HKUST,5,22,74731,3798224295,720468118,4518692413
2019-06-29,LG3,Total,134,715,1371830,333056824352,33562297735,366619122087
2019-06-29,LG4,Staff,11,42,31530,1104530487,114197406,1218727893
2019-06-29,LG4,TPG,13,55,143468,53209575388,40463666292,93673241680
2019-06-29,LG4,RPG,20,74,212027,339578986086,9477138939,349056125025
2019-06-29,LG4,UG,71,197,349430,76383106428,3652819960,80035926388
2019-06-29,LG4,Alumni,11,62,179231,33889220494,1802178370,35691398864
2019-06-29,LG4,Others(HKUST),5,21,284935,44942925919,9806747026,54749672945
2019-06-29,LG4,Non-HKUST,9,57,146305,16317669049,30702651797,47020320846
2019-06-29,LG4,Total,140,508,1346926,565426013851,96019399790,661445413641
2019-06-29,All-Floors,Staff,68,490,1142540,83226263209,8782570048,92008833257
2019-06-29,All-Floors,TPG,119,1035,2671695,367615830264,157485967886,525101798150
2019-06-29,All-Floors,RPG,104,554,1369021,451054619493,15677361132,466731980625
2019-06-29,All-Floors,UG,304,2079,4308590,715212080717,44021253713,759233334430
2019-06-29,All-Floors,Alumni,35,320,654940,98862395129,15954078116,114816473245
2019-06-29,All-Floors,Others(HKUST),10,44,1384179,49339356350,10609936302,59949292652
2019-06-29,All-Floors,Non-HKUST,31,221,474520,51145577646,50458606353,101604183999
2019-06-29,All-Floors,Total,671,4743,12005485,1816456122808,302989773550,2119445896358
2019-06-30,1,Staff,9,87,377298,7113993035,323496413,7437489448
2019-06-30,1,TPG,18,110,342887,36509961320,4696131353,41206092673
2019-06-30,1,RPG,8,44,122384,10858309158,947792054,11806101212
2019-06-30,1,UG,18,63,198318,19321564617,2599651044,21921215661
2019-06-30,1,Alumni,2,11,18543,4986397755,462729824,5449127579
2019-06-30,1,Others(HKUST),0,0,0,0,0,0
2019-06-30,1,Non-HKUST,2,18,21959,5231912719,102325201,5334237920
2019-06-30,1,Total,57,333,1081389,84022138604,9132125889,93154264493
2019-06-30,G,Staff,27,130,346144,41279468523,2803344437,44082812960
2019-06-30,G,TPG,56,173,264421,25376359348,2104290203,27480649551
2019-06-30,G,RPG,34,98,146322,12828280239,1837863052,14666143291
2019-06-30,G,UG,76,232,428736,105263257925,5831849726,111095107651
2019-06-30,G,Alumni,17,48,35813,4645967535,309440467,4955408002
2019-06-30,G,Others(HKUST),2,9,463649,1771013654,230622758,2001636412
2019-06-30,G,Non-HKUST,10,26,25390,6840519364,2501653068,9342172432
2019-06-30,G,Total,222,716,1710475,198004866588,15619063711,213623930299
2019-06-30,LG1,Staff,20,67,111238,4866446344,289618015,5156064359
2019-06-30,LG1,TPG,66,398,871305,139931096922,9898167733,149829264655
2019-06-30,LG1,RPG,28,115,280922,17562578652,1433826169,18996404821
2019-06-30,LG1,UG,132,642,1546384,175443755170,22923761976,198367517146
2019-06-30,LG1,Alumni,13,109,205189,24176985964,5087702039,29264688003
2019-06-30,LG1,Others(HKUST),4,16,703777,4482622118,712792280,5195414398
2019-06-30,LG1,Non-HKUST,11,38,84575,10552839096,5004808037,15557647133
2019-06-30,LG1,Total,274,1385,3803390,377016324266,45350676249,422367000515
2019-06-30,LG3,Staff,16,144,154419,4450282439,481974911,4932257350
2019-06-30,LG3,TPG,17,152,385015,15630474230,2210254451,17840728681
2019-06-30,LG3,RPG,10,40,89079,6577717123,969705479,7547422602
2019-06-30,LG3,UG,43,165,285428,16942924755,1406976923,18349901678
2019-06-30,LG3,Alumni,8,51,62657,14747988677,8468267367,23216256044
2019-06-30,LG3,Others(HKUST),2,4,6292,1589247401,59138850,1648386251
2019-06-30,LG3,Non-HKUST,5,12,9715,118750320,27328711,146079031
2019-06-30,LG3,Total,101,568,992605,60057384945,13623646692,73681031637
2019-06-30,LG4,Staff,7,22,1804,399378514,43545002,442923516
2019-06-30,LG4,TPG,7,28,53989,8017469093,738081526,8755550619
2019-06-30,LG4,RPG,12,28,68216,5422087062,214882176,5636969238
2019-06-30,LG4,UG,63,197,316548,58419306355,4898669530,63317975885
2019-06-30,LG4,Alumni,9,30,150803,21357545192,665547790,22023092982
2019-06-30,LG4,Others(HKUST),3,5,259197,44594664025,9717048664,54311712689
2019-06-30,LG4,Non-HKUST,7,20,59204,14129395991,28303209484,42432605475
2019-06-30,LG4,Total,108,330,909761,152339846232,44580984172,196920830404
2019-06-30,All-Floors,Staff,48,450,990903,58109568855,3941978778,62051547633
2019-06-30,All-Floors,TPG,97,861,1917617,225465360913,19646925266,245112286179
2019-06-30,All-Floors,RPG,63,325,706923,53248972234,5404068930,58653041164
2019-06-30,All-Floors,UG,225,1299,2775414,375390808822,37660909199,413051718021
2019-06-30,All-Floors,Alumni,32,249,473005,69914885123,14993687487,84908572610
2019-06-30,All-Floors,Others(HKUST),8,34,1432915,52437547198,10719602552,63157149750
2019-06-30,All-Floors,Non-HKUST,21,114,200843,36873417490,35939324501,72812741991
2019-06-30,All-Floors,Total,494,3332,8497620,871440560635,128306496713,999747057348
