Date,Floor,User-Group,User-Count,WiFi-Conn,Duration-Sec,Traffic-In-Byte,Traffic-Out-Byte,Traffic-Both-Byte
2020-12-01,1,Alumni,0,0,0,0,0,0
2020-12-01,1,Non-HKUST,0,0,0,0,0,0
2020-12-01,1,Others(HKUST),0,0,0,0,0,0
2020-12-01,1,RPG,0,0,0,0,0,0
2020-12-01,1,Staff,0,0,0,0,0,0
2020-12-01,1,TPG,0,0,0,0,0,0
2020-12-01,1,Total,0,0,0,0,0,0
2020-12-01,1,UG,0,0,0,0,0,0
2020-12-01,All-Floors,Alumni,1,2,722,801944,282794,1084738
2020-12-01,All-Floors,Non-HKUST,2,2,180,61995,61795,123790
2020-12-01,All-Floors,Others(HKUST),1,1,6848,1923603,391715,2315318
2020-12-01,All-Floors,RPG,13,17,2342,594628016,39625088,634253104
2020-12-01,All-Floors,Staff,31,62,156102,582543648,365418448,947962096
2020-12-01,All-Floors,TPG,23,27,12592,39121841,6783023,45904864
2020-12-01,All-Floors,Total,140,194,231021,2352779735,520093987,2872873722
2020-12-01,All-Floors,UG,69,83,52235,1133698688,107531124,1241229812
2020-12-01,G,Alumni,1,2,722,801944,282794,1084738
2020-12-01,G,Non-HKUST,2,2,180,61995,61795,123790
2020-12-01,G,Others(HKUST),1,1,6848,1923603,391715,2315318
2020-12-01,G,RPG,13,17,2342,594628016,39625088,634253104
2020-12-01,G,Staff,31,62,156102,582543648,365418448,947962096
2020-12-01,G,TPG,23,27,12592,39121841,6783023,45904864
2020-12-01,G,Total,140,194,231021,2352779735,520093987,2872873722
2020-12-01,G,UG,69,83,52235,1133698688,107531124,1241229812
2020-12-01,LG1,Alumni,0,0,0,0,0,0
2020-12-01,LG1,Non-HKUST,0,0,0,0,0,0
2020-12-01,LG1,Others(HKUST),0,0,0,0,0,0
2020-12-01,LG1,RPG,0,0,0,0,0,0
2020-12-01,LG1,Staff,0,0,0,0,0,0
2020-12-01,LG1,TPG,0,0,0,0,0,0
2020-12-01,LG1,Total,0,0,0,0,0,0
2020-12-01,LG1,UG,0,0,0,0,0,0
2020-12-01,LG3,Alumni,0,0,0,0,0,0
2020-12-01,LG3,Non-HKUST,0,0,0,0,0,0
2020-12-01,LG3,Others(HKUST),0,0,0,0,0,0
2020-12-01,LG3,RPG,0,0,0,0,0,0
2020-12-01,LG3,Staff,0,0,0,0,0,0
2020-12-01,LG3,TPG,0,0,0,0,0,0
2020-12-01,LG3,Total,0,0,0,0,0,0
2020-12-01,LG3,UG,0,0,0,0,0,0
2020-12-01,LG4,Alumni,0,0,0,0,0,0
2020-12-01,LG4,Non-HKUST,0,0,0,0,0,0
2020-12-01,LG4,Others(HKUST),0,0,0,0,0,0
2020-12-01,LG4,RPG,0,0,0,0,0,0
2020-12-01,LG4,Staff,0,0,0,0,0,0
2020-12-01,LG4,TPG,0,0,0,0,0,0
2020-12-01,LG4,Total,0,0,0,0,0,0
2020-12-01,LG4,UG,0,0,0,0,0,0
2020-12-02,1,Alumni,0,0,0,0,0,0
2020-12-02,1,Non-HKUST,0,0,0,0,0,0
2020-12-02,1,Others(HKUST),0,0,0,0,0,0
2020-12-02,1,RPG,0,0,0,0,0,0
2020-12-02,1,Staff,0,0,0,0,0,0
2020-12-02,1,TPG,0,0,0,0,0,0
2020-12-02,1,Total,0,0,0,0,0,0
2020-12-02,1,UG,0,0,0,0,0,0
2020-12-02,All-Floors,Alumni,4,4,720,2336587655,22477691,2359065346
2020-12-02,All-Floors,Non-HKUST,1,1,181,7659555,531755,8191310
2020-12-02,All-Floors,Others(HKUST),1,2,3600,4153591,406703,4560294
2020-12-02,All-Floors,RPG,14,15,4685,373144907,34064397,407209304
2020-12-02,All-Floors,Staff,29,88,234106,2338788540,205798174,2544586714
2020-12-02,All-Floors,TPG,14,18,7377,21400985,3541864,24942849
2020-12-02,All-Floors,Total,116,188,268496,5807038628,313605708,6120644336
2020-12-02,All-Floors,UG,53,60,17827,725303395,46785124,772088519
2020-12-02,G,Alumni,4,4,720,2336587655,22477691,2359065346
2020-12-02,G,Non-HKUST,1,1,181,7659555,531755,8191310
2020-12-02,G,Others(HKUST),1,2,3600,4153591,406703,4560294
2020-12-02,G,RPG,14,15,4685,373144907,34064397,407209304
2020-12-02,G,Staff,29,88,234106,2338788540,205798174,2544586714
2020-12-02,G,TPG,14,18,7377,21400985,3541864,24942849
2020-12-02,G,Total,116,188,268496,5807038628,313605708,6120644336
2020-12-02,G,UG,53,60,17827,725303395,46785124,772088519
2020-12-02,LG1,Alumni,0,0,0,0,0,0
2020-12-02,LG1,Non-HKUST,0,0,0,0,0,0
2020-12-02,LG1,Others(HKUST),0,0,0,0,0,0
2020-12-02,LG1,RPG,0,0,0,0,0,0
2020-12-02,LG1,Staff,0,0,0,0,0,0
2020-12-02,LG1,TPG,0,0,0,0,0,0
2020-12-02,LG1,Total,0,0,0,0,0,0
2020-12-02,LG1,UG,0,0,0,0,0,0
2020-12-02,LG3,Alumni,0,0,0,0,0,0
2020-12-02,LG3,Non-HKUST,0,0,0,0,0,0
2020-12-02,LG3,Others(HKUST),0,0,0,0,0,0
2020-12-02,LG3,RPG,0,0,0,0,0,0
2020-12-02,LG3,Staff,0,0,0,0,0,0
2020-12-02,LG3,TPG,0,0,0,0,0,0
2020-12-02,LG3,Total,0,0,0,0,0,0
2020-12-02,LG3,UG,0,0,0,0,0,0
2020-12-02,LG4,Alumni,0,0,0,0,0,0
2020-12-02,LG4,Non-HKUST,0,0,0,0,0,0
2020-12-02,LG4,Others(HKUST),0,0,0,0,0,0
2020-12-02,LG4,RPG,0,0,0,0,0,0
2020-12-02,LG4,Staff,0,0,0,0,0,0
2020-12-02,LG4,TPG,0,0,0,0,0,0
2020-12-02,LG4,Total,0,0,0,0,0,0
2020-12-02,LG4,UG,0,0,0,0,0,0
2020-12-03,1,Alumni,0,0,0,0,0,0
2020-12-03,1,Non-HKUST,0,0,0,0,0,0
2020-12-03,1,Others(HKUST),0,0,0,0,0,0
2020-12-03,1,RPG,0,0,0,0,0,0
2020-12-03,1,Staff,0,0,0,0,0,0
2020-12-03,1,TPG,0,0,0,0,0,0
2020-12-03,1,Total,0,0,0,0,0,0
2020-12-03,1,UG,0,0,0,0,0,0
2020-12-03,All-Floors,Alumni,1,1,721,17779,6619,24398
2020-12-03,All-Floors,Non-HKUST,2,4,1446,10323377,1564353,11887730
2020-12-03,All-Floors,Others(HKUST),3,8,32962,1454931904,147304432,1602236336
2020-12-03,All-Floors,RPG,7,7,1620,1333281301,17583595,1350864896
2020-12-03,All-Floors,Staff,19,49,105003,911084093,50668530,961752623
2020-12-03,All-Floors,TPG,13,15,4328,10465892,2217736,12683628
2020-12-03,All-Floors,Total,80,121,170398,4612095851,344686040,4956781891
2020-12-03,All-Floors,UG,35,37,24318,891991505,125340775,1017332280
2020-12-03,G,Alumni,1,1,721,17779,6619,24398
2020-12-03,G,Non-HKUST,2,4,1446,10323377,1564353,11887730
2020-12-03,G,Others(HKUST),3,8,32962,1454931904,147304432,1602236336
2020-12-03,G,RPG,7,7,1620,1333281301,17583595,1350864896
2020-12-03,G,Staff,19,49,105003,911084093,50668530,961752623
2020-12-03,G,TPG,13,15,4328,10465892,2217736,12683628
2020-12-03,G,Total,80,121,170398,4612095851,344686040,4956781891
2020-12-03,G,UG,35,37,24318,891991505,125340775,1017332280
2020-12-03,LG1,Alumni,0,0,0,0,0,0
2020-12-03,LG1,Non-HKUST,0,0,0,0,0,0
2020-12-03,LG1,Others(HKUST),0,0,0,0,0,0
2020-12-03,LG1,RPG,0,0,0,0,0,0
2020-12-03,LG1,Staff,0,0,0,0,0,0
2020-12-03,LG1,TPG,0,0,0,0,0,0
2020-12-03,LG1,Total,0,0,0,0,0,0
2020-12-03,LG1,UG,0,0,0,0,0,0
2020-12-03,LG3,Alumni,0,0,0,0,0,0
2020-12-03,LG3,Non-HKUST,0,0,0,0,0,0
2020-12-03,LG3,Others(HKUST),0,0,0,0,0,0
2020-12-03,LG3,RPG,0,0,0,0,0,0
2020-12-03,LG3,Staff,0,0,0,0,0,0
2020-12-03,LG3,TPG,0,0,0,0,0,0
2020-12-03,LG3,Total,0,0,0,0,0,0
2020-12-03,LG3,UG,0,0,0,0,0,0
2020-12-03,LG4,Alumni,0,0,0,0,0,0
2020-12-03,LG4,Non-HKUST,0,0,0,0,0,0
2020-12-03,LG4,Others(HKUST),0,0,0,0,0,0
2020-12-03,LG4,RPG,0,0,0,0,0,0
2020-12-03,LG4,Staff,0,0,0,0,0,0
2020-12-03,LG4,TPG,0,0,0,0,0,0
2020-12-03,LG4,Total,0,0,0,0,0,0
2020-12-03,LG4,UG,0,0,0,0,0,0
2020-12-04,1,Alumni,0,0,0,0,0,0
2020-12-04,1,Non-HKUST,0,0,0,0,0,0
2020-12-04,1,Others(HKUST),0,0,0,0,0,0
2020-12-04,1,RPG,0,0,0,0,0,0
2020-12-04,1,Staff,0,0,0,0,0,0
2020-12-04,1,TPG,0,0,0,0,0,0
2020-12-04,1,Total,0,0,0,0,0,0
2020-12-04,1,UG,0,0,0,0,0,0
2020-12-04,All-Floors,Alumni,1,1,721,12266,14084,26350
2020-12-04,All-Floors,Non-HKUST,1,1,722,173404,66131,239535
2020-12-04,All-Floors,Others(HKUST),2,3,16034,9813644,1141536,10955180
2020-12-04,All-Floors,RPG,6,9,11527,2168314735,248773200,2417087935
2020-12-04,All-Floors,Staff,23,58,133051,603582089,59074655,662656744
2020-12-04,All-Floors,TPG,14,16,6474,190345362,128183431,318528793
2020-12-04,All-Floors,Total,91,135,207078,4210439139,538665941,4749105080
2020-12-04,All-Floors,UG,44,47,38549,1238197639,101412904,1339610543
2020-12-04,G,Alumni,1,1,721,12266,14084,26350
2020-12-04,G,Non-HKUST,1,1,722,173404,66131,239535
2020-12-04,G,Others(HKUST),2,3,16034,9813644,1141536,10955180
2020-12-04,G,RPG,6,9,11527,2168314735,248773200,2417087935
2020-12-04,G,Staff,23,58,133051,603582089,59074655,662656744
2020-12-04,G,TPG,14,16,6474,190345362,128183431,318528793
2020-12-04,G,Total,91,135,207078,4210439139,538665941,4749105080
2020-12-04,G,UG,44,47,38549,1238197639,101412904,1339610543
2020-12-04,LG1,Alumni,0,0,0,0,0,0
2020-12-04,LG1,Non-HKUST,0,0,0,0,0,0
2020-12-04,LG1,Others(HKUST),0,0,0,0,0,0
2020-12-04,LG1,RPG,0,0,0,0,0,0
2020-12-04,LG1,Staff,0,0,0,0,0,0
2020-12-04,LG1,TPG,0,0,0,0,0,0
2020-12-04,LG1,Total,0,0,0,0,0,0
2020-12-04,LG1,UG,0,0,0,0,0,0
2020-12-04,LG3,Alumni,0,0,0,0,0,0
2020-12-04,LG3,Non-HKUST,0,0,0,0,0,0
2020-12-04,LG3,Others(HKUST),0,0,0,0,0,0
2020-12-04,LG3,RPG,0,0,0,0,0,0
2020-12-04,LG3,Staff,0,0,0,0,0,0
2020-12-04,LG3,TPG,0,0,0,0,0,0
2020-12-04,LG3,Total,0,0,0,0,0,0
2020-12-04,LG3,UG,0,0,0,0,0,0
2020-12-04,LG4,Alumni,0,0,0,0,0,0
2020-12-04,LG4,Non-HKUST,0,0,0,0,0,0
2020-12-04,LG4,Others(HKUST),0,0,0,0,0,0
2020-12-04,LG4,RPG,0,0,0,0,0,0
2020-12-04,LG4,Staff,0,0,0,0,0,0
2020-12-04,LG4,TPG,0,0,0,0,0,0
2020-12-04,LG4,Total,0,0,0,0,0,0
2020-12-04,LG4,UG,0,0,0,0,0,0
2020-12-05,1,Alumni,0,0,0,0,0,0
2020-12-05,1,Non-HKUST,0,0,0,0,0,0
2020-12-05,1,Others(HKUST),0,0,0,0,0,0
2020-12-05,1,RPG,0,0,0,0,0,0
2020-12-05,1,Staff,0,0,0,0,0,0
2020-12-05,1,TPG,0,0,0,0,0,0
2020-12-05,1,Total,0,0,0,0,0,0
2020-12-05,1,UG,0,0,0,0,0,0
2020-12-05,All-Floors,Alumni,0,0,0,0,0,0
2020-12-05,All-Floors,Non-HKUST,0,0,0,0,0,0
2020-12-05,All-Floors,Others(HKUST),1,1,0,165378,59998,225376
2020-12-05,All-Floors,RPG,5,5,1081,8867682,15362647,24230329
2020-12-05,All-Floors,Staff,4,14,28081,5064715,2591478,7656193
2020-12-05,All-Floors,TPG,12,14,3780,8999714,4562466,13562180
2020-12-05,All-Floors,Total,40,53,41215,158734639,348643331,507377970
2020-12-05,All-Floors,UG,18,19,8273,135637150,326066742,461703892
2020-12-05,G,Alumni,0,0,0,0,0,0
2020-12-05,G,Non-HKUST,0,0,0,0,0,0
2020-12-05,G,Others(HKUST),1,1,0,165378,59998,225376
2020-12-05,G,RPG,5,5,1081,8867682,15362647,24230329
2020-12-05,G,Staff,4,14,28081,5064715,2591478,7656193
2020-12-05,G,TPG,12,14,3780,8999714,4562466,13562180
2020-12-05,G,Total,40,53,41215,158734639,348643331,507377970
2020-12-05,G,UG,18,19,8273,135637150,326066742,461703892
2020-12-05,LG1,Alumni,0,0,0,0,0,0
2020-12-05,LG1,Non-HKUST,0,0,0,0,0,0
2020-12-05,LG1,Others(HKUST),0,0,0,0,0,0
2020-12-05,LG1,RPG,0,0,0,0,0,0
2020-12-05,LG1,Staff,0,0,0,0,0,0
2020-12-05,LG1,TPG,0,0,0,0,0,0
2020-12-05,LG1,Total,0,0,0,0,0,0
2020-12-05,LG1,UG,0,0,0,0,0,0
2020-12-05,LG3,Alumni,0,0,0,0,0,0
2020-12-05,LG3,Non-HKUST,0,0,0,0,0,0
2020-12-05,LG3,Others(HKUST),0,0,0,0,0,0
2020-12-05,LG3,RPG,0,0,0,0,0,0
2020-12-05,LG3,Staff,0,0,0,0,0,0
2020-12-05,LG3,TPG,0,0,0,0,0,0
2020-12-05,LG3,Total,0,0,0,0,0,0
2020-12-05,LG3,UG,0,0,0,0,0,0
2020-12-05,LG4,Alumni,0,0,0,0,0,0
2020-12-05,LG4,Non-HKUST,0,0,0,0,0,0
2020-12-05,LG4,Others(HKUST),0,0,0,0,0,0
2020-12-05,LG4,RPG,0,0,0,0,0,0
2020-12-05,LG4,Staff,0,0,0,0,0,0
2020-12-05,LG4,TPG,0,0,0,0,0,0
2020-12-05,LG4,Total,0,0,0,0,0,0
2020-12-05,LG4,UG,0,0,0,0,0,0
2020-12-06,1,Alumni,0,0,0,0,0,0
2020-12-06,1,Non-HKUST,0,0,0,0,0,0
2020-12-06,1,Others(HKUST),0,0,0,0,0,0
2020-12-06,1,RPG,0,0,0,0,0,0
2020-12-06,1,Staff,0,0,0,0,0,0
2020-12-06,1,TPG,0,0,0,0,0,0
2020-12-06,1,Total,0,0,0,0,0,0
2020-12-06,1,UG,0,0,0,0,0,0
2020-12-06,All-Floors,Alumni,2,2,720,26272877,1310485,27583362
2020-12-06,All-Floors,Non-HKUST,0,0,0,0,0,0
2020-12-06,All-Floors,Others(HKUST),0,0,0,0,0,0
2020-12-06,All-Floors,RPG,12,15,13864,2582364127,696215285,3278579412
2020-12-06,All-Floors,Staff,9,27,50942,34403437,5271766,39675203
2020-12-06,All-Floors,TPG,22,26,8277,161681718,19471238,181152956
2020-12-06,All-Floors,Total,79,109,101166,3337693942,783446495,4121140437
2020-12-06,All-Floors,UG,34,39,27363,532971783,61177721,594149504
2020-12-06,G,Alumni,2,2,720,26272877,1310485,27583362
2020-12-06,G,Non-HKUST,0,0,0,0,0,0
2020-12-06,G,Others(HKUST),0,0,0,0,0,0
2020-12-06,G,RPG,12,15,13864,2582364127,696215285,3278579412
2020-12-06,G,Staff,9,27,50942,34403437,5271766,39675203
2020-12-06,G,TPG,22,26,8277,161681718,19471238,181152956
2020-12-06,G,Total,79,109,101166,3337693942,783446495,4121140437
2020-12-06,G,UG,34,39,27363,532971783,61177721,594149504
2020-12-06,LG1,Alumni,0,0,0,0,0,0
2020-12-06,LG1,Non-HKUST,0,0,0,0,0,0
2020-12-06,LG1,Others(HKUST),0,0,0,0,0,0
2020-12-06,LG1,RPG,0,0,0,0,0,0
2020-12-06,LG1,Staff,0,0,0,0,0,0
2020-12-06,LG1,TPG,0,0,0,0,0,0
2020-12-06,LG1,Total,0,0,0,0,0,0
2020-12-06,LG1,UG,0,0,0,0,0,0
2020-12-06,LG3,Alumni,0,0,0,0,0,0
2020-12-06,LG3,Non-HKUST,0,0,0,0,0,0
2020-12-06,LG3,Others(HKUST),0,0,0,0,0,0
2020-12-06,LG3,RPG,0,0,0,0,0,0
2020-12-06,LG3,Staff,0,0,0,0,0,0
2020-12-06,LG3,TPG,0,0,0,0,0,0
2020-12-06,LG3,Total,0,0,0,0,0,0
2020-12-06,LG3,UG,0,0,0,0,0,0
2020-12-06,LG4,Alumni,0,0,0,0,0,0
2020-12-06,LG4,Non-HKUST,0,0,0,0,0,0
2020-12-06,LG4,Others(HKUST),0,0,0,0,0,0
2020-12-06,LG4,RPG,0,0,0,0,0,0
2020-12-06,LG4,Staff,0,0,0,0,0,0
2020-12-06,LG4,TPG,0,0,0,0,0,0
2020-12-06,LG4,Total,0,0,0,0,0,0
2020-12-06,LG4,UG,0,0,0,0,0,0
2020-12-07,1,Alumni,0,0,0,0,0,0
2020-12-07,1,Non-HKUST,0,0,0,0,0,0
2020-12-07,1,Others(HKUST),0,0,0,0,0,0
2020-12-07,1,RPG,0,0,0,0,0,0
2020-12-07,1,Staff,0,0,0,0,0,0
2020-12-07,1,TPG,0,0,0,0,0,0
2020-12-07,1,Total,0,0,0,0,0,0
2020-12-07,1,UG,0,0,0,0,0,0
2020-12-07,All-Floors,Alumni,5,6,4861,602031756,9446802,611478558
2020-12-07,All-Floors,Non-HKUST,3,3,901,89595411,9097913,98693324
2020-12-07,All-Floors,Others(HKUST),3,21,26296,3758366949,457351069,4215718018
2020-12-07,All-Floors,RPG,33,38,12415,732641947,110580453,843222400
2020-12-07,All-Floors,Staff,41,110,241974,1147204089,136828280,1284032369
2020-12-07,All-Floors,TPG,69,97,45006,803508392,90537080,894045472
2020-12-07,All-Floors,Total,333,535,472773,11786352570,1140330390,12926682960
2020-12-07,All-Floors,UG,179,260,141320,4653004026,326488793,4979492819
2020-12-07,G,Alumni,5,6,4861,602031756,9446802,611478558
2020-12-07,G,Non-HKUST,3,3,901,89595411,9097913,98693324
2020-12-07,G,Others(HKUST),3,21,26296,3758366949,457351069,4215718018
2020-12-07,G,RPG,33,38,12415,732641947,110580453,843222400
2020-12-07,G,Staff,41,110,241974,1147204089,136828280,1284032369
2020-12-07,G,TPG,69,97,45006,803508392,90537080,894045472
2020-12-07,G,Total,333,535,472773,11786352570,1140330390,12926682960
2020-12-07,G,UG,179,260,141320,4653004026,326488793,4979492819
2020-12-07,LG1,Alumni,0,0,0,0,0,0
2020-12-07,LG1,Non-HKUST,0,0,0,0,0,0
2020-12-07,LG1,Others(HKUST),0,0,0,0,0,0
2020-12-07,LG1,RPG,0,0,0,0,0,0
2020-12-07,LG1,Staff,0,0,0,0,0,0
2020-12-07,LG1,TPG,0,0,0,0,0,0
2020-12-07,LG1,Total,0,0,0,0,0,0
2020-12-07,LG1,UG,0,0,0,0,0,0
2020-12-07,LG3,Alumni,0,0,0,0,0,0
2020-12-07,LG3,Non-HKUST,0,0,0,0,0,0
2020-12-07,LG3,Others(HKUST),0,0,0,0,0,0
2020-12-07,LG3,RPG,0,0,0,0,0,0
2020-12-07,LG3,Staff,0,0,0,0,0,0
2020-12-07,LG3,TPG,0,0,0,0,0,0
2020-12-07,LG3,Total,0,0,0,0,0,0
2020-12-07,LG3,UG,0,0,0,0,0,0
2020-12-07,LG4,Alumni,0,0,0,0,0,0
2020-12-07,LG4,Non-HKUST,0,0,0,0,0,0
2020-12-07,LG4,Others(HKUST),0,0,0,0,0,0
2020-12-07,LG4,RPG,0,0,0,0,0,0
2020-12-07,LG4,Staff,0,0,0,0,0,0
2020-12-07,LG4,TPG,0,0,0,0,0,0
2020-12-07,LG4,Total,0,0,0,0,0,0
2020-12-07,LG4,UG,0,0,0,0,0,0
2020-12-08,1,Alumni,0,0,0,0,0,0
2020-12-08,1,Non-HKUST,0,0,0,0,0,0
2020-12-08,1,Others(HKUST),0,0,0,0,0,0
2020-12-08,1,RPG,0,0,0,0,0,0
2020-12-08,1,Staff,0,0,0,0,0,0
2020-12-08,1,TPG,0,0,0,0,0,0
2020-12-08,1,Total,0,0,0,0,0,0
2020-12-08,1,UG,0,0,0,0,0,0
2020-12-08,All-Floors,Alumni,4,4,2159,459049788,11416980,470466768
2020-12-08,All-Floors,Non-HKUST,3,3,721,3711421,13492923,17204344
2020-12-08,All-Floors,Others(HKUST),1,1,4326,1904094,336931,2241025
2020-12-08,All-Floors,RPG,28,35,9355,1272639117,55796239,1328435356
2020-12-08,All-Floors,Staff,36,125,250652,1934616890,214075809,2148692699
2020-12-08,All-Floors,TPG,69,87,32230,699915538,104110081,804025619
2020-12-08,All-Floors,Total,324,494,407659,6765737450,623017433,7388754883
2020-12-08,All-Floors,UG,183,239,108216,2393900602,223788470,2617689072
2020-12-08,G,Alumni,4,4,2159,459049788,11416980,470466768
2020-12-08,G,Non-HKUST,3,3,721,3711421,13492923,17204344
2020-12-08,G,Others(HKUST),1,1,4326,1904094,336931,2241025
2020-12-08,G,RPG,28,35,9355,1272639117,55796239,1328435356
2020-12-08,G,Staff,36,125,250652,1934616890,214075809,2148692699
2020-12-08,G,TPG,69,87,32230,699915538,104110081,804025619
2020-12-08,G,Total,324,494,407659,6765737450,623017433,7388754883
2020-12-08,G,UG,183,239,108216,2393900602,223788470,2617689072
2020-12-08,LG1,Alumni,0,0,0,0,0,0
2020-12-08,LG1,Non-HKUST,0,0,0,0,0,0
2020-12-08,LG1,Others(HKUST),0,0,0,0,0,0
2020-12-08,LG1,RPG,0,0,0,0,0,0
2020-12-08,LG1,Staff,0,0,0,0,0,0
2020-12-08,LG1,TPG,0,0,0,0,0,0
2020-12-08,LG1,Total,0,0,0,0,0,0
2020-12-08,LG1,UG,0,0,0,0,0,0
2020-12-08,LG3,Alumni,0,0,0,0,0,0
2020-12-08,LG3,Non-HKUST,0,0,0,0,0,0
2020-12-08,LG3,Others(HKUST),0,0,0,0,0,0
2020-12-08,LG3,RPG,0,0,0,0,0,0
2020-12-08,LG3,Staff,0,0,0,0,0,0
2020-12-08,LG3,TPG,0,0,0,0,0,0
2020-12-08,LG3,Total,0,0,0,0,0,0
2020-12-08,LG3,UG,0,0,0,0,0,0
2020-12-08,LG4,Alumni,0,0,0,0,0,0
2020-12-08,LG4,Non-HKUST,0,0,0,0,0,0
2020-12-08,LG4,Others(HKUST),0,0,0,0,0,0
2020-12-08,LG4,RPG,0,0,0,0,0,0
2020-12-08,LG4,Staff,0,0,0,0,0,0
2020-12-08,LG4,TPG,0,0,0,0,0,0
2020-12-08,LG4,Total,0,0,0,0,0,0
2020-12-08,LG4,UG,0,0,0,0,0,0
2020-12-09,1,Alumni,0,0,0,0,0,0
2020-12-09,1,Non-HKUST,0,0,0,0,0,0
2020-12-09,1,Others(HKUST),0,0,0,0,0,0
2020-12-09,1,RPG,0,0,0,0,0,0
2020-12-09,1,Staff,0,0,0,0,0,0
2020-12-09,1,TPG,0,0,0,0,0,0
2020-12-09,1,Total,0,0,0,0,0,0
2020-12-09,1,UG,0,0,0,0,0,0
2020-12-09,All-Floors,Alumni,5,6,2706,708145,360596,1068741
2020-12-09,All-Floors,Non-HKUST,4,5,1445,726082629,44035071,770117700
2020-12-09,All-Floors,Others(HKUST),4,10,32967,1489870550,176428524,1666299074
2020-12-09,All-Floors,RPG,20,22,6650,177974183,15931992,193906175
2020-12-09,All-Floors,Staff,36,123,298191,1688411758,224141203,1912552961
2020-12-09,All-Floors,TPG,59,86,33306,2124732921,230971517,2355704438
2020-12-09,All-Floors,Total,289,451,470111,8664494231,908535787,9573030018
2020-12-09,All-Floors,UG,161,199,94846,2456714045,216666884,2673380929
2020-12-09,G,Alumni,5,6,2706,708145,360596,1068741
2020-12-09,G,Non-HKUST,4,5,1445,726082629,44035071,770117700
2020-12-09,G,Others(HKUST),4,10,32967,1489870550,176428524,1666299074
2020-12-09,G,RPG,20,22,6650,177974183,15931992,193906175
2020-12-09,G,Staff,36,123,298191,1688411758,224141203,1912552961
2020-12-09,G,TPG,59,86,33306,2124732921,230971517,2355704438
2020-12-09,G,Total,289,451,470111,8664494231,908535787,9573030018
2020-12-09,G,UG,161,199,94846,2456714045,216666884,2673380929
2020-12-09,LG1,Alumni,0,0,0,0,0,0
2020-12-09,LG1,Non-HKUST,0,0,0,0,0,0
2020-12-09,LG1,Others(HKUST),0,0,0,0,0,0
2020-12-09,LG1,RPG,0,0,0,0,0,0
2020-12-09,LG1,Staff,0,0,0,0,0,0
2020-12-09,LG1,TPG,0,0,0,0,0,0
2020-12-09,LG1,Total,0,0,0,0,0,0
2020-12-09,LG1,UG,0,0,0,0,0,0
2020-12-09,LG3,Alumni,0,0,0,0,0,0
2020-12-09,LG3,Non-HKUST,0,0,0,0,0,0
2020-12-09,LG3,Others(HKUST),0,0,0,0,0,0
2020-12-09,LG3,RPG,0,0,0,0,0,0
2020-12-09,LG3,Staff,0,0,0,0,0,0
2020-12-09,LG3,TPG,0,0,0,0,0,0
2020-12-09,LG3,Total,0,0,0,0,0,0
2020-12-09,LG3,UG,0,0,0,0,0,0
2020-12-09,LG4,Alumni,0,0,0,0,0,0
2020-12-09,LG4,Non-HKUST,0,0,0,0,0,0
2020-12-09,LG4,Others(HKUST),0,0,0,0,0,0
2020-12-09,LG4,RPG,0,0,0,0,0,0
2020-12-09,LG4,Staff,0,0,0,0,0,0
2020-12-09,LG4,TPG,0,0,0,0,0,0
2020-12-09,LG4,Total,0,0,0,0,0,0
2020-12-09,LG4,UG,0,0,0,0,0,0
2020-12-10,1,Alumni,0,0,0,0,0,0
2020-12-10,1,Non-HKUST,0,0,0,0,0,0
2020-12-10,1,Others(HKUST),0,0,0,0,0,0
2020-12-10,1,RPG,0,0,0,0,0,0
2020-12-10,1,Staff,0,0,0,0,0,0
2020-12-10,1,TPG,0,0,0,0,0,0
2020-12-10,1,Total,0,0,0,0,0,0
2020-12-10,1,UG,0,0,0,0,0,0
2020-12-10,All-Floors,Alumni,6,11,4317,1867752702,27306468,1895059170
2020-12-10,All-Floors,Non-HKUST,2,2,359,872572,171071,1043643
2020-12-10,All-Floors,Others(HKUST),7,12,31882,907351529,118131397,1025482926
2020-12-10,All-Floors,RPG,27,36,15297,647219225,145753434,792972659
2020-12-10,All-Floors,Staff,50,140,292434,3352874053,408236745,3761110798
2020-12-10,All-Floors,TPG,49,68,31342,240100491,39307564,279408055
2020-12-10,All-Floors,Total,288,460,476587,11605190983,1020239133,12625430116
2020-12-10,All-Floors,UG,147,191,100956,4589020411,281332454,4870352865
2020-12-10,G,Alumni,6,11,4317,1867752702,27306468,1895059170
2020-12-10,G,Non-HKUST,2,2,359,872572,171071,1043643
2020-12-10,G,Others(HKUST),7,12,31882,907351529,118131397,1025482926
2020-12-10,G,RPG,27,36,15297,647219225,145753434,792972659
2020-12-10,G,Staff,50,140,292434,3352874053,408236745,3761110798
2020-12-10,G,TPG,49,68,31342,240100491,39307564,279408055
2020-12-10,G,Total,288,460,476587,11605190983,1020239133,12625430116
2020-12-10,G,UG,147,191,100956,4589020411,281332454,4870352865
2020-12-10,LG1,Alumni,0,0,0,0,0,0
2020-12-10,LG1,Non-HKUST,0,0,0,0,0,0
2020-12-10,LG1,Others(HKUST),0,0,0,0,0,0
2020-12-10,LG1,RPG,0,0,0,0,0,0
2020-12-10,LG1,Staff,0,0,0,0,0,0
2020-12-10,LG1,TPG,0,0,0,0,0,0
2020-12-10,LG1,Total,0,0,0,0,0,0
2020-12-10,LG1,UG,0,0,0,0,0,0
2020-12-10,LG3,Alumni,0,0,0,0,0,0
2020-12-10,LG3,Non-HKUST,0,0,0,0,0,0
2020-12-10,LG3,Others(HKUST),0,0,0,0,0,0
2020-12-10,LG3,RPG,0,0,0,0,0,0
2020-12-10,LG3,Staff,0,0,0,0,0,0
2020-12-10,LG3,TPG,0,0,0,0,0,0
2020-12-10,LG3,Total,0,0,0,0,0,0
2020-12-10,LG3,UG,0,0,0,0,0,0
2020-12-10,LG4,Alumni,0,0,0,0,0,0
2020-12-10,LG4,Non-HKUST,0,0,0,0,0,0
2020-12-10,LG4,Others(HKUST),0,0,0,0,0,0
2020-12-10,LG4,RPG,0,0,0,0,0,0
2020-12-10,LG4,Staff,0,0,0,0,0,0
2020-12-10,LG4,TPG,0,0,0,0,0,0
2020-12-10,LG4,Total,0,0,0,0,0,0
2020-12-10,LG4,UG,0,0,0,0,0,0
2020-12-11,1,Alumni,0,0,0,0,0,0
2020-12-11,1,Non-HKUST,0,0,0,0,0,0
2020-12-11,1,Others(HKUST),0,0,0,0,0,0
2020-12-11,1,RPG,0,0,0,0,0,0
2020-12-11,1,Staff,0,0,0,0,0,0
2020-12-11,1,TPG,0,0,0,0,0,0
2020-12-11,1,Total,0,0,0,0,0,0
2020-12-11,1,UG,0,0,0,0,0,0
2020-12-11,All-Floors,Alumni,5,7,2163,10297046,2245006,12542052
2020-12-11,All-Floors,Non-HKUST,2,2,900,0,0,0
2020-12-11,All-Floors,Others(HKUST),2,4,107065,22604301,4964994,27569295
2020-12-11,All-Floors,RPG,23,28,12775,189541214,35377222,224918436
2020-12-11,All-Floors,Staff,36,127,306158,3357569688,187707320,3545277008
2020-12-11,All-Floors,TPG,46,71,36923,897124104,57845614,954969718
2020-12-11,All-Floors,Total,250,411,529164,10227406940,1713243462,11940650402
2020-12-11,All-Floors,UG,136,172,63180,5750270587,1425103306,7175373893
2020-12-11,G,Alumni,5,7,2163,10297046,2245006,12542052
2020-12-11,G,Non-HKUST,2,2,900,0,0,0
2020-12-11,G,Others(HKUST),2,4,107065,22604301,4964994,27569295
2020-12-11,G,RPG,23,28,12775,189541214,35377222,224918436
2020-12-11,G,Staff,36,127,306158,3357569688,187707320,3545277008
2020-12-11,G,TPG,46,71,36923,897124104,57845614,954969718
2020-12-11,G,Total,250,411,529164,10227406940,1713243462,11940650402
2020-12-11,G,UG,136,172,63180,5750270587,1425103306,7175373893
2020-12-11,LG1,Alumni,0,0,0,0,0,0
2020-12-11,LG1,Non-HKUST,0,0,0,0,0,0
2020-12-11,LG1,Others(HKUST),0,0,0,0,0,0
2020-12-11,LG1,RPG,0,0,0,0,0,0
2020-12-11,LG1,Staff,0,0,0,0,0,0
2020-12-11,LG1,TPG,0,0,0,0,0,0
2020-12-11,LG1,Total,0,0,0,0,0,0
2020-12-11,LG1,UG,0,0,0,0,0,0
2020-12-11,LG3,Alumni,0,0,0,0,0,0
2020-12-11,LG3,Non-HKUST,0,0,0,0,0,0
2020-12-11,LG3,Others(HKUST),0,0,0,0,0,0
2020-12-11,LG3,RPG,0,0,0,0,0,0
2020-12-11,LG3,Staff,0,0,0,0,0,0
2020-12-11,LG3,TPG,0,0,0,0,0,0
2020-12-11,LG3,Total,0,0,0,0,0,0
2020-12-11,LG3,UG,0,0,0,0,0,0
2020-12-11,LG4,Alumni,0,0,0,0,0,0
2020-12-11,LG4,Non-HKUST,0,0,0,0,0,0
2020-12-11,LG4,Others(HKUST),0,0,0,0,0,0
2020-12-11,LG4,RPG,0,0,0,0,0,0
2020-12-11,LG4,Staff,0,0,0,0,0,0
2020-12-11,LG4,TPG,0,0,0,0,0,0
2020-12-11,LG4,Total,0,0,0,0,0,0
2020-12-11,LG4,UG,0,0,0,0,0,0
2020-12-12,1,Alumni,0,0,0,0,0,0
2020-12-12,1,Non-HKUST,0,0,0,0,0,0
2020-12-12,1,Others(HKUST),0,0,0,0,0,0
2020-12-12,1,RPG,0,0,0,0,0,0
2020-12-12,1,Staff,0,0,0,0,0,0
2020-12-12,1,TPG,0,0,0,0,0,0
2020-12-12,1,Total,0,0,0,0,0,0
2020-12-12,1,UG,0,0,0,0,0,0
2020-12-12,All-Floors,Alumni,3,3,899,81091,71371,152462
2020-12-12,All-Floors,Non-HKUST,1,1,721,946842,100570,1047412
2020-12-12,All-Floors,Others(HKUST),2,3,172798,30283179,10738128,41021307
2020-12-12,All-Floors,RPG,18,22,8281,201896824,14618167,216514991
2020-12-12,All-Floors,Staff,10,49,90376,414659123,189870053,604529176
2020-12-12,All-Floors,TPG,35,43,25748,493336884,54837241,548174125
2020-12-12,All-Floors,Total,149,221,337901,1624583904,295663842,1920247746
2020-12-12,All-Floors,UG,80,100,39078,483379961,25428312,508808273
2020-12-12,G,Alumni,3,3,899,81091,71371,152462
2020-12-12,G,Non-HKUST,1,1,721,946842,100570,1047412
2020-12-12,G,Others(HKUST),2,3,172798,30283179,10738128,41021307
2020-12-12,G,RPG,18,22,8281,201896824,14618167,216514991
2020-12-12,G,Staff,10,49,90376,414659123,189870053,604529176
2020-12-12,G,TPG,35,43,25748,493336884,54837241,548174125
2020-12-12,G,Total,149,221,337901,1624583904,295663842,1920247746
2020-12-12,G,UG,80,100,39078,483379961,25428312,508808273
2020-12-12,LG1,Alumni,0,0,0,0,0,0
2020-12-12,LG1,Non-HKUST,0,0,0,0,0,0
2020-12-12,LG1,Others(HKUST),0,0,0,0,0,0
2020-12-12,LG1,RPG,0,0,0,0,0,0
2020-12-12,LG1,Staff,0,0,0,0,0,0
2020-12-12,LG1,TPG,0,0,0,0,0,0
2020-12-12,LG1,Total,0,0,0,0,0,0
2020-12-12,LG1,UG,0,0,0,0,0,0
2020-12-12,LG3,Alumni,0,0,0,0,0,0
2020-12-12,LG3,Non-HKUST,0,0,0,0,0,0
2020-12-12,LG3,Others(HKUST),0,0,0,0,0,0
2020-12-12,LG3,RPG,0,0,0,0,0,0
2020-12-12,LG3,Staff,0,0,0,0,0,0
2020-12-12,LG3,TPG,0,0,0,0,0,0
2020-12-12,LG3,Total,0,0,0,0,0,0
2020-12-12,LG3,UG,0,0,0,0,0,0
2020-12-12,LG4,Alumni,0,0,0,0,0,0
2020-12-12,LG4,Non-HKUST,0,0,0,0,0,0
2020-12-12,LG4,Others(HKUST),0,0,0,0,0,0
2020-12-12,LG4,RPG,0,0,0,0,0,0
2020-12-12,LG4,Staff,0,0,0,0,0,0
2020-12-12,LG4,TPG,0,0,0,0,0,0
2020-12-12,LG4,Total,0,0,0,0,0,0
2020-12-12,LG4,UG,0,0,0,0,0,0
2020-12-13,1,Alumni,0,0,0,0,0,0
2020-12-13,1,Non-HKUST,0,0,0,0,0,0
2020-12-13,1,Others(HKUST),0,0,0,0,0,0
2020-12-13,1,RPG,0,0,0,0,0,0
2020-12-13,1,Staff,0,0,0,0,0,0
2020-12-13,1,TPG,0,0,0,0,0,0
2020-12-13,1,Total,0,0,0,0,0,0
2020-12-13,1,UG,0,0,0,0,0,0
2020-12-13,All-Floors,Alumni,2,2,720,22783,8497,31280
2020-12-13,All-Floors,Non-HKUST,2,2,719,171679369,3698713,175378082
2020-12-13,All-Floors,Others(HKUST),2,3,172798,46741782,17109717,63851499
2020-12-13,All-Floors,RPG,9,10,1801,230189254,8385860,238575114
2020-12-13,All-Floors,Staff,9,26,30423,810915936,39651471,850567407
2020-12-13,All-Floors,TPG,36,41,13143,214796647,37307063,252103710
2020-12-13,All-Floors,Total,141,178,278828,4407374571,652921806,5060296377
2020-12-13,All-Floors,UG,81,94,59224,2933028800,546760485,3479789285
2020-12-13,G,Alumni,2,2,720,22783,8497,31280
2020-12-13,G,Non-HKUST,2,2,719,171679369,3698713,175378082
2020-12-13,G,Others(HKUST),2,3,172798,46741782,17109717,63851499
2020-12-13,G,RPG,9,10,1801,230189254,8385860,238575114
2020-12-13,G,Staff,9,26,30423,810915936,39651471,850567407
2020-12-13,G,TPG,36,41,13143,214796647,37307063,252103710
2020-12-13,G,Total,141,178,278828,4407374571,652921806,5060296377
2020-12-13,G,UG,81,94,59224,2933028800,546760485,3479789285
2020-12-13,LG1,Alumni,0,0,0,0,0,0
2020-12-13,LG1,Non-HKUST,0,0,0,0,0,0
2020-12-13,LG1,Others(HKUST),0,0,0,0,0,0
2020-12-13,LG1,RPG,0,0,0,0,0,0
2020-12-13,LG1,Staff,0,0,0,0,0,0
2020-12-13,LG1,TPG,0,0,0,0,0,0
2020-12-13,LG1,Total,0,0,0,0,0,0
2020-12-13,LG1,UG,0,0,0,0,0,0
2020-12-13,LG3,Alumni,0,0,0,0,0,0
2020-12-13,LG3,Non-HKUST,0,0,0,0,0,0
2020-12-13,LG3,Others(HKUST),0,0,0,0,0,0
2020-12-13,LG3,RPG,0,0,0,0,0,0
2020-12-13,LG3,Staff,0,0,0,0,0,0
2020-12-13,LG3,TPG,0,0,0,0,0,0
2020-12-13,LG3,Total,0,0,0,0,0,0
2020-12-13,LG3,UG,0,0,0,0,0,0
2020-12-13,LG4,Alumni,0,0,0,0,0,0
2020-12-13,LG4,Non-HKUST,0,0,0,0,0,0
2020-12-13,LG4,Others(HKUST),0,0,0,0,0,0
2020-12-13,LG4,RPG,0,0,0,0,0,0
2020-12-13,LG4,Staff,0,0,0,0,0,0
2020-12-13,LG4,TPG,0,0,0,0,0,0
2020-12-13,LG4,Total,0,0,0,0,0,0
2020-12-13,LG4,UG,0,0,0,0,0,0
2020-12-14,1,Alumni,0,0,0,0,0,0
2020-12-14,1,Non-HKUST,0,0,0,0,0,0
2020-12-14,1,Others(HKUST),0,0,0,0,0,0
2020-12-14,1,RPG,0,0,0,0,0,0
2020-12-14,1,Staff,0,0,0,0,0,0
2020-12-14,1,TPG,0,0,0,0,0,0
2020-12-14,1,Total,0,0,0,0,0,0
2020-12-14,1,UG,0,0,0,0,0,0
2020-12-14,All-Floors,Alumni,4,7,2164,723373779,9577968,732951747
2020-12-14,All-Floors,Non-HKUST,1,1,360,8319102,463606,8782708
2020-12-14,All-Floors,Others(HKUST),3,6,202340,462060102,112413484,574473586
2020-12-14,All-Floors,RPG,22,25,7196,4349575711,181987111,4531562822
2020-12-14,All-Floors,Staff,35,115,236080,1538657893,402960239,1941618132
2020-12-14,All-Floors,TPG,43,57,29533,930508353,129804421,1060312774
2020-12-14,All-Floors,Total,231,354,534029,14461507175,1014844259,15476351434
2020-12-14,All-Floors,UG,123,143,56356,6449012235,177637430,6626649665
2020-12-14,G,Alumni,4,7,2164,723373779,9577968,732951747
2020-12-14,G,Non-HKUST,1,1,360,8319102,463606,8782708
2020-12-14,G,Others(HKUST),3,6,202340,462060102,112413484,574473586
2020-12-14,G,RPG,21,24,7196,471244483,58929570,530174053
2020-12-14,G,Staff,33,111,230498,784113289,255390185,1039503474
2020-12-14,G,TPG,43,57,29533,930508353,129804421,1060312774
2020-12-14,G,Total,228,349,528447,9828631343,744216664,10572848007
2020-12-14,G,UG,123,143,56356,6449012235,177637430,6626649665
2020-12-14,LG1,Alumni,0,0,0,0,0,0
2020-12-14,LG1,Non-HKUST,0,0,0,0,0,0
2020-12-14,LG1,Others(HKUST),0,0,0,0,0,0
2020-12-14,LG1,RPG,0,0,0,0,0,0
2020-12-14,LG1,Staff,0,0,0,0,0,0
2020-12-14,LG1,TPG,0,0,0,0,0,0
2020-12-14,LG1,Total,0,0,0,0,0,0
2020-12-14,LG1,UG,0,0,0,0,0,0
2020-12-14,LG3,Alumni,0,0,0,0,0,0
2020-12-14,LG3,Non-HKUST,0,0,0,0,0,0
2020-12-14,LG3,Others(HKUST),0,0,0,0,0,0
2020-12-14,LG3,RPG,1,1,0,3878331228,123057541,4001388769
2020-12-14,LG3,Staff,2,4,5582,754544604,147570054,902114658
2020-12-14,LG3,TPG,0,0,0,0,0,0
2020-12-14,LG3,Total,3,5,5582,4632875832,270627595,4903503427
2020-12-14,LG3,UG,0,0,0,0,0,0
2020-12-14,LG4,Alumni,0,0,0,0,0,0
2020-12-14,LG4,Non-HKUST,0,0,0,0,0,0
2020-12-14,LG4,Others(HKUST),0,0,0,0,0,0
2020-12-14,LG4,RPG,0,0,0,0,0,0
2020-12-14,LG4,Staff,0,0,0,0,0,0
2020-12-14,LG4,TPG,0,0,0,0,0,0
2020-12-14,LG4,Total,0,0,0,0,0,0
2020-12-14,LG4,UG,0,0,0,0,0,0
2020-12-15,1,Alumni,0,0,0,0,0,0
2020-12-15,1,Non-HKUST,0,0,0,0,0,0
2020-12-15,1,Others(HKUST),0,0,0,0,0,0
2020-12-15,1,RPG,0,0,0,0,0,0
2020-12-15,1,Staff,0,0,0,0,0,0
2020-12-15,1,TPG,0,0,0,0,0,0
2020-12-15,1,Total,0,0,0,0,0,0
2020-12-15,1,UG,0,0,0,0,0,0
2020-12-15,All-Floors,Alumni,8,10,7746,1722975730,24339629,1747315359
2020-12-15,All-Floors,Non-HKUST,3,3,1442,175177512,10957704,186135216
2020-12-15,All-Floors,Others(HKUST),1,2,58533,45321947,2777446,48099393
2020-12-15,All-Floors,RPG,27,39,138831,89915019737,11700515123,101615534860
2020-12-15,All-Floors,Staff,43,126,309555,2673887243,241467380,2915354623
2020-12-15,All-Floors,TPG,43,53,30786,704601771,224078539,928680310
2020-12-15,All-Floors,Total,251,386,615144,97817015425,12644019032,110461034457
2020-12-15,All-Floors,UG,126,153,68251,2580031485,439883211,3019914696
2020-12-15,G,Alumni,8,10,7746,1722975730,24339629,1747315359
2020-12-15,G,Non-HKUST,3,3,1442,175177512,10957704,186135216
2020-12-15,G,Others(HKUST),1,2,58533,45321947,2777446,48099393
2020-12-15,G,RPG,26,29,13158,1788376947,112534814,1900911761
2020-12-15,G,Staff,39,108,286340,2305193580,188721979,2493915559
2020-12-15,G,TPG,43,53,30786,704601771,224078539,928680310
2020-12-15,G,Total,246,358,466256,9321678972,1003293322,10324972294
2020-12-15,G,UG,126,153,68251,2580031485,439883211,3019914696
2020-12-15,LG1,Alumni,0,0,0,0,0,0
2020-12-15,LG1,Non-HKUST,0,0,0,0,0,0
2020-12-15,LG1,Others(HKUST),0,0,0,0,0,0
2020-12-15,LG1,RPG,0,0,0,0,0,0
2020-12-15,LG1,Staff,0,0,0,0,0,0
2020-12-15,LG1,TPG,0,0,0,0,0,0
2020-12-15,LG1,Total,0,0,0,0,0,0
2020-12-15,LG1,UG,0,0,0,0,0,0
2020-12-15,LG3,Alumni,0,0,0,0,0,0
2020-12-15,LG3,Non-HKUST,0,0,0,0,0,0
2020-12-15,LG3,Others(HKUST),0,0,0,0,0,0
2020-12-15,LG3,RPG,1,10,125673,88126642790,11587980309,99714623099
2020-12-15,LG3,Staff,4,18,23215,368693663,52745401,421439064
2020-12-15,LG3,TPG,0,0,0,0,0,0
2020-12-15,LG3,Total,5,28,148888,88495336453,11640725710,100136062163
2020-12-15,LG3,UG,0,0,0,0,0,0
2020-12-15,LG4,Alumni,0,0,0,0,0,0
2020-12-15,LG4,Non-HKUST,0,0,0,0,0,0
2020-12-15,LG4,Others(HKUST),0,0,0,0,0,0
2020-12-15,LG4,RPG,0,0,0,0,0,0
2020-12-15,LG4,Staff,0,0,0,0,0,0
2020-12-15,LG4,TPG,0,0,0,0,0,0
2020-12-15,LG4,Total,0,0,0,0,0,0
2020-12-15,LG4,UG,0,0,0,0,0,0
2020-12-16,1,Alumni,0,0,0,0,0,0
2020-12-16,1,Non-HKUST,0,0,0,0,0,0
2020-12-16,1,Others(HKUST),0,0,0,0,0,0
2020-12-16,1,RPG,0,0,0,0,0,0
2020-12-16,1,Staff,0,0,0,0,0,0
2020-12-16,1,TPG,0,0,0,0,0,0
2020-12-16,1,Total,0,0,0,0,0,0
2020-12-16,1,UG,0,0,0,0,0,0
2020-12-16,All-Floors,Alumni,4,8,1802,473613816,22382097,495995913
2020-12-16,All-Floors,Non-HKUST,1,1,721,801331,319711,1121042
2020-12-16,All-Floors,Others(HKUST),8,20,317810,7249670306,215948784,7465619090
2020-12-16,All-Floors,RPG,33,43,399432,62157605982,11699678174,73857284156
2020-12-16,All-Floors,Staff,50,159,603228,22343722297,13922209087,36265931384
2020-12-16,All-Floors,TPG,52,59,29870,585962345,55925312,641887657
2020-12-16,All-Floors,Total,262,437,1423255,94910324240,26024980273,120935304513
2020-12-16,All-Floors,UG,114,147,70392,2098948163,108517108,2207465271
2020-12-16,G,Alumni,4,8,1802,473613816,22382097,495995913
2020-12-16,G,Non-HKUST,1,1,721,801331,319711,1121042
2020-12-16,G,Others(HKUST),5,7,2344,3448556,1318570,4767126
2020-12-16,G,RPG,28,31,12251,1061180301,61914023,1123094324
2020-12-16,G,Staff,42,127,295717,1626051510,2514767285,4140818795
2020-12-16,G,TPG,48,54,16729,431665159,15825145,447490304
2020-12-16,G,Total,242,375,399956,5695708836,2725043939,8420752775
2020-12-16,G,UG,114,147,70392,2098948163,108517108,2207465271
2020-12-16,LG1,Alumni,0,0,0,0,0,0
2020-12-16,LG1,Non-HKUST,0,0,0,0,0,0
2020-12-16,LG1,Others(HKUST),0,0,0,0,0,0
2020-12-16,LG1,RPG,0,0,0,0,0,0
2020-12-16,LG1,Staff,0,0,0,0,0,0
2020-12-16,LG1,TPG,0,0,0,0,0,0
2020-12-16,LG1,Total,0,0,0,0,0,0
2020-12-16,LG1,UG,0,0,0,0,0,0
2020-12-16,LG3,Alumni,0,0,0,0,0,0
2020-12-16,LG3,Non-HKUST,0,0,0,0,0,0
2020-12-16,LG3,Others(HKUST),3,13,315466,7246221750,214630214,7460851964
2020-12-16,LG3,RPG,5,12,387181,61096425681,11637764151,72734189832
2020-12-16,LG3,Staff,8,32,307511,20717670787,11407441802,32125112589
2020-12-16,LG3,TPG,4,5,13141,154297186,40100167,194397353
2020-12-16,LG3,Total,20,62,1023299,89214615404,23299936334,112514551738
2020-12-16,LG3,UG,0,0,0,0,0,0
2020-12-16,LG4,Alumni,0,0,0,0,0,0
2020-12-16,LG4,Non-HKUST,0,0,0,0,0,0
2020-12-16,LG4,Others(HKUST),0,0,0,0,0,0
2020-12-16,LG4,RPG,0,0,0,0,0,0
2020-12-16,LG4,Staff,0,0,0,0,0,0
2020-12-16,LG4,TPG,0,0,0,0,0,0
2020-12-16,LG4,Total,0,0,0,0,0,0
2020-12-16,LG4,UG,0,0,0,0,0,0
2020-12-17,1,Alumni,0,0,0,0,0,0
2020-12-17,1,Non-HKUST,0,0,0,0,0,0
2020-12-17,1,Others(HKUST),0,0,0,0,0,0
2020-12-17,1,RPG,0,0,0,0,0,0
2020-12-17,1,Staff,0,0,0,0,0,0
2020-12-17,1,TPG,0,0,0,0,0,0
2020-12-17,1,Total,0,0,0,0,0,0
2020-12-17,1,UG,0,0,0,0,0,0
2020-12-17,All-Floors,Alumni,5,7,3599,5624606,793259,6417865
2020-12-17,All-Floors,Non-HKUST,3,3,2166,303383,200237,503620
2020-12-17,All-Floors,Others(HKUST),4,14,717489,8812408161,575174819,9387582980
2020-12-17,All-Floors,RPG,24,48,246346,36725849926,6250428000,42976277926
2020-12-17,All-Floors,Staff,52,145,821711,27295689310,11308929836,38604619146
2020-12-17,All-Floors,TPG,32,43,18349,363147850,23819346,386967196
2020-12-17,All-Floors,Total,221,383,1855387,74404790266,18380631833,92785422099
2020-12-17,All-Floors,UG,101,123,45727,1201767030,221286336,1423053366
2020-12-17,G,Alumni,5,7,3599,5624606,793259,6417865
2020-12-17,G,Non-HKUST,3,3,2166,303383,200237,503620
2020-12-17,G,Others(HKUST),1,5,23418,3117957583,399755200,3517712783
2020-12-17,G,RPG,22,26,8817,217570582,17369991,234940573
2020-12-17,G,Staff,38,95,257680,2709273641,431743641,3141017282
2020-12-17,G,TPG,32,43,18349,363147850,23819346,386967196
2020-12-17,G,Total,202,302,359756,7615644675,1094968010,8710612685
2020-12-17,G,UG,101,123,45727,1201767030,221286336,1423053366
2020-12-17,LG1,Alumni,0,0,0,0,0,0
2020-12-17,LG1,Non-HKUST,0,0,0,0,0,0
2020-12-17,LG1,Others(HKUST),0,0,0,0,0,0
2020-12-17,LG1,RPG,0,0,0,0,0,0
2020-12-17,LG1,Staff,0,0,0,0,0,0
2020-12-17,LG1,TPG,0,0,0,0,0,0
2020-12-17,LG1,Total,0,0,0,0,0,0
2020-12-17,LG1,UG,0,0,0,0,0,0
2020-12-17,LG3,Alumni,0,0,0,0,0,0
2020-12-17,LG3,Non-HKUST,0,0,0,0,0,0
2020-12-17,LG3,Others(HKUST),3,9,694071,5694450578,175419619,5869870197
2020-12-17,LG3,RPG,2,22,237529,36508279344,6233058009,42741337353
2020-12-17,LG3,Staff,14,50,564031,24586415669,10877186195,35463601864
2020-12-17,LG3,TPG,0,0,0,0,0,0
2020-12-17,LG3,Total,19,81,1495631,66789145591,17285663823,84074809414
2020-12-17,LG3,UG,0,0,0,0,0,0
2020-12-17,LG4,Alumni,0,0,0,0,0,0
2020-12-17,LG4,Non-HKUST,0,0,0,0,0,0
2020-12-17,LG4,Others(HKUST),0,0,0,0,0,0
2020-12-17,LG4,RPG,0,0,0,0,0,0
2020-12-17,LG4,Staff,0,0,0,0,0,0
2020-12-17,LG4,TPG,0,0,0,0,0,0
2020-12-17,LG4,Total,0,0,0,0,0,0
2020-12-17,LG4,UG,0,0,0,0,0,0
2020-12-18,1,Alumni,0,0,0,0,0,0
2020-12-18,1,Non-HKUST,0,0,0,0,0,0
2020-12-18,1,Others(HKUST),0,0,0,0,0,0
2020-12-18,1,RPG,0,0,0,0,0,0
2020-12-18,1,Staff,0,0,0,0,0,0
2020-12-18,1,TPG,0,0,0,0,0,0
2020-12-18,1,Total,0,0,0,0,0,0
2020-12-18,1,UG,0,0,0,0,0,0
2020-12-18,All-Floors,Alumni,4,4,2337,21139557,4046300,25185857
2020-12-18,All-Floors,Non-HKUST,2,2,1620,1757627,115085,1872712
2020-12-18,All-Floors,Others(HKUST),5,13,758090,4338949712,184155010,4523104722
2020-12-18,All-Floors,RPG,28,45,382479,7865475980,1655418171,9520894151
2020-12-18,All-Floors,Staff,44,167,852684,28620993400,11688819047,40309812447
2020-12-18,All-Floors,TPG,36,46,17466,547052986,41489528,588542514
2020-12-18,All-Floors,Total,200,394,2133486,47512955417,14038200798,61551156215
2020-12-18,All-Floors,UG,81,117,118810,6117586155,464157657,6581743812
2020-12-18,G,Alumni,4,4,2337,21139557,4046300,25185857
2020-12-18,G,Non-HKUST,2,2,1620,1757627,115085,1872712
2020-12-18,G,Others(HKUST),2,4,66898,7797636,2972750,10770386
2020-12-18,G,RPG,19,21,7567,162063180,15920849,177984029
2020-12-18,G,Staff,34,124,297676,1810441263,328158089,2138599352
2020-12-18,G,TPG,36,46,17466,547052986,41489528,588542514
2020-12-18,G,Total,177,307,472963,4967740186,592675838,5560416024
2020-12-18,G,UG,80,106,79399,2417487937,199973237,2617461174
2020-12-18,LG1,Alumni,0,0,0,0,0,0
2020-12-18,LG1,Non-HKUST,0,0,0,0,0,0
2020-12-18,LG1,Others(HKUST),0,0,0,0,0,0
2020-12-18,LG1,RPG,0,0,0,0,0,0
2020-12-18,LG1,Staff,0,0,0,0,0,0
2020-12-18,LG1,TPG,0,0,0,0,0,0
2020-12-18,LG1,Total,0,0,0,0,0,0
2020-12-18,LG1,UG,0,0,0,0,0,0
2020-12-18,LG3,Alumni,0,0,0,0,0,0
2020-12-18,LG3,Non-HKUST,0,0,0,0,0,0
2020-12-18,LG3,Others(HKUST),3,9,691192,4331152076,181182260,4512334336
2020-12-18,LG3,RPG,9,24,374912,7703412800,1639497322,9342910122
2020-12-18,LG3,Staff,10,43,555008,26810552137,11360660958,38171213095
2020-12-18,LG3,TPG,0,0,0,0,0,0
2020-12-18,LG3,Total,23,87,1660523,42545215231,13445524960,55990740191
2020-12-18,LG3,UG,1,11,39411,3700098218,264184420,3964282638
2020-12-18,LG4,Alumni,0,0,0,0,0,0
2020-12-18,LG4,Non-HKUST,0,0,0,0,0,0
2020-12-18,LG4,Others(HKUST),0,0,0,0,0,0
2020-12-18,LG4,RPG,0,0,0,0,0,0
2020-12-18,LG4,Staff,0,0,0,0,0,0
2020-12-18,LG4,TPG,0,0,0,0,0,0
2020-12-18,LG4,Total,0,0,0,0,0,0
2020-12-18,LG4,UG,0,0,0,0,0,0
2020-12-19,1,Alumni,0,0,0,0,0,0
2020-12-19,1,Non-HKUST,0,0,0,0,0,0
2020-12-19,1,Others(HKUST),0,0,0,0,0,0
2020-12-19,1,RPG,0,0,0,0,0,0
2020-12-19,1,Staff,0,0,0,0,0,0
2020-12-19,1,TPG,0,0,0,0,0,0
2020-12-19,1,Total,0,0,0,0,0,0
2020-12-19,1,UG,0,0,0,0,0,0
2020-12-19,All-Floors,Alumni,3,3,361,2085413,1191960,3277373
2020-12-19,All-Floors,Non-HKUST,1,1,721,123734,59810,183544
2020-12-19,All-Floors,Others(HKUST),3,10,863990,6406872294,272513616,6679385910
2020-12-19,All-Floors,RPG,8,26,378007,12675754741,2085400016,14761154757
2020-12-19,All-Floors,Staff,15,54,444606,23202295186,10073032809,33275327995
2020-12-19,All-Floors,TPG,26,31,8827,230066353,20822263,250888616
2020-12-19,All-Floors,Total,109,193,1741706,45808378333,12613251917,58421630250
2020-12-19,All-Floors,UG,53,68,45194,3291180612,160231443,3451412055
2020-12-19,G,Alumni,3,3,361,2085413,1191960,3277373
2020-12-19,G,Non-HKUST,1,1,721,123734,59810,183544
2020-12-19,G,Others(HKUST),1,2,172798,71654404,9681192,81335596
2020-12-19,G,RPG,6,7,3060,248599813,15884554,264484367
2020-12-19,G,Staff,10,38,63904,256072790,25925202,281997992
2020-12-19,G,TPG,26,31,8827,230066353,20822263,250888616
2020-12-19,G,Total,100,150,294865,4099783119,233796424,4333579543
2020-12-19,G,UG,53,68,45194,3291180612,160231443,3451412055
2020-12-19,LG1,Alumni,0,0,0,0,0,0
2020-12-19,LG1,Non-HKUST,0,0,0,0,0,0
2020-12-19,LG1,Others(HKUST),0,0,0,0,0,0
2020-12-19,LG1,RPG,0,0,0,0,0,0
2020-12-19,LG1,Staff,0,0,0,0,0,0
2020-12-19,LG1,TPG,0,0,0,0,0,0
2020-12-19,LG1,Total,0,0,0,0,0,0
2020-12-19,LG1,UG,0,0,0,0,0,0
2020-12-19,LG3,Alumni,0,0,0,0,0,0
2020-12-19,LG3,Non-HKUST,0,0,0,0,0,0
2020-12-19,LG3,Others(HKUST),2,8,691192,6335217890,262832424,6598050314
2020-12-19,LG3,RPG,2,19,374947,12427154928,2069515462,14496670390
2020-12-19,LG3,Staff,5,16,380702,22946222396,10047107607,32993330003
2020-12-19,LG3,TPG,0,0,0,0,0,0
2020-12-19,LG3,Total,9,43,1446841,41708595214,12379455493,54088050707
2020-12-19,LG3,UG,0,0,0,0,0,0
2020-12-19,LG4,Alumni,0,0,0,0,0,0
2020-12-19,LG4,Non-HKUST,0,0,0,0,0,0
2020-12-19,LG4,Others(HKUST),0,0,0,0,0,0
2020-12-19,LG4,RPG,0,0,0,0,0,0
2020-12-19,LG4,Staff,0,0,0,0,0,0
2020-12-19,LG4,TPG,0,0,0,0,0,0
2020-12-19,LG4,Total,0,0,0,0,0,0
2020-12-19,LG4,UG,0,0,0,0,0,0
2020-12-20,1,Alumni,4,77,88865,42693062,4902890703,4945583765
2020-12-20,1,Non-HKUST,11,32,67298,49199490,2115086730,2164286220
2020-12-20,1,Others(HKUST),0,0,0,0,0,0
2020-12-20,1,RPG,55,175,179466,53511984,3369402976,3422914960
2020-12-20,1,Staff,20,61,13192,2270685,137134238,139404923
2020-12-20,1,TPG,32,380,660545,594380210,18712244463,19306624673
2020-12-20,1,Total,186,1038,1583534,1229968179,54209624302,55439592481
2020-12-20,1,UG,64,313,574168,487912748,24972865192,25460777940
2020-12-20,All-Floors,Alumni,25,469,572289,428151127,33465364225,33893515352
2020-12-20,All-Floors,Non-HKUST,87,637,832240,631298992,19599856414,20231155406
2020-12-20,All-Floors,Others(HKUST),10,47,186956,10554324,73014274,83568598
2020-12-20,All-Floors,RPG,346,1884,1526870,4576942490,61504609954,66081552444
2020-12-20,All-Floors,Staff,128,1006,336122,160134202,4353350332,4513484534
2020-12-20,All-Floors,TPG,133,3676,4571375,8740512244,161395841930,170136354174
2020-12-20,All-Floors,Total,1140,13876,14633511,28833228205,613770806446,642604034651
2020-12-20,All-Floors,UG,411,6157,6607659,14285634826,333378769317,347664404143
2020-12-20,G,Alumni,14,151,79620,84579136,5324856889,5409436025
2020-12-20,G,Non-HKUST,37,148,73602,116772497,2286950109,2403722606
2020-12-20,G,Others(HKUST),1,4,9407,102625,1094617,1197242
2020-12-20,G,RPG,73,584,379773,3772603252,11435809416,15208412668
2020-12-20,G,Staff,54,299,99970,50303735,717817035,768120770
2020-12-20,G,TPG,102,975,437676,350226998,9118641094,9468868092
2020-12-20,G,Total,467,3834,1695891,4925172294,64755416358,69680588652
2020-12-20,G,UG,186,1673,615843,550584051,35870247198,36420831249
2020-12-20,LG1,Alumni,14,122,253872,189169219,18125786815,18314956034
2020-12-20,LG1,Non-HKUST,39,316,475619,259264159,6780515717,7039779876
2020-12-20,LG1,Others(HKUST),2,3,109239,2896327,18041499,20937826
2020-12-20,LG1,RPG,44,408,541851,470706337,29397929486,29868635823
2020-12-20,LG1,Staff,29,118,91752,63256751,2070386532,2133643283
2020-12-20,LG1,TPG,78,1615,2796957,7379682417,111720234275,119099916692
2020-12-20,LG1,Total,371,5180,8207426,20455003247,388999482034,409454485281
2020-12-20,LG1,UG,165,2598,3938136,12090028037,220886587710,232976615747
2020-12-20,LG3,Alumni,12,93,116623,89761602,3736217852,3825979454
2020-12-20,LG3,Non-HKUST,31,66,106389,61192959,6417191358,6478384317
2020-12-20,LG3,Others(HKUST),5,13,1420,6051,8081,14132
2020-12-20,LG3,RPG,195,343,164583,115082507,7604031473,7719113980
2020-12-20,LG3,Staff,69,263,49941,5000422,355774926,360775348
2020-12-20,LG3,TPG,67,420,470246,337456907,14327433208,14664890115
2020-12-20,LG3,Total,628,2053,1578861,1331280819,61010902832,62342183651
2020-12-20,LG3,UG,249,855,669659,722780371,28570245934,29293026305
2020-12-20,LG4,Alumni,12,26,33309,21948108,1375611966,1397560074
2020-12-20,LG4,Non-HKUST,30,75,109332,144869887,2000112500,2144982387
2020-12-20,LG4,Others(HKUST),5,27,66890,7549321,53870077,61419398
2020-12-20,LG4,RPG,212,374,261197,165038410,9697436603,9862475013
2020-12-20,LG4,Staff,58,265,81267,39302609,1072237601,1111540210
2020-12-20,LG4,TPG,51,286,205951,78765712,7517288890,7596054602
2020-12-20,LG4,Total,603,1771,1567799,891803666,44795380920,45687184586
2020-12-20,LG4,UG,235,718,809853,434329619,23078823283,23513152902
2020-12-21,1,Alumni,6,88,157194,96251110,10141997644,10238248754
2020-12-21,1,Non-HKUST,10,65,142684,136171186,4720230009,4856401195
2020-12-21,1,Others(HKUST),3,10,461,23838,56207,80045
2020-12-21,1,RPG,69,179,227625,123055467,3484941955,3607997422
2020-12-21,1,Staff,51,517,518950,144762919,3133579734,3278342653
2020-12-21,1,TPG,30,510,1120923,858567080,38938807586,39797374666
2020-12-21,1,Total,241,1722,2966798,2108977335,92617935241,94726912576
2020-12-21,1,UG,72,353,798961,750145735,32198322106,32948467841
2020-12-21,All-Floors,Alumni,21,614,578045,2354429470,32159110389,34513539859
2020-12-21,All-Floors,Non-HKUST,121,1313,1422466,1862816332,51892762150,53755578482
2020-12-21,All-Floors,Others(HKUST),11,110,149784,19524512,221125071,240649583
2020-12-21,All-Floors,RPG,509,3316,2652393,3069278758,80346765907,83416044665
2020-12-21,All-Floors,Staff,337,2948,1754724,620566329,17916082329,18536648658
2020-12-21,All-Floors,TPG,153,4936,6117431,12192398930,192419376602,204611775532
2020-12-21,All-Floors,Total,1657,22241,21092107,31363650158,730751674288,762115324446
2020-12-21,All-Floors,UG,505,9004,8417264,11244635827,355796451840,367041087667
2020-12-21,G,Alumni,13,161,112716,830441808,2742638389,3573080197
2020-12-21,G,Non-HKUST,58,314,315756,238637099,11969314039,12207951138
2020-12-21,G,Others(HKUST),5,19,59842,1331011,38130476,39461487
2020-12-21,G,RPG,131,1162,703671,745545648,33179915626,33925461274
2020-12-21,G,Staff,106,1004,593556,155324171,5395480980,5550805151
2020-12-21,G,TPG,123,1645,724602,581846425,18276472053,18858318478
2020-12-21,G,Total,702,7376,3793335,5186357060,159362040171,164548397231
2020-12-21,G,UG,266,3071,1283192,2633230898,87760088608,90393319506
2020-12-21,LG1,Alumni,9,118,75599,63674200,5694493023,5758167223
2020-12-21,LG1,Non-HKUST,55,644,696576,1289979234,19990095953,21280075187
2020-12-21,LG1,Others(HKUST),4,11,37537,1154096,29919146,31073242
2020-12-21,LG1,RPG,61,670,743153,697226544,22089965101,22787191645
2020-12-21,LG1,Staff,64,441,284910,250119784,7097774655,7347894439
2020-12-21,LG1,TPG,94,1907,2999194,9965201939,94860599057,104825800996
2020-12-21,LG1,Total,481,7109,8998256,18080733220,318442857748,336523590968
2020-12-21,LG1,UG,194,3318,4161287,5813377423,168680010813,174493388236
2020-12-21,LG3,Alumni,9,139,116529,95109714,3962181197,4057290911
2020-12-21,LG3,Non-HKUST,44,158,127545,68581993,8306719990,8375301983
2020-12-21,LG3,Others(HKUST),5,34,4830,90182,654776,744958
2020-12-21,LG3,RPG,295,650,410343,327590423,9781143765,10108734188
2020-12-21,LG3,Staff,190,522,190477,19693907,1217258247,1236952154
2020-12-21,LG3,TPG,78,627,990668,603280374,26143801356,26747081730
2020-12-21,LG3,Total,881,3373,3060854,2213010321,86514719468,88727729789
2020-12-21,LG3,UG,260,1243,1220462,1098663728,37102960137,38201623865
2020-12-21,LG4,Alumni,13,108,116007,1268952638,9617800136,10886752774
2020-12-21,LG4,Non-HKUST,38,132,139905,129446820,6906402159,7035848979
2020-12-21,LG4,Others(HKUST),7,36,47114,16925385,152364466,169289851
2020-12-21,LG4,RPG,301,655,567601,1175860676,11810799460,12986660136
2020-12-21,LG4,Staff,172,464,166831,50665548,1071988713,1122654261
2020-12-21,LG4,TPG,60,247,282044,183503112,14199696550,14383199662
2020-12-21,LG4,Total,882,2661,2272864,3774572222,73814121660,77588693882
2020-12-21,LG4,UG,291,1019,953362,949218043,30055070176,31004288219
2020-12-22,1,Alumni,8,343,273469,777986407,25661457716,26439444123
2020-12-22,1,Non-HKUST,14,77,169737,116649924,4425781406,4542431330
2020-12-22,1,Others(HKUST),4,28,24431,5677556,39163916,44841472
2020-12-22,1,RPG,57,173,163554,697955760,9341736451,10039692211
2020-12-22,1,Staff,65,831,720752,163240947,4303822938,4467063885
2020-12-22,1,TPG,18,171,364761,378556402,18070042811,18448599213
2020-12-22,1,Total,237,1850,2052462,2453899786,73335292102,75789191888
2020-12-22,1,UG,71,227,335758,313832790,11493286864,11807119654
2020-12-22,All-Floors,Alumni,28,1078,749918,1590125798,57310981387,58901107185
2020-12-22,All-Floors,Non-HKUST,95,887,819478,645620470,39363722214,40009342684
2020-12-22,All-Floors,Others(HKUST),20,119,330376,20820584,172338073,193158657
2020-12-22,All-Floors,RPG,477,2611,1976286,3043121240,64771029214,67814150454
2020-12-22,All-Floors,Staff,364,3775,1808817,476583583,25101466494,25578050077
2020-12-22,All-Floors,TPG,114,3030,3279802,5640471633,153304577419,158945049052
2020-12-22,All-Floors,Total,1570,18524,14061606,18922597572,568701104859,587623702431
2020-12-22,All-Floors,UG,472,7024,5096929,7505854264,228676990058,236182844322
2020-12-22,G,Alumni,22,410,80315,542510612,4842387626,5384898238
2020-12-22,G,Non-HKUST,40,220,99053,60249236,1696385371,1756634607
2020-12-22,G,Others(HKUST),5,18,48539,547851,4736056,5283907
2020-12-22,G,RPG,103,851,429067,342851888,12375177756,12718029644
2020-12-22,G,Staff,105,1105,526070,118393511,3525621413,3644014924
2020-12-22,G,TPG,95,1303,807640,3224659841,64069783261,67294443102
2020-12-22,G,Total,587,6179,2643753,4774301689,109538186034,114312487723
2020-12-22,G,UG,217,2272,653069,485088750,23024094551,23509183301
2020-12-22,LG1,Alumni,8,126,184262,86648462,4981780042,5068428504
2020-12-22,LG1,Non-HKUST,31,344,344271,330191956,12028240938,12358432894
2020-12-22,LG1,Others(HKUST),5,18,151830,6750897,60541919,67292816
2020-12-22,LG1,RPG,58,515,610912,1075281224,26872006706,27947287930
2020-12-22,LG1,Staff,50,433,195533,84325028,6265149581,6349474609
2020-12-22,LG1,TPG,59,927,1350278,1532978606,40248280255,41781258861
2020-12-22,LG1,Total,369,4555,5254811,7943314500,188504394348,196447708848
2020-12-22,LG1,UG,158,2192,2417725,4827138327,98048394907,102875533234
2020-12-22,LG3,Alumni,12,136,140391,117517407,6820366317,6937883724
2020-12-22,LG3,Non-HKUST,41,128,125114,67793421,4009462975,4077256396
2020-12-22,LG3,Others(HKUST),8,28,8245,383659,4870573,5254232
2020-12-22,LG3,RPG,293,567,389870,551168618,6694574100,7245742718
2020-12-22,LG3,Staff,223,777,188104,45696506,2775766249,2821462755
2020-12-22,LG3,TPG,51,417,507521,280044010,13166183768,13446227778
2020-12-22,LG3,Total,918,3506,2224483,2139832403,105306849123,107446681526
2020-12-22,LG3,UG,290,1453,865238,1077228782,71835625141,72912853923
2020-12-22,LG4,Alumni,10,63,71481,65462910,15004989686,15070452596
2020-12-22,LG4,Non-HKUST,32,118,81303,70735933,17203851524,17274587457
2020-12-22,LG4,Others(HKUST),14,27,97331,7460621,63025609,70486230
2020-12-22,LG4,RPG,287,505,382883,375863750,9487534201,9863397951
2020-12-22,LG4,Staff,199,629,178358,64927591,8231106313,8296033904
2020-12-22,LG4,TPG,46,212,249602,224232774,17750287324,17974520098
2020-12-22,LG4,Total,865,2434,1886097,1611249194,92016383252,93627632446
2020-12-22,LG4,UG,277,880,825139,802565615,24275588595,25078154210
2020-12-23,1,Alumni,8,204,217241,201137363,12753069487,12954206850
2020-12-23,1,Non-HKUST,14,53,135497,100909803,4234700071,4335609874
2020-12-23,1,Others(HKUST),2,3,4502,1345227,687991600,689336827
2020-12-23,1,RPG,17,178,287389,194822737,5176484106,5371306843
2020-12-23,1,Staff,46,903,668060,119912522,4524836220,4644748742
2020-12-23,1,TPG,16,161,351863,570721492,12234642529,12805364021
2020-12-23,1,Total,135,1891,1952311,1386035926,60779046164,62165082090
2020-12-23,1,UG,32,389,287759,197186782,21167322151,21364508933
2020-12-23,All-Floors,Alumni,25,674,398501,415630782,27878086806,28293717588
2020-12-23,All-Floors,Non-HKUST,81,689,478770,272170718,23660598201,23932768919
2020-12-23,All-Floors,Others(HKUST),16,68,319854,24658437,930686451,955344888
2020-12-23,All-Floors,RPG,499,2174,1651913,1813537586,36057020610,37870558196
2020-12-23,All-Floors,Staff,378,3915,1684578,442240677,16714567920,17156808597
2020-12-23,All-Floors,TPG,78,1732,1633107,19623216303,74409170327,94032386630
2020-12-23,All-Floors,Total,1478,13205,8827179,25913187655,309426894455,335340082110
2020-12-23,All-Floors,UG,401,3953,2660456,3321733152,129776764140,133098497292
2020-12-23,G,Alumni,17,225,8961,3280167,159099505,162379672
2020-12-23,G,Non-HKUST,37,202,127281,51211432,1643965813,1695177245
2020-12-23,G,Others(HKUST),3,8,51265,2010029,53474256,55484285
2020-12-23,G,RPG,102,709,608172,734452817,8939488863,9673941680
2020-12-23,G,Staff,107,1052,432043,98599710,3699126871,3797726581
2020-12-23,G,TPG,58,615,226624,16598824045,9973381740,26572205785
2020-12-23,G,Total,463,4082,1833506,18090020324,53176742487,71266762811
2020-12-23,G,UG,139,1271,379160,601642124,28708205439,29309847563
2020-12-23,LG1,Alumni,7,136,77436,151566504,10556305086,10707871590
2020-12-23,LG1,Non-HKUST,17,87,87868,68548787,16221401996,16289950783
2020-12-23,LG1,Others(HKUST),2,3,146717,6669515,52821608,59491123
2020-12-23,LG1,RPG,47,236,218219,584697945,6523359526,7108057471
2020-12-23,LG1,Staff,60,448,234059,96706206,4555109333,4651815539
2020-12-23,LG1,TPG,34,489,544605,934014623,17380833463,18314848086
2020-12-23,LG1,Total,260,2485,2387050,3794381109,115746132875,119540513984
2020-12-23,LG1,UG,93,1086,1078146,1952177529,60456301863,62408479392
2020-12-23,LG3,Alumni,16,63,49646,33619456,3523777795,3557397251
2020-12-23,LG3,Non-HKUST,34,179,51031,18281555,551755734,570037289
2020-12-23,LG3,Others(HKUST),6,23,4059,137264,1411509,1548773
2020-12-23,LG3,RPG,308,526,231277,180849159,10913132659,11093981818
2020-12-23,LG3,Staff,253,903,134629,42299154,1943101568,1985400722
2020-12-23,LG3,TPG,45,236,197771,300053286,8887907369,9187960655
2020-12-23,LG3,Total,906,2511,1032943,986863598,39246920826,40233784424
2020-12-23,LG3,UG,244,581,364530,411623724,13425834192,13837457916
2020-12-23,LG4,Alumni,13,46,45217,26027292,885834933,911862225
2020-12-23,LG4,Non-HKUST,30,168,77093,33219141,1008774587,1041993728
2020-12-23,LG4,Others(HKUST),11,31,113311,14496402,134987478,149483880
2020-12-23,LG4,RPG,328,525,306856,118714928,4504555456,4623270384
2020-12-23,LG4,Staff,219,609,215787,84723085,1992393928,2077117013
2020-12-23,LG4,TPG,38,231,312244,1219602857,25932405226,27152008083
2020-12-23,LG4,Total,886,2236,1621369,1655886698,40478052103,42133938801
2020-12-23,LG4,UG,247,626,550861,159102993,6019100495,6178203488
2020-12-24,1,Alumni,1,17,17713,17595699,1185188111,1202783810
2020-12-24,1,Non-HKUST,3,19,5856,4831550,413101002,417932552
2020-12-24,1,Others(HKUST),1,5,15144,1294625,172677264,173971889
2020-12-24,1,RPG,6,28,33105,13385748,646383482,659769230
2020-12-24,1,Staff,32,405,233035,559099355,5702585989,6261685344
2020-12-24,1,TPG,7,25,41824,10816364,874341729,885158093
2020-12-24,1,Total,59,580,394954,639372166,10172040618,10811412784
2020-12-24,1,UG,9,81,48277,32348825,1177763041,1210111866
2020-12-24,All-Floors,Alumni,7,69,66169,55426193,3965401203,4020827396
2020-12-24,All-Floors,Non-HKUST,54,404,219792,205746201,8212656017,8418402218
2020-12-24,All-Floors,Others(HKUST),13,100,312416,20495456,376316751,396812207
2020-12-24,All-Floors,RPG,403,1371,569615,528027340,20703050738,21231078078
2020-12-24,All-Floors,Staff,248,2127,778837,683934624,9741523042,10425457666
2020-12-24,All-Floors,TPG,57,537,420177,298596756,11378162991,11676759747
2020-12-24,All-Floors,Total,1098,6121,3151455,2140390293,68973651110,71114041403
2020-12-24,All-Floors,UG,316,1513,784449,348163723,14596540368,14944704091
2020-12-24,G,Alumni,3,12,176,29613,101181,130794
2020-12-24,G,Non-HKUST,17,71,43030,60862590,2759815896,2820678486
2020-12-24,G,Others(HKUST),3,18,58295,1711723,43375813,45087536
2020-12-24,G,RPG,60,324,141259,89659847,2144052223,2233712070
2020-12-24,G,Staff,75,611,234427,35204456,1584208341,1619412797
2020-12-24,G,TPG,28,250,129470,95489067,4455757742,4551246809
2020-12-24,G,Total,251,1687,788992,389628040,14771684069,15161312109
2020-12-24,G,UG,65,401,182335,106670744,3784372873,3891043617
2020-12-24,LG1,Alumni,0,0,0,0,0,0
2020-12-24,LG1,Non-HKUST,11,59,47254,57114499,1005430809,1062545308
2020-12-24,LG1,Others(HKUST),5,7,132243,6426578,40316086,46742664
2020-12-24,LG1,RPG,32,211,153762,278027442,1986129936,2264157378
2020-12-24,LG1,Staff,44,269,125581,38126565,583308867,621435432
2020-12-24,LG1,TPG,12,112,85573,105181784,2597510554,2702692338
2020-12-24,LG1,Total,141,877,684073,576256111,8739666706,9315922817
2020-12-24,LG1,UG,37,219,139660,91379243,2526970454,2618349697
2020-12-24,LG3,Alumni,4,31,46145,37600136,2770374209,2807974345
2020-12-24,LG3,Non-HKUST,29,109,49860,40747423,1942546715,1983294138
2020-12-24,LG3,Others(HKUST),7,32,2144,139257,969644,1108901
2020-12-24,LG3,RPG,258,398,78313,120633310,14741098431,14861731741
2020-12-24,LG3,Staff,165,501,93044,38271051,586057925,624328976
2020-12-24,LG3,TPG,33,53,24531,11119085,629265344,640384429
2020-12-24,LG3,Total,685,1483,429110,313291643,25520662032,25833953675
2020-12-24,LG3,UG,189,359,135073,64781381,4850349764,4915131145
2020-12-24,LG4,Alumni,4,9,2135,200745,9737702,9938447
2020-12-24,LG4,Non-HKUST,24,146,73792,42190139,2091761595,2133951734
2020-12-24,LG4,Others(HKUST),9,38,104590,10923273,118977944,129901217
2020-12-24,LG4,RPG,274,410,163176,26320993,1185386666,1211707659
2020-12-24,LG4,Staff,132,341,92750,13233197,1285361920,1298595117
2020-12-24,LG4,TPG,33,97,138779,75990456,2821287622,2897278078
2020-12-24,LG4,Total,690,1494,854326,221842333,9769597685,9991440018
2020-12-24,LG4,UG,214,453,279104,52983530,2257084236,2310067766
2020-12-25,1,Alumni,0,0,0,0,0,0
2020-12-25,1,Non-HKUST,0,0,0,0,0,0
2020-12-25,1,Others(HKUST),0,0,0,0,0,0
2020-12-25,1,RPG,1,1,15,0,0,0
2020-12-25,1,Staff,3,7,3452,7954105,8971530,16925635
2020-12-25,1,TPG,0,0,0,0,0,0
2020-12-25,1,Total,6,10,4543,7962122,8978866,16940988
2020-12-25,1,UG,2,2,1076,8017,7336,15353
2020-12-25,All-Floors,Alumni,7,29,44209,29037529,9387702410,9416739939
2020-12-25,All-Floors,Non-HKUST,12,40,28819,9013602,290304731,299318333
2020-12-25,All-Floors,Others(HKUST),7,28,247489,9433768,116540655,125974423
2020-12-25,All-Floors,RPG,295,548,185856,17447254,966710370,984157624
2020-12-25,All-Floors,Staff,101,345,74231,14417321,454455523,468872844
2020-12-25,All-Floors,TPG,21,40,33461,22005884,803606907,825612791
2020-12-25,All-Floors,Total,654,1496,815754,114814801,12513051789,12627866590
2020-12-25,All-Floors,UG,211,466,201689,13459443,493731193,507190636
2020-12-25,G,Alumni,0,0,0,0,0,0
2020-12-25,G,Non-HKUST,6,15,7471,1793681,61491881,63285562
2020-12-25,G,Others(HKUST),2,3,26995,5242,24034,29276
2020-12-25,G,RPG,12,12,1304,23571,5071873,5095444
2020-12-25,G,Staff,20,89,13851,1051272,38638717,39689989
2020-12-25,G,TPG,3,3,95,12081,49845,61926
2020-12-25,G,Total,59,138,52681,2936737,105418072,108354809
2020-12-25,G,UG,16,16,2965,50890,141722,192612
2020-12-25,LG1,Alumni,0,0,0,0,0,0
2020-12-25,LG1,Non-HKUST,1,1,50,0,0,0
2020-12-25,LG1,Others(HKUST),2,3,120202,5842896,48861280,54704176
2020-12-25,LG1,RPG,10,11,3124,61584,133361,194945
2020-12-25,LG1,Staff,14,26,7395,1238385,218507003,219745388
2020-12-25,LG1,TPG,4,4,60,0,0,0
2020-12-25,LG1,Total,40,54,134153,7261918,268150621,275412539
2020-12-25,LG1,UG,9,9,3322,119053,648977,768030
2020-12-25,LG3,Alumni,5,13,10549,3283752,200615933,203899685
2020-12-25,LG3,Non-HKUST,5,15,11252,4762547,168366526,173129073
2020-12-25,LG3,Others(HKUST),4,13,6966,33051,101299,134350
2020-12-25,LG3,RPG,192,253,57768,3226289,210317138,213543427
2020-12-25,LG3,Staff,63,141,18016,1221499,108670639,109892138
2020-12-25,LG3,TPG,10,17,18716,19942427,789131259,809073686
2020-12-25,LG3,Total,403,629,145154,35096715,1528310737,1563407452
2020-12-25,LG3,UG,124,177,21887,2627150,51107943,53735093
2020-12-25,LG4,Alumni,5,16,33660,25753777,9187086477,9212840254
2020-12-25,LG4,Non-HKUST,7,9,10046,2457374,60446324,62903698
2020-12-25,LG4,Others(HKUST),5,9,93326,3552579,67554042,71106621
2020-12-25,LG4,RPG,212,271,123645,14135810,751187998,765323808
2020-12-25,LG4,Staff,58,82,31517,2952060,79667634,82619694
2020-12-25,LG4,TPG,14,16,14590,2051376,14425803,16477179
2020-12-25,LG4,Total,458,665,479223,61557309,10602193493,10663750802
2020-12-25,LG4,UG,157,262,172439,10654333,441825215,452479548
2020-12-26,1,Alumni,0,0,0,0,0,0
2020-12-26,1,Non-HKUST,1,1,1065,417141,3821243,4238384
2020-12-26,1,Others(HKUST),0,0,0,0,0,0
2020-12-26,1,RPG,4,4,661,668,10599,11267
2020-12-26,1,Staff,3,9,2490,1614416,10867987,12482403
2020-12-26,1,TPG,0,0,0,0,0,0
2020-12-26,1,Total,11,17,42884,3423342,51943493,55366835
2020-12-26,1,UG,3,3,38668,1391117,37243664,38634781
2020-12-26,All-Floors,Alumni,9,22,50894,90922699,3731034361,3821957060
2020-12-26,All-Floors,Non-HKUST,24,46,21873,2577413,39375681,41953094
2020-12-26,All-Floors,Others(HKUST),11,32,235170,11689410,114756694,126446104
2020-12-26,All-Floors,RPG,238,481,184588,39796421,2822259577,2862055998
2020-12-26,All-Floors,Staff,103,301,101783,15545696,76663694,92209390
2020-12-26,All-Floors,TPG,32,65,24954,3244522,246474690,249719212
2020-12-26,All-Floors,Total,645,1454,938259,207652240,8793994084,9001646324
2020-12-26,All-Floors,UG,228,507,318997,43876079,1763429387,1807305466
2020-12-26,G,Alumni,1,1,1211,5147,19147,24294
2020-12-26,G,Non-HKUST,5,10,5830,194552,1097629,1292181
2020-12-26,G,Others(HKUST),1,1,26607,701083,9912110,10613193
2020-12-26,G,RPG,16,16,4206,135283,343983,479266
2020-12-26,G,Staff,20,54,11444,1139223,1257794,2397017
2020-12-26,G,TPG,2,2,325,18267,339339,357606
2020-12-26,G,Total,58,98,53229,2345277,13330344,15675621
2020-12-26,G,UG,13,14,3606,151722,360342,512064
2020-12-26,LG1,Alumni,0,0,0,0,0,0
2020-12-26,LG1,Non-HKUST,2,2,979,2840,11798,14638
2020-12-26,LG1,Others(HKUST),3,5,117889,6507264,83729277,90236541
2020-12-26,LG1,RPG,16,18,24606,758247,10002085,10760332
2020-12-26,LG1,Staff,18,30,19435,749614,2744157,3493771
2020-12-26,LG1,TPG,1,1,10,0,0,0
2020-12-26,LG1,Total,51,70,167240,8073784,96735138,104808922
2020-12-26,LG1,UG,11,14,4321,55819,247821,303640
2020-12-26,LG3,Alumni,6,11,45364,90589311,3715333588,3805922899
2020-12-26,LG3,Non-HKUST,13,18,4222,1570985,14349466,15920451
2020-12-26,LG3,Others(HKUST),7,12,1452,86282,247690,333972
2020-12-26,LG3,RPG,148,208,37939,11989785,2378345900,2390335685
2020-12-26,LG3,Staff,77,123,35973,9912258,34572131,44484389
2020-12-26,LG3,TPG,21,29,8145,2669290,229742700,232411990
2020-12-26,LG3,Total,407,580,159248,127516266,7001232992,7128749258
2020-12-26,LG3,UG,135,179,26153,10698355,628641517,639339872
2020-12-26,LG4,Alumni,5,10,4319,328241,15681626,16009867
2020-12-26,LG4,Non-HKUST,10,15,9777,391895,20095545,20487440
2020-12-26,LG4,Others(HKUST),7,14,89222,4394781,20867617,25262398
2020-12-26,LG4,RPG,165,235,117176,26912438,433557010,460469448
2020-12-26,LG4,Staff,55,85,32441,2130185,27221625,29351810
2020-12-26,LG4,TPG,24,33,16474,556965,16392651,16949616
2020-12-26,LG4,Total,431,689,515658,66293571,1630752117,1697045688
2020-12-26,LG4,UG,165,297,246249,31579066,1096936043,1128515109
2020-12-27,1,Alumni,0,0,0,0,0,0
2020-12-27,1,Non-HKUST,0,0,0,0,0,0
2020-12-27,1,Others(HKUST),0,0,0,0,0,0
2020-12-27,1,RPG,7,7,566,0,0,0
2020-12-27,1,Staff,5,8,6271,452918,1500896,1953814
2020-12-27,1,TPG,0,0,0,0,0,0
2020-12-27,1,Total,14,17,8128,455948,1511510,1967458
2020-12-27,1,UG,2,2,1291,3030,10614,13644
2020-12-27,All-Floors,Alumni,8,15,23169,28733916,4879274831,4908008747
2020-12-27,All-Floors,Non-HKUST,17,32,17176,49479925,1701536977,1751016902
2020-12-27,All-Floors,Others(HKUST),7,57,300363,55905671,4118296687,4174202358
2020-12-27,All-Floors,RPG,249,452,204679,22501948,1189164980,1211666928
2020-12-27,All-Floors,Staff,115,409,114169,7440729,86738972,94179701
2020-12-27,All-Floors,TPG,37,82,36552,8223466,219323459,227546925
2020-12-27,All-Floors,Total,674,1613,995365,211087280,14677491173,14888578453
2020-12-27,All-Floors,UG,241,566,299257,38801625,2483155267,2521956892
2020-12-27,G,Alumni,0,0,0,0,0,0
2020-12-27,G,Non-HKUST,2,4,2019,37073,100901,137974
2020-12-27,G,Others(HKUST),2,2,26816,0,0,0
2020-12-27,G,RPG,12,13,4528,244714,4831897,5076611
2020-12-27,G,Staff,27,89,25905,1815642,30560368,32376010
2020-12-27,G,TPG,3,3,773,3454,6595,10049
2020-12-27,G,Total,63,129,65797,3104955,36511823,39616778
2020-12-27,G,UG,17,18,5756,1004072,1012062,2016134
2020-12-27,LG1,Alumni,0,0,0,0,0,0
2020-12-27,LG1,Non-HKUST,1,1,10,0,0,0
2020-12-27,LG1,Others(HKUST),3,5,117726,5801552,36483234,42284786
2020-12-27,LG1,RPG,9,10,62095,38249,41535,79784
2020-12-27,LG1,Staff,16,38,7750,461430,12028760,12490190
2020-12-27,LG1,TPG,0,0,0,0,0,0
2020-12-27,LG1,Total,44,73,192103,6632888,51530963,58163851
2020-12-27,LG1,UG,15,19,4522,331657,2977434,3309091
2020-12-27,LG3,Alumni,5,6,1370,13691,5064,18755
2020-12-27,LG3,Non-HKUST,12,15,10127,48408794,1693016252,1741425046
2020-12-27,LG3,Others(HKUST),4,19,4123,104352,2669218,2773570
2020-12-27,LG3,RPG,166,205,31282,4613657,315639289,320252946
2020-12-27,LG3,Staff,73,183,48546,3415937,12309672,15725609
2020-12-27,LG3,TPG,28,38,3451,350134,43802013,44152147
2020-12-27,LG3,Total,439,692,169882,74849288,3178554420,3253403708
2020-12-27,LG3,UG,151,226,70983,17942723,1111112912,1129055635
2020-12-27,LG4,Alumni,6,9,21799,28720225,4879269767,4907989992
2020-12-27,LG4,Non-HKUST,12,12,5020,1034058,8419824,9453882
2020-12-27,LG4,Others(HKUST),6,31,151698,49999767,4079144235,4129144002
2020-12-27,LG4,RPG,167,217,106208,17605328,868652259,886257587
2020-12-27,LG4,Staff,64,91,25697,1294802,30339276,31634078
2020-12-27,LG4,TPG,29,41,32328,7869878,175514851,183384729
2020-12-27,LG4,Total,460,702,559455,126044201,11409382457,11535426658
2020-12-27,LG4,UG,176,301,216705,19520143,1368042245,1387562388
2020-12-28,1,Alumni,4,110,135336,429415617,5310113520,5739529137
2020-12-28,1,Non-HKUST,10,56,84499,141230776,3837728900,3978959676
2020-12-28,1,Others(HKUST),3,56,71641,11131770,73400510,84532280
2020-12-28,1,RPG,15,114,134770,245597999,3531475303,3777073302
2020-12-28,1,Staff,39,684,565362,188579340,1601095716,1789675056
2020-12-28,1,TPG,18,175,389130,294756082,10909566744,11204322826
2020-12-28,1,Total,102,1454,1647794,1502000111,36031242032,37533242143
2020-12-28,1,UG,13,259,267056,191288527,10767861339,10959149866
2020-12-28,All-Floors,Alumni,23,680,492212,911651613,27526526919,28438178532
2020-12-28,All-Floors,Non-HKUST,69,864,500588,516964327,23133192604,23650156931
2020-12-28,All-Floors,Others(HKUST),16,177,401333,57427187,1192444662,1249871849
2020-12-28,All-Floors,RPG,466,2378,1495617,1386497247,32805526607,34192023854
2020-12-28,All-Floors,Staff,355,4109,1936469,1244319675,34220388534,35464708209
2020-12-28,All-Floors,TPG,77,1775,1473066,1925816628,54144621236,56070437864
2020-12-28,All-Floors,Total,1355,13475,8856153,8789550822,262564943698,271354494520
2020-12-28,All-Floors,UG,349,3492,2556868,2746874145,89542243136,92289117281
2020-12-28,G,Alumni,17,298,135112,277393354,3965154880,4242548234
2020-12-28,G,Non-HKUST,36,208,99155,77304904,2848953804,2926258708
2020-12-28,G,Others(HKUST),7,32,55500,11491080,384646404,396137484
2020-12-28,G,RPG,90,752,407954,673630332,12187458237,12861088569
2020-12-28,G,Staff,111,1170,737433,581595404,12653407169,13235002573
2020-12-28,G,TPG,61,770,317106,742993580,18844258912,19587252492
2020-12-28,G,Total,439,4305,2184071,2971577148,62739989339,65711566487
2020-12-28,G,UG,117,1075,431811,607168494,11856109933,12463278427
2020-12-28,LG1,Alumni,8,61,35380,65586306,3669391938,3734978244
2020-12-28,LG1,Non-HKUST,23,273,150091,126629883,6403865891,6530495774
2020-12-28,LG1,Others(HKUST),6,22,150072,7051632,65163276,72214908
2020-12-28,LG1,RPG,38,416,440597,248761367,7334413138,7583174505
2020-12-28,LG1,Staff,66,545,217372,285130999,4903404200,5188535199
2020-12-28,LG1,TPG,35,566,533794,722090175,17733446209,18455536384
2020-12-28,LG1,Total,260,2657,2332656,2342459883,74026824759,76369284642
2020-12-28,LG1,UG,84,774,805350,887209521,33917140107,34804349628
2020-12-28,LG3,Alumni,12,170,156262,122506269,9795813379,9918319648
2020-12-28,LG3,Non-HKUST,36,182,100719,111908280,6165003330,6276911610
2020-12-28,LG3,Others(HKUST),11,31,3169,84289,293892,378181
2020-12-28,LG3,RPG,289,532,235968,128358370,5332010596,5460368966
2020-12-28,LG3,Staff,218,1005,233880,121328507,12906384033,13027712540
2020-12-28,LG3,TPG,30,139,140582,117215655,3663637321,3780852976
2020-12-28,LG3,Total,815,2715,1295515,961739596,58315380735,59277120331
2020-12-28,LG3,UG,219,656,424935,360338226,20452238184,20812576410
2020-12-28,LG4,Alumni,12,41,30122,16750067,4786053202,4802803269
2020-12-28,LG4,Non-HKUST,28,145,66124,59890484,3877640679,3937531163
2020-12-28,LG4,Others(HKUST),11,36,120951,27668416,668940580,696608996
2020-12-28,LG4,RPG,330,564,276328,90149179,4420169333,4510318512
2020-12-28,LG4,Staff,214,705,182422,67685425,2156097416,2223782841
2020-12-28,LG4,TPG,34,125,92454,48761136,2993712050,3042473186
2020-12-28,LG4,Total,867,2344,1396117,1011774084,31451506833,32463280917
2020-12-28,LG4,UG,238,728,627716,700869377,12548893573,13249762950
2020-12-29,1,Alumni,2,14,19202,7746989,312807525,320554514
2020-12-29,1,Non-HKUST,13,87,92731,76236862,1109732496,1185969358
2020-12-29,1,Others(HKUST),3,10,35839,22745233,3068603245,3091348478
2020-12-29,1,RPG,15,149,300274,149730037,6285259306,6434989343
2020-12-29,1,Staff,40,758,588557,188174724,3848519763,4036694487
2020-12-29,1,TPG,17,212,451799,287602413,15348555629,15636158042
2020-12-29,1,Total,105,1458,1698123,839858518,35255634255,36095492773
2020-12-29,1,UG,15,228,209721,107622260,5282156291,5389778551
2020-12-29,All-Floors,Alumni,18,660,481316,610538620,26609202343,27219740963
2020-12-29,All-Floors,Non-HKUST,89,1008,554750,517451953,11194584695,11712036648
2020-12-29,All-Floors,Others(HKUST),13,137,255694,46529490,3817768390,3864297880
2020-12-29,All-Floors,RPG,461,2849,1673742,1352971037,36184551327,37537522364
2020-12-29,All-Floors,Staff,352,3612,1514958,632349870,34174019728,34806369598
2020-12-29,All-Floors,TPG,79,1489,1460205,2459392938,46137562499,48596955437
2020-12-29,All-Floors,Total,1349,13272,8468644,9061240059,284263138610,293324378669
2020-12-29,All-Floors,UG,337,3517,2527979,3442006151,126145449628,129587455779
2020-12-29,G,Alumni,15,372,152509,238872845,4009969592,4248842437
2020-12-29,G,Non-HKUST,45,358,161465,274588113,2016273351,2290861464
2020-12-29,G,Others(HKUST),6,14,5449,914664,5753080,6667744
2020-12-29,G,RPG,102,911,369586,183839368,5386918057,5570757425
2020-12-29,G,Staff,110,934,402902,98494734,3173036233,3271530967
2020-12-29,G,TPG,61,622,281102,1708955825,7317912684,9026868509
2020-12-29,G,Total,463,4448,1865822,3038465519,41619150530,44657616049
2020-12-29,G,UG,124,1237,492809,532799970,19709287533,20242087503
2020-12-29,LG1,Alumni,5,139,94981,231607925,8252070971,8483678896
2020-12-29,LG1,Non-HKUST,21,174,104008,65227213,1883256836,1948484049
2020-12-29,LG1,Others(HKUST),4,14,94228,6735684,51149675,57885359
2020-12-29,LG1,RPG,55,853,692835,868063803,19111192509,19979256312
2020-12-29,LG1,Staff,51,511,168582,162494442,6847140555,7009634997
2020-12-29,LG1,TPG,30,373,512357,322258445,16165671635,16487930080
2020-12-29,LG1,Total,261,3107,2816091,4182433696,135171884665,139354318361
2020-12-29,LG1,UG,95,1043,1149100,2526046184,82861402484,85387448668
2020-12-29,LG3,Alumni,11,96,157482,98289887,12068702883,12166992770
2020-12-29,LG3,Non-HKUST,45,189,121281,67030057,4417109635,4484139692
2020-12-29,LG3,Others(HKUST),6,29,4593,822288,33364915,34187203
2020-12-29,LG3,RPG,307,464,140017,80240575,2761324194,2841564769
2020-12-29,LG3,Staff,231,951,203104,119081246,18045554314,18164635560
2020-12-29,LG3,TPG,36,130,106747,67471153,3202398505,3269869658
2020-12-29,LG3,Total,845,2368,1078231,629997304,53056068660,53686065964
2020-12-29,LG3,UG,209,509,345007,197062098,12527614214,12724676312
2020-12-29,LG4,Alumni,8,39,57142,34020974,1965651372,1999672346
2020-12-29,LG4,Non-HKUST,32,200,75265,34369708,1768212377,1802582085
2020-12-29,LG4,Others(HKUST),6,70,115585,15311621,658897475,674209096
2020-12-29,LG4,RPG,291,472,171030,71097254,2639857261,2710954515
2020-12-29,LG4,Staff,212,458,151813,64104724,2259768863,2323873587
2020-12-29,LG4,TPG,31,152,108200,73105102,4103024046,4176129148
2020-12-29,LG4,Total,802,1891,1010377,370485022,19160400500,19530885522
2020-12-29,LG4,UG,222,500,331342,78475639,5764989106,5843464745
2020-12-30,1,Alumni,3,98,84722,124064588,4197197087,4321261675
2020-12-30,1,Non-HKUST,5,18,56356,17766831,790977783,808744614
2020-12-30,1,Others(HKUST),2,8,545,20233,36034,56267
2020-12-30,1,RPG,14,149,226701,65905011,2668337495,2734242506
2020-12-30,1,Staff,42,764,649738,71430316,1286173878,1357604194
2020-12-30,1,TPG,19,282,561232,488130892,14566631649,15054762541
2020-12-30,1,Total,95,1529,1716854,1010019077,27533323377,28543342454
2020-12-30,1,UG,10,210,137560,242701206,4023969451,4266670657
2020-12-30,All-Floors,Alumni,18,414,387450,320472026,15043892943,15364364969
2020-12-30,All-Floors,Non-HKUST,75,609,507272,327426707,16323629476,16651056183
2020-12-30,All-Floors,Others(HKUST),16,159,287726,8777201,59625051,68402252
2020-12-30,All-Floors,RPG,437,2480,1557191,1143020055,33628666879,34771686934
2020-12-30,All-Floors,Staff,318,3862,1684149,342496393,13072718385,13415214778
2020-12-30,All-Floors,TPG,82,1855,1705272,2336563581,73453751818,75790315399
2020-12-30,All-Floors,Total,1273,12755,8616472,6255327307,278748306872,285003634179
2020-12-30,All-Floors,UG,327,3376,2487412,1776571344,127166022320,128942593664
2020-12-30,G,Alumni,13,160,53362,69657673,3559461338,3629119011
2020-12-30,G,Non-HKUST,35,197,134789,53382588,1834177749,1887560337
2020-12-30,G,Others(HKUST),6,27,6508,541018,4038819,4579837
2020-12-30,G,RPG,112,907,400132,246617701,10890422428,11137040129
2020-12-30,G,Staff,100,997,505685,139572739,4233978338,4373551077
2020-12-30,G,TPG,66,746,412112,665456041,26017165957,26682621998
2020-12-30,G,Total,447,4078,1935555,1467985172,69606993667,71074978839
2020-12-30,G,UG,115,1044,422967,292757412,23067749038,23360506450
2020-12-30,LG1,Alumni,5,34,44252,28337885,1427803084,1456140969
2020-12-30,LG1,Non-HKUST,17,99,100492,123723557,5952180885,6075904442
2020-12-30,LG1,Others(HKUST),6,27,170175,3563914,20211179,23775093
2020-12-30,LG1,RPG,54,526,537378,479619818,10670826924,11150446742
2020-12-30,LG1,Staff,47,387,175287,37425471,3740493843,3777919314
2020-12-30,LG1,TPG,30,462,412238,243234051,20126044761,20369278812
2020-12-30,LG1,Total,249,2590,2577628,1719696535,121502375311,123222071846
2020-12-30,LG1,UG,90,1055,1137806,803791839,79564814635,80368606474
2020-12-30,LG3,Alumni,8,74,104014,45938972,3483354100,3529293072
2020-12-30,LG3,Non-HKUST,33,150,127840,74603870,3602581708,3677185578
2020-12-30,LG3,Others(HKUST),11,62,5154,457041,2195953,2652994
2020-12-30,LG3,RPG,269,502,241469,262293843,6920975710,7183269553
2020-12-30,LG3,Staff,209,983,204682,71322637,2541998185,2613320822
2020-12-30,LG3,TPG,34,238,205093,880973162,7866073915,8747047077
2020-12-30,LG3,Total,769,2639,1366886,1601425742,37401072427,39002498169
2020-12-30,LG3,UG,205,630,478634,265836217,12983892856,13249729073
2020-12-30,LG4,Alumni,8,48,101100,52472908,2376077334,2428550242
2020-12-30,LG4,Non-HKUST,28,145,87795,57949861,4143711351,4201661212
2020-12-30,LG4,Others(HKUST),9,35,105344,4194995,33143066,37338061
2020-12-30,LG4,RPG,255,396,151511,88583682,2478104322,2566688004
2020-12-30,LG4,Staff,189,731,148757,22745230,1270074141,1292819371
2020-12-30,LG4,TPG,31,127,114597,58769435,4877835536,4936604971
2020-12-30,LG4,Total,723,1919,1019549,456200781,22704542090,23160742871
2020-12-30,LG4,UG,203,437,310445,171484670,7525596340,7697081010
2020-12-31,1,Alumni,0,0,0,0,0,0
2020-12-31,1,Non-HKUST,4,47,37430,21338052,656175443,677513495
2020-12-31,1,Others(HKUST),4,18,24919,2047332,200640138,202687470
2020-12-31,1,RPG,5,41,35360,22210521,1190071746,1212282267
2020-12-31,1,Staff,24,287,207559,76501635,2941212342,3017713977
2020-12-31,1,TPG,6,30,37562,12844542,376165465,389010007
2020-12-31,1,Total,48,475,399138,162268013,7930661446,8092929459
2020-12-31,1,UG,5,52,56308,27325931,2566396312,2593722243
2020-12-31,All-Floors,Alumni,10,129,81151,73204892,4784060152,4857265044
2020-12-31,All-Floors,Non-HKUST,53,428,189986,99832954,6145446392,6245279346
2020-12-31,All-Floors,Others(HKUST),9,89,245494,30996182,634509536,665505718
2020-12-31,All-Floors,RPG,338,1093,410326,231665491,6259223225,6490888716
2020-12-31,All-Floors,Staff,208,2060,732395,267466885,5401663643,5669130528
2020-12-31,All-Floors,TPG,41,303,118067,70418538,9458390736,9528809274
2020-12-31,All-Floors,Total,944,5266,2398510,2271908373,48001206163,50273114536
2020-12-31,All-Floors,UG,285,1164,621091,1498323431,15317912479,16816235910
2020-12-31,G,Alumni,6,61,15638,21596119,479717269,501313388
2020-12-31,G,Non-HKUST,22,132,56829,12252922,1423124138,1435377060
2020-12-31,G,Others(HKUST),3,13,5104,782751,7192201,7974952
2020-12-31,G,RPG,56,279,93350,128817688,1498445112,1627262800
2020-12-31,G,Staff,69,556,201030,103005965,910074196,1013080161
2020-12-31,G,TPG,16,83,18866,6197001,242975325,249172326
2020-12-31,G,Total,233,1357,463369,332840978,8440190207,8773031185
2020-12-31,G,UG,61,233,72552,60188532,3878661966,3938850498
2020-12-31,LG1,Alumni,2,14,20832,18225084,439850661,458075745
2020-12-31,LG1,Non-HKUST,8,46,22877,9807256,509936046,519743302
2020-12-31,LG1,Others(HKUST),3,4,106770,6041025,266818529,272859554
2020-12-31,LG1,RPG,23,124,56998,18728727,1016678074,1035406801
2020-12-31,LG1,Staff,44,266,91419,51350393,670503500,721853893
2020-12-31,LG1,TPG,3,49,7086,4419675,282567932,286987607
2020-12-31,LG1,Total,109,629,408075,193936843,6174043365,6367980208
2020-12-31,LG1,UG,26,126,102093,85364683,2987688623,3073053306
2020-12-31,LG3,Alumni,8,39,42970,33229056,3863829466,3897058522
2020-12-31,LG3,Non-HKUST,24,87,31468,16429957,423165352,439595309
2020-12-31,LG3,Others(HKUST),5,23,4084,113727,610491,724218
2020-12-31,LG3,RPG,217,331,89323,34843127,1694961473,1729804600
2020-12-31,LG3,Staff,137,540,108174,20172026,153045171,173217197
2020-12-31,LG3,TPG,22,61,3735,763856,4807597,5571453
2020-12-31,LG3,Total,617,1420,387225,138095282,6959995639,7098090921
2020-12-31,LG3,UG,204,339,107471,32543533,819576089,852119622
2020-12-31,LG4,Alumni,6,15,1711,154633,662756,817389
2020-12-31,LG4,Non-HKUST,26,116,41382,40004767,3133045413,3173050180
2020-12-31,LG4,Others(HKUST),6,31,104617,22011347,159248177,181259524
2020-12-31,LG4,RPG,223,318,135295,27065428,859066820,886132248
2020-12-31,LG4,Staff,108,411,124213,16436866,726828434,743265300
2020-12-31,LG4,TPG,23,80,50818,46193464,8551874417,8598067881
2020-12-31,LG4,Total,576,1385,740703,1444767257,18496315506,19941082763
2020-12-31,LG4,UG,184,414,282667,1292900752,5065589489,6358490241
