Date,Floor,User-Group,User-Count,WiFi-Conn,Duration-Sec,Traffic-In-Byte,Traffic-Out-Byte,Traffic-Both-Byte
2020-05-01,1,Alumni,0,0,0,0,0,0
2020-05-01,1,Non-HKUST,0,0,0,0,0,0
2020-05-01,1,Others(HKUST),1,8,142009,190336270,132498710,322834980
2020-05-01,1,RPG,5,5,900,305251570,23260213,328511783
2020-05-01,1,Staff,8,36,431100,13800990156,368780115,14169770271
2020-05-01,1,TPG,0,0,0,0,0,0
2020-05-01,1,Total,15,50,574009,14315008547,526086042,14841094589
2020-05-01,1,UG,1,1,0,18430551,1547004,19977555
2020-05-01,All-Floors,Alumni,1,13,15838,22368448549,615020302,22983468851
2020-05-01,All-Floors,Non-HKUST,4,4,180,364484346,7083731,371568077
2020-05-01,All-Floors,Others(HKUST),6,38,1355153,41854444214,6876964469,48731408683
2020-05-01,All-Floors,RPG,69,80,6837,3268569894,222641364,3491211258
2020-05-01,All-Floors,Staff,36,80,525961,21243969788,1427505717,22671475505
2020-05-01,All-Floors,TPG,17,55,191716,11673772415,2012558111,13686330526
2020-05-01,All-Floors,Total,196,404,2291172,132647218091,12995921417,145643139508
2020-05-01,All-Floors,UG,63,134,195487,31873528885,1834147723,33707676608
2020-05-01,G,Alumni,0,0,0,0,0,0
2020-05-01,G,Non-HKUST,0,0,0,0,0,0
2020-05-01,G,Others(HKUST),1,3,172428,7415177672,1063195323,8478372995
2020-05-01,G,RPG,0,0,0,0,0,0
2020-05-01,G,Staff,8,9,87839,6293275678,998364291,7291639969
2020-05-01,G,TPG,0,0,0,0,0,0
2020-05-01,G,Total,12,15,260267,13849626910,2079983103,15929610013
2020-05-01,G,UG,3,3,0,141173560,18423489,159597049
2020-05-01,LG1,Alumni,0,0,0,0,0,0
2020-05-01,LG1,Non-HKUST,1,1,180,11033,6921,17954
2020-05-01,LG1,Others(HKUST),2,14,776481,20595962190,3401204151,23997166341
2020-05-01,LG1,RPG,7,7,2877,34606442,4072146,38678588
2020-05-01,LG1,Staff,6,12,3062,104858889,18290645,123149534
2020-05-01,LG1,TPG,0,0,0,0,0,0
2020-05-01,LG1,Total,22,40,784579,21119491778,3433392358,24552884136
2020-05-01,LG1,UG,6,6,1979,384053224,9818495,393871719
2020-05-01,LG3,Alumni,1,9,15838,13388364105,355948937,13744313042
2020-05-01,LG3,Non-HKUST,2,2,0,363866091,6900168,370766259
2020-05-01,LG3,Others(HKUST),3,7,5038,108734066,285444409,394178475
2020-05-01,LG3,RPG,35,38,3060,2110688091,115088500,2225776591
2020-05-01,LG3,Staff,11,15,3960,417147632,26789371,443937003
2020-05-01,LG3,TPG,13,43,177862,11187460963,1907914647,13095375610
2020-05-01,LG3,Total,91,163,227909,36267885333,3281659845,39549545178
2020-05-01,LG3,UG,26,49,22151,8691624385,583573813,9275198198
2020-05-01,LG4,Alumni,1,4,0,8980084444,259071365,9239155809
2020-05-01,LG4,Non-HKUST,1,1,0,607222,176642,783864
2020-05-01,LG4,Others(HKUST),2,6,259197,13544234016,1994621876,15538855892
2020-05-01,LG4,RPG,28,30,0,818023791,80220505,898244296
2020-05-01,LG4,Staff,8,8,0,627697433,15281295,642978728
2020-05-01,LG4,TPG,6,12,13854,486311452,104643464,590954916
2020-05-01,LG4,Total,82,136,444408,47095205523,3674800069,50770005592
2020-05-01,LG4,UG,36,75,171357,22638247165,1220784922,23859032087
2020-05-02,1,Alumni,0,0,0,0,0,0
2020-05-02,1,Non-HKUST,0,0,0,0,0,0
2020-05-02,1,Others(HKUST),1,14,163251,369229151,265497303,634726454
2020-05-02,1,RPG,2,2,0,1287471,233727,1521198
2020-05-02,1,Staff,9,47,456830,14078373178,415923932,14494297110
2020-05-02,1,TPG,1,1,0,0,0,0
2020-05-02,1,Total,15,66,620081,14460140168,694919081,15155059249
2020-05-02,1,UG,2,2,0,11250368,13264119,24514487
2020-05-02,All-Floors,Alumni,2,21,34742,8554856130,519519286,9074375416
2020-05-02,All-Floors,Non-HKUST,3,4,360,11743026,3015931,14758957
2020-05-02,All-Floors,Others(HKUST),7,57,1565757,57076847796,8563435258,65640283054
2020-05-02,All-Floors,RPG,51,64,12780,4077054420,170896473,4247950893
2020-05-02,All-Floors,Staff,37,197,685062,49043816706,3760120971,52803937677
2020-05-02,All-Floors,TPG,22,44,221577,21521744389,3351765296,24873509685
2020-05-02,All-Floors,Total,197,495,2607513,154698815596,17889699283,172588514879
2020-05-02,All-Floors,UG,75,108,87235,14412753129,1520946068,15933699197
2020-05-02,G,Alumni,0,0,0,0,0,0
2020-05-02,G,Non-HKUST,0,0,0,0,0,0
2020-05-02,G,Others(HKUST),2,3,172798,4986481678,716429885,5702911563
2020-05-02,G,RPG,1,1,0,159188,90002,249190
2020-05-02,G,Staff,11,51,182512,25790156002,3097339904,28887495906
2020-05-02,G,TPG,0,0,0,0,0,0
2020-05-02,G,Total,19,60,355310,31167482348,3924413922,35091896270
2020-05-02,G,UG,5,5,0,390685480,110554131,501239611
2020-05-02,LG1,Alumni,0,0,0,0,0,0
2020-05-02,LG1,Non-HKUST,1,2,360,43979,21779,65758
2020-05-02,LG1,Others(HKUST),3,13,863621,19349721707,3202155361,22551877068
2020-05-02,LG1,RPG,3,3,721,18312388,1982928,20295316
2020-05-02,LG1,Staff,8,18,19800,110622607,9704626,120327233
2020-05-02,LG1,TPG,1,1,0,5766863,1932324,7699187
2020-05-02,LG1,Total,26,47,886822,19931645952,3253554589,23185200541
2020-05-02,LG1,UG,10,10,2320,447178408,37757571,484935979
2020-05-02,LG3,Alumni,1,11,23760,6065481299,321255898,6386737197
2020-05-02,LG3,Non-HKUST,0,0,0,0,0,0
2020-05-02,LG3,Others(HKUST),2,4,1800,4755317,1192158,5947475
2020-05-02,LG3,RPG,25,27,720,1492603439,47907153,1540510592
2020-05-02,LG3,Staff,18,53,13502,8236361502,189733441,8426094943
2020-05-02,LG3,TPG,11,32,192598,11112402447,1241946872,12354349319
2020-05-02,LG3,Total,86,162,241742,29630251740,2173980083,31804231823
2020-05-02,LG3,UG,29,35,9362,2718647736,371944561,3090592297
2020-05-02,LG4,Alumni,2,10,10982,2489374831,198263388,2687638219
2020-05-02,LG4,Non-HKUST,2,2,0,11699047,2994152,14693199
2020-05-02,LG4,Others(HKUST),5,23,364287,32366659943,4378160551,36744820494
2020-05-02,LG4,RPG,26,31,11339,2564691934,120682663,2685374597
2020-05-02,LG4,Staff,11,28,12418,828303417,47419068,875722485
2020-05-02,LG4,TPG,10,10,28979,10403575079,2107886100,12511461179
2020-05-02,LG4,Total,91,160,503558,59509295388,7842831608,67352126996
2020-05-02,LG4,UG,35,56,75553,10844991137,987425686,11832416823
2020-05-03,1,Alumni,0,0,0,0,0,0
2020-05-03,1,Non-HKUST,1,1,0,143198079,15997247,159195326
2020-05-03,1,Others(HKUST),1,10,128144,167330801,118929365,286260166
2020-05-03,1,RPG,8,8,4140,106236719,9696948,115933667
2020-05-03,1,Staff,8,32,436497,13714520328,360691005,14075211333
2020-05-03,1,TPG,0,0,0,0,0,0
2020-05-03,1,Total,23,56,569501,14131875665,505691028,14637566693
2020-05-03,1,UG,5,5,720,589738,376463,966201
2020-05-03,All-Floors,Alumni,2,3,4501,982600929,60556166,1043157095
2020-05-03,All-Floors,Non-HKUST,3,3,0,257377802,20805522,278183324
2020-05-03,All-Floors,Others(HKUST),6,55,1538787,54731128728,7284324879,62015453607
2020-05-03,All-Floors,RPG,64,69,8456,6995594828,333870902,7329465730
2020-05-03,All-Floors,Staff,44,88,633238,28865806647,2690416767,31556223414
2020-05-03,All-Floors,TPG,13,33,141137,18923427319,2935456248,21858883567
2020-05-03,All-Floors,Total,198,352,2337863,129604589466,14759054938,144363644404
2020-05-03,All-Floors,UG,66,101,11744,18848653213,1433624454,20282277667
2020-05-03,G,Alumni,0,0,0,0,0,0
2020-05-03,G,Non-HKUST,0,0,0,0,0,0
2020-05-03,G,Others(HKUST),1,2,172798,5047950208,722518388,5770468596
2020-05-03,G,RPG,1,1,0,94717,66189,160906
2020-05-03,G,Staff,4,7,173338,11488855552,2180795881,13669651433
2020-05-03,G,TPG,0,0,0,0,0,0
2020-05-03,G,Total,7,11,346136,16538009159,2903569675,19441578834
2020-05-03,G,UG,1,1,0,1108682,189217,1297899
2020-05-03,LG1,Alumni,0,0,0,0,0,0
2020-05-03,LG1,Non-HKUST,0,0,0,0,0,0
2020-05-03,LG1,Others(HKUST),1,10,863990,17607024850,2891414174,20498439024
2020-05-03,LG1,RPG,4,4,2338,271548620,16460310,288008930
2020-05-03,LG1,Staff,12,15,9183,127746061,55451810,183197871
2020-05-03,LG1,TPG,1,1,720,48345755,5485098,53830853
2020-05-03,LG1,Total,30,48,880030,19085186949,3074916985,22160103934
2020-05-03,LG1,UG,12,18,3799,1030521663,106105593,1136627256
2020-05-03,LG3,Alumni,1,1,0,269242,161913,431155
2020-05-03,LG3,Non-HKUST,2,2,0,114179723,4808275,118987998
2020-05-03,LG3,Others(HKUST),3,11,6297,5050571050,220871480,5271442530
2020-05-03,LG3,RPG,26,26,1438,5635164785,272764753,5907929538
2020-05-03,LG3,Staff,14,14,1799,1302582108,36608358,1339190466
2020-05-03,LG3,TPG,6,24,115577,14634312847,2781956391,17416269238
2020-05-03,LG3,Total,77,109,129249,32115403112,4059289370,36174692482
2020-05-03,LG3,UG,25,31,4138,5378323357,742118200,6120441557
2020-05-03,LG4,Alumni,1,2,4501,982331687,60394253,1042725940
2020-05-03,LG4,Non-HKUST,0,0,0,0,0,0
2020-05-03,LG4,Others(HKUST),4,22,367558,26858251819,3330591472,30188843291
2020-05-03,LG4,RPG,29,30,540,982549987,34882702,1017432689
2020-05-03,LG4,Staff,13,20,12421,2232102598,56869713,2288972311
2020-05-03,LG4,TPG,7,8,24840,4240768717,148014759,4388783476
2020-05-03,LG4,Total,84,128,412947,47734114581,4215587880,51949702461
2020-05-03,LG4,UG,30,46,3087,12438109773,584834981,13022944754
2020-05-04,1,Alumni,1,2,0,552610836,129752723,682363559
2020-05-04,1,Non-HKUST,0,0,0,0,0,0
2020-05-04,1,Others(HKUST),4,32,194760,1644855182,152467383,1797322565
2020-05-04,1,RPG,16,64,205334,4807197929,562005865,5369203794
2020-05-04,1,Staff,68,718,1407405,48999529207,49919669986,98919199193
2020-05-04,1,TPG,15,128,399016,28257787571,6202341957,34460129528
2020-05-04,1,Total,122,1041,2552494,109257200281,59833276622,169090476903
2020-05-04,1,UG,18,97,345979,24995219556,2867038708,27862258264
2020-05-04,All-Floors,Alumni,13,149,218493,33581719308,4018041275,37599760583
2020-05-04,All-Floors,Non-HKUST,11,44,117090,9232414751,1337762205,10570176956
2020-05-04,All-Floors,Others(HKUST),18,252,1743584,76763022636,10239579908,87002602544
2020-05-04,All-Floors,RPG,143,509,869156,100309649251,19895704846,120205354097
2020-05-04,All-Floors,Staff,282,2171,2903611,234516109423,131534919143,366051028566
2020-05-04,All-Floors,TPG,90,979,3000498,265669143566,29589880871,295259024437
2020-05-04,All-Floors,Total,804,6801,15588252,1564684497061,340375495871,1905059992932
2020-05-04,All-Floors,UG,247,2697,6735820,844612438126,143759607623,988372045749
2020-05-04,G,Alumni,9,49,42283,9950130869,1386604256,11336735125
2020-05-04,G,Non-HKUST,7,15,5940,4930290006,273333896,5203623902
2020-05-04,G,Others(HKUST),7,55,302381,8238351060,1623413173,9861764233
2020-05-04,G,RPG,46,124,117322,23326529772,3877629759,27204159531
2020-05-04,G,Staff,140,745,987860,105788646230,48823251254,154611897484
2020-05-04,G,TPG,64,340,1005837,94473911560,9517310981,103991222541
2020-05-04,G,Total,442,2012,3456751,405415935683,88033870508,493449806191
2020-05-04,G,UG,169,684,995128,158708076186,22532327189,181240403375
2020-05-04,LG1,Alumni,4,18,81333,6898648191,1185023906,8083672097
2020-05-04,LG1,Non-HKUST,8,20,110252,3679459922,551584762,4231044684
2020-05-04,LG1,Others(HKUST),6,63,892425,29131221759,3612337070,32743558829
2020-05-04,LG1,RPG,22,136,358377,25530342246,11444427469,36974769715
2020-05-04,LG1,Staff,62,220,227049,30345415552,27686181357,58031596909
2020-05-04,LG1,TPG,42,404,1258335,131654831703,12576130825,144230962528
2020-05-04,LG1,Total,287,2116,6713110,612196475678,143409330879,755605806557
2020-05-04,LG1,UG,143,1255,3785339,384956556305,86353645490,471310201795
2020-05-04,LG3,Alumni,3,68,51677,13850394241,1078899504,14929293745
2020-05-04,LG3,Non-HKUST,3,7,898,486647502,504842632,991490134
2020-05-04,LG3,Others(HKUST),11,34,1265,1916600693,285467017,2202067710
2020-05-04,LG3,RPG,52,79,40500,18905729258,977989553,19883718811
2020-05-04,LG3,Staff,112,276,160414,28296866303,2898715484,31195581787
2020-05-04,LG3,TPG,18,52,118440,4930658757,804711008,5735369765
2020-05-04,LG3,Total,266,762,877579,195302845483,19148255755,214451101238
2020-05-04,LG3,UG,67,246,504385,126915948729,12597630557,139513579286
2020-05-04,LG4,Alumni,5,12,43200,2329935171,237760886,2567696057
2020-05-04,LG4,Non-HKUST,2,2,0,136017321,8000915,144018236
2020-05-04,LG4,Others(HKUST),9,68,352753,35831993942,4565895265,40397889207
2020-05-04,LG4,RPG,49,106,147623,27739850046,3033652200,30773502246
2020-05-04,LG4,Staff,92,212,120883,21085652131,2207101062,23292753193
2020-05-04,LG4,TPG,14,55,218870,6351953975,489386100,6841340075
2020-05-04,LG4,Total,259,870,1988318,242512039936,29950762107,272462802043
2020-05-04,LG4,UG,88,415,1104989,149036637350,19408965679,168445603029
2020-05-05,1,Alumni,2,4,24831,1220679448,2248478967,3469158415
2020-05-05,1,Non-HKUST,0,0,0,0,0,0
2020-05-05,1,Others(HKUST),4,26,195134,741964730,116512656,858477386
2020-05-05,1,RPG,18,90,288165,20887192547,1463795910,22350988457
2020-05-05,1,Staff,70,611,1625625,63153783413,6364900676,69518684089
2020-05-05,1,TPG,19,113,460826,26241327920,11874383466,38115711386
2020-05-05,1,Total,138,999,3147302,159970807094,36950676349,196921483443
2020-05-05,1,UG,25,155,552721,47725859036,14882604674,62608463710
2020-05-05,All-Floors,Alumni,13,120,311959,54740969365,12067471839,66808441204
2020-05-05,All-Floors,Non-HKUST,22,113,232657,19914816176,3137021884,23051838060
2020-05-05,All-Floors,Others(HKUST),14,153,1716282,70460088195,9197705100,79657793295
2020-05-05,All-Floors,RPG,191,834,1467152,163198126987,13998416658,177196543645
2020-05-05,All-Floors,Staff,260,2165,3232125,194949355248,33799945094,228749300342
2020-05-05,All-Floors,TPG,105,1377,3778669,339667041895,45377879172,385044921067
2020-05-05,All-Floors,Total,918,8129,19036344,2125471263681,300220025538,2425691289219
2020-05-05,All-Floors,UG,313,3367,8297500,1282540865815,182641585791,1465182451606
2020-05-05,G,Alumni,9,29,63027,12085422247,2435718922,14521141169
2020-05-05,G,Non-HKUST,13,25,14753,2294728566,623872057,2918600623
2020-05-05,G,Others(HKUST),7,27,362331,15007065872,1048432509,16055498381
2020-05-05,G,RPG,72,238,315310,56863414890,3736456980,60599871870
2020-05-05,G,Staff,134,828,1117925,84865244017,14827970152,99693214169
2020-05-05,G,TPG,84,558,1277560,96677562740,13337105103,110014667843
2020-05-05,G,Total,518,2436,4223588,448221745954,70034600810,518256346764
2020-05-05,G,UG,199,731,1072682,180428307622,34025045087,214453352709
2020-05-05,LG1,Alumni,4,27,83864,15748392527,3944174977,19692567504
2020-05-05,LG1,Non-HKUST,13,62,183521,15324838430,2421590742,17746429172
2020-05-05,LG1,Others(HKUST),4,64,794496,22792181045,3590808047,26382989092
2020-05-05,LG1,RPG,37,222,497453,32550088783,5378535450,37928624233
2020-05-05,LG1,Staff,49,274,329723,31129932564,6218323447,37348256011
2020-05-05,LG1,TPG,50,448,1245546,96860611460,8999096088,105859707548
2020-05-05,LG1,Total,341,2685,7364435,657124584494,112152405386,769276989880
2020-05-05,LG1,UG,184,1588,4229832,442718539685,81599876635,524318416320
2020-05-05,LG3,Alumni,3,30,39038,13449944700,2725794914,16175739614
2020-05-05,LG3,Non-HKUST,1,15,180,431100228,10108763,441208991
2020-05-05,LG3,Others(HKUST),4,14,1442,688975392,82230132,771205524
2020-05-05,LG3,RPG,74,128,74808,15844503869,955684517,16800188386
2020-05-05,LG3,Staff,102,238,88435,6883354335,2301280172,9184634507
2020-05-05,LG3,TPG,29,109,173294,52659218919,4275254289,56934473208
2020-05-05,LG3,Total,305,868,1121502,478048855465,31050464945,509099320410
2020-05-05,LG3,UG,92,334,744305,388091758022,20700112158,408791870180
2020-05-05,LG4,Alumni,5,30,101199,12236530443,713304059,12949834502
2020-05-05,LG4,Non-HKUST,6,11,34203,1864148952,81450322,1945599274
2020-05-05,LG4,Others(HKUST),5,22,362879,31229901156,4359721756,35589622912
2020-05-05,LG4,RPG,68,156,291416,37052926898,2463943801,39516870699
2020-05-05,LG4,Staff,74,214,70417,8917040919,4087470647,13004511566
2020-05-05,LG4,TPG,29,149,621443,67228320856,6892040226,74120361082
2020-05-05,LG4,Total,306,1141,3179517,382105270674,50031878048,432137148722
2020-05-05,LG4,UG,119,559,1697960,223576401450,31433947237,255010348687
2020-05-06,1,Alumni,1,1,16901,235158244,1141671241,1376829485
2020-05-06,1,Non-HKUST,1,1,0,135823,148156,283979
2020-05-06,1,Others(HKUST),4,21,186845,637449614,97590276,735039890
2020-05-06,1,RPG,16,36,59564,3008835001,175220979,3184055980
2020-05-06,1,Staff,64,664,1633510,90105129999,20020024483,110125154482
2020-05-06,1,TPG,26,191,783449,64357107821,3607461041,67964568862
2020-05-06,1,Total,140,1170,3416714,232176793382,31392682894,263569476276
2020-05-06,1,UG,28,256,736445,73832976880,6350566718,80183543598
2020-05-06,All-Floors,Alumni,11,122,361572,41940873971,5074796270,47015670241
2020-05-06,All-Floors,Non-HKUST,18,74,181259,29345001056,1449691213,30794692269
2020-05-06,All-Floors,Others(HKUST),15,163,1369754,82593932999,8966856301,91560789300
2020-05-06,All-Floors,RPG,171,914,1634933,241000145312,35677119218,276677264530
2020-05-06,All-Floors,Staff,244,1966,3262545,173511292268,47578028109,221089320377
2020-05-06,All-Floors,TPG,130,1572,4175429,1532096258980,156753575083,1688849834063
2020-05-06,All-Floors,Total,887,8347,19518901,4246067074119,476466672460,4722533746579
2020-05-06,All-Floors,UG,298,3536,8533409,2145579569533,220966606266,2366546175799
2020-05-06,G,Alumni,6,22,48944,4584488239,616054612,5200542851
2020-05-06,G,Non-HKUST,7,15,46260,6493204484,229692197,6722896681
2020-05-06,G,Others(HKUST),5,32,276660,9976452221,759519504,10735971725
2020-05-06,G,RPG,67,230,376607,35891492167,8136513532,44028005699
2020-05-06,G,Staff,128,746,1172733,54604460591,14707153023,69311613614
2020-05-06,G,TPG,92,458,892913,106873933687,22575065050,129448998737
2020-05-06,G,Total,507,2380,4266195,431855822837,72411280365,504267103202
2020-05-06,G,UG,202,877,1452078,213431791448,25387282447,238819073895
2020-05-06,LG1,Alumni,4,15,74685,3898482005,475891910,4374373915
2020-05-06,LG1,Non-HKUST,7,28,108523,9194178552,547350464,9741529016
2020-05-06,LG1,Others(HKUST),6,59,553456,37351006000,3880949198,41231955198
2020-05-06,LG1,RPG,41,295,730234,111576376559,20917536249,132493912808
2020-05-06,LG1,Staff,54,247,369878,18938356556,5900136984,24838493540
2020-05-06,LG1,TPG,63,579,1633951,139055077875,25237127825,164292205700
2020-05-06,LG1,Total,329,2688,7133137,710144779960,161998007899,872142787859
2020-05-06,LG1,UG,154,1465,3662410,390131302413,105039015269,495170317682
2020-05-06,LG3,Alumni,3,39,53080,17665075910,761209090,18426285000
2020-05-06,LG3,Non-HKUST,5,6,0,225113379,6639741,231753120
2020-05-06,LG3,Others(HKUST),5,28,2338,4085184043,216990857,4302174900
2020-05-06,LG3,RPG,79,198,257060,47415081705,3178211948,50593293653
2020-05-06,LG3,Staff,87,165,33486,2791434208,588529550,3379963758
2020-05-06,LG3,TPG,28,157,254400,1164671794372,95698597126,1260370391498
2020-05-06,LG3,Total,315,1040,1887218,2379258108576,145435119036,2524693227612
2020-05-06,LG3,UG,108,447,1286854,1142404424959,44984940724,1187389365683
2020-05-06,LG4,Alumni,5,45,167962,15557669573,2079969417,17637638990
2020-05-06,LG4,Non-HKUST,6,24,26476,13432368818,665860655,14098229473
2020-05-06,LG4,Others(HKUST),7,23,350455,30543841121,4011806466,34555647587
2020-05-06,LG4,RPG,46,155,211468,43108359880,3269636510,46377996390
2020-05-06,LG4,Staff,64,144,52938,7071910914,6362184069,13434094983
2020-05-06,LG4,TPG,34,187,610716,57138345225,9635324041,66773669266
2020-05-06,LG4,Total,253,1069,2815637,492631569364,65229582266,557861151630
2020-05-06,LG4,UG,91,491,1395622,325779073833,39204801108,364983874941
2020-05-07,1,Alumni,1,1,22310,3346629605,761740224,4108369829
2020-05-07,1,Non-HKUST,0,0,0,0,0,0
2020-05-07,1,Others(HKUST),4,30,231271,4030654344,179010933,4209665277
2020-05-07,1,RPG,13,51,84603,8062957540,760910913,8823868453
2020-05-07,1,Staff,66,561,1545163,76857095247,6233712179,83090807426
2020-05-07,1,TPG,23,221,619260,68354656164,4588017709,72942673873
2020-05-07,1,Total,135,1081,3202842,225820986072,48009366095,273830352167
2020-05-07,1,UG,28,217,700235,65168993172,35485974137,100654967309
2020-05-07,All-Floors,Alumni,13,122,246721,56560661854,3582083857,60142745711
2020-05-07,All-Floors,Non-HKUST,15,94,198876,90322565686,2753063125,93075628811
2020-05-07,All-Floors,Others(HKUST),13,109,1799475,59385988250,11869636296,71255624546
2020-05-07,All-Floors,RPG,157,715,1249807,195059318826,19378106248,214437425074
2020-05-07,All-Floors,Staff,231,1841,3184300,185718803235,35972694146,221691497381
2020-05-07,All-Floors,TPG,115,1374,4026347,417366359805,94014306622,511380666427
2020-05-07,All-Floors,Total,834,7516,18618463,2127862895498,348767799717,2476630695215
2020-05-07,All-Floors,UG,290,3261,7912937,1123449197842,181197909423,1304647107265
2020-05-07,G,Alumni,6,10,0,2898766205,204691087,3103457292
2020-05-07,G,Non-HKUST,9,18,9900,4673414632,94037095,4767451727
2020-05-07,G,Others(HKUST),5,19,362337,9339046998,1715211662,11054258660
2020-05-07,G,RPG,59,205,174934,57642766477,7608126107,65250892584
2020-05-07,G,Staff,121,690,1146964,77459037991,22544271273,100003309264
2020-05-07,G,TPG,89,420,962579,138897458004,60520762712,199418220716
2020-05-07,G,Total,485,2084,3767534,505752963895,121829052682,627582016577
2020-05-07,G,UG,196,722,1110820,214842473588,29141952746,243984426334
2020-05-07,LG1,Alumni,4,18,78476,5243530814,638556644,5882087458
2020-05-07,LG1,Non-HKUST,7,49,147421,83798944326,2582845234,86381789560
2020-05-07,LG1,Others(HKUST),5,23,927594,27173445965,4776627254,31950073219
2020-05-07,LG1,RPG,38,216,534807,52440916545,5265823484,57706740029
2020-05-07,LG1,Staff,45,229,304168,10907561818,5230304195,16137866013
2020-05-07,LG1,TPG,54,466,1491232,109668584022,16006266010,125674850032
2020-05-07,LG1,Total,317,2491,7335695,740939547057,106894267452,847833814509
2020-05-07,LG1,UG,164,1490,3851997,451706563567,72393844631,524100408198
2020-05-07,LG3,Alumni,6,62,47490,33860172898,1252915840,35113088738
2020-05-07,LG3,Non-HKUST,3,13,18523,1705924677,52516612,1758441289
2020-05-07,LG3,Others(HKUST),3,18,1438,1505309487,2750343212,4255652699
2020-05-07,LG3,RPG,61,110,210820,31391584605,1612266786,33003851391
2020-05-07,LG3,Staff,95,185,51866,5793272011,688099225,6481371236
2020-05-07,LG3,TPG,31,106,336958,42870973209,2442863687,45313836896
2020-05-07,LG3,Total,285,842,1580747,280269249699,22831612863,303100862562
2020-05-07,LG3,UG,86,348,913652,163142012812,14032607501,177174620313
2020-05-07,LG4,Alumni,5,31,98445,11211562332,724180062,11935742394
2020-05-07,LG4,Non-HKUST,6,14,23032,144282051,23664184,167946235
2020-05-07,LG4,Others(HKUST),7,19,276835,17337531456,2448443235,19785974691
2020-05-07,LG4,RPG,55,133,244643,45521093659,4130978958,49652072617
2020-05-07,LG4,Staff,68,176,136139,14701836168,1276307274,15978143442
2020-05-07,LG4,TPG,26,161,616318,57574688406,10456396504,68031084910
2020-05-07,LG4,Total,260,1018,2731645,375080148775,49203500625,424283649400
2020-05-07,LG4,UG,93,484,1336233,228589154703,30143530408,258732685111
2020-05-08,1,Alumni,2,2,29492,11154291106,5377085747,16531376853
2020-05-08,1,Non-HKUST,1,2,10782,222563852,205947157,428511009
2020-05-08,1,Others(HKUST),4,36,182446,1096591030,85535115,1182126145
2020-05-08,1,RPG,13,60,123172,7220449674,585695173,7806144847
2020-05-08,1,Staff,59,543,1592454,84375996324,7937890455,92313886779
2020-05-08,1,TPG,25,240,691966,50447033968,5973001105,56420035073
2020-05-08,1,Total,127,1028,3073065,193308819046,53375983444,246684802490
2020-05-08,1,UG,23,145,442753,38791893092,33210828692,72002721784
2020-05-08,All-Floors,Alumni,14,101,296047,41766534744,10141270595,51907805339
2020-05-08,All-Floors,Non-HKUST,15,88,202628,24244707371,1786633938,26031341309
2020-05-08,All-Floors,Others(HKUST),13,123,1892773,70232195869,9780345931,80012541800
2020-05-08,All-Floors,RPG,156,667,1271796,105358135405,15600568858,120958704263
2020-05-08,All-Floors,Staff,242,1906,3239958,251719212361,45059213604,296778425965
2020-05-08,All-Floors,TPG,124,1562,4161998,550402071745,89225851257,639627923002
2020-05-08,All-Floors,Total,872,7625,18393957,2415480806976,382448600146,2797929407122
2020-05-08,All-Floors,UG,308,3178,7328757,1371757949481,210854715963,1582612665444
2020-05-08,G,Alumni,5,23,72995,5692404033,1925532658,7617936691
2020-05-08,G,Non-HKUST,9,15,37460,6165235254,548928066,6714163320
2020-05-08,G,Others(HKUST),7,29,358571,7352883935,1104265498,8457149433
2020-05-08,G,RPG,57,185,213209,28742760665,4400620549,33143381214
2020-05-08,G,Staff,121,745,1207746,126770353801,33161312250,159931666051
2020-05-08,G,TPG,93,508,1117712,117001139491,27445434350,144446573841
2020-05-08,G,Total,482,2177,3973737,480208135312,93845255858,574053391170
2020-05-08,G,UG,190,672,966044,188483358133,25259162487,213742520620
2020-05-08,LG1,Alumni,3,15,80291,4536274571,1285936783,5822211354
2020-05-08,LG1,Non-HKUST,7,40,100044,11393083412,495525097,11888608509
2020-05-08,LG1,Others(HKUST),5,24,1002381,21501217742,3108115868,24609333610
2020-05-08,LG1,RPG,40,204,505463,23745116288,7962786964,31707903252
2020-05-08,LG1,Staff,48,220,292638,17771515293,2148903112,19920418405
2020-05-08,LG1,TPG,59,513,1456630,239671563587,38389046300,278060609887
2020-05-08,LG1,Total,317,2337,6855678,828085339922,152979853605,981065193527
2020-05-08,LG1,UG,155,1321,3418231,509466569029,99589539481,609056108510
2020-05-08,LG3,Alumni,5,24,11703,6369691346,496758633,6866449979
2020-05-08,LG3,Non-HKUST,2,3,1081,216907320,7999361,224906681
2020-05-08,LG3,Others(HKUST),4,12,1440,351410209,20341337,371751546
2020-05-08,LG3,RPG,58,103,210381,16643570284,1032167401,17675737685
2020-05-08,LG3,Staff,93,235,90216,13788780725,1175584136,14964364861
2020-05-08,LG3,TPG,33,116,346755,38068687099,5950003616,44018690715
2020-05-08,LG3,Total,308,969,1665151,477404316648,34914514308,512318830956
2020-05-08,LG3,UG,113,476,1003575,401965269665,26231659824,428196929489
2020-05-08,LG4,Alumni,5,37,101566,14013873688,1055956774,15069830462
2020-05-08,LG4,Non-HKUST,5,28,53261,6246917533,528234257,6775151790
2020-05-08,LG4,Others(HKUST),4,22,347935,39930092953,5462088113,45392181066
2020-05-08,LG4,RPG,51,115,219571,29006238494,1619298771,30625537265
2020-05-08,LG4,Staff,56,163,56904,9012566218,635523651,9648089869
2020-05-08,LG4,TPG,35,185,548935,105213647600,11468365886,116682013486
2020-05-08,LG4,Total,250,1114,2826326,436474196048,47332992931,483807188979
2020-05-08,LG4,UG,94,564,1498154,233050859562,26563525479,259614385041
2020-05-09,1,Alumni,1,1,0,1697105,219384,1916489
2020-05-09,1,Non-HKUST,0,0,0,0,0,0
2020-05-09,1,Others(HKUST),2,3,172798,8375270,4402910,12778180
2020-05-09,1,RPG,11,52,139002,13144236207,1155591267,14299827474
2020-05-09,1,Staff,10,37,619027,16736925080,8601065778,25337990858
2020-05-09,1,TPG,23,334,698757,86517874975,4733798000,91251672975
2020-05-09,1,Total,74,606,2258002,151214540965,18540913542,169755454507
2020-05-09,1,UG,27,179,628418,34805432328,4045836203,38851268531
2020-05-09,All-Floors,Alumni,23,287,475941,170171642970,8459138735,178630781705
2020-05-09,All-Floors,Non-HKUST,14,117,318040,18942233444,3465767487,22408000931
2020-05-09,All-Floors,Others(HKUST),7,55,1817615,55971164466,7897204673,63868369139
2020-05-09,All-Floors,RPG,94,408,930144,92644430431,9666001505,102310431936
2020-05-09,All-Floors,Staff,67,510,1339251,105255356910,21260738027,126516094937
2020-05-09,All-Floors,TPG,105,1567,3810598,437174284583,52404317255,489578601838
2020-05-09,All-Floors,Total,579,5334,15102738,1616786653532,213855713607,1830642367139
2020-05-09,All-Floors,UG,269,2390,6411149,736627540728,110702545925,847330086653
2020-05-09,G,Alumni,18,92,130326,14012795175,811590973,14824386148
2020-05-09,G,Non-HKUST,10,29,33476,3862711329,505192919,4367904248
2020-05-09,G,Others(HKUST),3,12,259376,6319620178,836451752,7156071930
2020-05-09,G,RPG,42,128,230589,18826372353,1813649713,20640022066
2020-05-09,G,Staff,44,303,583210,58779024548,11252614651,70031639199
2020-05-09,G,TPG,81,401,788515,116393631522,14740316548,131133948070
2020-05-09,G,Total,361,1482,2878160,344630673021,45980637885,390611310906
2020-05-09,G,UG,163,517,852668,126436517916,16020821329,142457339245
2020-05-09,LG1,Alumni,11,99,201606,51888045991,2749636394,54637682385
2020-05-09,LG1,Non-HKUST,11,78,259368,14446970471,2925457096,17372427567
2020-05-09,LG1,Others(HKUST),3,14,1037507,21043542299,3119976736,24163519035
2020-05-09,LG1,RPG,25,102,317172,24912902718,2989428107,27902330825
2020-05-09,LG1,Staff,17,59,72386,21738992246,819842140,22558834386
2020-05-09,LG1,TPG,51,577,1505959,138846363979,14543097295,153389461274
2020-05-09,LG1,Total,266,1975,6410556,598643848958,87289683274,685933532232
2020-05-09,LG1,UG,148,1046,3016558,325767031254,60142245506,385909276760
2020-05-09,LG3,Alumni,7,80,85331,94342596683,4499894774,98842491457
2020-05-09,LG3,Non-HKUST,1,4,10081,240567182,12199297,252766479
2020-05-09,LG3,Others(HKUST),2,14,179,236531935,22112032,258643967
2020-05-09,LG3,RPG,32,64,108542,15737330153,2586427087,18323757240
2020-05-09,LG3,Staff,21,78,32766,5139941805,371223513,5511165318
2020-05-09,LG3,TPG,25,144,322542,47725017179,3723062443,51448079622
2020-05-09,LG3,Total,153,648,1233560,265315134201,19728795862,285043930063
2020-05-09,LG3,UG,65,264,674119,101893149264,8513876716,110407025980
2020-05-09,LG4,Alumni,4,15,58678,9926508016,397797210,10324305226
2020-05-09,LG4,Non-HKUST,3,6,15115,391984462,22918175,414902637
2020-05-09,LG4,Others(HKUST),3,12,347755,28363094784,3914261243,32277356027
2020-05-09,LG4,RPG,26,62,134839,20023589000,1120905331,21144494331
2020-05-09,LG4,Staff,14,33,31862,2860473231,215991945,3076465176
2020-05-09,LG4,TPG,22,111,494825,47691396928,14664042969,62355439897
2020-05-09,LG4,Total,144,623,2322460,256982456387,42315683044,299298139431
2020-05-09,LG4,UG,72,384,1239386,147725409966,21979766171,169705176137
2020-05-10,1,Alumni,1,10,25918,3289805785,408557943,3698363728
2020-05-10,1,Non-HKUST,0,0,0,0,0,0
2020-05-10,1,Others(HKUST),2,4,172798,1057323665,47058941,1104382606
2020-05-10,1,RPG,11,30,143671,3035684681,434216912,3469901593
2020-05-10,1,Staff,13,56,555848,20010350843,621349048,20631699891
2020-05-10,1,TPG,15,164,552856,70147335256,5689903584,75837238840
2020-05-10,1,Total,68,432,2027900,155488004963,12217790106,167705795069
2020-05-10,1,UG,26,168,576809,57947504733,5016703678,62964208411
2020-05-10,All-Floors,Alumni,19,220,352635,46120802515,6130844181,52251646696
2020-05-10,All-Floors,Non-HKUST,6,40,91098,12367138979,2660805306,15027944285
2020-05-10,All-Floors,Others(HKUST),6,100,1840456,84996353526,8967751867,93964105393
2020-05-10,All-Floors,RPG,115,589,1244763,179470053308,16679975123,196150028431
2020-05-10,All-Floors,Staff,50,362,1211444,90097438220,12210745532,102308183752
2020-05-10,All-Floors,TPG,86,1121,3411344,481474827452,39641275825,521116103277
2020-05-10,All-Floors,Total,486,4517,14269113,2265718402149,204758371652,2470476773801
2020-05-10,All-Floors,UG,204,2085,6117373,1371191788149,118466973818,1489658761967
2020-05-10,G,Alumni,13,84,180560,18204398528,1543551664,19747950192
2020-05-10,G,Non-HKUST,3,5,0,3349467889,125750553,3475218442
2020-05-10,G,Others(HKUST),3,14,345767,9663479824,1055849545,10719329369
2020-05-10,G,RPG,45,142,243547,25298587409,2663958025,27962545434
2020-05-10,G,Staff,24,210,564142,55332085191,10746941841,66079027032
2020-05-10,G,TPG,69,303,477212,99612796951,11345794515,110958591466
2020-05-10,G,Total,284,1214,2682695,459124594887,51400617635,510525212522
2020-05-10,G,UG,127,456,871467,247663779095,23918771492,271582550587
2020-05-10,LG1,Alumni,5,45,74702,9262749394,2833343078,12096092472
2020-05-10,LG1,Non-HKUST,4,29,82461,7027356876,1858925444,8886282320
2020-05-10,LG1,Others(HKUST),3,54,1054785,44352805097,4111053034,48463858131
2020-05-10,LG1,RPG,29,193,422465,56917167151,3722329628,60639496779
2020-05-10,LG1,Staff,10,36,70931,10033224424,530682799,10563907223
2020-05-10,LG1,TPG,54,453,1725309,151691212927,12876144746,164567357673
2020-05-10,LG1,Total,221,1766,6248468,1130591940052,91615264824,1222207204876
2020-05-10,LG1,UG,116,956,2817815,851307424183,65682786095,916990210278
2020-05-10,LG3,Alumni,6,55,28257,11796112148,892195118,12688307266
2020-05-10,LG3,Non-HKUST,2,6,8637,1990314214,676129309,2666443523
2020-05-10,LG3,Others(HKUST),1,12,1800,2313287691,138007694,2451295385
2020-05-10,LG3,RPG,41,82,146340,24819339707,1497063662,26316403369
2020-05-10,LG3,Staff,13,32,5225,1101461429,132567891,1234029320
2020-05-10,LG3,TPG,28,94,246970,100515972782,3616868496,104132841278
2020-05-10,LG3,Total,145,505,1200075,244020199511,14322131272,258342330783
2020-05-10,LG3,UG,54,224,762846,101483711540,7369299102,108853010642
2020-05-10,LG4,Alumni,7,26,43198,3567736660,453196378,4020933038
2020-05-10,LG4,Non-HKUST,0,0,0,0,0,0
2020-05-10,LG4,Others(HKUST),3,16,265306,27609457249,3615782653,31225239902
2020-05-10,LG4,RPG,43,142,288740,69399274360,8362406896,77761681256
2020-05-10,LG4,Staff,17,28,15298,3620316333,179203953,3799520286
2020-05-10,LG4,TPG,14,107,408997,59507509536,6112564484,65620074020
2020-05-10,LG4,Total,143,600,2109975,276493662736,35202567815,311696230551
2020-05-10,LG4,UG,59,281,1088436,112789368598,16479413451,129268782049
2020-05-11,1,Alumni,1,1,23925,176623163,1678376511,1854999674
2020-05-11,1,Non-HKUST,0,0,0,0,0,0
2020-05-11,1,Others(HKUST),4,32,156229,463017099,80894861,543911960
2020-05-11,1,RPG,20,48,61943,2920605837,900412309,3821018146
2020-05-11,1,Staff,66,628,1661643,78095693913,4945811697,83041505610
2020-05-11,1,TPG,18,207,620908,137682005313,10215209737,147897215050
2020-05-11,1,Total,142,1137,3348513,334118257049,24510320961,358628578010
2020-05-11,1,UG,33,221,823865,114780311724,6689615846,121469927570
2020-05-11,All-Floors,Alumni,16,168,464191,41766890087,7228198763,48995088850
2020-05-11,All-Floors,Non-HKUST,17,88,269852,18670922196,1244953832,19915876028
2020-05-11,All-Floors,Others(HKUST),14,180,1831777,77402949380,10434789559,87837738939
2020-05-11,All-Floors,RPG,184,735,1373760,199134774662,30071865270,229206639932
2020-05-11,All-Floors,Staff,277,2149,3517386,265783256228,39211035387,304994291615
2020-05-11,All-Floors,TPG,139,1846,4848014,591662491714,76359073369,668021565083
2020-05-11,All-Floors,Total,991,8902,21321289,2792895546141,306137251296,3099032797437
2020-05-11,All-Floors,UG,344,3736,9016309,1598474261874,141587335116,1740061596990
2020-05-11,G,Alumni,11,27,50183,12688146159,795144876,13483291035
2020-05-11,G,Non-HKUST,3,5,0,137622612,30800001,168422613
2020-05-11,G,Others(HKUST),7,29,368108,8310973818,1063634053,9374607871
2020-05-11,G,RPG,74,244,431156,45126710482,7347393332,52474103814
2020-05-11,G,Staff,141,843,1322443,117790864045,20255400917,138046264962
2020-05-11,G,TPG,101,525,1043813,130646993326,25164770959,155811764285
2020-05-11,G,Total,556,2375,4060133,504981499511,78765737299,583747236810
2020-05-11,G,UG,219,702,844430,190280189069,24108593161,214388782230
2020-05-11,LG1,Alumni,9,99,273958,20154797015,4078420644,24233217659
2020-05-11,LG1,Non-HKUST,9,51,125466,11975698373,822808078,12798506451
2020-05-11,LG1,Others(HKUST),7,71,999324,28593783300,3781012272,32374795572
2020-05-11,LG1,RPG,32,175,381874,28224786362,10330329704,38555116066
2020-05-11,LG1,Staff,53,240,288834,19858165092,8970415173,28828580265
2020-05-11,LG1,TPG,76,639,1839291,163594111191,19681614336,183275725527
2020-05-11,LG1,Total,383,2952,7961416,958439138335,110458254562,1068897392897
2020-05-11,LG1,UG,197,1677,4052669,686037797002,62793654355,748831451357
2020-05-11,LG3,Alumni,4,20,28766,3889224764,317584547,4206809311
2020-05-11,LG3,Non-HKUST,3,15,66083,3028992769,144028625,3173021394
2020-05-11,LG3,Others(HKUST),5,17,1619,1362470362,122396668,1484867030
2020-05-11,LG3,RPG,66,110,190462,26971580846,2614767855,29586348701
2020-05-11,LG3,Staff,96,231,124116,37467680707,2559531107,40027211814
2020-05-11,LG3,TPG,39,180,482116,78807048401,6850010190,85657058591
2020-05-11,LG3,Total,320,1026,2029284,440768878785,31343529474,472112408259
2020-05-11,LG3,UG,107,453,1136122,289241880936,18735210482,307977091418
2020-05-11,LG4,Alumni,3,21,87359,4858098986,358672185,5216771171
2020-05-11,LG4,Non-HKUST,7,17,78303,3528608442,247317128,3775925570
2020-05-11,LG4,Others(HKUST),5,31,306497,38672704801,5386851705,44059556506
2020-05-11,LG4,RPG,59,158,308325,95891091135,8878962070,104770053205
2020-05-11,LG4,Staff,81,207,120350,12570852471,2479876493,15050728964
2020-05-11,LG4,TPG,41,295,861886,80932333483,14447468147,95379801630
2020-05-11,LG4,Total,309,1412,3921943,554587772461,61059409000,615647181461
2020-05-11,LG4,UG,113,683,2159223,318134083143,29260261272,347394344415
2020-05-12,1,Alumni,1,2,11322,359525334,57134015,416659349
2020-05-12,1,Non-HKUST,1,1,0,37759859,1705688,39465547
2020-05-12,1,Others(HKUST),4,27,215296,1070602890,305469162,1376072052
2020-05-12,1,RPG,7,20,67333,1838326503,216393737,2054720240
2020-05-12,1,Staff,66,651,1667155,113901667991,6927883756,120829551747
2020-05-12,1,TPG,15,134,461854,53735561923,4258653547,57994215470
2020-05-12,1,Total,126,1121,3359330,289208675650,19805341622,309014017272
2020-05-12,1,UG,32,286,936370,118265231150,8038101717,126303332867
2020-05-12,All-Floors,Alumni,17,143,320734,39311218121,6061090762,45372308883
2020-05-12,All-Floors,Non-HKUST,21,93,193033,17228132091,2193521245,19421653336
2020-05-12,All-Floors,Others(HKUST),15,182,1669173,69059040436,8752778004,77811818440
2020-05-12,All-Floors,RPG,181,771,1665577,230204519332,24568932135,254773451467
2020-05-12,All-Floors,Staff,281,2194,3506704,267546671498,35267876348,302814547846
2020-05-12,All-Floors,TPG,133,1600,4561734,542622544544,84467613479,627090158023
2020-05-12,All-Floors,Total,1017,9386,22833706,3003264980914,428170471361,3431435452275
2020-05-12,All-Floors,UG,369,4403,10916751,1837292854892,266858659388,2104151514280
2020-05-12,G,Alumni,9,24,63671,3369145051,933183343,4302328394
2020-05-12,G,Non-HKUST,11,19,5944,1254250389,190068060,1444318449
2020-05-12,G,Others(HKUST),7,44,341199,6916247604,985276254,7901523858
2020-05-12,G,RPG,69,251,503495,51357562470,4167719536,55525282006
2020-05-12,G,Staff,132,785,1357651,90064071640,18476674055,108540745695
2020-05-12,G,TPG,101,504,1063562,137027730574,29792367708,166820098282
2020-05-12,G,Total,573,2409,4125540,571487306217,92804281244,664291587461
2020-05-12,G,UG,244,782,790018,281498298489,38258992288,319757290777
2020-05-12,LG1,Alumni,5,28,102973,5968507679,2089927965,8058435644
2020-05-12,LG1,Non-HKUST,8,27,79939,9043014912,695306973,9738321885
2020-05-12,LG1,Others(HKUST),5,54,721781,28231050828,3054557519,31285608347
2020-05-12,LG1,RPG,49,268,745029,57159678306,9363300847,66522979153
2020-05-12,LG1,Staff,59,219,320722,37094117525,7471966685,44566084210
2020-05-12,LG1,TPG,69,674,1922136,189840491990,30000439160,219840931150
2020-05-12,LG1,Total,409,3070,9210503,973589706035,172562906366,1146152612401
2020-05-12,LG1,UG,214,1800,5317923,646252844795,119887407217,766140252012
2020-05-12,LG3,Alumni,4,50,25739,20643900923,2341374887,22985275810
2020-05-12,LG3,Non-HKUST,10,23,60142,5260204191,889325265,6149529456
2020-05-12,LG3,Others(HKUST),5,19,1979,1403986892,127665162,1531652054
2020-05-12,LG3,RPG,74,118,196175,13904464296,1027942599,14932406895
2020-05-12,LG3,Staff,112,359,135602,16305595802,1504925270,17810521072
2020-05-12,LG3,TPG,40,173,579404,127041529859,10081991648,137123521507
2020-05-12,LG3,Total,357,1193,1912374,426504853188,47720682418,474225535606
2020-05-12,LG3,UG,112,451,913333,241945171225,31747457587,273692628812
2020-05-12,LG4,Alumni,6,39,117029,8970139134,639470552,9609609686
2020-05-12,LG4,Non-HKUST,8,23,47008,1632902740,417115259,2050017999
2020-05-12,LG4,Others(HKUST),4,38,388918,31437152222,4279809907,35716962129
2020-05-12,LG4,RPG,54,114,153545,105944487757,9793575416,115738063173
2020-05-12,LG4,Staff,76,180,25574,10181218540,886426582,11067645122
2020-05-12,LG4,TPG,32,115,534778,34977230198,10334161416,45311391614
2020-05-12,LG4,Total,320,1593,4225959,742474439824,95277259711,837751699535
2020-05-12,LG4,UG,140,1084,2959107,549331309233,68926700579,618258009812
2020-05-13,1,Alumni,1,4,9351,874204254,584319400,1458523654
2020-05-13,1,Non-HKUST,1,2,3776,843438,193595,1037033
2020-05-13,1,Others(HKUST),4,22,216741,192554482,34075409,226629891
2020-05-13,1,RPG,8,39,88525,4533394216,356025862,4889420078
2020-05-13,1,Staff,66,573,1680612,94129394794,5098249395,99227644189
2020-05-13,1,TPG,24,268,671946,64013758479,5268825081,69282583560
2020-05-13,1,Total,138,1147,3618704,245798179729,19629970723,265428150452
2020-05-13,1,UG,34,239,947753,82054030066,8288281981,90342312047
2020-05-13,All-Floors,Alumni,15,132,289828,58625873583,9176421980,67802295563
2020-05-13,All-Floors,Non-HKUST,15,71,163011,8458300825,907036233,9365337058
2020-05-13,All-Floors,Others(HKUST),17,115,1862083,59358455636,8465365701,67823821337
2020-05-13,All-Floors,RPG,152,758,1620653,202818730641,78494041185,281312771826
2020-05-13,All-Floors,Staff,246,2042,3577043,369767585165,33718903973,403486489138
2020-05-13,All-Floors,TPG,132,1784,4413558,592489014370,63860923236,656349937606
2020-05-13,All-Floors,Total,943,8996,21932846,2989352386971,460418481619,3449770868590
2020-05-13,All-Floors,UG,366,4094,10006670,1697834426751,265795789311,1963630216062
2020-05-13,G,Alumni,8,31,44810,10356577710,1393288809,11749866519
2020-05-13,G,Non-HKUST,6,13,12954,520312002,83831823,604143825
2020-05-13,G,Others(HKUST),7,28,418867,10432745553,1399277412,11832022965
2020-05-13,G,RPG,62,228,464589,60451917827,26056666488,86508584315
2020-05-13,G,Staff,123,820,1183347,106648429245,14966920085,121615349330
2020-05-13,G,TPG,95,444,789832,128444276157,15450941055,143895217212
2020-05-13,G,Total,534,2281,3702245,536646473874,78879589409,615526063283
2020-05-13,G,UG,233,717,787846,219792215380,19528663737,239320879117
2020-05-13,LG1,Alumni,5,31,110330,29039396712,4931387170,33970783882
2020-05-13,LG1,Non-HKUST,8,25,99518,5320461917,470981889,5791443806
2020-05-13,LG1,Others(HKUST),5,25,955945,29985015655,4524429276,34509444931
2020-05-13,LG1,RPG,28,201,608620,40366945762,15716208303,56083154065
2020-05-13,LG1,Staff,51,280,399843,134422847473,10427622632,144850470105
2020-05-13,LG1,TPG,79,775,2173999,250865018528,30585266462,281450284990
2020-05-13,LG1,Total,387,3304,9204918,1136477837759,209778451814,1346256289573
2020-05-13,LG1,UG,211,1967,4856663,646478151712,143122556082,789600707794
2020-05-13,LG3,Alumni,5,33,38694,3617491485,1328299004,4945790489
2020-05-13,LG3,Non-HKUST,1,9,10077,182047363,271938364,453985727
2020-05-13,LG3,Others(HKUST),7,18,2882,421279765,31772200,453051965
2020-05-13,LG3,RPG,64,136,244151,48839871971,17862088613,66701960584
2020-05-13,LG3,Staff,85,164,73844,17459456763,391675332,17851132095
2020-05-13,LG3,TPG,33,152,322952,81309150915,5562397495,86871548410
2020-05-13,LG3,Total,297,845,1512131,374399537568,65045869951,439445407519
2020-05-13,LG3,UG,102,333,819531,222570239306,39597698943,262167938249
2020-05-13,LG4,Alumni,6,33,86643,14738203422,939127597,15677331019
2020-05-13,LG4,Non-HKUST,5,22,36686,2434636105,80090562,2514726667
2020-05-13,LG4,Others(HKUST),8,22,267648,18326860181,2475811404,20802671585
2020-05-13,LG4,RPG,50,154,214768,48626600865,18503051919,67129652784
2020-05-13,LG4,Staff,83,205,239397,17107456890,2834436529,19941893419
2020-05-13,LG4,TPG,27,145,454829,67856810291,6993493143,74850303434
2020-05-13,LG4,Total,308,1419,3894848,696030358041,87084599722,783114957763
2020-05-13,LG4,UG,129,838,2594877,526939790287,55258588568,582198378855
2020-05-14,1,Alumni,2,6,29165,6228818137,225237489,6454055626
2020-05-14,1,Non-HKUST,3,3,18716,438947849,129331196,568279045
2020-05-14,1,Others(HKUST),7,28,211697,285563431,79716428,365279859
2020-05-14,1,RPG,10,58,121800,19811756692,1065419954,20877176646
2020-05-14,1,Staff,64,542,1760625,100828756940,5570025990,106398782930
2020-05-14,1,TPG,19,237,655278,76605752153,13624425356,90230177509
2020-05-14,1,Total,145,1159,3643720,270731361968,26873058320,297604420288
2020-05-14,1,UG,40,285,846439,66531766766,6178901907,72710668673
2020-05-14,All-Floors,Alumni,15,126,411720,46594927121,14956287693,61551214814
2020-05-14,All-Floors,Non-HKUST,19,130,269809,31678955458,4520043178,36198998636
2020-05-14,All-Floors,Others(HKUST),17,185,1914993,95166999663,12207880220,107374879883
2020-05-14,All-Floors,RPG,170,774,1575921,232191299512,25297442768,257488742280
2020-05-14,All-Floors,Staff,254,1897,3676407,305546780032,43853866165,349400646197
2020-05-14,All-Floors,TPG,117,1599,3929639,769547560743,103656843526,873204404269
2020-05-14,All-Floors,Total,973,9214,22217659,3632563592593,497693724133,4130257316726
2020-05-14,All-Floors,UG,381,4503,10439170,2151837070064,293201360583,2445038430647
2020-05-14,G,Alumni,9,43,152651,20938165687,1485236149,22423401836
2020-05-14,G,Non-HKUST,9,19,3242,2144298743,337043950,2481342693
2020-05-14,G,Others(HKUST),6,37,471745,10262883897,1212524439,11475408336
2020-05-14,G,RPG,58,200,286247,47963569856,7504822456,55468392312
2020-05-14,G,Staff,134,690,1224585,112896591166,21831687311,134728278477
2020-05-14,G,TPG,87,486,948038,147101034782,21110675230,168211710012
2020-05-14,G,Total,558,2284,3840401,620160009885,92590734971,712750744856
2020-05-14,G,UG,255,809,753893,278853465754,39108745436,317962211190
2020-05-14,LG1,Alumni,5,34,109264,10490652477,3767624740,14258277217
2020-05-14,LG1,Non-HKUST,10,52,159289,21008170322,3544115626,24552285948
2020-05-14,LG1,Others(HKUST),7,66,934574,34998042377,4146230696,39144273073
2020-05-14,LG1,RPG,43,234,637645,65675729283,6585546837,72261276120
2020-05-14,LG1,Staff,52,269,381448,45730683887,6811964803,52542648690
2020-05-14,LG1,TPG,53,499,1303377,253399923614,39952098132,293352021746
2020-05-14,LG1,Total,398,3388,9065953,1101147993075,183485330189,1284633323264
2020-05-14,LG1,UG,228,2234,5540356,669844791115,118677749355,788522540470
2020-05-14,LG3,Alumni,3,4,20869,580315412,39277895,619593307
2020-05-14,LG3,Non-HKUST,7,44,75952,7902987328,496536602,8399523930
2020-05-14,LG3,Others(HKUST),3,16,2337,955462193,141283464,1096745657
2020-05-14,LG3,RPG,74,121,189558,28136029593,1217851050,29353880643
2020-05-14,LG3,Staff,89,201,80131,22572278761,2687390006,25259668767
2020-05-14,LG3,TPG,33,222,495523,242436601454,19171583349,261608184803
2020-05-14,LG3,Total,310,1048,1944422,982802514298,81213070690,1064015584988
2020-05-14,LG3,UG,101,440,1080052,680218839557,57459148324,737677987881
2020-05-14,LG4,Alumni,4,39,99771,8356975408,9438911420,17795886828
2020-05-14,LG4,Non-HKUST,3,12,12610,184551216,13015804,197567020
2020-05-14,LG4,Others(HKUST),9,38,294640,48665047765,6628125193,55293172958
2020-05-14,LG4,RPG,62,161,340671,70604214088,8923802471,79528016559
2020-05-14,LG4,Staff,67,195,229618,23518469278,6952798055,30471267333
2020-05-14,LG4,TPG,30,155,527423,50004248740,9798061459,59802310199
2020-05-14,LG4,Total,300,1335,3723163,657721713367,113531529963,771253243330
2020-05-14,LG4,UG,125,735,2218430,456388206872,71776815561,528165022433
2020-05-15,1,Alumni,1,1,11150,58886634,13299378,72186012
2020-05-15,1,Non-HKUST,5,10,41548,2986838346,118866958,3105705304
2020-05-15,1,Others(HKUST),4,20,186298,189018162,27974139,216992301
2020-05-15,1,RPG,3,16,78507,5433782980,657768333,6091551313
2020-05-15,1,Staff,61,548,1602423,102869678280,5401452629,108271130909
2020-05-15,1,TPG,22,180,565548,68791997718,6916538892,75708536610
2020-05-15,1,Total,129,1020,3148956,307087532347,26903702988,333991235335
2020-05-15,1,UG,33,245,663482,126757330227,13767802659,140525132886
2020-05-15,All-Floors,Alumni,19,190,519924,86769888719,8687536150,95457424869
2020-05-15,All-Floors,Non-HKUST,18,106,283674,33993845565,1645343581,35639189146
2020-05-15,All-Floors,Others(HKUST),18,143,1771034,82126073279,10052901292,92178974571
2020-05-15,All-Floors,RPG,141,560,1134056,208770539666,16884147268,225654686934
2020-05-15,All-Floors,Staff,261,1870,3271691,252197496060,32571699487,284769195547
2020-05-15,All-Floors,TPG,132,1342,3905991,438113467456,47381000537,485494467993
2020-05-15,All-Floors,Total,958,7905,19488487,2553188113269,330149070350,2883337183619
2020-05-15,All-Floors,UG,369,3694,8602117,1451216802524,212926442035,1664143244559
2020-05-15,G,Alumni,10,55,147277,28467368435,3588943756,32056312191
2020-05-15,G,Non-HKUST,11,22,23584,7564763763,369723709,7934487472
2020-05-15,G,Others(HKUST),7,35,336843,7496775727,955310387,8452086114
2020-05-15,G,RPG,56,144,227344,36308778390,2403508830,38712287220
2020-05-15,G,Staff,130,751,1211638,103770789501,21521806674,125292596175
2020-05-15,G,TPG,83,377,831765,119280475861,16316504074,135596979935
2020-05-15,G,Total,517,2117,3680412,480497891666,86586335272,567084226938
2020-05-15,G,UG,220,733,901961,177608939989,41430537842,219039477831
2020-05-15,LG1,Alumni,5,35,155189,10676358492,1534406750,12210765242
2020-05-15,LG1,Non-HKUST,9,38,145262,18020516251,688597076,18709113327
2020-05-15,LG1,Others(HKUST),6,57,982974,36549562713,3686639984,40236202697
2020-05-15,LG1,RPG,35,187,451748,56841104042,7169152574,64010256616
2020-05-15,LG1,Staff,49,207,249748,20616018204,4037477298,24653495502
2020-05-15,LG1,TPG,56,491,1365431,122870350565,11427628494,134297979059
2020-05-15,LG1,Total,387,2914,8122370,897673670508,125721594616,1023395265124
2020-05-15,LG1,UG,227,1899,4772018,632099760241,97177692440,729277452681
2020-05-15,LG3,Alumni,8,54,99689,7745248502,923288816,8668537318
2020-05-15,LG3,Non-HKUST,1,3,15124,544978531,56587760,601566291
2020-05-15,LG3,Others(HKUST),6,12,361,82589230,8772318,91361548
2020-05-15,LG3,RPG,59,107,230440,17156946694,1497912947,18654859641
2020-05-15,LG3,Staff,92,180,67172,6229486408,580231800,6809718208
2020-05-15,LG3,TPG,33,155,531309,76259461188,7393797139,83653258327
2020-05-15,LG3,Total,298,843,1741498,345793264434,30504159718,376297424152
2020-05-15,LG3,UG,99,332,797403,237774553881,20043568938,257818122819
2020-05-15,LG4,Alumni,6,45,106619,39822026656,2627597450,42449624106
2020-05-15,LG4,Non-HKUST,7,33,58156,4876748674,411568078,5288316752
2020-05-15,LG4,Others(HKUST),5,19,264558,37808127447,5374204464,43182331911
2020-05-15,LG4,RPG,49,106,146017,93029927560,5155804584,98185732144
2020-05-15,LG4,Staff,82,184,140710,18711523667,1030731086,19742254753
2020-05-15,LG4,TPG,27,139,611938,50911182124,5326531938,56237714062
2020-05-15,LG4,Total,273,1011,2795251,522135754314,60433277756,582569032070
2020-05-15,LG4,UG,97,485,1467253,276976218186,40506840156,317483058342
2020-05-16,1,Alumni,4,25,70592,4187821496,536464951,4724286447
2020-05-16,1,Non-HKUST,1,14,37635,9271906516,751481787,10023388303
2020-05-16,1,Others(HKUST),2,4,86399,578214419,72676638,650891057
2020-05-16,1,RPG,13,68,302797,28190011118,1365555710,29555566828
2020-05-16,1,Staff,13,59,784106,21698353551,878807028,22577160579
2020-05-16,1,TPG,17,207,641588,100801720873,17048703709,117850424582
2020-05-16,1,Total,88,624,2813525,255703916331,27794787843,283498704174
2020-05-16,1,UG,38,247,890408,90975888358,7141098020,98116986378
2020-05-16,All-Floors,Alumni,23,268,520587,102748276399,7292233334,110040509733
2020-05-16,All-Floors,Non-HKUST,15,96,232061,27357405749,8060880431,35418286180
2020-05-16,All-Floors,Others(HKUST),9,143,1738952,100339750229,12410970533,112750720762
2020-05-16,All-Floors,RPG,119,573,1205085,138590509039,21066409134,159656918173
2020-05-16,All-Floors,Staff,67,470,1568595,136967105884,19946766397,156913872281
2020-05-16,All-Floors,TPG,118,1590,4365148,647248730860,72358129236,719606860096
2020-05-16,All-Floors,Total,715,7062,19341545,2820627614229,366156728109,3186784342338
2020-05-16,All-Floors,UG,364,3922,9711117,1667375836069,225021339044,1892397175113
2020-05-16,G,Alumni,19,86,135208,48531215603,3605722736,52136938339
2020-05-16,G,Non-HKUST,11,18,36898,640141558,388391237,1028532795
2020-05-16,G,Others(HKUST),3,12,345407,11940859849,1323172385,13264032234
2020-05-16,G,RPG,50,176,213447,31283961626,10556116373,41840077999
2020-05-16,G,Staff,32,241,660449,67303063822,16035911938,83338975760
2020-05-16,G,TPG,85,328,643289,87323789757,11794020167,99117809924
2020-05-16,G,Total,433,1687,3208292,613765156095,78318773471,692083929566
2020-05-16,G,UG,233,826,1173594,366742123880,34615438635,401357562515
2020-05-16,LG1,Alumni,11,104,235027,33300003432,1847850119,35147853551
2020-05-16,LG1,Non-HKUST,9,47,101365,10353815423,6075108970,16428924393
2020-05-16,LG1,Others(HKUST),3,87,919953,37052001336,4339942832,41391944168
2020-05-16,LG1,RPG,29,147,334224,19664223013,4167963338,23832186351
2020-05-16,LG1,Staff,12,91,97758,31331304683,2024719376,33356024059
2020-05-16,LG1,TPG,68,621,1716591,165470254998,24977758761,190448013759
2020-05-16,LG1,Total,349,2809,8059728,822263028136,162037925325,984300953461
2020-05-16,LG1,UG,217,1712,4654810,525091425251,118604581929,643696007180
2020-05-16,LG3,Alumni,7,34,43395,11198173306,826460154,12024633460
2020-05-16,LG3,Non-HKUST,2,3,17103,1200228406,625443947,1825672353
2020-05-16,LG3,Others(HKUST),3,14,1799,1915182854,141579928,2056762782
2020-05-16,LG3,RPG,43,83,193841,32482176306,3213246102,35695422408
2020-05-16,LG3,Staff,24,43,13862,5423305494,356966757,5780272251
2020-05-16,LG3,TPG,32,207,493543,179816079493,7096662928,186912742421
2020-05-16,LG3,Total,207,841,1615777,636198155200,47108942377,683307097577
2020-05-16,LG3,UG,96,457,852234,404163009341,34848582561,439011591902
2020-05-16,LG4,Alumni,5,19,36365,5531062562,475735374,6006797936
2020-05-16,LG4,Non-HKUST,3,14,39060,5891313846,220454490,6111768336
2020-05-16,LG4,Others(HKUST),5,26,385394,48853491771,6533598750,55387090521
2020-05-16,LG4,RPG,41,99,160776,26970136976,1763527611,28733664587
2020-05-16,LG4,Staff,20,36,12420,11211078334,650361298,11861439632
2020-05-16,LG4,TPG,37,227,870137,113836885739,11440983671,125277869410
2020-05-16,LG4,Total,227,1101,3644223,492697358467,50896299093,543593657560
2020-05-16,LG4,UG,116,680,2140071,280403389239,29811637899,310215027138
2020-05-17,1,Alumni,2,13,60298,4893060603,172923273,5065983876
2020-05-17,1,Non-HKUST,3,22,19613,4801565463,240402458,5041967921
2020-05-17,1,Others(HKUST),2,4,172430,351421008,37107537,388528545
2020-05-17,1,RPG,14,56,237289,14161650044,1829522094,15991172138
2020-05-17,1,Staff,16,91,832852,29571067697,1249352983,30820420680
2020-05-17,1,TPG,22,157,476333,80812799883,6043489545,86856289428
2020-05-17,1,Total,85,552,2679520,243542396014,21164941561,264707337575
2020-05-17,1,UG,26,209,880705,108950831316,11592143671,120542974987
2020-05-17,All-Floors,Alumni,18,143,268584,40301768177,1715280669,42017048846
2020-05-17,All-Floors,Non-HKUST,14,88,208995,19463450580,3526064838,22989515418
2020-05-17,All-Floors,Others(HKUST),5,72,1671995,65332180231,8802429311,74134609542
2020-05-17,All-Floors,RPG,119,619,1300978,124400504170,18192075984,142592580154
2020-05-17,All-Floors,Staff,63,449,1395739,86247734212,13077865359,99325599571
2020-05-17,All-Floors,TPG,131,1854,4913236,688074700201,101222511448,789297211649
2020-05-17,All-Floors,Total,688,6801,19037002,2735743804860,331299508560,3067043313420
2020-05-17,All-Floors,UG,338,3576,9277475,1711923467289,184763280951,1896686748240
2020-05-17,G,Alumni,10,51,79401,18160524341,735894003,18896418344
2020-05-17,G,Non-HKUST,7,13,34027,3297332691,176545573,3473878264
2020-05-17,G,Others(HKUST),3,8,345775,8737863259,1080364144,9818227403
2020-05-17,G,RPG,50,174,320424,26677438707,5363028051,32040466758
2020-05-17,G,Staff,27,188,463512,43178255546,10508987877,53687243423
2020-05-17,G,TPG,99,435,654532,159010009808,20838461913,179848471721
2020-05-17,G,Total,399,1605,3004214,454207525768,66358197585,520565723353
2020-05-17,G,UG,203,736,1106543,195146101416,27654916024,222801017440
2020-05-17,LG1,Alumni,6,42,41402,6330305665,299087069,6629392734
2020-05-17,LG1,Non-HKUST,9,43,115217,10031518218,2007184407,12038702625
2020-05-17,LG1,Others(HKUST),2,45,807834,26204129221,3552003780,29756133001
2020-05-17,LG1,RPG,29,177,403965,29638190732,6693525177,36331715909
2020-05-17,LG1,Staff,13,35,28616,4422252970,311243997,4733496967
2020-05-17,LG1,TPG,73,727,2157408,201275946641,38981233935,240257180576
2020-05-17,LG1,Total,323,2681,7845793,771484522201,138175656488,909660178689
2020-05-17,LG1,UG,191,1612,4291351,493582178754,86331378123,579913556877
2020-05-17,LG3,Alumni,6,22,39775,6187078756,334056203,6521134959
2020-05-17,LG3,Non-HKUST,5,6,19439,391022652,350858177,741880829
2020-05-17,LG3,Others(HKUST),1,4,0,659492460,36841021,696333481
2020-05-17,LG3,RPG,50,109,135173,18543743346,1996720062,20540463408
2020-05-17,LG3,Staff,21,92,38536,3634729349,434159158,4068888507
2020-05-17,LG3,TPG,35,264,657958,155804850965,20007588640,175812439605
2020-05-17,LG3,Total,212,867,1666244,846652593851,61017776150,907670370001
2020-05-17,LG3,UG,94,370,775363,661431676323,37857552889,699289229212
2020-05-17,LG4,Alumni,5,15,47708,4730798812,173320121,4904118933
2020-05-17,LG4,Non-HKUST,2,4,20699,942011556,751074223,1693085779
2020-05-17,LG4,Others(HKUST),3,11,345956,29379274283,4096112829,33475387112
2020-05-17,LG4,RPG,39,103,204127,35379481341,2309280600,37688761941
2020-05-17,LG4,Staff,19,43,32223,5441428650,574121344,6015549994
2020-05-17,LG4,TPG,35,271,967005,91171092904,15351737415,106522830319
2020-05-17,LG4,Total,221,1096,3841231,419856767026,44582936776,464439703802
2020-05-17,LG4,UG,118,649,2223513,252812679480,21327290244,274139969724
2020-05-18,1,Alumni,2,8,42310,1299130123,518649586,1817779709
2020-05-18,1,Non-HKUST,2,3,12945,407778375,29298129,437076504
2020-05-18,1,Others(HKUST),4,19,186669,242992340,33262371,276254711
2020-05-18,1,RPG,12,71,260444,14632062241,654950027,15287012268
2020-05-18,1,Staff,67,601,1834165,147405058074,11432149801,158837207875
2020-05-18,1,TPG,29,278,715529,134010245501,6966306304,140976551805
2020-05-18,1,Total,153,1293,4130572,516800077549,37978811817,554778889366
2020-05-18,1,UG,37,313,1078510,218802810895,18344195599,237147006494
2020-05-18,All-Floors,Alumni,13,140,444424,27325347349,8821873212,36147220561
2020-05-18,All-Floors,Non-HKUST,17,93,215056,12205525681,1143617340,13349143021
2020-05-18,All-Floors,Others(HKUST),20,249,1294300,145244370803,22657372050,167901742853
2020-05-18,All-Floors,RPG,178,934,1822931,175261265389,19957317408,195218582797
2020-05-18,All-Floors,Staff,258,2090,3737935,329586815919,44042988856,373629804775
2020-05-18,All-Floors,TPG,147,2221,5309381,735623642834,90933944740,826557587574
2020-05-18,All-Floors,Total,1059,11135,26663492,3694726169488,518293953746,4213020123234
2020-05-18,All-Floors,UG,426,5408,13839465,2269479201513,330736840140,2600216041653
2020-05-18,G,Alumni,9,65,187430,14327429095,3126275872,17453704967
2020-05-18,G,Non-HKUST,6,7,0,457839084,145523689,603362773
2020-05-18,G,Others(HKUST),10,37,290172,7717989706,1000968137,8718957843
2020-05-18,G,RPG,68,240,291063,20729922318,5349079770,26079002088
2020-05-18,G,Staff,123,783,1365279,127102176693,25586553106,152688729799
2020-05-18,G,TPG,105,431,814832,104730007758,12327752516,117057760274
2020-05-18,G,Total,599,2410,4035446,481673167780,94134974806,575808142586
2020-05-18,G,UG,278,847,1086670,206607803126,46598821716,253206624842
2020-05-18,LG1,Alumni,7,34,134963,7043358101,4528840639,11572198740
2020-05-18,LG1,Non-HKUST,6,51,134792,7786063047,518333571,8304396618
2020-05-18,LG1,Others(HKUST),6,81,559223,23738898110,3182644853,26921542963
2020-05-18,LG1,RPG,43,345,797930,52135133408,6827548570,58962681978
2020-05-18,LG1,Staff,43,273,311502,33287776181,2903353195,36191129376
2020-05-18,LG1,TPG,85,970,2611063,294017293344,43906603605,337923896949
2020-05-18,LG1,Total,488,4563,12231285,1292949994953,224074219554,1517024214507
2020-05-18,LG1,UG,298,2809,7681812,874941472762,162206895121,1037148367883
2020-05-18,LG3,Alumni,3,23,48382,3250782851,550128400,3800911251
2020-05-18,LG3,Non-HKUST,6,15,35468,1225646030,88593182,1314239212
2020-05-18,LG3,Others(HKUST),10,88,7379,21521058318,5512083057,27033141375
2020-05-18,LG3,RPG,81,149,234081,23222897540,1944969381,25167866921
2020-05-18,LG3,Staff,99,248,189713,14888689996,2168933165,17057623161
2020-05-18,LG3,TPG,43,252,499291,104554692974,17685815819,122240508793
2020-05-18,LG3,Total,337,1237,1846697,772495487186,68234156633,840729643819
2020-05-18,LG3,UG,95,462,832383,603831719477,40283633629,644115353106
2020-05-18,LG4,Alumni,4,10,31339,1404647179,97978715,1502625894
2020-05-18,LG4,Non-HKUST,4,17,31851,2328199145,361868769,2690067914
2020-05-18,LG4,Others(HKUST),5,24,250857,92023432329,12928413632,104951845961
2020-05-18,LG4,RPG,46,129,239413,64541249882,5180769660,69722019542
2020-05-18,LG4,Staff,76,185,37276,6903114975,1951999589,8855114564
2020-05-18,LG4,TPG,45,290,668666,98311403257,10047466496,108358869753
2020-05-18,LG4,Total,324,1632,4419492,630807442020,93871790936,724679232956
2020-05-18,LG4,UG,144,977,3160090,365295395253,63303294075,428598689328
2020-05-19,1,Alumni,1,2,14019,214868188,2161503922,2376372110
2020-05-19,1,Non-HKUST,2,5,21783,93326743,17108732,110435475
2020-05-19,1,Others(HKUST),4,26,174424,236311921,44301463,280613384
2020-05-19,1,RPG,19,129,346150,64929529587,3369189133,68298718720
2020-05-19,1,Staff,72,655,1743692,93202823642,11245328412,104448152054
2020-05-19,1,TPG,26,236,634288,71118111128,4571250840,75689361968
2020-05-19,1,Total,160,1385,4298040,342563654468,40735849941,383299504409
2020-05-19,1,UG,36,332,1363684,112768683259,19327167439,132095850698
2020-05-19,All-Floors,Alumni,15,147,397803,35364990553,19964343470,55329334023
2020-05-19,All-Floors,Non-HKUST,23,114,362075,31907134595,1464666879,33371801474
2020-05-19,All-Floors,Others(HKUST),14,172,1827770,77771661759,12782742846,90554404605
2020-05-19,All-Floors,RPG,191,983,1977309,290007847235,28928293965,318936141200
2020-05-19,All-Floors,Staff,266,2163,3804506,347221350270,70959664461,418181014731
2020-05-19,All-Floors,TPG,155,2296,5936374,1397839638460,151019482423,1548859120883
2020-05-19,All-Floors,Total,1153,12024,30397453,5672846812188,777575954435,6450422766623
2020-05-19,All-Floors,UG,489,6149,16091616,3492734189316,492456760391,3985190949707
2020-05-19,G,Alumni,11,37,105282,13361297567,6788524969,20149822536
2020-05-19,G,Non-HKUST,10,30,56683,12221107890,359061196,12580169086
2020-05-19,G,Others(HKUST),7,24,361257,11647116736,1520284600,13167401336
2020-05-19,G,RPG,63,201,318619,42707983813,3091180024,45799163837
2020-05-19,G,Staff,134,728,1214051,156729964819,34790569802,191520534621
2020-05-19,G,TPG,108,578,1180891,272107691481,30168869442,302276560923
2020-05-19,G,Total,665,2579,4394012,767626359226,129252330339,896878689565
2020-05-19,G,UG,332,981,1157229,258851196920,52533840306,311385037226
2020-05-19,LG1,Alumni,8,68,173848,10600125299,5679617243,16279742542
2020-05-19,LG1,Non-HKUST,13,66,220082,16910319101,894379584,17804698685
2020-05-19,LG1,Others(HKUST),5,76,939289,35361456685,6956568340,42318025025
2020-05-19,LG1,RPG,55,279,684093,98829148826,15701144541,114530293367
2020-05-19,LG1,Staff,60,376,543017,48214869509,12233707679,60448577188
2020-05-19,LG1,TPG,89,1010,2743389,255839630703,45793638864,301633269567
2020-05-19,LG1,Total,542,4899,13855154,2022452283814,327027353496,2349479637310
2020-05-19,LG1,UG,312,3024,8551436,1556696733691,239768297245,1796465030936
2020-05-19,LG3,Alumni,4,31,65559,9246282393,5250008947,14496291340
2020-05-19,LG3,Non-HKUST,3,7,35450,1538289197,108028506,1646317703
2020-05-19,LG3,Others(HKUST),5,23,5041,802137339,91482277,893619616
2020-05-19,LG3,RPG,94,196,339286,31881170787,3293316031,35174486818
2020-05-19,LG3,Staff,87,205,147646,14531504482,4482804331,19014308813
2020-05-19,LG3,TPG,36,187,462468,597430646530,48873930088,646304576618
2020-05-19,LG3,Total,371,1361,2527357,1718816652251,164573539924,1883390192175
2020-05-19,LG3,UG,142,712,1471907,1063386621523,102473969744,1165860591267
2020-05-19,LG4,Alumni,1,9,39095,1942417106,84688389,2027105495
2020-05-19,LG4,Non-HKUST,3,6,28077,1144091664,86088861,1230180525
2020-05-19,LG4,Others(HKUST),8,23,347759,29724639078,4170106166,33894745244
2020-05-19,LG4,RPG,58,178,289161,51660014222,3473464236,55133478458
2020-05-19,LG4,Staff,86,199,156100,34542187818,8207254237,42749442055
2020-05-19,LG4,TPG,51,285,915338,201343558618,21611793189,222955351807
2020-05-19,LG4,Total,371,1800,5322890,821387862429,115986880735,937374743164
2020-05-19,LG4,UG,164,1100,3547360,501030953923,78353485657,579384439580
2020-05-20,1,Alumni,1,1,9711,229918499,403553919,633472418
2020-05-20,1,Non-HKUST,2,4,6313,3835502,3515980,7351482
2020-05-20,1,Others(HKUST),3,11,183606,95097571,22540396,117637967
2020-05-20,1,RPG,12,99,405683,22088837036,1855967786,23944804822
2020-05-20,1,Staff,64,534,1754146,57230209349,4044860787,61275070136
2020-05-20,1,TPG,32,249,836931,96296848896,6793536461,103090385357
2020-05-20,1,Total,156,1199,4420647,288201801843,21168593452,309370395295
2020-05-20,1,UG,42,301,1224257,112257054990,8044618123,120301673113
2020-05-20,All-Floors,Alumni,9,87,220291,27022919151,5119591585,32142510736
2020-05-20,All-Floors,Non-HKUST,21,95,282608,24823498082,2606907897,27430405979
2020-05-20,All-Floors,Others(HKUST),18,157,1806038,89091285992,10955777858,100047063850
2020-05-20,All-Floors,RPG,191,913,1882480,361763038209,22691201451,384454239660
2020-05-20,All-Floors,Staff,256,2003,3679466,270848683533,40306429054,311155112587
2020-05-20,All-Floors,TPG,170,2418,6571666,867124953745,82080683239,949205636984
2020-05-20,All-Floors,Total,1166,12029,31007508,4094567887475,457728461767,4552296349242
2020-05-20,All-Floors,UG,501,6356,16564959,2453893508763,293967870683,2747861379446
2020-05-20,G,Alumni,6,35,87636,13420155848,1889208814,15309364662
2020-05-20,G,Non-HKUST,8,16,18560,1766203905,713294636,2479498541
2020-05-20,G,Others(HKUST),11,29,370819,27180560837,1510705977,28691266814
2020-05-20,G,RPG,73,234,237533,52623663621,3570428776,56194092397
2020-05-20,G,Staff,126,773,1213627,125913305167,29821592785,155734897952
2020-05-20,G,TPG,123,643,1211919,182615624812,22041639240,204657264052
2020-05-20,G,Total,653,2751,4624686,712427211743,105256957619,817684169362
2020-05-20,G,UG,306,1021,1484592,308907697553,45710087391,354617784944
2020-05-20,LG1,Alumni,2,3,55782,1064665761,986971650,2051637411
2020-05-20,LG1,Non-HKUST,11,55,217584,19452335092,1689119660,21141454752
2020-05-20,LG1,Others(HKUST),6,60,933092,24749306302,4305457985,29054764287
2020-05-20,LG1,RPG,46,295,780219,155422007276,8581561783,164003569059
2020-05-20,LG1,Staff,63,322,484767,46659501510,4174379098,50833880608
2020-05-20,LG1,TPG,99,1077,3010858,352212840293,30447751308,382660591601
2020-05-20,LG1,Total,558,5213,14767764,1816284327323,209176727614,2025461054937
2020-05-20,LG1,UG,331,3401,9285462,1216723671089,158991486130,1375715157219
2020-05-20,LG3,Alumni,2,45,43206,10724277592,1752038494,12476316086
2020-05-20,LG3,Non-HKUST,4,5,179,328471986,27075936,355547922
2020-05-20,LG3,Others(HKUST),7,18,0,46076767,7840753,53917520
2020-05-20,LG3,RPG,77,183,298505,90213595434,4393817901,94607413335
2020-05-20,LG3,Staff,88,226,94158,22232400079,1004111645,23236511724
2020-05-20,LG3,TPG,54,271,916124,174458119190,15275614215,189733733405
2020-05-20,LG3,Total,371,1302,2581783,659341189030,58902353691,718243542721
2020-05-20,LG3,UG,139,554,1229611,361338247982,36441854747,397780102729
2020-05-20,LG4,Alumni,2,3,23956,1583901451,87818708,1671720159
2020-05-20,LG4,Non-HKUST,5,15,39972,3272651597,173901685,3446553282
2020-05-20,LG4,Others(HKUST),7,39,318521,37020244515,5109232747,42129477262
2020-05-20,LG4,RPG,62,102,160540,41414934842,4289425205,45704360047
2020-05-20,LG4,Staff,67,148,132768,18813267428,1261484739,20074752167
2020-05-20,LG4,TPG,35,178,595834,61541520554,7522142015,69063662569
2020-05-20,LG4,Total,353,1564,4612628,618313357536,63223829391,681537186927
2020-05-20,LG4,UG,175,1079,3341037,454666837149,44779824292,499446661441
2020-05-21,1,Alumni,2,5,44117,1911394938,1784136102,3695531040
2020-05-21,1,Non-HKUST,2,5,26811,677063343,67828607,744891950
2020-05-21,1,Others(HKUST),3,13,142359,3337941938,175701678,3513643616
2020-05-21,1,RPG,15,59,242925,10159269080,926740185,11086009265
2020-05-21,1,Staff,65,579,1758834,109227620330,34328286802,143555907132
2020-05-21,1,TPG,25,202,777800,120638917025,8502107294,129141024319
2020-05-21,1,Total,160,1243,4323067,362339497764,54999811081,417339308845
2020-05-21,1,UG,48,380,1330221,116387291110,9215010413,125602301523
2020-05-21,All-Floors,Alumni,13,68,215423,20638982405,3858093099,24497075504
2020-05-21,All-Floors,Non-HKUST,26,162,420429,37276715752,13165613143,50442328895
2020-05-21,All-Floors,Others(HKUST),19,135,1637906,90274716760,12333177692,102607894452
2020-05-21,All-Floors,RPG,190,926,2222412,232427836407,23367445097,255795281504
2020-05-21,All-Floors,Staff,290,2082,3530616,380006653815,76666772659,456673426474
2020-05-21,All-Floors,TPG,172,2291,6086324,800613099019,81130607083,881743706102
2020-05-21,All-Floors,Total,1264,12677,33104818,4371878476020,557766436333,4929644912353
2020-05-21,All-Floors,UG,554,7013,18991708,2810640471862,347244727560,3157885199422
2020-05-21,G,Alumni,9,23,52726,11361148001,1129833537,12490981538
2020-05-21,G,Non-HKUST,15,25,17994,4582445817,2567820532,7150266349
2020-05-21,G,Others(HKUST),4,12,266049,7762091935,994199374,8756291309
2020-05-21,G,RPG,66,253,375433,44646059320,5269872463,49915931783
2020-05-21,G,Staff,142,789,1211063,189702563088,36037373755,225739936843
2020-05-21,G,TPG,126,599,1131066,141225030097,15547941603,156772971700
2020-05-21,G,Total,726,2972,4678427,717879078194,102149915692,820028993886
2020-05-21,G,UG,364,1271,1624096,318599739936,40602874428,359202614364
2020-05-21,LG1,Alumni,4,11,31639,3026447817,197672632,3224120449
2020-05-21,LG1,Non-HKUST,12,87,219004,21056686016,9602298572,30658984588
2020-05-21,LG1,Others(HKUST),4,45,894546,23492188902,3493717879,26985906781
2020-05-21,LG1,RPG,43,288,1039524,64428918788,8330638302,72759557090
2020-05-21,LG1,Staff,56,285,451951,54794412832,4170562391,58964975223
2020-05-21,LG1,TPG,94,981,2627401,289648924140,34170292860,323819217000
2020-05-21,LG1,Total,577,4953,15004177,1672671309814,215382173109,1888053482923
2020-05-21,LG1,UG,364,3256,9740112,1216223731319,155416990473,1371640721792
2020-05-21,LG3,Alumni,4,16,44270,2956289273,518010142,3474299415
2020-05-21,LG3,Non-HKUST,4,11,21785,2162409201,20483180,2182892381
2020-05-21,LG3,Others(HKUST),7,27,3781,1239716554,183002625,1422719179
2020-05-21,LG3,RPG,61,147,255586,43257194656,3674622882,46931817538
2020-05-21,LG3,Staff,123,258,57078,13630839996,1188890715,14819730711
2020-05-21,LG3,TPG,45,226,512464,176735787328,11822911735,188558699063
2020-05-21,LG3,Total,422,1528,2882443,693254258044,102178115269,795432373313
2020-05-21,LG3,UG,178,843,1987479,453272021036,84770193990,538042215026
2020-05-21,LG4,Alumni,3,13,42671,1383702376,228440686,1612143062
2020-05-21,LG4,Non-HKUST,12,34,134835,8798111375,907182252,9705293627
2020-05-21,LG4,Others(HKUST),10,38,331171,54442777431,7486556136,61929333567
2020-05-21,LG4,RPG,76,179,308944,69936394563,5165571265,75101965828
2020-05-21,LG4,Staff,66,171,51690,12651217569,941658996,13592876565
2020-05-21,LG4,TPG,49,283,1037593,72364440429,11087353591,83451794020
2020-05-21,LG4,Total,421,1981,6216704,925734332204,83056421182,1008790753386
2020-05-21,LG4,UG,205,1263,4309800,706157688461,57239658256,763397346717
2020-05-22,1,Alumni,1,2,13485,1391321570,648344250,2039665820
2020-05-22,1,Non-HKUST,4,11,60590,3970548490,457664112,4428212602
2020-05-22,1,Others(HKUST),3,6,176763,723573932,31978607,755552539
2020-05-22,1,RPG,19,94,393658,12305032369,1448732976,13753765345
2020-05-22,1,Staff,53,522,1537744,61790197021,40443704561,102233901582
2020-05-22,1,TPG,26,268,778855,115751785078,6518827481,122270612559
2020-05-22,1,Total,155,1253,4424950,332406629431,64116315219,396522944650
2020-05-22,1,UG,49,350,1463855,136474170971,14567063232,151041234203
2020-05-22,All-Floors,Alumni,14,158,325557,37747660698,5682261970,43429922668
2020-05-22,All-Floors,Non-HKUST,23,163,485751,48831623110,9458381704,58290004814
2020-05-22,All-Floors,Others(HKUST),18,85,1742764,76045625977,10583040841,86628666818
2020-05-22,All-Floors,RPG,194,972,2071724,197858134600,38278369951,236136504551
2020-05-22,All-Floors,Staff,244,1973,3160505,270931662420,81978338271,352910000691
2020-05-22,All-Floors,TPG,165,2764,6621906,1446002409181,136070163823,1582072573004
2020-05-22,All-Floors,Total,1181,12803,32612681,5194671608858,886937982043,6081609590901
2020-05-22,All-Floors,UG,523,6688,18204474,3117254492872,604887425483,3722141918355
2020-05-22,G,Alumni,8,37,69292,12550224677,2216172965,14766397642
2020-05-22,G,Non-HKUST,15,24,11875,5299864146,1901046508,7200910654
2020-05-22,G,Others(HKUST),6,16,354416,11970122466,1332868436,13302990902
2020-05-22,G,RPG,76,278,385949,46058954900,7572696686,53631651586
2020-05-22,G,Staff,135,719,1142014,142687321805,30364713101,173052034906
2020-05-22,G,TPG,130,633,1097922,246109904397,25469079199,271578983596
2020-05-22,G,Total,719,2936,4686141,755758516911,117084279889,872842796800
2020-05-22,G,UG,349,1229,1624673,291082124520,48227702994,339309827514
2020-05-22,LG1,Alumni,9,66,143607,18316757161,2264360733,20581117894
2020-05-22,LG1,Non-HKUST,12,79,216529,26264786191,4429685127,30694471318
2020-05-22,LG1,Others(HKUST),9,33,915890,22804977107,3486150074,26291127181
2020-05-22,LG1,RPG,42,350,863421,79346448034,22397715929,101744163963
2020-05-22,LG1,Staff,57,341,352057,50378669408,8242452615,58621122023
2020-05-22,LG1,TPG,108,1239,3045433,557745126573,58600035331,616345161904
2020-05-22,LG1,Total,580,5295,14721161,1710254671054,282695463376,1992950134430
2020-05-22,LG1,UG,343,3187,9184224,955397906580,183275063567,1138672970147
2020-05-22,LG3,Alumni,4,35,75949,4094954746,476788281,4571743027
2020-05-22,LG3,Non-HKUST,8,27,118061,7594537921,2406445212,10000983133
2020-05-22,LG3,Others(HKUST),4,8,721,40076653,4433088,44509741
2020-05-22,LG3,RPG,76,138,305772,28155776762,4303477978,32459254740
2020-05-22,LG3,Staff,88,204,65344,10396149364,1104041678,11500191042
2020-05-22,LG3,TPG,47,306,738218,321954553174,20032747669,341987300843
2020-05-22,LG3,Total,375,1400,2807267,1619495663303,320139021663,1939634684966
2020-05-22,LG3,UG,148,682,1503202,1247259614683,291811087757,1539070702440
2020-05-22,LG4,Alumni,6,18,23224,1394402544,76595741,1470998285
2020-05-22,LG4,Non-HKUST,9,22,78696,5701886362,263540745,5965427107
2020-05-22,LG4,Others(HKUST),6,22,294974,40506875819,5727610636,46234486455
2020-05-22,LG4,RPG,66,112,122924,31991922535,2555746382,34547668917
2020-05-22,LG4,Staff,73,187,63346,5679324822,1823426316,7502751138
2020-05-22,LG4,TPG,52,318,961478,204441039959,25449474143,229890514102
2020-05-22,LG4,Total,400,1919,5973162,776756128159,102902901896,879659030055
2020-05-22,LG4,UG,188,1240,4428520,487040676118,67006507933,554047184051
2020-05-23,1,Alumni,2,4,34366,3322295599,130472954,3452768553
2020-05-23,1,Non-HKUST,3,7,22690,2368694237,70297824,2438992061
2020-05-23,1,Others(HKUST),1,2,172798,35868002,8823620,44691622
2020-05-23,1,RPG,21,118,491646,43664349352,2308497358,45972846710
2020-05-23,1,Staff,13,66,658265,34142634181,1396675963,35539310144
2020-05-23,1,TPG,18,141,555488,53576198476,14768090397,68344288873
2020-05-23,1,Total,84,529,2726120,212944785832,24288483837,237233269669
2020-05-23,1,UG,26,191,790867,75834745985,5605625721,81440371706
2020-05-23,All-Floors,Alumni,18,208,334068,82101924259,10383962300,92485886559
2020-05-23,All-Floors,Non-HKUST,19,143,366344,43009373091,20966576244,63975949335
2020-05-23,All-Floors,Others(HKUST),9,88,1731386,60483411103,8695224200,69178635303
2020-05-23,All-Floors,RPG,151,687,1506550,202404962976,36127548224,238532511200
2020-05-23,All-Floors,Staff,85,541,1441461,170554469893,25008410265,195562880158
2020-05-23,All-Floors,TPG,139,1799,5352813,588834057112,83821813161,672655870273
2020-05-23,All-Floors,Total,791,8323,23398701,3049750202276,554769572996,3604519775272
2020-05-23,All-Floors,UG,370,4857,12666079,1902362003842,369766038602,2272128042444
2020-05-23,G,Alumni,10,19,45912,17463341552,665267377,18128608929
2020-05-23,G,Non-HKUST,8,38,32416,7157256955,13751518463,20908775418
2020-05-23,G,Others(HKUST),4,15,347938,10090564391,1213239504,11303803895
2020-05-23,G,RPG,54,155,243397,29525396434,13360418358,42885814792
2020-05-23,G,Staff,34,283,677738,111868296324,22342110861,134210407185
2020-05-23,G,TPG,93,432,748333,126610333715,21590042973,148200376688
2020-05-23,G,Total,434,1759,3410825,498647239206,118348179538,616995418744
2020-05-23,G,UG,231,817,1315091,195932049835,45425582002,241357631837
2020-05-23,LG1,Alumni,9,85,91600,17216535753,6993491996,24210027749
2020-05-23,LG1,Non-HKUST,13,81,232942,26181449776,4702428503,30883878279
2020-05-23,LG1,Others(HKUST),3,26,813741,19783380280,3229674703,23013054983
2020-05-23,LG1,RPG,35,184,473771,49903143615,11834281464,61737425079
2020-05-23,LG1,Staff,15,64,62606,11962833955,681216745,12644050700
2020-05-23,LG1,TPG,92,890,2837960,264541156186,32763423758,297304579944
2020-05-23,LG1,Total,410,4114,12206258,1303524040502,305311196132,1608835236634
2020-05-23,LG1,UG,243,2784,7693638,913935540937,245106678963,1159042219900
2020-05-23,LG3,Alumni,7,74,88568,34031961659,2042080891,36074042550
2020-05-23,LG3,Non-HKUST,6,7,43373,4699927271,2299540310,6999467581
2020-05-23,LG3,Others(HKUST),4,14,540,252835362,18639532,271474894
2020-05-23,LG3,RPG,55,126,161818,39191111357,1288494798,40479606155
2020-05-23,LG3,Staff,34,70,28455,4938207032,240546837,5178753869
2020-05-23,LG3,TPG,41,167,480523,78601289169,7312396659,85913685828
2020-05-23,LG3,Total,259,971,1759696,630209299357,67202550217,697411849574
2020-05-23,LG3,UG,112,513,956419,468493967507,54000851190,522494818697
2020-05-23,LG4,Alumni,5,26,73622,10067789696,552649082,10620438778
2020-05-23,LG4,Non-HKUST,5,10,34923,2602044852,142791144,2744835996
2020-05-23,LG4,Others(HKUST),4,31,396369,30320763068,4224846841,34545609909
2020-05-23,LG4,RPG,55,104,135918,40120962218,7335856246,47456818464
2020-05-23,LG4,Staff,22,58,14397,7642498401,347859859,7990358260
2020-05-23,LG4,TPG,33,169,730509,65505079566,7387859374,72892938940
2020-05-23,LG4,Total,233,950,3295802,404424837379,39619163272,444044000651
2020-05-23,LG4,UG,109,552,1910064,248165699578,19627300726,267793000304
2020-05-24,1,Alumni,1,3,13673,458780955,26081593,484862548
2020-05-24,1,Non-HKUST,2,13,13145,3547341078,170866093,3718207171
2020-05-24,1,Others(HKUST),1,2,172798,38885824,9607024,48492848
2020-05-24,1,RPG,13,57,275078,8372194614,1225333214,9597527828
2020-05-24,1,Staff,11,64,577619,18373611206,726688871,19100300077
2020-05-24,1,TPG,30,296,971878,81556154505,12110476641,93666631146
2020-05-24,1,Total,88,665,2838427,199145421489,29188843769,228334265258
2020-05-24,1,UG,30,230,814236,86798453307,14919790333,101718243640
2020-05-24,All-Floors,Alumni,18,144,342600,41405488459,2663238747,44068727206
2020-05-24,All-Floors,Non-HKUST,14,149,382907,26420313903,2230947568,28651261471
2020-05-24,All-Floors,Others(HKUST),5,56,1336459,55972862882,7517796660,63490659542
2020-05-24,All-Floors,RPG,117,616,1430620,361674425247,39744849481,401419274728
2020-05-24,All-Floors,Staff,64,359,1157431,123153617359,23887154203,147040771562
2020-05-24,All-Floors,TPG,171,2547,7207040,1430719235003,118833576803,1549552811806
2020-05-24,All-Floors,Total,808,9386,26362347,4472232553986,670110218564,5142342772550
2020-05-24,All-Floors,UG,419,5515,14505290,2432886611133,475232655102,2908119266235
2020-05-24,G,Alumni,13,35,62835,10228166481,777635013,11005801494
2020-05-24,G,Non-HKUST,9,15,5940,620678869,59989107,680667976
2020-05-24,G,Others(HKUST),3,4,259197,6936908199,765052640,7701960839
2020-05-24,G,RPG,41,142,212998,19456560257,1747474223,21204034480
2020-05-24,G,Staff,25,148,462970,91123248234,21751570891,112874819125
2020-05-24,G,TPG,126,620,1160640,285720562026,28216382082,313936944108
2020-05-24,G,Total,480,1807,3209488,672360673844,82730463620,755091137464
2020-05-24,G,UG,263,843,1044908,258274549778,29412359664,287686909442
2020-05-24,LG1,Alumni,10,58,148710,17261580619,927197019,18188777638
2020-05-24,LG1,Non-HKUST,11,113,312502,17801639770,1732855883,19534495653
2020-05-24,LG1,Others(HKUST),2,23,555625,19135468789,2552832414,21688301203
2020-05-24,LG1,RPG,33,203,538210,98090114407,23611892816,121702007223
2020-05-24,LG1,Staff,12,75,96497,8839021239,1077701722,9916722961
2020-05-24,LG1,TPG,102,1009,3218799,640961519945,46500642942,687462162887
2020-05-24,LG1,Total,430,4482,13210870,2323442467680,449797799333,2773240267013
2020-05-24,LG1,UG,260,3001,8340527,1521353122911,373394676537,1894747799448
2020-05-24,LG3,Alumni,7,41,104964,12715781065,828421568,13544202633
2020-05-24,LG3,Non-HKUST,3,8,51320,4450654186,267236485,4717890671
2020-05-24,LG3,Others(HKUST),2,8,180,664865523,15311945,680177468
2020-05-24,LG3,RPG,46,116,224476,158808684364,3657658333,162466342697
2020-05-24,LG3,Staff,27,44,20165,1164969832,179163247,1344133079
2020-05-24,LG3,TPG,42,389,861253,316615834476,25583934986,342199769462
2020-05-24,LG3,Total,235,1107,2195648,722846686087,59353770993,782200457080
2020-05-24,LG3,UG,108,501,933290,228425896641,28822044429,257247941070
2020-05-24,LG4,Alumni,4,7,12418,741179339,103903554,845082893
2020-05-24,LG4,Non-HKUST,0,0,0,0,0,0
2020-05-24,LG4,Others(HKUST),3,19,348659,29196734547,4174992637,33371727184
2020-05-24,LG4,RPG,44,98,179858,76946871605,9502490895,86449362500
2020-05-24,LG4,Staff,19,28,180,3652766848,152029472,3804796320
2020-05-24,LG4,TPG,43,233,994470,105865164051,6422140152,112287304203
2020-05-24,LG4,Total,285,1325,4907914,554437304886,49039340849,603476645735
2020-05-24,LG4,UG,172,940,3372329,338034588496,28683784139,366718372635
2020-05-25,1,Alumni,1,6,15314,2422383232,117200155,2539583387
2020-05-25,1,Non-HKUST,1,18,33841,4327063665,355360933,4682424598
2020-05-25,1,Others(HKUST),3,21,192067,204945090,137655762,342600852
2020-05-25,1,RPG,16,84,397212,15820444440,990178026,16810622466
2020-05-25,1,Staff,64,574,1627235,68727432419,6943954054,75671386473
2020-05-25,1,TPG,36,440,1379449,144501471703,12528803060,157030274763
2020-05-25,1,Total,158,1449,4648241,308095166010,28100513525,336195679535
2020-05-25,1,UG,37,306,1003123,72091425461,7027361535,79118786996
2020-05-25,All-Floors,Alumni,16,144,358354,50954463949,6718944672,57673408621
2020-05-25,All-Floors,Non-HKUST,22,97,205877,21001580930,2087002962,23088583892
2020-05-25,All-Floors,Others(HKUST),16,154,1738765,74143724824,10796745760,84940470584
2020-05-25,All-Floors,RPG,188,948,2099849,201933413945,29152144837,231085558782
2020-05-25,All-Floors,Staff,272,2117,3579499,363393160535,56147633361,419540793896
2020-05-25,All-Floors,TPG,204,3049,8506805,993952161857,134492813760,1128444975617
2020-05-25,All-Floors,Total,1173,12035,31051077,3806074990318,644052024307,4450127014625
2020-05-25,All-Floors,UG,455,5526,14561928,2100696484278,404656738955,2505353223233
2020-05-25,G,Alumni,10,44,88568,25474551694,3078251702,28552803396
2020-05-25,G,Non-HKUST,5,14,4500,4145661009,463302696,4608963705
2020-05-25,G,Others(HKUST),5,23,310098,11740540101,1589472764,13330012865
2020-05-25,G,RPG,68,200,182797,35971507614,2776787669,38748295283
2020-05-25,G,Staff,135,775,1239119,165487979286,38020705201,203508684487
2020-05-25,G,TPG,141,562,999123,175498395353,18628976972,194127372325
2020-05-25,G,Total,639,2575,4235544,693795603965,210195358544,903990962509
2020-05-25,G,UG,275,957,1411339,275476968908,145637861540,421114830448
2020-05-25,LG1,Alumni,5,20,82770,10466546118,2594163657,13060709775
2020-05-25,LG1,Non-HKUST,11,39,114243,8020626063,849196928,8869822991
2020-05-25,LG1,Others(HKUST),6,56,956335,34851474921,5295525387,40147000308
2020-05-25,LG1,RPG,53,333,880028,67987856015,13003010422,80990866437
2020-05-25,LG1,Staff,52,293,382309,68060673256,7446569942,75507243198
2020-05-25,LG1,TPG,127,1483,4441978,411008100313,78589895803,489597996116
2020-05-25,LG1,Total,548,5081,14991688,1622852644570,266492214942,1889344859512
2020-05-25,LG1,UG,294,2857,8134025,1022457367884,158713852803,1181171220687
2020-05-25,LG3,Alumni,6,56,118029,8504244134,677194671,9181438805
2020-05-25,LG3,Non-HKUST,8,12,29515,4125964023,396711626,4522675649
2020-05-25,LG3,Others(HKUST),7,20,540,240603104,27441721,268044825
2020-05-25,LG3,RPG,94,169,313281,24842840126,2125528263,26968368389
2020-05-25,LG3,Staff,113,287,138090,49372979171,2420962295,51793941466
2020-05-25,LG3,TPG,54,302,641718,153262018619,15069685406,168331704025
2020-05-25,LG3,Total,396,1368,2542434,614022743006,63767897171,677790640177
2020-05-25,LG3,UG,114,522,1301261,373674093829,43050373189,416724467018
2020-05-25,LG4,Alumni,6,18,53673,4086738771,252134487,4338873258
2020-05-25,LG4,Non-HKUST,4,14,23778,382266170,22430779,404696949
2020-05-25,LG4,Others(HKUST),6,34,279725,27106161608,3746650126,30852811734
2020-05-25,LG4,RPG,55,162,326531,57310765750,10256640457,67567406207
2020-05-25,LG4,Staff,80,188,192746,11744096403,1315441869,13059538272
2020-05-25,LG4,TPG,41,262,1044537,109682175869,9675452519,119357628388
2020-05-25,LG4,Total,335,1562,4633170,567308832767,75496040125,642804872892
2020-05-25,LG4,UG,143,884,2712180,356996628196,50227289888,407223918084
2020-05-26,1,Alumni,0,0,0,0,0,0
2020-05-26,1,Non-HKUST,2,7,33671,1400125249,50986816,1451112065
2020-05-26,1,Others(HKUST),4,18,110360,151763166,39570750,191333916
2020-05-26,1,RPG,15,106,380834,21173398433,2324163601,23497562034
2020-05-26,1,Staff,60,507,1712864,60795461134,4146384136,64941845270
2020-05-26,1,TPG,33,341,989322,51839709514,6399943883,58239653397
2020-05-26,1,Total,152,1290,4336542,233599465491,20227873394,253827338885
2020-05-26,1,UG,38,311,1109491,98239007995,7266824208,105505832203
2020-05-26,All-Floors,Alumni,11,87,178434,13658636481,3359321546,17017958027
2020-05-26,All-Floors,Non-HKUST,17,117,287588,36826789604,1854461862,38681251466
2020-05-26,All-Floors,Others(HKUST),22,173,1719617,87481992605,12936010444,100418003049
2020-05-26,All-Floors,RPG,190,1116,2400944,246324716321,32288113884,278612830205
2020-05-26,All-Floors,Staff,284,2026,3533345,251198003666,33427354529,284625358195
2020-05-26,All-Floors,TPG,190,2958,8091983,1140110498963,137217607930,1277328106893
2020-05-26,All-Floors,Total,1184,12330,32125184,4199367729752,505688144948,4705055874700
2020-05-26,All-Floors,UG,470,5853,15913273,2423767092112,284605274753,2708372366865
2020-05-26,G,Alumni,7,20,25899,1573311923,779397537,2352709460
2020-05-26,G,Non-HKUST,8,11,1981,4639584754,283384637,4922969391
2020-05-26,G,Others(HKUST),8,27,366855,6744068558,933408746,7677477304
2020-05-26,G,RPG,67,280,302479,34257563681,2723200471,36980764152
2020-05-26,G,Staff,146,656,994014,114146738958,20854721650,135001460608
2020-05-26,G,TPG,137,709,1417142,275035234990,30316233565,305351468555
2020-05-26,G,Total,671,2737,4831852,750298705500,101205137614,851503843114
2020-05-26,G,UG,298,1034,1723482,313902202636,45314791008,359216993644
2020-05-26,LG1,Alumni,5,18,54279,4149174558,871603147,5020777705
2020-05-26,LG1,Non-HKUST,7,61,97658,20485283270,908336959,21393620229
2020-05-26,LG1,Others(HKUST),10,87,909604,36206654180,5695669747,41902323927
2020-05-26,LG1,RPG,59,409,1029057,86828327577,19885140207,106713467784
2020-05-26,LG1,Staff,79,344,564616,46564087606,6329780141,52893867747
2020-05-26,LG1,TPG,119,1408,4157623,431451235161,61523014297,492974249458
2020-05-26,LG1,Total,562,5071,14734041,1584448112430,228689075477,1813137187907
2020-05-26,LG1,UG,283,2744,7921204,958763350078,133475530979,1092238881057
2020-05-26,LG3,Alumni,5,35,67625,5466279023,688932543,6155211566
2020-05-26,LG3,Non-HKUST,6,24,97019,8963554217,522949500,9486503717
2020-05-26,LG3,Others(HKUST),7,15,719,160103776,16101018,176204794
2020-05-26,LG3,RPG,83,184,434480,36900181246,3102040215,40002221461
2020-05-26,LG3,Staff,98,249,130140,16381671264,1001200380,17382871644
2020-05-26,LG3,TPG,52,265,569471,258051747541,25316179821,283367927362
2020-05-26,LG3,Total,393,1361,2633498,727780674845,71910531259,799691206104
2020-05-26,LG3,UG,142,589,1334044,401857137778,41263127782,443120265560
2020-05-26,LG4,Alumni,3,14,30631,2469870977,1019388319,3489259296
2020-05-26,LG4,Non-HKUST,6,14,57259,1338242114,88803950,1427046064
2020-05-26,LG4,Others(HKUST),10,26,332079,44219402925,6251260183,50470663108
2020-05-26,LG4,RPG,67,137,254094,67165245384,4253569390,71418814774
2020-05-26,LG4,Staff,79,270,131711,13310044704,1095268222,14405312926
2020-05-26,LG4,TPG,47,235,958425,123732571757,13662236364,137394808121
2020-05-26,LG4,Total,374,1871,5589251,903240771486,83655527204,986896298690
2020-05-26,LG4,UG,162,1175,3825052,651005393625,57285000776,708290394401
2020-05-27,1,Alumni,0,0,0,0,0,0
2020-05-27,1,Non-HKUST,1,1,0,3048328,1592271,4640599
2020-05-27,1,Others(HKUST),4,27,132064,1593540074,120036161,1713576235
2020-05-27,1,RPG,20,117,412211,30626491352,2551642668,33178134020
2020-05-27,1,Staff,64,551,1714290,78904033734,8222584515,87126618249
2020-05-27,1,TPG,32,211,932334,80798142451,5247597605,86045740056
2020-05-27,1,Total,158,1185,4037641,254560198643,22401195528,276961394171
2020-05-27,1,UG,37,278,846742,62634942704,6257742308,68892685012
2020-05-27,All-Floors,Alumni,12,140,361001,43529065689,12521954373,56051020062
2020-05-27,All-Floors,Non-HKUST,22,110,249314,48383922438,1989701676,50373624114
2020-05-27,All-Floors,Others(HKUST),15,121,1689365,106416208086,14761013020,121177221106
2020-05-27,All-Floors,RPG,196,1182,2756820,359414491398,82477281052,441891772450
2020-05-27,All-Floors,Staff,265,1896,3474831,321473396182,52132653068,373606049250
2020-05-27,All-Floors,TPG,182,2540,7134852,1096418914295,95669106673,1192088020968
2020-05-27,All-Floors,Total,1127,11296,29974922,4420425852662,527639815284,4948065667946
2020-05-27,All-Floors,UG,435,5307,14308739,2444789854574,268088105422,2712877959996
2020-05-27,G,Alumni,7,17,12755,3285310692,925438123,4210748815
2020-05-27,G,Non-HKUST,11,19,14578,1537063993,105458104,1642522097
2020-05-27,G,Others(HKUST),7,16,367211,6263318488,900361416,7163679904
2020-05-27,G,RPG,80,322,453901,78765598362,13269767627,92035365989
2020-05-27,G,Staff,130,679,1177608,173858293034,36854552132,210712845166
2020-05-27,G,TPG,130,670,1133444,198974997816,15591254241,214566252057
2020-05-27,G,Total,646,2608,4717636,755029641753,95985153976,851014795729
2020-05-27,G,UG,281,885,1558139,292345059368,28338322333,320683381701
2020-05-27,LG1,Alumni,5,47,221127,22974407762,10273540161,33247947923
2020-05-27,LG1,Non-HKUST,9,61,123124,37329336854,1468326889,38797663743
2020-05-27,LG1,Others(HKUST),6,39,864840,34291203863,4717972767,39009176630
2020-05-27,LG1,RPG,60,378,1157741,123071983473,55760453790,178832437263
2020-05-27,LG1,Staff,58,287,387156,37375297444,4612805467,41988102911
2020-05-27,LG1,TPG,123,1213,3574571,514129385186,55363166458,569492551644
2020-05-27,LG1,Total,520,4612,13472823,1747979202046,269222492318,2017201694364
2020-05-27,LG1,UG,259,2587,7144264,978807587464,137026226786,1115833814250
2020-05-27,LG3,Alumni,4,34,54172,3317468773,371108779,3688577552
2020-05-27,LG3,Non-HKUST,6,9,0,1606630983,78122957,1684753940
2020-05-27,LG3,Others(HKUST),4,12,360,6980595,5933268,12913863
2020-05-27,LG3,RPG,76,230,478153,92508538722,8769858110,101278396832
2020-05-27,LG3,Staff,93,199,56868,17528983881,1204868907,18733852788
2020-05-27,LG3,TPG,32,196,560491,134640787955,7190635548,141831423503
2020-05-27,LG3,Total,352,1348,2801488,834438228787,65469399214,899907628001
2020-05-27,LG3,UG,137,668,1651444,584828837878,47848871645,632677709523
2020-05-27,LG4,Alumni,4,42,72947,13951878462,951867310,14903745772
2020-05-27,LG4,Non-HKUST,9,20,111612,7907842280,336201455,8244043735
2020-05-27,LG4,Others(HKUST),6,27,324890,64261165066,9016709408,73277874474
2020-05-27,LG4,RPG,63,135,254814,34441879489,2125558857,36567438346
2020-05-27,LG4,Staff,85,180,138909,13806788089,1237842047,15044630136
2020-05-27,LG4,TPG,44,250,934012,167875600887,12276452821,180152053708
2020-05-27,LG4,Total,365,1543,4945334,828418581433,74561574248,902980155681
2020-05-27,LG4,UG,154,889,3108150,526173427160,48616942350,574790369510
2020-05-28,1,Alumni,2,10,53292,14974446366,3364227185,18338673551
2020-05-28,1,Non-HKUST,2,3,5394,276724282,10302160,287026442
2020-05-28,1,Others(HKUST),4,24,126156,1808355443,650591374,2458946817
2020-05-28,1,RPG,15,106,422440,45466572477,2782698232,48249270709
2020-05-28,1,Staff,63,551,1535704,142434421693,9980999504,152415421197
2020-05-28,1,TPG,26,235,802987,116751688361,6313155223,123064843584
2020-05-28,1,Total,147,1226,3929459,418000556373,30282339707,448282896080
2020-05-28,1,UG,35,297,983486,96288347751,7180366029,103468713780
2020-05-28,All-Floors,Alumni,16,168,331201,93825377948,16376360722,110201738670
2020-05-28,All-Floors,Non-HKUST,16,80,259449,22358234251,5098923825,27457158076
2020-05-28,All-Floors,Others(HKUST),17,126,1531671,87449010567,12798558540,100247569107
2020-05-28,All-Floors,RPG,174,1027,2249676,274830981884,29837340454,304668322338
2020-05-28,All-Floors,Staff,260,1996,3301417,569157488737,101408783845,670566272582
2020-05-28,All-Floors,TPG,175,2376,6605993,867831515074,95444719060,963276234134
2020-05-28,All-Floors,Total,1090,10485,27726787,3656400230012,443228061217,4099628291229
2020-05-28,All-Floors,UG,432,4712,13447380,1740947621551,182263374771,1923210996322
2020-05-28,G,Alumni,13,37,45763,7779193142,2721098173,10500291315
2020-05-28,G,Non-HKUST,8,10,7021,1423128537,100232598,1523361135
2020-05-28,G,Others(HKUST),7,27,291053,7096854401,1021600565,8118454966
2020-05-28,G,RPG,76,228,291409,50060216095,6985451390,57045667485
2020-05-28,G,Staff,135,740,1136662,293228955631,67268850537,360497806168
2020-05-28,G,TPG,134,565,909121,233211602261,19928952919,253140555180
2020-05-28,G,Total,658,2508,4181499,847077198456,127707277440,974784475896
2020-05-28,G,UG,285,901,1500470,254277248389,29681091258,283958339647
2020-05-28,LG1,Alumni,4,32,69267,9737920251,1225736053,10963656304
2020-05-28,LG1,Non-HKUST,11,30,154538,16525589927,2366620099,18892210026
2020-05-28,LG1,Others(HKUST),4,39,752136,47990600133,6842231606,54832831739
2020-05-28,LG1,RPG,52,389,888827,94301871674,8413990099,102715861773
2020-05-28,LG1,Staff,52,294,383387,46713013249,4931824229,51644837478
2020-05-28,LG1,TPG,116,1164,3587290,340453748192,53746112189,394199860381
2020-05-28,LG1,Total,504,4280,13040100,1382064956163,172815669586,1554880625749
2020-05-28,LG1,UG,265,2332,7204655,826342212737,95289155311,921631368048
2020-05-28,LG3,Alumni,5,57,87417,49799396934,8296601189,58095998123
2020-05-28,LG3,Non-HKUST,4,24,58129,2130544407,2422840840,4553385247
2020-05-28,LG3,Others(HKUST),8,17,2699,516870503,31528288,548398791
2020-05-28,LG3,RPG,62,175,419303,40784983874,2321528152,43106512026
2020-05-28,LG3,Staff,107,206,66978,17255241244,1312000404,18567241648
2020-05-28,LG3,TPG,46,246,660016,107249730601,10118122133,117367852734
2020-05-28,LG3,Total,331,1172,2518216,413322962319,43353205543,456676167862
2020-05-28,LG3,UG,99,447,1223674,195586194756,18850584537,214436779293
2020-05-28,LG4,Alumni,6,32,75462,11534421255,768698122,12303119377
2020-05-28,LG4,Non-HKUST,4,13,34367,2002247098,198928128,2201175226
2020-05-28,LG4,Others(HKUST),7,19,359627,30036330087,4252606707,34288936794
2020-05-28,LG4,RPG,59,129,227697,44217337764,9333672581,53551010345
2020-05-28,LG4,Staff,76,205,178686,69525856920,17915109171,87440966091
2020-05-28,LG4,TPG,44,166,646579,70164745659,5338376596,75503122255
2020-05-28,LG4,Total,336,1299,4057513,595934556701,69069568941,665004125642
2020-05-28,LG4,UG,140,735,2535095,368453617918,31262177636,399715795554
2020-05-29,1,Alumni,1,2,14560,1280807393,44457642,1325265035
2020-05-29,1,Non-HKUST,2,7,10262,31550025,5834966,37384991
2020-05-29,1,Others(HKUST),5,45,132269,2156201261,843551478,2999752739
2020-05-29,1,RPG,9,89,216012,11214964585,1340186032,12555150617
2020-05-29,1,Staff,56,435,1353808,80458604671,13918482864,94377087535
2020-05-29,1,TPG,31,197,630902,75451196297,4166435499,79617631796
2020-05-29,1,Total,133,1015,3089003,247513106935,25957530882,273470637817
2020-05-29,1,UG,29,240,731190,76919782703,5638582401,82558365104
2020-05-29,All-Floors,Alumni,15,252,481788,63068888092,11113583892,74182471984
2020-05-29,All-Floors,Non-HKUST,18,91,164283,10876926006,1115686813,11992612819
2020-05-29,All-Floors,Others(HKUST),14,181,1044040,89446537323,13555260319,103001797642
2020-05-29,All-Floors,RPG,199,973,1972581,198240868363,22691622831,220932491194
2020-05-29,All-Floors,Staff,255,1675,3000099,274575524733,56719872011,331295396744
2020-05-29,All-Floors,TPG,192,3088,7263217,1148696563732,127634647960,1276331211692
2020-05-29,All-Floors,Total,1125,11585,26715099,3803941631803,475197729495,4279139361298
2020-05-29,All-Floors,UG,432,5325,12789091,2019036323554,242367055669,2261403379223
2020-05-29,G,Alumni,9,37,52059,8913327045,1823863573,10737190618
2020-05-29,G,Non-HKUST,10,17,20149,1567650996,248180256,1815831252
2020-05-29,G,Others(HKUST),6,31,191704,3519960626,470627105,3990587731
2020-05-29,G,RPG,61,216,358945,41744194248,6443155333,48187349581
2020-05-29,G,Staff,132,705,1194621,149472175045,36759808858,186231983903
2020-05-29,G,TPG,134,644,939770,211820803307,24181175681,236001978988
2020-05-29,G,Total,621,2570,4061188,653077798825,106246293128,759324091953
2020-05-29,G,UG,269,920,1303940,236039687558,36319482322,272359169880
2020-05-29,LG1,Alumni,8,81,189999,23439779550,6465926798,29905706348
2020-05-29,LG1,Non-HKUST,9,52,118758,8487634325,839090276,9326724601
2020-05-29,LG1,Others(HKUST),7,61,538623,44791533514,6843468030,51635001544
2020-05-29,LG1,RPG,42,318,917734,66570834326,8451180908,75022015234
2020-05-29,LG1,Staff,58,310,408652,34035170501,5019404821,39054575322
2020-05-29,LG1,TPG,127,1637,4089375,542657606093,75770787338,618428393431
2020-05-29,LG1,Total,517,4898,12913053,1564060419638,220154116336,1784214535974
2020-05-29,LG1,UG,266,2439,6649912,844077861329,116764258165,960842119494
2020-05-29,LG3,Alumni,6,58,114793,11225565032,1516837446,12742402478
2020-05-29,LG3,Non-HKUST,2,3,0,9503781,609558,10113339
2020-05-29,LG3,Others(HKUST),6,11,4324,479215808,25145917,504361725
2020-05-29,LG3,RPG,89,180,263982,20068247957,1538968335,21607216292
2020-05-29,LG3,Staff,83,110,24292,6892794523,461098098,7353892621
2020-05-29,LG3,TPG,41,268,538919,209186432352,11024910022,220211342374
2020-05-29,LG3,Total,364,1372,2391925,721329086637,65061842291,786390928928
2020-05-29,LG3,UG,137,742,1445615,473467327184,50494272915,523961600099
2020-05-29,LG4,Alumni,5,74,110377,18209409072,1262498433,19471907505
2020-05-29,LG4,Non-HKUST,4,12,15114,780586879,21971757,802558636
2020-05-29,LG4,Others(HKUST),4,33,177120,38499626114,5372467789,43872093903
2020-05-29,LG4,RPG,72,170,215908,58642627247,4918132223,63560759470
2020-05-29,LG4,Staff,63,115,18726,3716779993,561077370,4277857363
2020-05-29,LG4,TPG,58,342,1064251,109580525683,12491339420,122071865103
2020-05-29,LG4,Total,354,1730,4259930,617961219768,57777946858,675739166626
2020-05-29,LG4,UG,148,984,2658434,388531664780,33150459866,421682124646
2020-05-30,1,Alumni,1,4,9358,3080095514,204315534,3284411048
2020-05-30,1,Non-HKUST,0,0,0,0,0,0
2020-05-30,1,Others(HKUST),1,2,172798,4055592,2717314,6772906
2020-05-30,1,RPG,13,71,368710,19333842264,989432010,20323274274
2020-05-30,1,Staff,8,35,589834,9422533212,562856009,9985389221
2020-05-30,1,TPG,11,103,438166,40922113117,2604903949,43527017066
2020-05-30,1,Total,66,463,2460447,130249015251,10299383348,140548398599
2020-05-30,1,UG,32,248,881581,57486375552,5935158532,63421534084
2020-05-30,All-Floors,Alumni,13,91,206093,50409455443,2728484867,53137940310
2020-05-30,All-Floors,Non-HKUST,9,73,204479,36325403659,4514967096,40840370755
2020-05-30,All-Floors,Others(HKUST),11,66,1291839,46445086874,6646757457,53091844331
2020-05-30,All-Floors,RPG,140,671,1600505,190857658389,22931267352,213788925741
2020-05-30,All-Floors,Staff,75,431,1385535,154374129695,25983307024,180357436719
2020-05-30,All-Floors,TPG,118,1621,4661351,961074947133,110592655062,1071667602195
2020-05-30,All-Floors,Total,688,6360,18832521,2897189930470,379382663462,3276572593932
2020-05-30,All-Floors,UG,322,3407,9482719,1457703249277,205985224604,1663688473881
2020-05-30,G,Alumni,7,26,63359,14784999439,565797779,15350797218
2020-05-30,G,Non-HKUST,5,6,19256,1981514849,225940801,2207455650
2020-05-30,G,Others(HKUST),3,9,187020,151645545,20357620,172003165
2020-05-30,G,RPG,43,139,199426,28330538100,6723950596,35054488696
2020-05-30,G,Staff,29,232,650400,86108295266,20202134131,106310429397
2020-05-30,G,TPG,87,361,548550,95429176449,11818043185,107247219634
2020-05-30,G,Total,369,1391,2739281,396040726432,64560561616,460601288048
2020-05-30,G,UG,195,618,1071270,169254556784,25004337504,194258894288
2020-05-30,LG1,Alumni,6,19,44272,4536732316,431347872,4968080188
2020-05-30,LG1,Non-HKUST,6,51,149224,24883915530,2969893921,27853809451
2020-05-30,LG1,Others(HKUST),4,26,757781,22546751580,3239001060,25785752640
2020-05-30,LG1,RPG,40,236,582378,70133435175,6941649345,77075084520
2020-05-30,LG1,Staff,16,68,134863,24324686928,4275320082,28600007010
2020-05-30,LG1,TPG,84,866,2774272,387525380439,64922646062,452448026501
2020-05-30,LG1,Total,357,3073,9873077,1401411408982,222434758819,1623846167801
2020-05-30,LG1,UG,201,1807,5430287,867460507014,139654900477,1007115407491
2020-05-30,LG3,Alumni,5,39,70753,26880594971,1504301213,28384896184
2020-05-30,LG3,Non-HKUST,0,0,0,0,0,0
2020-05-30,LG3,Others(HKUST),5,13,1081,302107788,94185792,396293580
2020-05-30,LG3,RPG,50,134,215416,23455604774,1712771845,25168376619
2020-05-30,LG3,Staff,30,55,3597,3874944039,301896276,4176840315
2020-05-30,LG3,TPG,23,83,109443,264813729476,12506385460,277320114936
2020-05-30,LG3,Total,204,698,1306899,531494879006,40237205548,571732084554
2020-05-30,LG3,UG,91,374,906609,212167897958,24117664962,236285562920
2020-05-30,LG4,Alumni,2,3,18351,1127033203,22722469,1149755672
2020-05-30,LG4,Non-HKUST,2,16,35999,9459973280,1319132374,10779105654
2020-05-30,LG4,Others(HKUST),3,16,173159,23440526369,3290495671,26731022040
2020-05-30,LG4,RPG,51,91,234575,49604238076,6563463556,56167701632
2020-05-30,LG4,Staff,20,41,6841,30643670250,641100526,31284770776
2020-05-30,LG4,TPG,31,208,790920,172384547652,18740676406,191125224058
2020-05-30,LG4,Total,196,735,2452817,437993900799,41850754131,479844654930
2020-05-30,LG4,UG,87,360,1192972,151333911969,11273163129,162607075098
2020-05-31,1,Alumni,4,21,67503,3036080163,246903741,3282983904
2020-05-31,1,Non-HKUST,0,0,0,0,0,0
2020-05-31,1,Others(HKUST),1,2,172798,7290636,4515012,11805648
2020-05-31,1,RPG,10,73,344930,10587260415,1004518565,11591778980
2020-05-31,1,Staff,14,75,610018,16441944512,753022127,17194966639
2020-05-31,1,TPG,17,108,439805,55309698131,8674814175,63984512306
2020-05-31,1,Total,83,528,2620765,159694520597,21962366404,181656887001
2020-05-31,1,UG,37,249,985711,74312246740,11278592784,85590839524
2020-05-31,All-Floors,Alumni,27,236,563621,57970673878,4652294107,62622967985
2020-05-31,All-Floors,Non-HKUST,9,65,168517,22354786250,8017117773,30371904023
2020-05-31,All-Floors,Others(HKUST),5,33,1245027,41991206074,6220728497,48211934571
2020-05-31,All-Floors,RPG,124,732,1584106,180838852171,46314642370,227153494541
2020-05-31,All-Floors,Staff,73,678,1452676,164090626464,22997382404,187088008868
2020-05-31,All-Floors,TPG,108,1302,3929332,745280115819,91209657816,836489773635
2020-05-31,All-Floors,Total,674,6848,19117390,3310224169745,383030890719,3693255060464
2020-05-31,All-Floors,UG,328,3802,10174111,2097697909089,203619067752,2301316976841
2020-05-31,G,Alumni,15,43,88036,4222251857,522882252,4745134109
2020-05-31,G,Non-HKUST,5,7,0,542430335,29475005,571905340
2020-05-31,G,Others(HKUST),2,6,172798,540138083,37185329,577323412
2020-05-31,G,RPG,48,142,161472,31962348820,8062049288,40024398108
2020-05-31,G,Staff,33,371,619244,101169188818,19283432304,120452621122
2020-05-31,G,TPG,77,338,645346,119909221661,15220834059,135130055720
2020-05-31,G,Total,383,1642,2780649,506983086605,65245994900,572229081505
2020-05-31,G,UG,203,735,1093753,248637507031,22090136663,270727643694
2020-05-31,LG1,Alumni,16,66,186103,22615539581,2095644856,24711184437
2020-05-31,LG1,Non-HKUST,7,47,154287,20233675901,7461307353,27694983254
2020-05-31,LG1,Others(HKUST),2,15,724118,18348646556,2931038427,21279684983
2020-05-31,LG1,RPG,42,218,463102,39698762844,21609509329,61308272173
2020-05-31,LG1,Staff,20,121,175348,34809909757,2364418408,37174328165
2020-05-31,LG1,TPG,70,574,1988142,376180675291,54487614770,430668290061
2020-05-31,LG1,Total,345,2779,9220076,1188003883294,171381505485,1359385388779
2020-05-31,LG1,UG,188,1738,5528976,676116673364,80431972342,756548645706
2020-05-31,LG3,Alumni,9,69,103892,19342869124,1039821181,20382690305
2020-05-31,LG3,Non-HKUST,2,3,0,472193134,468956009,941149143
2020-05-31,LG3,Others(HKUST),2,5,1076,51226598,1374934,52601532
2020-05-31,LG3,RPG,55,195,425377,50994807614,8426065949,59420873563
2020-05-31,LG3,Staff,30,58,19811,8674502060,415614432,9090116492
2020-05-31,LG3,TPG,26,135,385272,108814515144,6458029241,115272544385
2020-05-31,LG3,Total,230,1091,2143361,1032859777107,89977867368,1122837644475
2020-05-31,LG3,UG,106,626,1207933,844509663433,73168005622,917677669055
2020-05-31,LG4,Alumni,10,37,118087,8753933153,747042077,9500975230
2020-05-31,LG4,Non-HKUST,3,8,14230,1106486880,57379406,1163866286
2020-05-31,LG4,Others(HKUST),2,5,174237,23043904201,3246614795,26290518996
2020-05-31,LG4,RPG,38,104,189225,47595672478,7212499239,54808171717
2020-05-31,LG4,Staff,24,53,28255,2995081317,180895133,3175976450
2020-05-31,LG4,TPG,27,147,470767,85066005592,6368365571,91434371163
2020-05-31,LG4,Total,202,808,2352539,422682902142,34463156562,457146058704
2020-05-31,LG4,UG,98,454,1357738,254121818521,16650360341,270772178862
