Date,Floor,User-Group,User-Count,WiFi-Conn,Duration-Sec,Traffic-In-Byte,Traffic-Out-Byte,Traffic-Both-Byte
2020-02-01,1,Staff,3,7,90177,380452321,19248616,399700937
2020-02-01,1,TPG,2,2,720,5050,2251,7301
2020-02-01,1,RPG,3,3,719,32296132,1846681,34142813
2020-02-01,1,UG,1,1,0,15531,12309,27840
2020-02-01,1,Alumni,0,0,0,0,0,0
2020-02-01,1,Others(HKUST),1,21,249297,4136565324,394004609,4530569933
2020-02-01,1,Non-HKUST,0,0,0,0,0,0
2020-02-01,1,Total,10,34,340913,4549334358,415114466,4964448824
2020-02-01,G,Staff,9,13,179638,9252250980,1218525447,10470776427
2020-02-01,G,TPG,0,0,0,0,0,0
2020-02-01,G,RPG,2,3,0,436014,248233,684247
2020-02-01,G,UG,1,1,0,373126,223175,596301
2020-02-01,G,Alumni,0,0,0,0,0,0
2020-02-01,G,Others(HKUST),2,5,259017,4678655899,384725182,5063381081
2020-02-01,G,Non-HKUST,0,0,0,0,0,0
2020-02-01,G,Total,14,22,438655,13931716019,1603722037,15535438056
2020-02-01,LG1,Staff,4,9,1983,10685021,2679206,13364227
2020-02-01,LG1,TPG,0,0,0,0,0,0
2020-02-01,LG1,RPG,2,2,180,250356,95993,346349
2020-02-01,LG1,UG,9,9,3961,47585360,8463887,56049247
2020-02-01,LG1,Alumni,0,0,0,0,0,0
2020-02-01,LG1,Others(HKUST),1,9,431275,2007289263,464948362,2472237625
2020-02-01,LG1,Non-HKUST,1,1,0,874940,213021,1087961
2020-02-01,LG1,Total,17,30,437399,2066684940,476400469,2543085409
2020-02-01,LG3,Staff,9,14,1080,1921734909,155007791,2076742700
2020-02-01,LG3,TPG,2,2,720,20669141,1211016,21880157
2020-02-01,LG3,RPG,19,21,180,1031927232,120355431,1152282663
2020-02-01,LG3,UG,9,9,4859,1717214276,53036769,1770251045
2020-02-01,LG3,Alumni,0,0,0,0,0,0
2020-02-01,LG3,Others(HKUST),2,2,0,1132377,160380,1292757
2020-02-01,LG3,Non-HKUST,5,7,180,4980696,2727329,7708025
2020-02-01,LG3,Total,46,55,7019,4697658631,332498716,5030157347
2020-02-01,LG4,Staff,4,6,0,49761289,4553992,54315281
2020-02-01,LG4,TPG,1,1,0,5289971,454130,5744101
2020-02-01,LG4,RPG,18,19,719,276921631,8056000,284977631
2020-02-01,LG4,UG,11,29,3060,2890616969,113232481,3003849450
2020-02-01,LG4,Alumni,0,0,0,0,0,0
2020-02-01,LG4,Others(HKUST),4,16,189355,4314181438,969844424,5284025862
2020-02-01,LG4,Non-HKUST,0,0,0,0,0,0
2020-02-01,LG4,Total,38,71,193134,7536771298,1096141027,8632912325
2020-02-01,All-Floors,Staff,22,49,272878,11614884520,1400015052,13014899572
2020-02-01,All-Floors,TPG,5,5,1440,25964162,1667397,27631559
2020-02-01,All-Floors,RPG,42,48,1798,1341831365,130602338,1472433703
2020-02-01,All-Floors,UG,31,49,11880,4655805262,174968621,4830773883
2020-02-01,All-Floors,Alumni,0,0,0,0,0,0
2020-02-01,All-Floors,Others(HKUST),6,53,1128944,15137824301,2213682957,17351507258
2020-02-01,All-Floors,Non-HKUST,5,8,180,5855636,2940350,8795986
2020-02-01,All-Floors,Total,111,212,1417120,32782165246,3923876715,36706041961
2020-02-02,1,Staff,2,2,86399,881842,6738258,7620100
2020-02-02,1,TPG,3,3,720,198713943,4054365,202768308
2020-02-02,1,RPG,5,5,899,33097674,9755295,42852969
2020-02-02,1,UG,0,0,0,0,0,0
2020-02-02,1,Alumni,0,0,0,0,0,0
2020-02-02,1,Others(HKUST),1,24,246421,2529971015,224917647,2754888662
2020-02-02,1,Non-HKUST,0,0,0,0,0,0
2020-02-02,1,Total,11,34,334439,2762664474,245465565,3008130039
2020-02-02,G,Staff,6,8,172618,17939386507,2187759310,20127145817
2020-02-02,G,TPG,0,0,0,0,0,0
2020-02-02,G,RPG,0,0,0,0,0,0
2020-02-02,G,UG,0,0,0,0,0,0
2020-02-02,G,Alumni,0,0,0,0,0,0
2020-02-02,G,Others(HKUST),1,3,259197,4078948017,297510132,4376458149
2020-02-02,G,Non-HKUST,0,0,0,0,0,0
2020-02-02,G,Total,7,11,431815,22018334524,2485269442,24503603966
2020-02-02,LG1,Staff,7,12,6664,147957543,9622239,157579782
2020-02-02,LG1,TPG,0,0,0,0,0,0
2020-02-02,LG1,RPG,4,4,1260,84679651,3647256,88326907
2020-02-02,LG1,UG,10,10,3960,243212214,42705134,285917348
2020-02-02,LG1,Alumni,0,0,0,0,0,0
2020-02-02,LG1,Others(HKUST),1,5,431995,1294310628,288663591,1582974219
2020-02-02,LG1,Non-HKUST,0,0,0,0,0,0
2020-02-02,LG1,Total,22,31,443879,1770160036,344638220,2114798256
2020-02-02,LG3,Staff,6,7,0,10753817,2119716,12873533
2020-02-02,LG3,TPG,3,3,0,65553751,9186052,74739803
2020-02-02,LG3,RPG,16,16,3779,1297669546,201715465,1499385011
2020-02-02,LG3,UG,18,18,0,11988103,55010084,66998187
2020-02-02,LG3,Alumni,1,1,0,1596780,1109161,2705941
2020-02-02,LG3,Others(HKUST),0,0,0,0,0,0
2020-02-02,LG3,Non-HKUST,2,2,0,1913791,1333641,3247432
2020-02-02,LG3,Total,46,47,3779,1389475788,270474119,1659949907
2020-02-02,LG4,Staff,5,5,0,12178340,1665137,13843477
2020-02-02,LG4,TPG,1,1,0,3157396,1430582,4587978
2020-02-02,LG4,RPG,13,14,359,894927586,49880889,944808475
2020-02-02,LG4,UG,19,38,4678,2328671004,210695832,2539366836
2020-02-02,LG4,Alumni,1,1,0,367344,219100,586444
2020-02-02,LG4,Others(HKUST),3,5,172618,2875603894,420022928,3295626822
2020-02-02,LG4,Non-HKUST,5,5,0,100362623,7448798,107811421
2020-02-02,LG4,Total,47,69,177655,6215268187,691363266,6906631453
2020-02-02,All-Floors,Staff,22,34,265681,18111158049,2207904660,20319062709
2020-02-02,All-Floors,TPG,7,7,720,267425090,14670999,282096089
2020-02-02,All-Floors,RPG,36,39,6297,2310374457,264998905,2575373362
2020-02-02,All-Floors,UG,38,66,8638,2583871321,308411050,2892282371
2020-02-02,All-Floors,Alumni,2,2,0,1964124,1328261,3292385
2020-02-02,All-Floors,Others(HKUST),4,37,1110231,10778833554,1231114298,12009947852
2020-02-02,All-Floors,Non-HKUST,7,7,0,102276414,8782439,111058853
2020-02-02,All-Floors,Total,116,192,1391567,34155903009,4037210612,38193113621
2020-02-03,1,Staff,6,51,206275,2192848754,253721466,2446570220
2020-02-03,1,TPG,4,4,719,14313565,2539912,16853477
2020-02-03,1,RPG,3,4,1440,3836756,3319146,7155902
2020-02-03,1,UG,5,5,2160,794047,360897,1154944
2020-02-03,1,Alumni,0,0,0,0,0,0
2020-02-03,1,Others(HKUST),2,24,248388,2534568337,225355089,2759923426
2020-02-03,1,Non-HKUST,0,0,0,0,0,0
2020-02-03,1,Total,20,88,458982,4746361459,485296510,5231657969
2020-02-03,G,Staff,16,37,242654,11753099186,1480801107,13233900293
2020-02-03,G,TPG,0,0,0,0,0,0
2020-02-03,G,RPG,2,2,721,19274160,1941262,21215422
2020-02-03,G,UG,1,1,0,10826584,2061934,12888518
2020-02-03,G,Alumni,0,0,0,0,0,0
2020-02-03,G,Others(HKUST),1,3,259197,4078948017,297510132,4376458149
2020-02-03,G,Non-HKUST,1,1,0,60536,41118,101654
2020-02-03,G,Total,21,44,502572,15862208483,1782355553,17644564036
2020-02-03,LG1,Staff,9,11,2161,60909888,318178359,379088247
2020-02-03,LG1,TPG,1,2,541,389963,199310,589273
2020-02-03,LG1,RPG,5,6,3784,33495437,10802610,44298047
2020-02-03,LG1,UG,6,6,2878,156027842,18534601,174562443
2020-02-03,LG1,Alumni,0,0,0,0,0,0
2020-02-03,LG1,Others(HKUST),1,6,431816,1556301691,344630673,1900932364
2020-02-03,LG1,Non-HKUST,0,0,0,0,0,0
2020-02-03,LG1,Total,22,31,441180,1807124821,692345553,2499470374
2020-02-03,LG3,Staff,25,35,13863,214490415,945150930,1159641345
2020-02-03,LG3,TPG,3,4,0,477903881,25725403,503629284
2020-02-03,LG3,RPG,22,24,359,389267621,25510996,414778617
2020-02-03,LG3,UG,41,42,4137,830246111,50983764,881229875
2020-02-03,LG3,Alumni,1,1,0,450779568,14545231,465324799
2020-02-03,LG3,Others(HKUST),3,5,0,716134813,26048964,742183777
2020-02-03,LG3,Non-HKUST,2,2,719,635751,126122,761873
2020-02-03,LG3,Total,97,113,19078,3079458160,1088091410,4167549570
2020-02-03,LG4,Staff,7,8,0,3644378,549898,4194276
2020-02-03,LG4,TPG,4,6,0,123764724,19568347,143333071
2020-02-03,LG4,RPG,18,19,718,149895173,17159833,167055006
2020-02-03,LG4,UG,34,55,7917,3635606209,160242342,3795848551
2020-02-03,LG4,Alumni,0,0,0,0,0,0
2020-02-03,LG4,Others(HKUST),4,13,173519,2633872490,489951229,3123823719
2020-02-03,LG4,Non-HKUST,1,1,0,2250656,488471,2739127
2020-02-03,LG4,Total,68,102,182154,6549033630,687960120,7236993750
2020-02-03,All-Floors,Staff,49,142,464953,14224992621,2998401760,17223394381
2020-02-03,All-Floors,TPG,9,16,1260,616372133,48032972,664405105
2020-02-03,All-Floors,RPG,48,55,7022,595769147,58733847,654502994
2020-02-03,All-Floors,UG,83,109,17092,4633500793,232183538,4865684331
2020-02-03,All-Floors,Alumni,1,1,0,450779568,14545231,465324799
2020-02-03,All-Floors,Others(HKUST),7,51,1112920,11519825348,1383496087,12903321435
2020-02-03,All-Floors,Non-HKUST,4,4,719,2946943,655711,3602654
2020-02-03,All-Floors,Total,201,378,1603966,32044186553,4736049146,36780235699
2020-02-04,1,Staff,12,126,216560,13532556241,2568467944,16101024185
2020-02-04,1,TPG,0,0,0,0,0,0
2020-02-04,1,RPG,5,5,1078,157985221,10367596,168352817
2020-02-04,1,UG,2,2,0,54506,12887,67393
2020-02-04,1,Alumni,0,0,0,0,0,0
2020-02-04,1,Others(HKUST),2,24,258663,5690700250,400271119,6090971369
2020-02-04,1,Non-HKUST,0,0,0,0,0,0
2020-02-04,1,Total,21,157,476301,19381296218,2979119546,22360415764
2020-02-04,G,Staff,17,113,257953,25002802559,2663219322,27666021881
2020-02-04,G,TPG,0,0,0,0,0,0
2020-02-04,G,RPG,2,2,540,14806994,1313921,16120915
2020-02-04,G,UG,2,2,899,25510920,4924369,30435289
2020-02-04,G,Alumni,0,0,0,0,0,0
2020-02-04,G,Others(HKUST),2,7,183268,7464497027,491964508,7956461535
2020-02-04,G,Non-HKUST,0,0,0,0,0,0
2020-02-04,G,Total,23,124,442660,32507617500,3161422120,35669039620
2020-02-04,LG1,Staff,11,33,17280,3088595883,291656274,3380252157
2020-02-04,LG1,TPG,1,1,540,140010,34839,174849
2020-02-04,LG1,RPG,2,2,540,493979,197250,691229
2020-02-04,LG1,UG,8,9,2700,224191446,23897897,248089343
2020-02-04,LG1,Alumni,0,0,0,0,0,0
2020-02-04,LG1,Others(HKUST),2,7,432175,1344702057,296285237,1640987294
2020-02-04,LG1,Non-HKUST,0,0,0,0,0,0
2020-02-04,LG1,Total,24,52,453235,4658123375,612071497,5270194872
2020-02-04,LG3,Staff,25,45,13318,3075670528,106855192,3182525720
2020-02-04,LG3,TPG,1,1,0,16069521,1325627,17395148
2020-02-04,LG3,RPG,13,16,2521,273516598,54636001,328152599
2020-02-04,LG3,UG,26,27,540,1601878044,57233040,1659111084
2020-02-04,LG3,Alumni,0,0,0,0,0,0
2020-02-04,LG3,Others(HKUST),4,7,0,46912473,4784702,51697175
2020-02-04,LG3,Non-HKUST,1,1,0,127646,57146,184792
2020-02-04,LG3,Total,70,97,16379,5014174810,224891708,5239066518
2020-02-04,LG4,Staff,21,23,0,199341283,122295103,321636386
2020-02-04,LG4,TPG,2,2,0,24686973,5682695,30369668
2020-02-04,LG4,RPG,19,22,1082,437957525,84073995,522031520
2020-02-04,LG4,UG,37,57,5220,8249201470,364142051,8613343521
2020-02-04,LG4,Alumni,0,0,0,0,0,0
2020-02-04,LG4,Others(HKUST),5,34,186117,3813784880,997718652,4811503532
2020-02-04,LG4,Non-HKUST,2,2,0,649569,601116,1250685
2020-02-04,LG4,Total,86,140,192419,12725621700,1574513612,14300135312
2020-02-04,All-Floors,Staff,55,340,505111,44898966494,5752493835,50651460329
2020-02-04,All-Floors,TPG,4,4,540,40896504,7043161,47939665
2020-02-04,All-Floors,RPG,37,47,5761,884760317,150588763,1035349080
2020-02-04,All-Floors,UG,72,97,9359,10100836386,450210244,10551046630
2020-02-04,All-Floors,Alumni,0,0,0,0,0,0
2020-02-04,All-Floors,Others(HKUST),7,79,1060223,18360596687,2191024218,20551620905
2020-02-04,All-Floors,Non-HKUST,3,3,0,777215,658262,1435477
2020-02-04,All-Floors,Total,178,570,1580994,74286833603,8552018483,82838852086
2020-02-05,1,Staff,6,28,180717,2134988304,544192977,2679181281
2020-02-05,1,TPG,0,0,0,0,0,0
2020-02-05,1,RPG,3,3,901,60345772,2809154,63154926
2020-02-05,1,UG,2,2,0,76466,49239,125705
2020-02-05,1,Alumni,0,0,0,0,0,0
2020-02-05,1,Others(HKUST),1,15,253431,2517525371,221987042,2739512413
2020-02-05,1,Non-HKUST,0,0,0,0,0,0
2020-02-05,1,Total,12,48,435049,4712935913,769038412,5481974325
2020-02-05,G,Staff,10,36,195122,29251405925,9687051135,38938457060
2020-02-05,G,TPG,1,1,0,0,0,0
2020-02-05,G,RPG,0,0,0,0,0,0
2020-02-05,G,UG,4,6,360,66348888,7107310,73456198
2020-02-05,G,Alumni,0,0,0,0,0,0
2020-02-05,G,Others(HKUST),1,1,86399,726754811,104888101,831642912
2020-02-05,G,Non-HKUST,0,0,0,0,0,0
2020-02-05,G,Total,16,44,281881,30044509624,9799046546,39843556170
2020-02-05,LG1,Staff,7,22,10623,1264474630,116734972,1381209602
2020-02-05,LG1,TPG,1,1,720,22343,24050,46393
2020-02-05,LG1,RPG,5,6,1260,41976940,7026383,49003323
2020-02-05,LG1,UG,7,7,3061,35397916,7972902,43370818
2020-02-05,LG1,Alumni,1,1,540,5544,3610,9154
2020-02-05,LG1,Others(HKUST),1,6,431815,1697094268,365650793,2062745061
2020-02-05,LG1,Non-HKUST,0,0,0,0,0,0
2020-02-05,LG1,Total,22,43,448019,3038971641,497412710,3536384351
2020-02-05,LG3,Staff,10,22,9362,564297702,126594593,690892295
2020-02-05,LG3,TPG,1,1,0,6503675,802758,7306433
2020-02-05,LG3,RPG,17,19,1439,164347448,14798239,179145687
2020-02-05,LG3,UG,21,23,0,356980916,14279767,371260683
2020-02-05,LG3,Alumni,0,0,0,0,0,0
2020-02-05,LG3,Others(HKUST),2,3,2162,7687488,2259601,9947089
2020-02-05,LG3,Non-HKUST,1,5,16385,2112416848,217171072,2329587920
2020-02-05,LG3,Total,52,73,29348,3212234077,375906030,3588140107
2020-02-05,LG4,Staff,9,9,0,20305373,12563934,32869307
2020-02-05,LG4,TPG,2,2,0,110106,94428,204534
2020-02-05,LG4,RPG,20,20,0,277270555,23917664,301188219
2020-02-05,LG4,UG,36,44,2701,5032303704,190658086,5222961790
2020-02-05,LG4,Alumni,0,0,0,0,0,0
2020-02-05,LG4,Others(HKUST),5,32,182339,3666289488,552914987,4219204475
2020-02-05,LG4,Non-HKUST,2,3,180,1803771831,69189630,1872961461
2020-02-05,LG4,Total,74,110,185220,10800051057,849338729,11649389786
2020-02-05,All-Floors,Staff,31,117,395824,33235471934,10487137611,43722609545
2020-02-05,All-Floors,TPG,5,5,720,6636124,921236,7557360
2020-02-05,All-Floors,RPG,44,48,3600,543940715,48551440,592492155
2020-02-05,All-Floors,UG,66,82,6122,5491107890,220067304,5711175194
2020-02-05,All-Floors,Alumni,1,1,540,5544,3610,9154
2020-02-05,All-Floors,Others(HKUST),7,57,956146,8615351426,1247700524,9863051950
2020-02-05,All-Floors,Non-HKUST,2,8,16565,3916188679,286360702,4202549381
2020-02-05,All-Floors,Total,156,318,1379517,51808702312,12290742427,64099444739
2020-02-06,1,Staff,7,67,191178,20098962389,1329413120,21428375509
2020-02-06,1,TPG,0,0,0,0,0,0
2020-02-06,1,RPG,7,8,3059,7547094,2305202,9852296
2020-02-06,1,UG,4,4,0,98517192,67724204,166241396
2020-02-06,1,Alumni,0,0,0,0,0,0
2020-02-06,1,Others(HKUST),1,9,257398,2514373288,219445985,2733819273
2020-02-06,1,Non-HKUST,0,0,0,0,0,0
2020-02-06,1,Total,19,88,451635,22719399963,1618888511,24338288474
2020-02-06,G,Staff,15,53,193503,13088676944,2419694347,15508371291
2020-02-06,G,TPG,0,0,0,0,0,0
2020-02-06,G,RPG,2,2,0,16811532,2510825,19322357
2020-02-06,G,UG,2,2,0,3333598,724894,4058492
2020-02-06,G,Alumni,0,0,0,0,0,0
2020-02-06,G,Others(HKUST),2,2,86399,726754811,108122894,834877705
2020-02-06,G,Non-HKUST,0,0,0,0,0,0
2020-02-06,G,Total,21,59,279902,13835576885,2531052960,16366629845
2020-02-06,LG1,Staff,11,31,22509,3951138670,621192957,4572331627
2020-02-06,LG1,TPG,1,1,541,45516,39747,85263
2020-02-06,LG1,RPG,4,4,1260,2287316,323664,2610980
2020-02-06,LG1,UG,6,6,1440,13034315,17595353,30629668
2020-02-06,LG1,Alumni,0,0,0,0,0,0
2020-02-06,LG1,Others(HKUST),1,5,431995,1435103205,309683711,1744786916
2020-02-06,LG1,Non-HKUST,1,1,0,37961620,45248527,83210147
2020-02-06,LG1,Total,24,48,457745,5439570642,994083959,6433654601
2020-02-06,LG3,Staff,23,41,36188,3841491377,148089658,3989581035
2020-02-06,LG3,TPG,2,4,12966,1516664851,67466726,1584131577
2020-02-06,LG3,RPG,16,16,0,578363663,26324063,604687726
2020-02-06,LG3,UG,27,29,3778,1183074450,234683714,1417758164
2020-02-06,LG3,Alumni,1,1,901,1023563,418877,1442440
2020-02-06,LG3,Others(HKUST),4,7,0,3351671,1147659,4499330
2020-02-06,LG3,Non-HKUST,0,0,0,0,0,0
2020-02-06,LG3,Total,73,98,53833,7123969575,478130697,7602100272
2020-02-06,LG4,Staff,15,17,179,421497808,35848576,457346384
2020-02-06,LG4,TPG,2,3,180,415593,367827,783420
2020-02-06,LG4,RPG,22,22,360,1174116381,43900920,1218017301
2020-02-06,LG4,UG,27,54,10076,12167588475,785066215,12952654690
2020-02-06,LG4,Alumni,0,0,0,0,0,0
2020-02-06,LG4,Others(HKUST),3,12,207892,2372085340,333910606,2705995946
2020-02-06,LG4,Non-HKUST,1,1,0,968860,1901816,2870676
2020-02-06,LG4,Total,70,109,218687,16136672457,1200995960,17337668417
2020-02-06,All-Floors,Staff,50,209,443557,41401767188,4554238658,45956005846
2020-02-06,All-Floors,TPG,5,8,13687,1517125960,67874300,1585000260
2020-02-06,All-Floors,RPG,50,52,4679,1779125986,75364674,1854490660
2020-02-06,All-Floors,UG,63,95,15294,13465548030,1105794380,14571342410
2020-02-06,All-Floors,Alumni,1,1,901,1023563,418877,1442440
2020-02-06,All-Floors,Others(HKUST),7,35,983684,7051668315,972310855,8023979170
2020-02-06,All-Floors,Non-HKUST,2,2,0,38930480,47150343,86080823
2020-02-06,All-Floors,Total,178,402,1461802,65255189522,6823152087,72078341609
2020-02-07,1,Staff,16,142,283331,4240986801,1286990316,5527977117
2020-02-07,1,TPG,0,0,0,0,0,0
2020-02-07,1,RPG,4,4,899,1648912,278804,1927716
2020-02-07,1,UG,3,3,1081,2998120,420825,3418945
2020-02-07,1,Alumni,0,0,0,0,0,0
2020-02-07,1,Others(HKUST),2,55,267663,8991109909,856376157,9847486066
2020-02-07,1,Non-HKUST,1,1,181,13122816,1474393,14597209
2020-02-07,1,Total,26,205,553155,13249866558,2145540495,15395407053
2020-02-07,G,Staff,18,98,222302,13530392149,2544013709,16074405858
2020-02-07,G,TPG,0,0,0,0,0,0
2020-02-07,G,RPG,0,0,0,0,0,0
2020-02-07,G,UG,0,0,0,0,0,0
2020-02-07,G,Alumni,0,0,0,0,0,0
2020-02-07,G,Others(HKUST),3,7,86220,1818152923,242020707,2060173630
2020-02-07,G,Non-HKUST,0,0,0,0,0,0
2020-02-07,G,Total,21,105,308522,15348545072,2786034416,18134579488
2020-02-07,LG1,Staff,17,73,58131,3482635234,426100431,3908735665
2020-02-07,LG1,TPG,0,0,0,0,0,0
2020-02-07,LG1,RPG,2,2,900,13238870,1351342,14590212
2020-02-07,LG1,UG,12,14,4322,146237299,13454024,159691323
2020-02-07,LG1,Alumni,0,0,0,0,0,0
2020-02-07,LG1,Others(HKUST),4,20,438843,3311318732,809516999,4120835731
2020-02-07,LG1,Non-HKUST,0,0,0,0,0,0
2020-02-07,LG1,Total,35,109,502196,6953430135,1250422796,8203852931
2020-02-07,LG3,Staff,32,55,3422,1121475261,445678844,1567154105
2020-02-07,LG3,TPG,2,2,0,516768151,277071758,793839909
2020-02-07,LG3,RPG,21,24,5221,1910667693,96303838,2006971531
2020-02-07,LG3,UG,29,36,10260,1711467191,70478308,1781945499
2020-02-07,LG3,Alumni,0,0,0,0,0,0
2020-02-07,LG3,Others(HKUST),3,11,361,248176143,18421700,266597843
2020-02-07,LG3,Non-HKUST,2,2,0,5186170,634277,5820447
2020-02-07,LG3,Total,89,130,19264,5513740609,908588725,6422329334
2020-02-07,LG4,Staff,8,9,0,115582935,14144443,129727378
2020-02-07,LG4,TPG,4,4,0,8119562,1038118,9157680
2020-02-07,LG4,RPG,16,18,1798,493234868,29790800,523025668
2020-02-07,LG4,UG,31,64,6837,5112039909,273681495,5385721404
2020-02-07,LG4,Alumni,0,0,0,0,0,0
2020-02-07,LG4,Others(HKUST),6,13,201772,3570819899,398242362,3969062261
2020-02-07,LG4,Non-HKUST,2,2,0,63944395,6227691,70172086
2020-02-07,LG4,Total,67,110,210407,9363741568,723124909,10086866477
2020-02-07,All-Floors,Staff,57,377,567186,22491072380,4716927743,27208000123
2020-02-07,All-Floors,TPG,6,6,0,524887713,278109876,802997589
2020-02-07,All-Floors,RPG,41,48,8818,2418790343,127724784,2546515127
2020-02-07,All-Floors,UG,71,117,22500,6972742519,358034652,7330777171
2020-02-07,All-Floors,Alumni,0,0,0,0,0,0
2020-02-07,All-Floors,Others(HKUST),8,106,994859,17939577606,2324577925,20264155531
2020-02-07,All-Floors,Non-HKUST,4,5,181,82253381,8336361,90589742
2020-02-07,All-Floors,Total,187,659,1593544,50429323942,7813711341,58243035283
2020-02-08,1,Staff,7,16,115921,663921072,48855782,712776854
2020-02-08,1,TPG,0,0,0,0,0,0
2020-02-08,1,RPG,1,1,0,1213004,508364,1721368
2020-02-08,1,UG,7,7,721,2806202,783061,3589263
2020-02-08,1,Alumni,0,0,0,0,0,0
2020-02-08,1,Others(HKUST),2,16,259739,5781821176,278076453,6059897629
2020-02-08,1,Non-HKUST,0,0,0,0,0,0
2020-02-08,1,Total,17,40,376381,6449761454,328223660,6777985114
2020-02-08,G,Staff,7,11,173699,22852761890,2704001661,25556763551
2020-02-08,G,TPG,0,0,0,0,0,0
2020-02-08,G,RPG,1,1,0,8323312,1072429,9395741
2020-02-08,G,UG,1,1,0,127536,143360,270896
2020-02-08,G,Alumni,0,0,0,0,0,0
2020-02-08,G,Others(HKUST),1,1,86399,853279959,122965085,976245044
2020-02-08,G,Non-HKUST,1,1,0,3578251,2485327,6063578
2020-02-08,G,Total,11,15,260098,23718070948,2830667862,26548738810
2020-02-08,LG1,Staff,5,14,12243,7883833,13191672,21075505
2020-02-08,LG1,TPG,0,0,0,0,0,0
2020-02-08,LG1,RPG,2,2,0,2301093,511367,2812460
2020-02-08,LG1,UG,8,8,2880,35821603,21156715,56978318
2020-02-08,LG1,Alumni,0,0,0,0,0,0
2020-02-08,LG1,Others(HKUST),2,7,433437,1824238137,373064938,2197303075
2020-02-08,LG1,Non-HKUST,0,0,0,0,0,0
2020-02-08,LG1,Total,17,31,448560,1870244666,407924692,2278169358
2020-02-08,LG3,Staff,12,15,0,131484996,11988139,143473135
2020-02-08,LG3,TPG,6,8,181,73809098,17272597,91081695
2020-02-08,LG3,RPG,9,10,0,892362189,38692547,931054736
2020-02-08,LG3,UG,26,27,180,505900391,43376987,549277378
2020-02-08,LG3,Alumni,0,0,0,0,0,0
2020-02-08,LG3,Others(HKUST),2,4,0,2680245,1374719,4054964
2020-02-08,LG3,Non-HKUST,3,3,0,7181691,1344718,8526409
2020-02-08,LG3,Total,58,67,361,1613418610,114049707,1727468317
2020-02-08,LG4,Staff,9,9,0,375419605,11712075,387131680
2020-02-08,LG4,TPG,1,2,9360,498644854,106678801,605323655
2020-02-08,LG4,RPG,8,8,0,278812101,32565893,311377994
2020-02-08,LG4,UG,20,50,8999,4512264460,645804588,5158069048
2020-02-08,LG4,Alumni,0,0,0,0,0,0
2020-02-08,LG4,Others(HKUST),3,10,172978,3793228615,538626236,4331854851
2020-02-08,LG4,Non-HKUST,0,0,0,0,0,0
2020-02-08,LG4,Total,41,79,191337,9458369635,1335387593,10793757228
2020-02-08,All-Floors,Staff,33,65,301863,24031471396,2789749329,26821220725
2020-02-08,All-Floors,TPG,6,10,9541,572453952,123951398,696405350
2020-02-08,All-Floors,RPG,21,22,0,1183011699,73350600,1256362299
2020-02-08,All-Floors,UG,58,93,12780,5056920192,711264711,5768184903
2020-02-08,All-Floors,Alumni,0,0,0,0,0,0
2020-02-08,All-Floors,Others(HKUST),6,38,952553,12255248132,1314107431,13569355563
2020-02-08,All-Floors,Non-HKUST,4,4,0,10759942,3830045,14589987
2020-02-08,All-Floors,Total,128,232,1276737,43109865313,5016253514,48126118827
2020-02-09,1,Staff,1,1,86399,27702,134761,162463
2020-02-09,1,TPG,1,1,0,195480,53170,248650
2020-02-09,1,RPG,2,2,180,7031265,946220,7977485
2020-02-09,1,UG,1,1,0,20411433,1491314,21902747
2020-02-09,1,Alumni,0,0,0,0,0,0
2020-02-09,1,Others(HKUST),1,20,247137,5757405383,278702965,6036108348
2020-02-09,1,Non-HKUST,0,0,0,0,0,0
2020-02-09,1,Total,6,25,333716,5785071263,281328430,6066399693
2020-02-09,G,Staff,5,7,173697,12965774463,1655706592,14621481055
2020-02-09,G,TPG,0,0,0,0,0,0
2020-02-09,G,RPG,0,0,0,0,0,0
2020-02-09,G,UG,2,2,0,4852810,283323,5136133
2020-02-09,G,Alumni,0,0,0,0,0,0
2020-02-09,G,Others(HKUST),1,1,86399,853279959,122965085,976245044
2020-02-09,G,Non-HKUST,0,0,0,0,0,0
2020-02-09,G,Total,8,10,260096,13823907232,1778955000,15602862232
2020-02-09,LG1,Staff,3,3,1260,93366,59511,152877
2020-02-09,LG1,TPG,0,0,0,0,0,0
2020-02-09,LG1,RPG,2,2,719,23829297,3109669,26938966
2020-02-09,LG1,UG,5,5,901,109355200,4945687,114300887
2020-02-09,LG1,Alumni,1,1,0,165798,90192,255990
2020-02-09,LG1,Others(HKUST),2,6,431995,1824201309,373035252,2197236561
2020-02-09,LG1,Non-HKUST,0,0,0,0,0,0
2020-02-09,LG1,Total,13,17,434875,1957644970,381240311,2338885281
2020-02-09,LG3,Staff,7,7,179,86323947,6245573,92569520
2020-02-09,LG3,TPG,3,3,0,39647288,17460439,57107727
2020-02-09,LG3,RPG,12,13,180,477808791,44077880,521886671
2020-02-09,LG3,UG,16,16,359,253587898,17259833,270847731
2020-02-09,LG3,Alumni,0,0,0,0,0,0
2020-02-09,LG3,Others(HKUST),1,1,0,400542,53985,454527
2020-02-09,LG3,Non-HKUST,2,2,0,9003840,7508680,16512520
2020-02-09,LG3,Total,41,42,718,866772306,92606390,959378696
2020-02-09,LG4,Staff,3,4,0,804709047,530887619,1335596666
2020-02-09,LG4,TPG,4,4,0,332453756,24396143,356849899
2020-02-09,LG4,RPG,10,12,0,131229534,22264117,153493651
2020-02-09,LG4,UG,21,38,4130,4497546602,311798691,4809345293
2020-02-09,LG4,Alumni,0,0,0,0,0,0
2020-02-09,LG4,Others(HKUST),3,23,185761,12524497413,969158228,13493655641
2020-02-09,LG4,Non-HKUST,0,0,0,0,0,0
2020-02-09,LG4,Total,41,81,189891,18290436352,1858504798,20148941150
2020-02-09,All-Floors,Staff,18,22,261535,13856928525,2193034056,16049962581
2020-02-09,All-Floors,TPG,7,8,0,372296524,41909752,414206276
2020-02-09,All-Floors,RPG,26,29,1079,639898887,70397886,710296773
2020-02-09,All-Floors,UG,41,62,5390,4885753943,335778848,5221532791
2020-02-09,All-Floors,Alumni,1,1,0,165798,90192,255990
2020-02-09,All-Floors,Others(HKUST),5,51,951292,20959784606,1743915515,22703700121
2020-02-09,All-Floors,Non-HKUST,2,2,0,9003840,7508680,16512520
2020-02-09,All-Floors,Total,100,175,1219296,40723832123,4392634929,45116467052
2020-02-10,1,Staff,6,56,162007,3269735681,315213990,3584949671
2020-02-10,1,TPG,1,1,0,6013504,1410739,7424243
2020-02-10,1,RPG,1,1,720,108900,45528,154428
2020-02-10,1,UG,2,2,0,283040634,22554943,305595577
2020-02-10,1,Alumni,0,0,0,0,0,0
2020-02-10,1,Others(HKUST),2,22,250379,5760295769,280095581,6040391350
2020-02-10,1,Non-HKUST,0,0,0,0,0,0
2020-02-10,1,Total,12,82,413106,9319194488,619320781,9938515269
2020-02-10,G,Staff,18,57,207188,13208294378,1842314615,15050608993
2020-02-10,G,TPG,0,0,0,0,0,0
2020-02-10,G,RPG,2,2,0,43886762,3072225,46958987
2020-02-10,G,UG,0,0,0,0,0,0
2020-02-10,G,Alumni,0,0,0,0,0,0
2020-02-10,G,Others(HKUST),2,4,86399,897835856,124746073,1022581929
2020-02-10,G,Non-HKUST,0,0,0,0,0,0
2020-02-10,G,Total,22,63,293587,14150016996,1970132913,16120149909
2020-02-10,LG1,Staff,9,27,61570,2396558943,462082772,2858641715
2020-02-10,LG1,TPG,0,0,0,0,0,0
2020-02-10,LG1,RPG,3,3,360,5500299,1055672,6555971
2020-02-10,LG1,UG,6,6,2701,24001186,3541796,27542982
2020-02-10,LG1,Alumni,0,0,0,0,0,0
2020-02-10,LG1,Others(HKUST),4,8,431995,1828108181,374034166,2202142347
2020-02-10,LG1,Non-HKUST,0,0,0,0,0,0
2020-02-10,LG1,Total,22,44,496626,4254168609,840714406,5094883015
2020-02-10,LG3,Staff,27,39,1981,152614916,88194117,240809033
2020-02-10,LG3,TPG,4,4,2882,2159623162,87198915,2246822077
2020-02-10,LG3,RPG,16,17,3061,783613574,48295092,831908666
2020-02-10,LG3,UG,23,25,1080,2648189588,27534209,2675723797
2020-02-10,LG3,Alumni,1,1,0,202196,137060,339256
2020-02-10,LG3,Others(HKUST),3,3,0,2229711,486433,2716144
2020-02-10,LG3,Non-HKUST,0,0,0,0,0,0
2020-02-10,LG3,Total,74,89,9004,5746473147,251845826,5998318973
2020-02-10,LG4,Staff,16,35,2340,47361958,111815146,159177104
2020-02-10,LG4,TPG,2,2,0,10060444,1170004,11230448
2020-02-10,LG4,RPG,12,14,2521,214467588,19448582,233916170
2020-02-10,LG4,UG,24,50,6483,8661251505,552669627,9213921132
2020-02-10,LG4,Alumni,0,0,0,0,0,0
2020-02-10,LG4,Others(HKUST),4,17,187552,4667325781,639802551,5307128332
2020-02-10,LG4,Non-HKUST,2,2,0,1659388,524362,2183750
2020-02-10,LG4,Total,60,120,198896,13602126664,1325430272,14927556936
2020-02-10,All-Floors,Staff,47,214,435086,19074565876,2819620640,21894186516
2020-02-10,All-Floors,TPG,7,7,2882,2175697110,89779658,2265476768
2020-02-10,All-Floors,RPG,32,37,6662,1047577123,71917099,1119494222
2020-02-10,All-Floors,UG,51,83,10264,11616482913,606300575,12222783488
2020-02-10,All-Floors,Alumni,1,1,0,202196,137060,339256
2020-02-10,All-Floors,Others(HKUST),8,54,956325,13155795298,1419164804,14574960102
2020-02-10,All-Floors,Non-HKUST,2,2,0,1659388,524362,2183750
2020-02-10,All-Floors,Total,148,398,1411219,47071979904,5007444198,52079424102
2020-02-11,1,Staff,7,60,201973,4780949269,1361109985,6142059254
2020-02-11,1,TPG,0,0,0,0,0,0
2020-02-11,1,RPG,2,2,720,237708418,11423218,249131636
2020-02-11,1,UG,0,0,0,0,0,0
2020-02-11,1,Alumni,0,0,0,0,0,0
2020-02-11,1,Others(HKUST),1,22,248943,5756898688,279340319,6036239007
2020-02-11,1,Non-HKUST,0,0,0,0,0,0
2020-02-11,1,Total,10,84,451636,10775556375,1651873522,12427429897
2020-02-11,G,Staff,15,72,255617,17595623512,2588858926,20184482438
2020-02-11,G,TPG,0,0,0,0,0,0
2020-02-11,G,RPG,0,0,0,0,0,0
2020-02-11,G,UG,1,1,0,510551,69396,579947
2020-02-11,G,Alumni,0,0,0,0,0,0
2020-02-11,G,Others(HKUST),1,1,86399,853279959,122965085,976245044
2020-02-11,G,Non-HKUST,0,0,0,0,0,0
2020-02-11,G,Total,17,74,342016,18449414022,2711893407,21161307429
2020-02-11,LG1,Staff,10,29,55815,3648649950,3005815208,6654465158
2020-02-11,LG1,TPG,1,1,181,769588,674965,1444553
2020-02-11,LG1,RPG,3,3,0,16292190,1367899,17660089
2020-02-11,LG1,UG,7,7,3777,82594312,32395942,114990254
2020-02-11,LG1,Alumni,0,0,0,0,0,0
2020-02-11,LG1,Others(HKUST),2,7,431816,2222540970,453633404,2676174374
2020-02-11,LG1,Non-HKUST,0,0,0,0,0,0
2020-02-11,LG1,Total,23,47,491589,5970847010,3493887418,9464734428
2020-02-11,LG3,Staff,21,50,14221,1004194923,840179951,1844374874
2020-02-11,LG3,TPG,3,4,3780,72341996,31052812,103394808
2020-02-11,LG3,RPG,21,21,4677,746025702,69384938,815410640
2020-02-11,LG3,UG,34,34,0,331938902,56678795,388617697
2020-02-11,LG3,Alumni,1,2,720,689202,395790,1084992
2020-02-11,LG3,Others(HKUST),3,4,540,1213326,617127,1830453
2020-02-11,LG3,Non-HKUST,1,1,0,36245771,10366785,46612556
2020-02-11,LG3,Total,84,116,23938,2192649822,1008676198,3201326020
2020-02-11,LG4,Staff,14,14,0,26844178,12718069,39562247
2020-02-11,LG4,TPG,5,5,0,565795439,109339480,675134919
2020-02-11,LG4,RPG,14,14,0,366816986,28980644,395797630
2020-02-11,LG4,UG,31,47,4311,1903924240,112620951,2016545191
2020-02-11,LG4,Alumni,0,0,0,0,0,0
2020-02-11,LG4,Others(HKUST),5,20,209151,8938155342,612629044,9550784386
2020-02-11,LG4,Non-HKUST,0,0,0,0,0,0
2020-02-11,LG4,Total,69,100,213462,11801536185,876288188,12677824373
2020-02-11,All-Floors,Staff,49,225,527626,27056261832,7808682139,34864943971
2020-02-11,All-Floors,TPG,7,10,3961,638907023,141067257,779974280
2020-02-11,All-Floors,RPG,38,40,5397,1366843296,111156699,1477999995
2020-02-11,All-Floors,UG,70,89,8088,2318968005,201765084,2520733089
2020-02-11,All-Floors,Alumni,1,2,720,689202,395790,1084992
2020-02-11,All-Floors,Others(HKUST),8,54,976849,17772088285,1469184979,19241273264
2020-02-11,All-Floors,Non-HKUST,1,1,0,36245771,10366785,46612556
2020-02-11,All-Floors,Total,174,421,1522641,49190003414,9742618733,58932622147
2020-02-12,1,Staff,17,236,352073,7123275531,10844738804,17968014335
2020-02-12,1,TPG,2,2,0,493184,186914,680098
2020-02-12,1,RPG,4,4,1079,411986,603262,1015248
2020-02-12,1,UG,0,0,0,0,0,0
2020-02-12,1,Alumni,0,0,0,0,0,0
2020-02-12,1,Others(HKUST),2,24,248749,5764717588,280732074,6045449662
2020-02-12,1,Non-HKUST,0,0,0,0,0,0
2020-02-12,1,Total,25,266,601901,12888898289,11126261054,24015159343
2020-02-12,G,Staff,22,84,186653,15669782637,3673407988,19343190625
2020-02-12,G,TPG,0,0,0,0,0,0
2020-02-12,G,RPG,1,1,0,35760,23985,59745
2020-02-12,G,UG,1,1,0,1157649,540444,1698093
2020-02-12,G,Alumni,0,0,0,0,0,0
2020-02-12,G,Others(HKUST),1,1,86399,853279959,122965085,976245044
2020-02-12,G,Non-HKUST,1,1,0,1151683,1110504,2262187
2020-02-12,G,Total,26,88,273052,16525407688,3798048006,20323455694
2020-02-12,LG1,Staff,12,57,63372,3393223055,862678883,4255901938
2020-02-12,LG1,TPG,1,1,900,93436,56090,149526
2020-02-12,LG1,RPG,2,2,0,104636093,3816238,108452331
2020-02-12,LG1,UG,8,10,3058,44945797,8591131,53536928
2020-02-12,LG1,Alumni,0,0,0,0,0,0
2020-02-12,LG1,Others(HKUST),1,5,431995,1865442467,383128419,2248570886
2020-02-12,LG1,Non-HKUST,0,0,0,0,0,0
2020-02-12,LG1,Total,24,75,499325,5408340848,1258270761,6666611609
2020-02-12,LG3,Staff,26,50,19990,1604410535,164228967,1768639502
2020-02-12,LG3,TPG,1,1,0,110077113,4828250,114905363
2020-02-12,LG3,RPG,19,19,900,302846530,155094126,457940656
2020-02-12,LG3,UG,28,29,1439,2423632501,54121183,2477753684
2020-02-12,LG3,Alumni,0,0,0,0,0,0
2020-02-12,LG3,Others(HKUST),3,11,1079,139361598,8027994,147389592
2020-02-12,LG3,Non-HKUST,4,4,0,27145964,1396522,28542486
2020-02-12,LG3,Total,81,114,23408,4607474241,387697042,4995171283
2020-02-12,LG4,Staff,19,25,1261,430884035,52911202,483795237
2020-02-12,LG4,TPG,1,1,0,108389,55953,164342
2020-02-12,LG4,RPG,7,7,0,81979633,4126441,86106074
2020-02-12,LG4,UG,24,35,2886,4553723215,139734118,4693457333
2020-02-12,LG4,Alumni,0,0,0,0,0,0
2020-02-12,LG4,Others(HKUST),4,29,233282,10132246272,1363417127,11495663399
2020-02-12,LG4,Non-HKUST,5,6,0,260337616,17774698,278112314
2020-02-12,LG4,Total,60,103,237429,15459279160,1578019539,17037298699
2020-02-12,All-Floors,Staff,59,452,623349,28221575793,15597965844,43819541637
2020-02-12,All-Floors,TPG,5,5,900,110772122,5127207,115899329
2020-02-12,All-Floors,RPG,33,33,1979,489910002,163664052,653574054
2020-02-12,All-Floors,UG,57,75,7383,7023459162,202986876,7226446038
2020-02-12,All-Floors,Alumni,0,0,0,0,0,0
2020-02-12,All-Floors,Others(HKUST),7,70,1001504,18755047884,2158270699,20913318583
2020-02-12,All-Floors,Non-HKUST,9,11,0,288635263,20281724,308916987
2020-02-12,All-Floors,Total,170,646,1635115,54889400226,18148296402,73037696628
2020-02-13,1,Staff,14,142,366675,7022819772,2483815241,9506635013
2020-02-13,1,TPG,0,0,0,0,0,0
2020-02-13,1,RPG,1,1,0,985063940,27866205,1012930145
2020-02-13,1,UG,2,2,0,2658510,18526661,21185171
2020-02-13,1,Alumni,0,0,0,0,0,0
2020-02-13,1,Others(HKUST),1,25,249479,11756458717,586360790,12342819507
2020-02-13,1,Non-HKUST,1,1,180,2259204,824758,3083962
2020-02-13,1,Total,19,171,616334,19769260143,3117393655,22886653798
2020-02-13,G,Staff,26,116,302784,17664298581,2583361405,20247659986
2020-02-13,G,TPG,0,0,0,0,0,0
2020-02-13,G,RPG,0,0,0,0,0,0
2020-02-13,G,UG,0,0,0,0,0,0
2020-02-13,G,Alumni,0,0,0,0,0,0
2020-02-13,G,Others(HKUST),2,3,86400,1835020468,264214883,2099235351
2020-02-13,G,Non-HKUST,1,1,0,20352,23877,44229
2020-02-13,G,Total,29,120,389184,19499339401,2847600165,22346939566
2020-02-13,LG1,Staff,10,37,60670,3608643079,1055190249,4663833328
2020-02-13,LG1,TPG,1,1,0,30545,31000,61545
2020-02-13,LG1,RPG,3,3,181,147803,133651,281454
2020-02-13,LG1,UG,7,7,720,6271972,2375619,8647591
2020-02-13,LG1,Alumni,0,0,0,0,0,0
2020-02-13,LG1,Others(HKUST),2,20,433620,3751051208,755715504,4506766712
2020-02-13,LG1,Non-HKUST,0,0,0,0,0,0
2020-02-13,LG1,Total,23,68,495191,7366144607,1813446023,9179590630
2020-02-13,LG3,Staff,30,62,10438,3857002223,569337349,4426339572
2020-02-13,LG3,TPG,3,3,0,104256075,186196917,290452992
2020-02-13,LG3,RPG,16,18,2160,1097314206,49768178,1147082384
2020-02-13,LG3,UG,26,28,3601,924281221,31677268,955958489
2020-02-13,LG3,Alumni,0,0,0,0,0,0
2020-02-13,LG3,Others(HKUST),4,6,1981,10555953,2328141,12884094
2020-02-13,LG3,Non-HKUST,2,2,0,51789644,8996065,60785709
2020-02-13,LG3,Total,81,119,18180,6045199322,848303918,6893503240
2020-02-13,LG4,Staff,18,39,1263,2668626372,832366732,3500993104
2020-02-13,LG4,TPG,6,8,0,288642379,216281400,504923779
2020-02-13,LG4,RPG,8,8,0,378385786,16371045,394756831
2020-02-13,LG4,UG,41,67,6117,7679405743,425740059,8105145802
2020-02-13,LG4,Alumni,0,0,0,0,0,0
2020-02-13,LG4,Others(HKUST),6,29,193492,5256876857,1048307670,6305184527
2020-02-13,LG4,Non-HKUST,2,2,179,95285319,7277219,102562538
2020-02-13,LG4,Total,81,153,201051,16367222456,2546344125,18913566581
2020-02-13,All-Floors,Staff,54,396,741830,34821390027,7524070976,42345461003
2020-02-13,All-Floors,TPG,8,12,0,392928999,402509317,795438316
2020-02-13,All-Floors,RPG,28,30,2341,2460911735,94139079,2555050814
2020-02-13,All-Floors,UG,69,104,10438,8612617446,478319607,9090937053
2020-02-13,All-Floors,Alumni,0,0,0,0,0,0
2020-02-13,All-Floors,Others(HKUST),9,83,964972,22609963203,2656926988,25266890191
2020-02-13,All-Floors,Non-HKUST,4,6,359,149354519,17121919,166476438
2020-02-13,All-Floors,Total,172,631,1719940,69047165929,11173087886,80220253815
2020-02-14,1,Staff,10,96,258498,8446053697,3192067419,11638121116
2020-02-14,1,TPG,1,1,179,6372292,503897,6876189
2020-02-14,1,RPG,3,3,719,328420,180921,509341
2020-02-14,1,UG,1,1,0,114353928,8690638,123044566
2020-02-14,1,Alumni,0,0,0,0,0,0
2020-02-14,1,Others(HKUST),3,20,286194,6598518633,345851867,6944370500
2020-02-14,1,Non-HKUST,0,0,0,0,0,0
2020-02-14,1,Total,18,121,545590,15165626970,3547294742,18712921712
2020-02-14,G,Staff,14,60,207368,28469047180,3647864923,32116912103
2020-02-14,G,TPG,1,1,0,40552043,1682528,42234571
2020-02-14,G,RPG,1,1,0,1344,3058,4402
2020-02-14,G,UG,2,2,0,26579,21523,48102
2020-02-14,G,Alumni,0,0,0,0,0,0
2020-02-14,G,Others(HKUST),4,10,87660,1474129432,164524285,1638653717
2020-02-14,G,Non-HKUST,0,0,0,0,0,0
2020-02-14,G,Total,22,74,295028,29983756578,3814096317,33797852895
2020-02-14,LG1,Staff,7,40,60856,1762062131,898668408,2660730539
2020-02-14,LG1,TPG,0,0,0,0,0,0
2020-02-14,LG1,RPG,0,0,0,0,0,0
2020-02-14,LG1,UG,10,10,5937,242510081,15252605,257762686
2020-02-14,LG1,Alumni,0,0,0,0,0,0
2020-02-14,LG1,Others(HKUST),3,15,435595,2799494589,553106957,3352601546
2020-02-14,LG1,Non-HKUST,0,0,0,0,0,0
2020-02-14,LG1,Total,20,65,502388,4804066801,1467027970,6271094771
2020-02-14,LG3,Staff,19,28,6662,537792302,180116636,717908938
2020-02-14,LG3,TPG,1,1,0,787528769,43067559,830596328
2020-02-14,LG3,RPG,19,19,1259,1987410655,61926674,2049337329
2020-02-14,LG3,UG,41,46,361,279514209,50006387,329520596
2020-02-14,LG3,Alumni,1,1,899,499497,229178,728675
2020-02-14,LG3,Others(HKUST),5,7,0,100886436,7582308,108468744
2020-02-14,LG3,Non-HKUST,3,3,0,75518884,30334982,105853866
2020-02-14,LG3,Total,89,105,9181,3769150752,373263724,4142414476
2020-02-14,LG4,Staff,7,7,0,40262560,8781734,49044294
2020-02-14,LG4,TPG,1,1,0,6001825,6666930,12668755
2020-02-14,LG4,RPG,14,17,0,380668504,114505212,495173716
2020-02-14,LG4,UG,29,50,7197,6132277088,2271572546,8403849634
2020-02-14,LG4,Alumni,0,0,0,0,0,0
2020-02-14,LG4,Others(HKUST),4,17,233464,22005046973,1424800748,23429847721
2020-02-14,LG4,Non-HKUST,2,5,723,199471706,38557018,238028724
2020-02-14,LG4,Total,57,97,241384,28763728656,3864884188,32628612844
2020-02-14,All-Floors,Staff,33,231,533384,39255217870,7927499120,47182716990
2020-02-14,All-Floors,TPG,4,4,179,840454929,51920914,892375843
2020-02-14,All-Floors,RPG,37,40,1978,2368408923,176615865,2545024788
2020-02-14,All-Floors,UG,80,109,13495,6768681885,2345543699,9114225584
2020-02-14,All-Floors,Alumni,1,1,899,499497,229178,728675
2020-02-14,All-Floors,Others(HKUST),9,69,1042913,32978076063,2495866165,35473942228
2020-02-14,All-Floors,Non-HKUST,4,8,723,274990590,68892000,343882590
2020-02-14,All-Floors,Total,168,462,1593571,82486329757,13066566941,95552896698
2020-02-15,1,Staff,8,126,201979,15743385239,6266213590,22009598829
2020-02-15,1,TPG,0,0,0,0,0,0
2020-02-15,1,RPG,2,2,0,46629396,2821268,49450664
2020-02-15,1,UG,1,1,0,11730,6520,18250
2020-02-15,1,Alumni,0,0,0,0,0,0
2020-02-15,1,Others(HKUST),3,30,261537,6444774175,391273782,6836047957
2020-02-15,1,Non-HKUST,0,0,0,0,0,0
2020-02-15,1,Total,14,159,463516,22234800540,6660315160,28895115700
2020-02-15,G,Staff,13,68,201234,27372599758,8493003183,35865602941
2020-02-15,G,TPG,0,0,0,0,0,0
2020-02-15,G,RPG,1,1,180,28407,17025,45432
2020-02-15,G,UG,0,0,0,0,0,0
2020-02-15,G,Alumni,0,0,0,0,0,0
2020-02-15,G,Others(HKUST),5,9,87660,1139665126,217837862,1357502988
2020-02-15,G,Non-HKUST,0,0,0,0,0,0
2020-02-15,G,Total,19,78,289074,28512293291,8710858070,37223151361
2020-02-15,LG1,Staff,13,51,4679,4443882148,1443041458,5886923606
2020-02-15,LG1,TPG,0,0,0,0,0,0
2020-02-15,LG1,RPG,0,0,0,0,0,0
2020-02-15,LG1,UG,10,11,4141,936525234,43063627,979588861
2020-02-15,LG1,Alumni,0,0,0,0,0,0
2020-02-15,LG1,Others(HKUST),4,54,437217,3659762380,550891873,4210654253
2020-02-15,LG1,Non-HKUST,0,0,0,0,0,0
2020-02-15,LG1,Total,27,116,446037,9040169762,2036996958,11077166720
2020-02-15,LG3,Staff,19,56,12237,7101879926,4008973468,11110853394
2020-02-15,LG3,TPG,2,2,0,241340438,11512659,252853097
2020-02-15,LG3,RPG,9,9,360,161407386,11737958,173145344
2020-02-15,LG3,UG,32,32,0,3452963631,80168169,3533131800
2020-02-15,LG3,Alumni,1,1,0,279183,60936,340119
2020-02-15,LG3,Others(HKUST),4,36,2877,1288738551,119937787,1408676338
2020-02-15,LG3,Non-HKUST,2,2,0,8284623,939248,9223871
2020-02-15,LG3,Total,69,138,15474,12254893738,4233330225,16488223963
2020-02-15,LG4,Staff,11,48,11883,4980201770,2558306223,7538507993
2020-02-15,LG4,TPG,0,0,0,0,0,0
2020-02-15,LG4,RPG,13,13,0,86315962,6947865,93263827
2020-02-15,LG4,UG,41,62,8279,18507303877,1466404800,19973708677
2020-02-15,LG4,Alumni,0,0,0,0,0,0
2020-02-15,LG4,Others(HKUST),3,28,208264,9250061366,656555359,9906616725
2020-02-15,LG4,Non-HKUST,1,1,0,558361,8409545,8967906
2020-02-15,LG4,Total,69,152,228426,32824441336,4696623792,37521065128
2020-02-15,All-Floors,Staff,36,349,432012,59641948841,22769537922,82411486763
2020-02-15,All-Floors,TPG,2,2,0,241340438,11512659,252853097
2020-02-15,All-Floors,RPG,24,25,540,294381151,21524116,315905267
2020-02-15,All-Floors,UG,81,106,12420,22896804472,1589643116,24486447588
2020-02-15,All-Floors,Alumni,1,1,0,279183,60936,340119
2020-02-15,All-Floors,Others(HKUST),7,157,997555,21783001598,1936496663,23719498261
2020-02-15,All-Floors,Non-HKUST,3,3,0,8842984,9348793,18191777
2020-02-15,All-Floors,Total,154,643,1442527,104866598667,26338124205,131204722872
2020-02-16,1,Staff,5,6,88200,405694507,19162020,424856527
2020-02-16,1,TPG,3,3,1799,222791563,27798118,250589681
2020-02-16,1,RPG,4,4,539,93262135,5472800,98734935
2020-02-16,1,UG,3,3,0,20899411,36063183,56962594
2020-02-16,1,Alumni,0,0,0,0,0,0
2020-02-16,1,Others(HKUST),1,25,248579,6014069769,312738902,6326808671
2020-02-16,1,Non-HKUST,0,0,0,0,0,0
2020-02-16,1,Total,16,41,339117,6756717385,401235023,7157952408
2020-02-16,G,Staff,6,14,206459,15459415401,2002566606,17461982007
2020-02-16,G,TPG,0,0,0,0,0,0
2020-02-16,G,RPG,0,0,0,0,0,0
2020-02-16,G,UG,0,0,0,0,0,0
2020-02-16,G,Alumni,0,0,0,0,0,0
2020-02-16,G,Others(HKUST),1,1,86399,979866532,140472278,1120338810
2020-02-16,G,Non-HKUST,1,1,0,272735,109888,382623
2020-02-16,G,Total,8,16,292858,16439554668,2143148772,18582703440
2020-02-16,LG1,Staff,6,6,2520,2677974,1459290,4137264
2020-02-16,LG1,TPG,0,0,0,0,0,0
2020-02-16,LG1,RPG,2,2,540,6137999,1710481,7848480
2020-02-16,LG1,UG,12,12,3957,6993326249,236050223,7229376472
2020-02-16,LG1,Alumni,0,0,0,0,0,0
2020-02-16,LG1,Others(HKUST),2,6,431995,2348828230,460255470,2809083700
2020-02-16,LG1,Non-HKUST,0,0,0,0,0,0
2020-02-16,LG1,Total,22,26,439012,9350970452,699475464,10050445916
2020-02-16,LG3,Staff,10,16,2341,429888155,33647685,463535840
2020-02-16,LG3,TPG,2,2,0,46707778,4520643,51228421
2020-02-16,LG3,RPG,15,15,180,1106323636,35374707,1141698343
2020-02-16,LG3,UG,30,32,4681,1151398243,140935427,1292333670
2020-02-16,LG3,Alumni,0,0,0,0,0,0
2020-02-16,LG3,Others(HKUST),3,3,0,2301291,364043,2665334
2020-02-16,LG3,Non-HKUST,0,0,0,0,0,0
2020-02-16,LG3,Total,60,68,7202,2736619103,214842505,2951461608
2020-02-16,LG4,Staff,3,6,1261,3517832,1250412,4768244
2020-02-16,LG4,TPG,1,1,0,2755477991,153083384,2908561375
2020-02-16,LG4,RPG,13,13,180,274758095,22756519,297514614
2020-02-16,LG4,UG,28,49,13319,1876305518,156334155,2032639673
2020-02-16,LG4,Alumni,0,0,0,0,0,0
2020-02-16,LG4,Others(HKUST),5,18,177115,3841996238,483483284,4325479522
2020-02-16,LG4,Non-HKUST,1,1,0,3236611,627970,3864581
2020-02-16,LG4,Total,51,88,191875,8755292285,817535724,9572828009
2020-02-16,All-Floors,Staff,27,48,300781,16301193869,2058086013,18359279882
2020-02-16,All-Floors,TPG,6,6,1799,3024977332,185402145,3210379477
2020-02-16,All-Floors,RPG,34,34,1439,1480481865,65314507,1545796372
2020-02-16,All-Floors,UG,65,96,21957,10041929421,569382988,10611312409
2020-02-16,All-Floors,Alumni,0,0,0,0,0,0
2020-02-16,All-Floors,Others(HKUST),7,53,944088,13187062060,1397313977,14584376037
2020-02-16,All-Floors,Non-HKUST,2,2,0,3509346,737858,4247204
2020-02-16,All-Floors,Total,141,239,1270064,44039153893,4276237488,48315391381
2020-02-17,1,Staff,13,164,317559,5838653222,4544753839,10383407061
2020-02-17,1,TPG,0,0,0,0,0,0
2020-02-17,1,RPG,3,3,720,30541720,5559245,36100965
2020-02-17,1,UG,0,0,0,0,0,0
2020-02-17,1,Alumni,0,0,0,0,0,0
2020-02-17,1,Others(HKUST),1,21,245695,6018256424,312216634,6330473058
2020-02-17,1,Non-HKUST,0,0,0,0,0,0
2020-02-17,1,Total,17,188,563974,11887451366,4862529718,16749981084
2020-02-17,G,Staff,21,129,271478,23886162573,4965757794,28851920367
2020-02-17,G,TPG,0,0,0,0,0,0
2020-02-17,G,RPG,2,2,0,81785640,4609385,86395025
2020-02-17,G,UG,1,1,0,549436,367555,916991
2020-02-17,G,Alumni,0,0,0,0,0,0
2020-02-17,G,Others(HKUST),3,3,141288,1687828063,182930384,1870758447
2020-02-17,G,Non-HKUST,0,0,0,0,0,0
2020-02-17,G,Total,27,135,412766,25656325712,5153665118,30809990830
2020-02-17,LG1,Staff,13,49,49699,1713020182,909977765,2622997947
2020-02-17,LG1,TPG,0,0,0,0,0,0
2020-02-17,LG1,RPG,2,2,720,2026358,798626,2824984
2020-02-17,LG1,UG,8,9,4856,7175082,4261217,11436299
2020-02-17,LG1,Alumni,0,0,0,0,0,0
2020-02-17,LG1,Others(HKUST),2,7,431995,2350236205,461105127,2811341332
2020-02-17,LG1,Non-HKUST,0,0,0,0,0,0
2020-02-17,LG1,Total,25,67,487270,4072457827,1376142735,5448600562
2020-02-17,LG3,Staff,34,60,6300,2433095241,1274432266,3707527507
2020-02-17,LG3,TPG,2,3,0,121252793,37222658,158475451
2020-02-17,LG3,RPG,21,22,2698,365713617,24610708,390324325
2020-02-17,LG3,UG,28,30,0,1753157757,55064784,1808222541
2020-02-17,LG3,Alumni,0,0,0,0,0,0
2020-02-17,LG3,Others(HKUST),3,7,0,3846459,590580,4437039
2020-02-17,LG3,Non-HKUST,0,0,0,0,0,0
2020-02-17,LG3,Total,88,122,8998,4677065867,1391920996,6068986863
2020-02-17,LG4,Staff,17,18,1620,777299246,309890578,1087189824
2020-02-17,LG4,TPG,4,6,0,164259391,156562752,320822143
2020-02-17,LG4,RPG,17,21,0,299594026,22044812,321638838
2020-02-17,LG4,UG,34,53,3059,3339134376,188216273,3527350649
2020-02-17,LG4,Alumni,0,0,0,0,0,0
2020-02-17,LG4,Others(HKUST),3,18,212023,3681031406,602929039,4283960445
2020-02-17,LG4,Non-HKUST,0,0,0,0,0,0
2020-02-17,LG4,Total,75,116,216702,8261318445,1279643454,9540961899
2020-02-17,All-Floors,Staff,64,420,646656,34648230464,12004812242,46653042706
2020-02-17,All-Floors,TPG,5,9,0,285512184,193785410,479297594
2020-02-17,All-Floors,RPG,45,50,4138,779661361,57622776,837284137
2020-02-17,All-Floors,UG,67,93,7915,5100016651,247909829,5347926480
2020-02-17,All-Floors,Alumni,0,0,0,0,0,0
2020-02-17,All-Floors,Others(HKUST),8,56,1031001,13741198557,1559771764,15300970321
2020-02-17,All-Floors,Non-HKUST,0,0,0,0,0,0
2020-02-17,All-Floors,Total,189,628,1689710,54554619217,14063902021,68618521238
2020-02-18,1,Staff,18,143,295760,10120948624,1297064352,11418012976
2020-02-18,1,TPG,1,1,719,5196951,2957701,8154652
2020-02-18,1,RPG,9,9,2882,265524127,31992027,297516154
2020-02-18,1,UG,2,2,0,157565,110357,267922
2020-02-18,1,Alumni,0,0,0,0,0,0
2020-02-18,1,Others(HKUST),1,25,187020,6020432006,313606194,6334038200
2020-02-18,1,Non-HKUST,0,0,0,0,0,0
2020-02-18,1,Total,31,180,486381,16412259273,1645730631,18057989904
2020-02-18,G,Staff,23,164,290032,24898769465,3178163915,28076933380
2020-02-18,G,TPG,0,0,0,0,0,0
2020-02-18,G,RPG,1,1,0,154111,108944,263055
2020-02-18,G,UG,4,4,180,57666796,7487328,65154124
2020-02-18,G,Alumni,0,0,0,0,0,0
2020-02-18,G,Others(HKUST),2,3,233090,6940551277,377403103,7317954380
2020-02-18,G,Non-HKUST,1,1,0,23465,10672,34137
2020-02-18,G,Total,31,173,523302,31897165114,3563173962,35460339076
2020-02-18,LG1,Staff,14,99,35295,5346922160,309830119,5656752279
2020-02-18,LG1,TPG,1,1,180,9988,7641,17629
2020-02-18,LG1,RPG,3,3,719,891547,445741,1337288
2020-02-18,LG1,UG,14,16,5402,143653800,33782796,177436596
2020-02-18,LG1,Alumni,0,0,0,0,0,0
2020-02-18,LG1,Others(HKUST),4,8,435235,2443685892,467278955,2910964847
2020-02-18,LG1,Non-HKUST,0,0,0,0,0,0
2020-02-18,LG1,Total,36,127,476831,7935163387,811345252,8746508639
2020-02-18,LG3,Staff,34,93,4862,4295995878,419157621,4715153499
2020-02-18,LG3,TPG,1,1,0,793924,248141,1042065
2020-02-18,LG3,RPG,28,29,1440,1587417135,105264669,1692681804
2020-02-18,LG3,UG,23,25,361,643430253,44187646,687617899
2020-02-18,LG3,Alumni,0,0,0,0,0,0
2020-02-18,LG3,Others(HKUST),1,4,180,1117947,215363,1333310
2020-02-18,LG3,Non-HKUST,2,2,0,235717369,2386643,238104012
2020-02-18,LG3,Total,89,154,6843,6764472506,571460083,7335932589
2020-02-18,LG4,Staff,21,79,5941,7287558517,414082126,7701640643
2020-02-18,LG4,TPG,5,5,0,105247467,7530504,112777971
2020-02-18,LG4,RPG,23,23,360,369947668,31752612,401700280
2020-02-18,LG4,UG,24,47,3779,4847794797,237439335,5085234132
2020-02-18,LG4,Alumni,0,0,0,0,0,0
2020-02-18,LG4,Others(HKUST),6,31,212383,5367568518,539569388,5907137906
2020-02-18,LG4,Non-HKUST,3,3,0,3186409,483631,3670040
2020-02-18,LG4,Total,82,188,222463,17981303376,1230857596,19212160972
2020-02-18,All-Floors,Staff,61,578,631890,51950194644,5618298133,57568492777
2020-02-18,All-Floors,TPG,8,8,899,111248330,10743987,121992317
2020-02-18,All-Floors,RPG,61,65,5401,2223934588,169563993,2393498581
2020-02-18,All-Floors,UG,63,94,9722,5692703211,323007462,6015710673
2020-02-18,All-Floors,Alumni,0,0,0,0,0,0
2020-02-18,All-Floors,Others(HKUST),8,71,1067908,20773355640,1698073003,22471428643
2020-02-18,All-Floors,Non-HKUST,6,6,0,238927243,2880946,241808189
2020-02-18,All-Floors,Total,207,822,1715820,80990363656,7822567524,88812931180
2020-02-19,1,Staff,27,277,450044,16771405299,22593371318,39364776617
2020-02-19,1,TPG,0,0,0,0,0,0
2020-02-19,1,RPG,4,5,0,34410606,2775265,37185871
2020-02-19,1,UG,1,1,0,19727,17921,37648
2020-02-19,1,Alumni,0,0,0,0,0,0
2020-02-19,1,Others(HKUST),1,22,204287,7158215910,466379835,7624595745
2020-02-19,1,Non-HKUST,0,0,0,0,0,0
2020-02-19,1,Total,33,305,654331,23964051542,23062544339,47026595881
2020-02-19,G,Staff,37,207,390100,27164686410,8410444906,35575131316
2020-02-19,G,TPG,0,0,0,0,0,0
2020-02-19,G,RPG,2,2,0,794627,187225,981852
2020-02-19,G,UG,5,5,182,172780281,22632078,195412359
2020-02-19,G,Alumni,0,0,0,0,0,0
2020-02-19,G,Others(HKUST),2,4,209173,8047659876,535715516,8583375392
2020-02-19,G,Non-HKUST,0,0,0,0,0,0
2020-02-19,G,Total,46,218,599455,35385921194,8968979725,44354900919
2020-02-19,LG1,Staff,11,37,18009,536614690,190400871,727015561
2020-02-19,LG1,TPG,2,2,1078,2462987,800649,3263636
2020-02-19,LG1,RPG,2,2,719,5536851,925967,6462818
2020-02-19,LG1,UG,7,7,1799,4691622096,435502165,5127124261
2020-02-19,LG1,Alumni,0,0,0,0,0,0
2020-02-19,LG1,Others(HKUST),2,10,431451,4544242465,879657044,5423899509
2020-02-19,LG1,Non-HKUST,0,0,0,0,0,0
2020-02-19,LG1,Total,24,58,453056,9780479089,1507286696,11287765785
2020-02-19,LG3,Staff,39,78,8998,2333634706,1531882559,3865517265
2020-02-19,LG3,TPG,1,1,0,8857234,659746,9516980
2020-02-19,LG3,RPG,14,14,720,215351588,41903396,257254984
2020-02-19,LG3,UG,43,52,42472,8427799806,518599766,8946399572
2020-02-19,LG3,Alumni,0,0,0,0,0,0
2020-02-19,LG3,Others(HKUST),3,4,0,255116263,8863232,263979495
2020-02-19,LG3,Non-HKUST,0,0,0,0,0,0
2020-02-19,LG3,Total,100,149,52190,11240759597,2101908699,13342668296
2020-02-19,LG4,Staff,24,56,6296,802270221,271320135,1073590356
2020-02-19,LG4,TPG,0,0,0,0,0,0
2020-02-19,LG4,RPG,23,23,0,476297630,34494416,510792046
2020-02-19,LG4,UG,24,47,5400,6883778772,386528284,7270307056
2020-02-19,LG4,Alumni,0,0,0,0,0,0
2020-02-19,LG4,Others(HKUST),3,9,175134,3989605969,567692195,4557298164
2020-02-19,LG4,Non-HKUST,0,0,0,0,0,0
2020-02-19,LG4,Total,74,135,186830,12151952592,1260035030,13411987622
2020-02-19,All-Floors,Staff,81,655,873447,47608611326,32997419789,80606031115
2020-02-19,All-Floors,TPG,3,3,1078,11320221,1460395,12780616
2020-02-19,All-Floors,RPG,43,46,1439,732391302,80286269,812677571
2020-02-19,All-Floors,UG,76,112,49853,20176000682,1363280214,21539280896
2020-02-19,All-Floors,Alumni,0,0,0,0,0,0
2020-02-19,All-Floors,Others(HKUST),8,49,1020045,23994840483,2458307822,26453148305
2020-02-19,All-Floors,Non-HKUST,0,0,0,0,0,0
2020-02-19,All-Floors,Total,211,865,1945862,92523164014,36900754489,129423918503
2020-02-20,1,Staff,15,138,372300,12141586788,3385813432,15527400220
2020-02-20,1,TPG,0,0,0,0,0,0
2020-02-20,1,RPG,2,2,180,3899108,602674,4501782
2020-02-20,1,UG,3,3,0,279517,146653,426170
2020-02-20,1,Alumni,0,0,0,0,0,0
2020-02-20,1,Others(HKUST),1,26,246055,6338312617,351363308,6689675925
2020-02-20,1,Non-HKUST,0,0,0,0,0,0
2020-02-20,1,Total,21,169,618535,18484078030,3737926067,22222004097
2020-02-20,G,Staff,25,168,312515,40810461273,7764634683,48575095956
2020-02-20,G,TPG,0,0,0,0,0,0
2020-02-20,G,RPG,1,1,0,6089655,1789732,7879387
2020-02-20,G,UG,0,0,0,0,0,0
2020-02-20,G,Alumni,0,0,0,0,0,0
2020-02-20,G,Others(HKUST),3,3,173158,1815106436,200786783,2015893219
2020-02-20,G,Non-HKUST,0,0,0,0,0,0
2020-02-20,G,Total,29,172,485673,42631657364,7967211198,50598868562
2020-02-20,LG1,Staff,13,62,34394,2060353757,271723273,2332077030
2020-02-20,LG1,TPG,1,1,0,28184,30865,59049
2020-02-20,LG1,RPG,5,5,1261,2929782,552496,3482278
2020-02-20,LG1,UG,11,12,4679,137114074,28844719,165958793
2020-02-20,LG1,Alumni,0,0,0,0,0,0
2020-02-20,LG1,Others(HKUST),2,8,431636,3916409687,730516773,4646926460
2020-02-20,LG1,Non-HKUST,0,0,0,0,0,0
2020-02-20,LG1,Total,32,88,471970,6116835484,1031668126,7148503610
2020-02-20,LG3,Staff,34,72,5402,4460451577,1234465291,5694916868
2020-02-20,LG3,TPG,1,1,1079,155494,20295,175789
2020-02-20,LG3,RPG,20,20,179,475715851,33611316,509327167
2020-02-20,LG3,UG,24,28,13314,2347480600,278900778,2626381378
2020-02-20,LG3,Alumni,0,0,0,0,0,0
2020-02-20,LG3,Others(HKUST),3,4,0,899501,651081,1550582
2020-02-20,LG3,Non-HKUST,2,2,0,101156029,10068661,111224690
2020-02-20,LG3,Total,84,127,19974,7385859052,1557717422,8943576474
2020-02-20,LG4,Staff,21,28,4677,1341308773,3153050921,4494359694
2020-02-20,LG4,TPG,2,2,0,114842300,7882117,122724417
2020-02-20,LG4,RPG,16,17,361,317245474,20285284,337530758
2020-02-20,LG4,UG,44,78,8089,8677928788,588059510,9265988298
2020-02-20,LG4,Alumni,0,0,0,0,0,0
2020-02-20,LG4,Others(HKUST),4,23,178018,6257863051,825683473,7083546524
2020-02-20,LG4,Non-HKUST,0,0,0,0,0,0
2020-02-20,LG4,Total,87,148,191145,16709188386,4594961305,21304149691
2020-02-20,All-Floors,Staff,67,468,729288,60814162168,15809687600,76623849768
2020-02-20,All-Floors,TPG,4,4,1079,115025978,7933277,122959255
2020-02-20,All-Floors,RPG,42,45,1981,805879870,56841502,862721372
2020-02-20,All-Floors,UG,75,121,26082,11162802979,895951660,12058754639
2020-02-20,All-Floors,Alumni,0,0,0,0,0,0
2020-02-20,All-Floors,Others(HKUST),8,64,1028867,18328591292,2109001418,20437592710
2020-02-20,All-Floors,Non-HKUST,2,2,0,101156029,10068661,111224690
2020-02-20,All-Floors,Total,198,704,1787297,91327618316,18889484118,110217102434
2020-02-21,1,Staff,23,298,427564,13240404791,27433853804,40674258595
2020-02-21,1,TPG,1,1,0,0,0,0
2020-02-21,1,RPG,3,3,0,3878176,1620234,5498410
2020-02-21,1,UG,5,5,538,153342355,1458497,154800852
2020-02-21,1,Alumni,0,0,0,0,0,0
2020-02-21,1,Others(HKUST),1,11,253974,6342613905,352083690,6694697595
2020-02-21,1,Non-HKUST,0,0,0,0,0,0
2020-02-21,1,Total,33,318,682076,19740239227,27789016225,47529255452
2020-02-21,G,Staff,28,204,325839,25111162326,3920142641,29031304967
2020-02-21,G,TPG,0,0,0,0,0,0
2020-02-21,G,RPG,5,5,180,318146081,26379998,344526079
2020-02-21,G,UG,3,3,0,149451921,8691454,158143375
2020-02-21,G,Alumni,0,0,0,0,0,0
2020-02-21,G,Others(HKUST),2,2,172798,1815060587,200763401,2015823988
2020-02-21,G,Non-HKUST,0,0,0,0,0,0
2020-02-21,G,Total,38,214,498817,27393820915,4155977494,31549798409
2020-02-21,LG1,Staff,22,77,20889,2579090105,687985990,3267076095
2020-02-21,LG1,TPG,0,0,0,0,0,0
2020-02-21,LG1,RPG,5,5,719,17339578,2925145,20264723
2020-02-21,LG1,UG,14,15,5216,292130031,18070722,310200753
2020-02-21,LG1,Alumni,0,0,0,0,0,0
2020-02-21,LG1,Others(HKUST),1,5,431995,2860093323,539099626,3399192949
2020-02-21,LG1,Non-HKUST,1,1,0,0,0,0
2020-02-21,LG1,Total,43,103,458819,5748653037,1248081483,6996734520
2020-02-21,LG3,Staff,49,88,7197,2831564343,1962266057,4793830400
2020-02-21,LG3,TPG,4,6,180,1738709952,123379299,1862089251
2020-02-21,LG3,RPG,46,48,5583,3995338342,1381215647,5376553989
2020-02-21,LG3,UG,23,25,6486,3866434920,117185219,3983620139
2020-02-21,LG3,Alumni,1,1,0,5780629,3204465,8985094
2020-02-21,LG3,Others(HKUST),3,8,900,779843,327748,1107591
2020-02-21,LG3,Non-HKUST,2,3,0,25403324,3300836,28704160
2020-02-21,LG3,Total,128,179,20346,12464011353,3590879271,16054890624
2020-02-21,LG4,Staff,31,50,2880,1990106316,137476079,2127582395
2020-02-21,LG4,TPG,3,4,1257,1925325854,144483749,2069809603
2020-02-21,LG4,RPG,26,27,0,1310906649,58250250,1369156899
2020-02-21,LG4,UG,36,59,1448,9875774004,1374037320,11249811324
2020-02-21,LG4,Alumni,0,0,0,0,0,0
2020-02-21,LG4,Others(HKUST),6,22,182337,8434171924,963840927,9398012851
2020-02-21,LG4,Non-HKUST,3,3,0,102723017,3831073,106554090
2020-02-21,LG4,Total,105,165,187922,23639007764,2681919398,26320927162
2020-02-21,All-Floors,Staff,96,717,784369,45752327881,34141724571,79894052452
2020-02-21,All-Floors,TPG,7,11,1437,3664035806,267863048,3931898854
2020-02-21,All-Floors,RPG,85,88,6482,5645608826,1470391274,7116000100
2020-02-21,All-Floors,UG,74,107,13688,14337133231,1519443212,15856576443
2020-02-21,All-Floors,Alumni,1,1,0,5780629,3204465,8985094
2020-02-21,All-Floors,Others(HKUST),9,48,1042004,19452719582,2056115392,21508834974
2020-02-21,All-Floors,Non-HKUST,5,7,0,128126341,7131909,135258250
2020-02-21,All-Floors,Total,277,979,1847980,88985732296,39465873871,128451606167
2020-02-22,1,Staff,5,41,120066,1585969851,2012557481,3598527332
2020-02-22,1,TPG,0,0,0,0,0,0
2020-02-22,1,RPG,2,2,0,80376120,5702831,86078951
2020-02-22,1,UG,4,4,720,3420336,1457251,4877587
2020-02-22,1,Alumni,0,0,0,0,0,0
2020-02-22,1,Others(HKUST),1,14,253079,6345170654,352851180,6698021834
2020-02-22,1,Non-HKUST,1,2,0,21710719,1580623,23291342
2020-02-22,1,Total,13,63,373865,8036647680,2374149366,10410797046
2020-02-22,G,Staff,15,60,174598,19709003105,5402686396,25111689501
2020-02-22,G,TPG,0,0,0,0,0,0
2020-02-22,G,RPG,0,0,0,0,0,0
2020-02-22,G,UG,2,2,0,182694340,10704016,193398356
2020-02-22,G,Alumni,0,0,0,0,0,0
2020-02-22,G,Others(HKUST),3,4,172798,1826927960,201655246,2028583206
2020-02-22,G,Non-HKUST,1,1,180,13564,5405,18969
2020-02-22,G,Total,21,67,347576,21718638969,5615051063,27333690032
2020-02-22,LG1,Staff,7,24,3783,1028032918,1232719141,2260752059
2020-02-22,LG1,TPG,0,0,0,0,0,0
2020-02-22,LG1,RPG,3,3,901,7688360,1380831,9069191
2020-02-22,LG1,UG,6,6,2162,540962768,84058126,625020894
2020-02-22,LG1,Alumni,0,0,0,0,0,0
2020-02-22,LG1,Others(HKUST),2,6,431995,2866028087,539550101,3405578188
2020-02-22,LG1,Non-HKUST,0,0,0,0,0,0
2020-02-22,LG1,Total,18,39,438841,4442712133,1857708199,6300420332
2020-02-22,LG3,Staff,9,22,1979,914648656,1572612634,2487261290
2020-02-22,LG3,TPG,3,5,1980,563636674,38285443,601922117
2020-02-22,LG3,RPG,27,28,2521,722374988,62000650,784375638
2020-02-22,LG3,UG,30,32,2880,2590848635,126625642,2717474277
2020-02-22,LG3,Alumni,0,0,0,0,0,0
2020-02-22,LG3,Others(HKUST),2,5,180,6593233,829399,7422632
2020-02-22,LG3,Non-HKUST,2,2,0,50507259,8178039,58685298
2020-02-22,LG3,Total,73,94,9540,4848609445,1808531807,6657141252
2020-02-22,LG4,Staff,12,32,360,1616195799,2327333971,3943529770
2020-02-22,LG4,TPG,5,6,2161,276634747,62255815,338890562
2020-02-22,LG4,RPG,20,20,0,372733141,29051450,401784591
2020-02-22,LG4,UG,23,43,5398,15344199290,447784873,15791984163
2020-02-22,LG4,Alumni,1,1,179,4604937,466358,5071295
2020-02-22,LG4,Others(HKUST),4,10,195483,3345754623,528517777,3874272400
2020-02-22,LG4,Non-HKUST,1,1,0,117981,72871,190852
2020-02-22,LG4,Total,66,113,203581,20960240518,3395483115,24355723633
2020-02-22,All-Floors,Staff,35,179,300786,24853850329,12547909623,37401759952
2020-02-22,All-Floors,TPG,7,11,4141,840271421,100541258,940812679
2020-02-22,All-Floors,RPG,51,53,3422,1183172609,98135762,1281308371
2020-02-22,All-Floors,UG,62,87,11160,18662125369,670629908,19332755277
2020-02-22,All-Floors,Alumni,1,1,179,4604937,466358,5071295
2020-02-22,All-Floors,Others(HKUST),6,39,1053535,14390474557,1623403703,16013878260
2020-02-22,All-Floors,Non-HKUST,5,6,180,72349523,9836938,82186461
2020-02-22,All-Floors,Total,167,376,1373403,60006848745,15050923550,75057772295
2020-02-23,1,Staff,7,29,117903,6847738151,602415360,7450153511
2020-02-23,1,TPG,2,2,721,8566662,1201590,9768252
2020-02-23,1,RPG,5,5,901,42577360,4678285,47255645
2020-02-23,1,UG,1,1,0,2855727,310746,3166473
2020-02-23,1,Alumni,0,0,0,0,0,0
2020-02-23,1,Others(HKUST),1,26,244439,6334699568,349911005,6684610573
2020-02-23,1,Non-HKUST,0,0,0,0,0,0
2020-02-23,1,Total,16,63,363964,13236437468,958516986,14194954454
2020-02-23,G,Staff,10,50,226982,20896222983,2893469632,23789692615
2020-02-23,G,TPG,0,0,0,0,0,0
2020-02-23,G,RPG,0,0,0,0,0,0
2020-02-23,G,UG,2,2,0,332963883,25579032,358542915
2020-02-23,G,Alumni,0,0,0,0,0,0
2020-02-23,G,Others(HKUST),3,5,172618,2916873462,281763219,3198636681
2020-02-23,G,Non-HKUST,0,0,0,0,0,0
2020-02-23,G,Total,15,57,399600,24146060328,3200811883,27346872211
2020-02-23,LG1,Staff,12,17,10263,288637176,19540415,308177591
2020-02-23,LG1,TPG,1,1,720,5537458,1075712,6613170
2020-02-23,LG1,RPG,1,1,180,230411,89567,319978
2020-02-23,LG1,UG,4,8,2519,185718178,10491277,196209455
2020-02-23,LG1,Alumni,0,0,0,0,0,0
2020-02-23,LG1,Others(HKUST),1,5,431995,2860093323,539099626,3399192949
2020-02-23,LG1,Non-HKUST,0,0,0,0,0,0
2020-02-23,LG1,Total,19,32,445677,3340216546,570296597,3910513143
2020-02-23,LG3,Staff,17,57,10982,7973868537,415551243,8389419780
2020-02-23,LG3,TPG,5,5,360,286405342,39465265,325870607
2020-02-23,LG3,RPG,18,18,1080,610772397,27353287,638125684
2020-02-23,LG3,UG,12,12,721,999015090,15723156,1014738246
2020-02-23,LG3,Alumni,0,0,0,0,0,0
2020-02-23,LG3,Others(HKUST),3,6,720,5254370,1243518,6497888
2020-02-23,LG3,Non-HKUST,1,1,0,18558663,8078224,26636887
2020-02-23,LG3,Total,56,99,13863,9893874399,507414693,10401289092
2020-02-23,LG4,Staff,10,19,1081,4198240634,139647538,4337888172
2020-02-23,LG4,TPG,2,2,0,18506079,1687209,20193288
2020-02-23,LG4,RPG,19,20,0,1361928656,54697645,1416626301
2020-02-23,LG4,UG,35,49,4139,5913152832,407159109,6320311941
2020-02-23,LG4,Alumni,1,1,0,104055093,11415431,115470524
2020-02-23,LG4,Others(HKUST),3,5,172798,3086830117,442189378,3529019495
2020-02-23,LG4,Non-HKUST,0,0,0,0,0,0
2020-02-23,LG4,Total,70,96,178018,14682713411,1056796310,15739509721
2020-02-23,All-Floors,Staff,41,172,367211,40204707481,4070624188,44275331669
2020-02-23,All-Floors,TPG,10,10,1801,319015541,43429776,362445317
2020-02-23,All-Floors,RPG,42,44,2161,2015508824,86818784,2102327608
2020-02-23,All-Floors,UG,52,72,7379,7433705710,459263320,7892969030
2020-02-23,All-Floors,Alumni,1,1,0,104055093,11415431,115470524
2020-02-23,All-Floors,Others(HKUST),8,47,1022570,15203750840,1614206746,16817957586
2020-02-23,All-Floors,Non-HKUST,1,1,0,18558663,8078224,26636887
2020-02-23,All-Floors,Total,155,347,1401122,65299302152,6293836469,71593138621
2020-02-24,1,Staff,26,186,401238,10070902604,1396973425,11467876029
2020-02-24,1,TPG,1,1,0,5189,3492,8681
2020-02-24,1,RPG,3,3,180,50890159,5737878,56628037
2020-02-24,1,UG,4,4,0,198694,155533,354227
2020-02-24,1,Alumni,0,0,0,0,0,0
2020-02-24,1,Others(HKUST),1,14,252354,6328584787,346961627,6675546414
2020-02-24,1,Non-HKUST,0,0,0,0,0,0
2020-02-24,1,Total,35,208,653772,16450581433,1749831955,18200413388
2020-02-24,G,Staff,53,343,509545,29983768443,2896346885,32880115328
2020-02-24,G,TPG,3,5,720,153064849,4280778,157345627
2020-02-24,G,RPG,13,18,1081,129763624,14562311,144325935
2020-02-24,G,UG,23,38,30249,4270804611,607422046,4878226657
2020-02-24,G,Alumni,0,0,0,0,0,0
2020-02-24,G,Others(HKUST),4,6,178558,2324814763,224391139,2549205902
2020-02-24,G,Non-HKUST,0,0,0,0,0,0
2020-02-24,G,Total,96,410,720153,36862216290,3747003159,40609219449
2020-02-24,LG1,Staff,33,250,255282,14916984796,1536754065,16453738861
2020-02-24,LG1,TPG,45,400,1251002,143180799566,25080772451,168261572017
2020-02-24,LG1,RPG,20,86,210250,8240020166,6201741875,14441762041
2020-02-24,LG1,UG,116,780,2492566,242682122087,28503003063,271185125150
2020-02-24,LG1,Alumni,0,0,0,0,0,0
2020-02-24,LG1,Others(HKUST),4,157,460974,18900481613,2245429107,21145910720
2020-02-24,LG1,Non-HKUST,5,14,60303,1770581842,427561689,2198143531
2020-02-24,LG1,Total,223,1687,4730377,429690990070,63995262250,493686252320
2020-02-24,LG3,Staff,39,60,24841,1521849676,253056759,1774906435
2020-02-24,LG3,TPG,9,11,901,829538095,89229960,918768055
2020-02-24,LG3,RPG,34,36,0,1542834096,97266513,1640100609
2020-02-24,LG3,UG,57,72,29509,12200210866,1359696281,13559907147
2020-02-24,LG3,Alumni,0,0,0,0,0,0
2020-02-24,LG3,Others(HKUST),3,15,1620,80524537,8513554,89038091
2020-02-24,LG3,Non-HKUST,2,2,0,47229,16950,64179
2020-02-24,LG3,Total,144,196,56871,16175004499,1807780017,17982784516
2020-02-24,LG4,Staff,27,35,1260,1101342672,169440433,1270783105
2020-02-24,LG4,TPG,9,9,0,547231611,30554624,577786235
2020-02-24,LG4,RPG,36,38,1259,486800868,41360033,528160901
2020-02-24,LG4,UG,40,61,11155,18341013625,1654381244,19995394869
2020-02-24,LG4,Alumni,0,0,0,0,0,0
2020-02-24,LG4,Others(HKUST),4,19,181973,4286041307,895534545,5181575852
2020-02-24,LG4,Non-HKUST,2,2,0,1469025,238337,1707362
2020-02-24,LG4,Total,118,164,195647,24763899108,2791509216,27555408324
2020-02-24,All-Floors,Staff,110,874,1192166,57594848191,6252571567,63847419758
2020-02-24,All-Floors,TPG,55,426,1252623,144710639310,25204841305,169915480615
2020-02-24,All-Floors,RPG,99,181,212770,10450308913,6360668610,16810977523
2020-02-24,All-Floors,UG,183,955,2563479,277494349883,32124658167,309619008050
2020-02-24,All-Floors,Alumni,0,0,0,0,0,0
2020-02-24,All-Floors,Others(HKUST),9,211,1075479,31920447007,3720829972,35641276979
2020-02-24,All-Floors,Non-HKUST,9,18,60303,1772098096,427816976,2199915072
2020-02-24,All-Floors,Total,465,2665,6356820,523942691400,74091386597,598034077997
2020-02-25,1,Staff,23,171,455873,16692861240,17374819328,34067680568
2020-02-25,1,TPG,0,0,0,0,0,0
2020-02-25,1,RPG,5,5,719,18693209,3058625,21751834
2020-02-25,1,UG,3,3,0,129751,35942,165693
2020-02-25,1,Alumni,0,0,0,0,0,0
2020-02-25,1,Others(HKUST),1,21,250748,12976573673,728609757,13705183430
2020-02-25,1,Non-HKUST,0,0,0,0,0,0
2020-02-25,1,Total,32,200,707340,29688257873,18106523652,47794781525
2020-02-25,G,Staff,33,213,413568,30034547253,8653394623,38687941876
2020-02-25,G,TPG,7,8,8645,155233210,22301241,177534451
2020-02-25,G,RPG,10,14,1982,266848063,18632598,285480661
2020-02-25,G,UG,16,19,542,889522935,40086025,929608960
2020-02-25,G,Alumni,0,0,0,0,0,0
2020-02-25,G,Others(HKUST),3,4,166152,3525074471,412440247,3937514718
2020-02-25,G,Non-HKUST,0,0,0,0,0,0
2020-02-25,G,Total,69,258,590889,34871225932,9146854734,44018080666
2020-02-25,LG1,Staff,23,120,119192,15178801369,2299004882,17477806251
2020-02-25,LG1,TPG,45,408,1369998,96311452572,9728901535,106040354107
2020-02-25,LG1,RPG,28,155,244454,14767370970,2385278306,17152649276
2020-02-25,LG1,UG,90,613,1991736,153482573924,24568107366,178050681290
2020-02-25,LG1,Alumni,1,1,9355,1438519615,175640491,1614160106
2020-02-25,LG1,Others(HKUST),2,106,483466,23758278975,1388298415,25146577390
2020-02-25,LG1,Non-HKUST,2,3,39071,4555200448,199802466,4755002914
2020-02-25,LG1,Total,191,1406,4257272,309492197873,40745033461,350237231334
2020-02-25,LG3,Staff,52,114,47345,1302160094,562066159,1864226253
2020-02-25,LG3,TPG,5,5,0,671826851,43376974,715203825
2020-02-25,LG3,RPG,37,39,1258,2402747602,345508498,2748256100
2020-02-25,LG3,UG,28,34,17641,4915518488,436177788,5351696276
2020-02-25,LG3,Alumni,2,3,0,978070803,28833269,1006904072
2020-02-25,LG3,Others(HKUST),3,8,3597,15293504,3415560,18709064
2020-02-25,LG3,Non-HKUST,0,0,0,0,0,0
2020-02-25,LG3,Total,127,203,69841,10285617342,1419378248,11704995590
2020-02-25,LG4,Staff,31,44,5402,441229063,68540927,509769990
2020-02-25,LG4,TPG,11,12,3063,1000178725,75316446,1075495171
2020-02-25,LG4,RPG,26,28,2158,405004969,19144560,424149529
2020-02-25,LG4,UG,43,78,10255,8148137595,946941348,9095078943
2020-02-25,LG4,Alumni,0,0,0,0,0,0
2020-02-25,LG4,Others(HKUST),4,14,177477,10942020945,831887585,11773908530
2020-02-25,LG4,Non-HKUST,0,0,0,0,0,0
2020-02-25,LG4,Total,115,176,198355,20936571297,1941830866,22878402163
2020-02-25,All-Floors,Staff,114,662,1041380,63649599019,28957825919,92607424938
2020-02-25,All-Floors,TPG,51,433,1381706,98138691358,9869896196,108008587554
2020-02-25,All-Floors,RPG,96,241,250571,17860664813,2771622587,20632287400
2020-02-25,All-Floors,UG,145,747,2020174,167435882693,25991348469,193427231162
2020-02-25,All-Floors,Alumni,3,4,9355,2416590418,204473760,2621064178
2020-02-25,All-Floors,Others(HKUST),7,153,1081440,51217241568,3364651564,54581893132
2020-02-25,All-Floors,Non-HKUST,2,3,39071,4555200448,199802466,4755002914
2020-02-25,All-Floors,Total,418,2243,5823697,405273870317,71359620961,476633491278
2020-02-26,1,Staff,26,253,557787,33481495725,62261909385,95743405110
2020-02-26,1,TPG,1,1,721,29134,7093,36227
2020-02-26,1,RPG,5,5,358,66434887,3990115,70425002
2020-02-26,1,UG,2,2,721,2730973,508703,3239676
2020-02-26,1,Alumni,0,0,0,0,0,0
2020-02-26,1,Others(HKUST),2,15,210071,6652590841,383356273,7035947114
2020-02-26,1,Non-HKUST,0,0,0,0,0,0
2020-02-26,1,Total,36,276,769658,40203281560,62649771569,102853053129
2020-02-26,G,Staff,36,244,200774,22225092836,13220257338,35445350174
2020-02-26,G,TPG,1,1,180,2901402,787528,3688930
2020-02-26,G,RPG,12,16,721,227083968,23188143,250272111
2020-02-26,G,UG,8,13,899,283507372,30470954,313978326
2020-02-26,G,Alumni,0,0,0,0,0,0
2020-02-26,G,Others(HKUST),3,3,87120,1241076180,176703857,1417780037
2020-02-26,G,Non-HKUST,0,0,0,0,0,0
2020-02-26,G,Total,60,277,289694,23979661758,13451407820,37431069578
2020-02-26,LG1,Staff,25,122,225603,10394788441,850947223,11245735664
2020-02-26,LG1,TPG,41,378,1080963,108212069080,20450385506,128662454586
2020-02-26,LG1,RPG,28,172,418540,18689624028,5190575850,23880199878
2020-02-26,LG1,UG,97,640,2207332,300551938887,31244867939,331796806826
2020-02-26,LG1,Alumni,1,2,11524,666196150,36991056,703187206
2020-02-26,LG1,Others(HKUST),4,81,466369,12473688656,1577175974,14050864630
2020-02-26,LG1,Non-HKUST,0,0,0,0,0,0
2020-02-26,LG1,Total,196,1395,4410331,450988305242,59350943548,510339248790
2020-02-26,LG3,Staff,53,95,45375,3594250372,205107716,3799358088
2020-02-26,LG3,TPG,3,3,0,316595291,40231401,356826692
2020-02-26,LG3,RPG,22,22,900,1033767731,66321495,1100089226
2020-02-26,LG3,UG,31,34,180,8493316540,554163176,9047479716
2020-02-26,LG3,Alumni,0,0,0,0,0,0
2020-02-26,LG3,Others(HKUST),2,4,0,587088,482356,1069444
2020-02-26,LG3,Non-HKUST,2,2,0,12020796,2164315,14185111
2020-02-26,LG3,Total,113,160,46455,13450537818,868470459,14319008277
2020-02-26,LG4,Staff,25,33,1799,260315642,27732222,288047864
2020-02-26,LG4,TPG,8,8,178,99207532,25180974,124388506
2020-02-26,LG4,RPG,40,43,0,1829830382,123215229,1953045611
2020-02-26,LG4,UG,40,61,9898,12372701620,766516886,13139218506
2020-02-26,LG4,Alumni,0,0,0,0,0,0
2020-02-26,LG4,Others(HKUST),5,18,175856,5847334539,852567449,6699901988
2020-02-26,LG4,Non-HKUST,0,0,0,0,0,0
2020-02-26,LG4,Total,118,163,187731,20409389715,1795212760,22204602475
2020-02-26,All-Floors,Staff,107,747,1031338,69955943016,76565953884,146521896900
2020-02-26,All-Floors,TPG,48,391,1082042,108630802439,20516592502,129147394941
2020-02-26,All-Floors,RPG,96,258,420519,21846740996,5407290832,27254031828
2020-02-26,All-Floors,UG,150,750,2219030,321704195392,32596527658,354300723050
2020-02-26,All-Floors,Alumni,1,2,11524,666196150,36991056,703187206
2020-02-26,All-Floors,Others(HKUST),9,121,939416,26215277304,2990285909,29205563213
2020-02-26,All-Floors,Non-HKUST,2,2,0,12020796,2164315,14185111
2020-02-26,All-Floors,Total,413,2271,5703869,549031176093,138115806156,687146982249
2020-02-27,1,Staff,26,206,439866,33472815076,6552850702,40025665778
2020-02-27,1,TPG,1,1,720,35500753,2276695,37777448
2020-02-27,1,RPG,9,9,2337,50948963,2837657,53786620
2020-02-27,1,UG,2,2,0,4333998,6250656,10584654
2020-02-27,1,Alumni,0,0,0,0,0,0
2020-02-27,1,Others(HKUST),1,6,177478,6693493743,403284328,7096778071
2020-02-27,1,Non-HKUST,0,0,0,0,0,0
2020-02-27,1,Total,39,224,620401,40257092533,6967500038,47224592571
2020-02-27,G,Staff,37,203,205783,25227184548,7914805122,33141989670
2020-02-27,G,TPG,2,2,0,121941671,9465200,131406871
2020-02-27,G,RPG,10,14,361,414025682,14464076,428489758
2020-02-27,G,UG,13,19,540,1226704628,42394963,1269099591
2020-02-27,G,Alumni,0,0,0,0,0,0
2020-02-27,G,Others(HKUST),3,4,87120,1239971196,176413766,1416384962
2020-02-27,G,Non-HKUST,0,0,0,0,0,0
2020-02-27,G,Total,65,242,293804,28229827725,8157543127,36387370852
2020-02-27,LG1,Staff,18,104,163101,14482735149,5300715354,19783450503
2020-02-27,LG1,TPG,49,397,1344618,100542859032,10366637299,110909496331
2020-02-27,LG1,RPG,22,139,362386,22551843547,2475888010,25027731557
2020-02-27,LG1,UG,80,514,1767537,193438860990,24286729906,217725590896
2020-02-27,LG1,Alumni,1,11,29692,2411089030,157868709,2568957739
2020-02-27,LG1,Others(HKUST),3,8,432716,3372793063,617818095,3990611158
2020-02-27,LG1,Non-HKUST,1,2,15298,1085462098,503589159,1589051257
2020-02-27,LG1,Total,174,1175,4115348,337885642909,43709246532,381594889441
2020-02-27,LG3,Staff,34,67,27362,5592286714,1524707406,7116994120
2020-02-27,LG3,TPG,12,16,0,1501316309,178951336,1680267645
2020-02-27,LG3,RPG,43,46,14033,1750873141,127887810,1878760951
2020-02-27,LG3,UG,28,56,4495,58732508246,2094289011,60826797257
2020-02-27,LG3,Alumni,0,0,0,0,0,0
2020-02-27,LG3,Others(HKUST),3,4,0,11766628,5779244,17545872
2020-02-27,LG3,Non-HKUST,3,3,0,42776783,4952156,47728939
2020-02-27,LG3,Total,123,192,45890,67631527821,3936566963,71568094784
2020-02-27,LG4,Staff,38,71,96348,10150199103,4598937308,14749136411
2020-02-27,LG4,TPG,9,10,0,1458884947,88685026,1547569973
2020-02-27,LG4,RPG,30,30,0,1683334007,59247762,1742581769
2020-02-27,LG4,UG,36,58,8277,11063509874,3621338029,14684847903
2020-02-27,LG4,Alumni,0,0,0,0,0,0
2020-02-27,LG4,Others(HKUST),6,15,176579,3542731916,499563794,4042295710
2020-02-27,LG4,Non-HKUST,3,3,0,48923319,1425521,50348840
2020-02-27,LG4,Total,122,187,281204,27947583166,8869197440,36816780606
2020-02-27,All-Floors,Staff,94,651,932460,88925220590,25892015892,114817236482
2020-02-27,All-Floors,TPG,59,426,1345338,103660502712,10646015556,114306518268
2020-02-27,All-Floors,RPG,104,238,379117,26451025340,2680325315,29131350655
2020-02-27,All-Floors,UG,132,649,1780849,264465917736,30051002565,294516920301
2020-02-27,All-Floors,Alumni,1,11,29692,2411089030,157868709,2568957739
2020-02-27,All-Floors,Others(HKUST),10,37,873893,14860756546,1702859227,16563615773
2020-02-27,All-Floors,Non-HKUST,7,8,15298,1177162200,509966836,1687129036
2020-02-27,All-Floors,Total,407,2020,5356647,501951674154,71640054100,573591728254
2020-02-28,1,Staff,24,207,513970,46152179260,4667527318,50819706578
2020-02-28,1,TPG,1,1,0,660467,119122,779589
2020-02-28,1,RPG,7,7,1618,20777094,11731590,32508684
2020-02-28,1,UG,3,3,540,138832462,11644802,150477264
2020-02-28,1,Alumni,0,0,0,0,0,0
2020-02-28,1,Others(HKUST),2,3,172798,6647028460,381015174,7028043634
2020-02-28,1,Non-HKUST,0,0,0,0,0,0
2020-02-28,1,Total,37,221,688926,52959477743,5072038006,58031515749
2020-02-28,G,Staff,45,263,375045,62724484613,34809605569,97534090182
2020-02-28,G,TPG,4,4,719,32108612,1503384,33611996
2020-02-28,G,RPG,9,23,7732,361464046,22268951,383732997
2020-02-28,G,UG,7,9,0,82385871,5425930,87811801
2020-02-28,G,Alumni,0,0,0,0,0,0
2020-02-28,G,Others(HKUST),3,4,87479,1245531626,176246447,1421778073
2020-02-28,G,Non-HKUST,1,3,180,4586966,1664455,6251421
2020-02-28,G,Total,69,306,471155,64450561734,35016714736,99467276470
2020-02-28,LG1,Staff,25,124,220367,15563156685,6810758489,22373915174
2020-02-28,LG1,TPG,47,371,1212002,85850394095,12665883452,98516277547
2020-02-28,LG1,RPG,30,175,416018,42679066868,5220585378,47899652246
2020-02-28,LG1,UG,72,449,1413988,152265762339,16126942414,168392704753
2020-02-28,LG1,Alumni,0,0,0,0,0,0
2020-02-28,LG1,Others(HKUST),5,84,494097,15066961986,997365181,16064327167
2020-02-28,LG1,Non-HKUST,3,7,20333,97571164,17506452,115077616
2020-02-28,LG1,Total,182,1210,3776805,311522913137,41839041366,353361954503
2020-02-28,LG3,Staff,46,108,9180,3539265661,20785930987,24325196648
2020-02-28,LG3,TPG,5,13,1439,788221952,59448291,847670243
2020-02-28,LG3,RPG,32,38,4497,1742030391,114460766,1856491157
2020-02-28,LG3,UG,36,49,38508,5081184813,893937653,5975122466
2020-02-28,LG3,Alumni,0,0,0,0,0,0
2020-02-28,LG3,Others(HKUST),5,5,3964,777465690,15912565,793378255
2020-02-28,LG3,Non-HKUST,2,5,180,15497029,2885696,18382725
2020-02-28,LG3,Total,126,218,57768,11943665536,21872575958,33816241494
2020-02-28,LG4,Staff,31,65,11337,3372026775,5968306468,9340333243
2020-02-28,LG4,TPG,5,5,0,211857046,44091595,255948641
2020-02-28,LG4,RPG,25,27,0,947283288,48666547,995949835
2020-02-28,LG4,UG,25,44,10973,7589947780,814638799,8404586579
2020-02-28,LG4,Alumni,0,0,0,0,0,0
2020-02-28,LG4,Others(HKUST),4,10,177477,4066688562,546773862,4613462424
2020-02-28,LG4,Non-HKUST,3,3,1620,283816423,19415342,303231765
2020-02-28,LG4,Total,93,154,201407,16471619874,7441892613,23913512487
2020-02-28,All-Floors,Staff,106,767,1129899,131351112994,73042128831,204393241825
2020-02-28,All-Floors,TPG,52,394,1214160,86883242172,12771045844,99654288016
2020-02-28,All-Floors,RPG,87,270,429865,45750621687,5417713232,51168334919
2020-02-28,All-Floors,UG,122,554,1464009,165158113265,17852589598,183010702863
2020-02-28,All-Floors,Alumni,0,0,0,0,0,0
2020-02-28,All-Floors,Others(HKUST),10,106,935815,27803676324,2117313229,29920989553
2020-02-28,All-Floors,Non-HKUST,6,18,22313,401471582,41471945,442943527
2020-02-28,All-Floors,Total,383,2109,5196061,457348238024,111242262679,568590500703
2020-02-29,1,Staff,9,50,268018,6499189685,392551644,6891741329
2020-02-29,1,TPG,2,2,0,2146672,1804236,3950908
2020-02-29,1,RPG,9,9,3778,58585173,3941122,62526295
2020-02-29,1,UG,2,2,721,4654060,429531,5083591
2020-02-29,1,Alumni,0,0,0,0,0,0
2020-02-29,1,Others(HKUST),2,3,172980,6646907982,380937344,7027845326
2020-02-29,1,Non-HKUST,0,0,0,0,0,0
2020-02-29,1,Total,24,66,445497,13211483572,779663877,13991147449
2020-02-29,G,Staff,6,13,173698,5131637408,693746796,5825384204
2020-02-29,G,TPG,0,0,0,0,0,0
2020-02-29,G,RPG,1,1,0,7650020,13286719,20936739
2020-02-29,G,UG,9,13,1800,767993083,38213342,806206425
2020-02-29,G,Alumni,0,0,0,0,0,0
2020-02-29,G,Others(HKUST),1,1,86399,1233830249,175735387,1409565636
2020-02-29,G,Non-HKUST,0,0,0,0,0,0
2020-02-29,G,Total,17,28,261897,7141110760,920982244,8062093004
2020-02-29,LG1,Staff,7,11,3241,54606545,20068746,74675291
2020-02-29,LG1,TPG,0,0,0,0,0,0
2020-02-29,LG1,RPG,5,5,902,80649097,4860998,85510095
2020-02-29,LG1,UG,12,16,2520,2055042396,57027833,2112070229
2020-02-29,LG1,Alumni,0,0,0,0,0,0
2020-02-29,LG1,Others(HKUST),2,6,431995,3359658476,616540140,3976198616
2020-02-29,LG1,Non-HKUST,0,0,0,0,0,0
2020-02-29,LG1,Total,26,38,438658,5549956514,698497717,6248454231
2020-02-29,LG3,Staff,22,27,1982,1590496847,90540870,1681037717
2020-02-29,LG3,TPG,10,21,94330,6946035737,582794061,7528829798
2020-02-29,LG3,RPG,34,36,903,1503754007,106625710,1610379717
2020-02-29,LG3,UG,31,37,17278,10439075534,621327778,11060403312
2020-02-29,LG3,Alumni,0,0,0,0,0,0
2020-02-29,LG3,Others(HKUST),2,5,719,133285274,2852812,136138086
2020-02-29,LG3,Non-HKUST,4,6,3960,607649564,36357305,644006869
2020-02-29,LG3,Total,103,132,119172,21220296963,1440498536,22660795499
2020-02-29,LG4,Staff,8,14,8283,331299086,21056651,352355737
2020-02-29,LG4,TPG,3,3,0,1789602,344363,2133965
2020-02-29,LG4,RPG,24,26,0,3368680150,125444184,3494124334
2020-02-29,LG4,UG,37,77,16386,10067045335,930210504,10997255839
2020-02-29,LG4,Alumni,0,0,0,0,0,0
2020-02-29,LG4,Others(HKUST),3,6,176757,3567572682,531546962,4099119644
2020-02-29,LG4,Non-HKUST,1,1,0,5716150,1413184,7129334
2020-02-29,LG4,Total,76,127,201426,17342103005,1610015848,18952118853
2020-02-29,All-Floors,Staff,40,115,455222,13607229571,1217964707,14825194278
2020-02-29,All-Floors,TPG,14,26,94330,6949972011,584942660,7534914671
2020-02-29,All-Floors,RPG,71,77,5583,5019318447,254158733,5273477180
2020-02-29,All-Floors,UG,78,145,38705,23333810408,1647208988,24981019396
2020-02-29,All-Floors,Alumni,0,0,0,0,0,0
2020-02-29,All-Floors,Others(HKUST),7,21,868850,14941254663,1707612645,16648867308
2020-02-29,All-Floors,Non-HKUST,4,7,3960,613365714,37770489,651136203
2020-02-29,All-Floors,Total,214,391,1466650,64464950814,5449658222,69914609036
