Date,Floor,User-Group,User-Count,WiFi-Conn,Duration-Sec,Traffic-In-Byte,Traffic-Out-Byte,Traffic-Both-Byte
2021-05-01,1,Alumni,1,2,1038,15612784,459906578,475519362
2021-05-01,1,Non-HKUST,8,24,79446,79504718,3087101357,3166606075
2021-05-01,1,Others(HKUST),2,15,116278,638252,9516945,10155197
2021-05-01,1,RPG,10,43,100657,112508507,1884720561,1997229068
2021-05-01,1,Staff,7,46,26590,12378361,68462125,80840486
2021-05-01,1,TPG,27,279,609040,443063013,36192585978,36635648991
2021-05-01,1,Total,108,950,1854130,1316681590,94107211755,95423893345
2021-05-01,1,UG,53,541,921081,652975955,52404918211,53057894166
2021-05-01,All-Floors,Alumni,18,278,178606,899482731,42659557337,43559040068
2021-05-01,All-Floors,Non-HKUST,127,809,1117929,3079214964,74353054137,77432269101
2021-05-01,All-Floors,Others(HKUST),12,190,237610,26073167,489584736,515657903
2021-05-01,All-Floors,RPG,390,1529,864236,633035618,16314617880,16947653498
2021-05-01,All-Floors,Staff,169,719,305764,551299351,12740408968,13291708319
2021-05-01,All-Floors,TPG,175,3659,3994049,4149979684,178106030166,182256009850
2021-05-01,All-Floors,Total,1732,18103,15763214,20876833670,679647775191,700524608861
2021-05-01,All-Floors,UG,841,10919,9065020,11537748155,354984521967,366522270122
2021-05-01,G,Alumni,10,111,55997,38947682,1837945842,1876893524
2021-05-01,G,Non-HKUST,55,305,205010,168307100,10360350104,10528657204
2021-05-01,G,Others(HKUST),2,57,19714,13118010,388616185,401734195
2021-05-01,G,RPG,89,449,260832,154684256,4235607624,4390291880
2021-05-01,G,Staff,39,175,71053,419469479,4567028804,4986498283
2021-05-01,G,TPG,131,1453,810415,1249060617,35865685544,37114746161
2021-05-01,G,Total,680,5891,2623650,3452483456,114698213067,118150696523
2021-05-01,G,UG,354,3341,1200629,1408896312,57442978964,58851875276
2021-05-01,LG1,Alumni,7,47,21564,315236592,14525571508,14840808100
2021-05-01,LG1,Non-HKUST,59,250,506027,2557845672,41568384925,44126230597
2021-05-01,LG1,Others(HKUST),3,80,90793,8814703,47777220,56591923
2021-05-01,LG1,RPG,40,235,284915,259118250,6295459244,6554577494
2021-05-01,LG1,Staff,12,61,31715,14137540,1761311940,1775449480
2021-05-01,LG1,TPG,80,1070,1730408,1635892412,63041950822,64677843234
2021-05-01,LG1,Total,468,4842,6455647,11576228085,268675876231,280252104316
2021-05-01,LG1,UG,267,3099,3790225,6785182916,141435420572,148220603488
2021-05-01,LG3,Alumni,11,33,4808,1170699,17892873,19063572
2021-05-01,LG3,Non-HKUST,43,109,75163,104533639,1804030449,1908564088
2021-05-01,LG3,Others(HKUST),6,25,4436,163757,3776325,3940082
2021-05-01,LG3,RPG,253,440,37131,14532194,558836258,573368452
2021-05-01,LG3,Staff,107,244,41353,13822801,1237546472,1251369273
2021-05-01,LG3,TPG,89,246,44679,18857774,576476047,595333821
2021-05-01,LG3,Total,1033,2520,716041,632879045,16716891341,17349770386
2021-05-01,LG3,UG,524,1423,508471,479798181,12518332917,12998131098
2021-05-01,LG4,Alumni,12,85,95199,528514974,25818240536,26346755510
2021-05-01,LG4,Non-HKUST,43,121,252283,169023835,17533187302,17702211137
2021-05-01,LG4,Others(HKUST),7,13,6389,3338445,39898061,43236506
2021-05-01,LG4,RPG,228,362,180701,92192411,3339994193,3432186604
2021-05-01,LG4,Staff,86,193,135053,91491170,5106059627,5197550797
2021-05-01,LG4,TPG,88,611,799507,803105868,42429331775,43232437643
2021-05-01,LG4,Total,967,3900,4113746,3898561494,185449582797,189348144291
2021-05-01,LG4,UG,503,2515,2644614,2210894791,91182871303,93393766094
2021-05-02,1,Alumni,3,15,30906,29074176,1769348797,1798422973
2021-05-02,1,Non-HKUST,10,24,77640,820666304,7267349690,8088015994
2021-05-02,1,Others(HKUST),1,3,114706,419974,1972361,2392335
2021-05-02,1,RPG,18,324,146714,148594720,4230766161,4379360881
2021-05-02,1,Staff,8,26,3780,882678,126436873,127319551
2021-05-02,1,TPG,37,606,970886,1467574909,34736138909,36203713818
2021-05-02,1,Total,142,2909,2886788,3926075916,123619111820,127545187736
2021-05-02,1,UG,65,1911,1542156,1458863155,75487099029,76945962184
2021-05-02,All-Floors,Alumni,26,350,296832,1115697866,75950963014,77066660880
2021-05-02,All-Floors,Non-HKUST,134,978,1048349,1902120182,33870805462,35772925644
2021-05-02,All-Floors,Others(HKUST),10,117,172608,7531629,135229161,142760790
2021-05-02,All-Floors,RPG,388,2041,1166973,1149734938,23419625514,24569360452
2021-05-02,All-Floors,Staff,149,997,473585,289615519,8913354509,9202970028
2021-05-02,All-Floors,TPG,205,4483,4636752,6980006350,169703211550,176683217900
2021-05-02,All-Floors,Total,1731,23017,18303714,24755963541,711628080190,736384043731
2021-05-02,All-Floors,UG,819,14051,10508615,13311257057,399634890980,412946148037
2021-05-02,G,Alumni,17,144,40519,149260932,1322091955,1471352887
2021-05-02,G,Non-HKUST,64,404,239916,153335392,4615374205,4768709597
2021-05-02,G,Others(HKUST),2,9,695,23177,24369,47546
2021-05-02,G,RPG,95,581,397542,366099725,6986747426,7352847151
2021-05-02,G,Staff,34,305,207986,96427309,1867288344,1963715653
2021-05-02,G,TPG,169,1692,919577,845448208,35792347078,36637795286
2021-05-02,G,Total,766,6954,2941470,3105572804,100388203351,103493776155
2021-05-02,G,UG,385,3819,1135235,1494978061,49804329974,51299308035
2021-05-02,LG1,Alumni,6,61,46268,49777069,2486354471,2536131540
2021-05-02,LG1,Non-HKUST,40,259,370823,506328714,7451990931,7958319645
2021-05-02,LG1,Others(HKUST),3,63,41107,3286134,18223550,21509684
2021-05-02,LG1,RPG,43,277,246305,435899365,6393135862,6829035227
2021-05-02,LG1,Staff,18,93,48355,35547630,2292783221,2328330851
2021-05-02,LG1,TPG,91,1339,1801124,3909870994,69319268540,73229139534
2021-05-02,LG1,Total,503,5506,6824466,11986809010,230532710185,242519519195
2021-05-02,LG1,UG,302,3414,4270484,7046099104,142570953610,149617052714
2021-05-02,LG3,Alumni,13,58,21096,29784141,1130923152,1160707293
2021-05-02,LG3,Non-HKUST,46,93,49515,43399687,4086559745,4129959432
2021-05-02,LG3,Others(HKUST),7,18,4856,1373584,69706314,71079898
2021-05-02,LG3,RPG,230,383,44043,33798287,304277011,338075298
2021-05-02,LG3,Staff,102,339,55808,7840550,70958986,78799536
2021-05-02,LG3,TPG,94,264,73222,14592735,399211526,413804261
2021-05-02,LG3,Total,985,2626,722145,501067156,16699066987,17200134143
2021-05-02,LG3,UG,493,1471,473605,370278172,10637430253,11007708425
2021-05-02,LG4,Alumni,17,72,158043,857801548,69242244639,70100046187
2021-05-02,LG4,Non-HKUST,47,198,310455,378390085,10449530891,10827920976
2021-05-02,LG4,Others(HKUST),6,24,11244,2428760,45302567,47731327
2021-05-02,LG4,RPG,234,476,332369,165342841,5504699054,5670041895
2021-05-02,LG4,Staff,84,234,157656,148917352,4555887085,4704804437
2021-05-02,LG4,TPG,94,582,871943,742519504,29456245497,30198765001
2021-05-02,LG4,Total,996,5022,4928845,5236438655,240388987847,245625426502
2021-05-02,LG4,UG,514,3436,3087135,2941038565,121135078114,124076116679
2021-05-03,1,Alumni,1,73,61631,49251779,536270304,585522083
2021-05-03,1,Non-HKUST,19,148,141228,269389108,5366612111,5636001219
2021-05-03,1,Others(HKUST),5,43,140550,5768665,61454945,67223610
2021-05-03,1,RPG,19,357,242072,196253241,5278088805,5474342046
2021-05-03,1,Staff,77,1859,1102661,330461722,15908356925,16238818647
2021-05-03,1,TPG,65,1100,1746585,2207869905,81513281975,83721151880
2021-05-03,1,Total,324,5764,6807088,17567494099,229784713622,247352207721
2021-05-03,1,UG,138,2184,3372361,14508499679,121120648557,135629148236
2021-05-03,All-Floors,Alumni,25,414,335828,342672869,18137812323,18480485192
2021-05-03,All-Floors,Non-HKUST,213,2007,1940304,3324829746,72914719937,76239549683
2021-05-03,All-Floors,Others(HKUST),26,579,390352,58873186,1478199921,1537073107
2021-05-03,All-Floors,RPG,559,3906,2661386,4827142082,75802192256,80629334338
2021-05-03,All-Floors,Staff,643,6448,3000063,1386373443,44823030213,46209403656
2021-05-03,All-Floors,TPG,260,8457,9050981,19298404964,331918294744,351216699708
2021-05-03,All-Floors,Total,2947,52404,43333929,87222214591,1546478955067,1633701169658
2021-05-03,All-Floors,UG,1221,30593,25955015,57983918301,1001404705673,1059388623974
2021-05-03,G,Alumni,13,139,31587,40823086,901367443,942190529
2021-05-03,G,Non-HKUST,95,669,382835,865702444,14662635411,15528337855
2021-05-03,G,Others(HKUST),9,82,76237,25823822,571031891,596855713
2021-05-03,G,RPG,158,1155,493694,539809535,12098928786,12638738321
2021-05-03,G,Staff,201,1805,830684,552666154,10971086394,11523752548
2021-05-03,G,TPG,230,3280,1913872,8242652432,66817780133,75060432565
2021-05-03,G,Total,1459,17492,6820694,14687867494,212904733274,227592600768
2021-05-03,G,UG,753,10362,3091785,4420390021,106881903216,111302293237
2021-05-03,LG1,Alumni,7,135,110873,112853172,3221072934,3333926106
2021-05-03,LG1,Non-HKUST,63,515,520151,752329429,9468874045,10221203474
2021-05-03,LG1,Others(HKUST),7,290,118061,19233040,743965180,763198220
2021-05-03,LG1,RPG,71,709,708691,3121099789,39576951385,42698051174
2021-05-03,LG1,Staff,68,690,382686,245224221,12397775935,12643000156
2021-05-03,LG1,TPG,116,1916,2608624,3142933188,66556389136,69699322324
2021-05-03,LG1,Total,928,12586,14733379,31038000792,493754792590,524792793382
2021-05-03,LG1,UG,596,8331,10284293,23644327953,361789763975,385434091928
2021-05-03,LG3,Alumni,11,28,33274,42632083,1366090889,1408722972
2021-05-03,LG3,Non-HKUST,85,285,265219,238314930,15332009751,15570324681
2021-05-03,LG3,Others(HKUST),17,67,27223,4297562,68729402,73026964
2021-05-03,LG3,RPG,357,800,435166,346709848,6449398273,6796108121
2021-05-03,LG3,Staff,409,1171,320091,73439429,1461616060,1535055489
2021-05-03,LG3,TPG,128,611,480594,420634669,23704065034,24124699703
2021-05-03,LG3,Total,1790,6900,4417975,6861211196,182391101897,189252313093
2021-05-03,LG3,UG,783,3938,2856408,5735182675,134009192488,139744375163
2021-05-03,LG4,Alumni,13,39,98463,97112749,12113010753,12210123502
2021-05-03,LG4,Non-HKUST,96,390,630871,1199093835,28084588619,29283682454
2021-05-03,LG4,Others(HKUST),12,97,28281,3750097,33018503,36768600
2021-05-03,LG4,RPG,353,885,781763,623269669,12398825007,13022094676
2021-05-03,LG4,Staff,319,923,363941,184581917,4084194899,4268776816
2021-05-03,LG4,TPG,117,1550,2301306,5284314770,93326778466,98611093236
2021-05-03,LG4,Total,1681,9662,10554793,17067641010,427643613684,444711254694
2021-05-03,LG4,UG,771,5778,6350168,9675517973,277603197437,287278715410
2021-05-04,1,Alumni,2,43,59117,144592594,3427590044,3572182638
2021-05-04,1,Non-HKUST,31,118,313903,191810030,10561957768,10753767798
2021-05-04,1,Others(HKUST),6,42,176381,2731370,527064660,529796030
2021-05-04,1,RPG,24,208,256332,228205594,4896025137,5124230731
2021-05-04,1,Staff,93,2127,1268866,491885157,13509344496,14001229653
2021-05-04,1,TPG,81,1685,2430431,2986968007,91271222723,94258190730
2021-05-04,1,Total,392,6905,8567071,11203041861,306504520863,317707562724
2021-05-04,1,UG,155,2682,4062041,7156849109,182311316035,189468165144
2021-05-04,All-Floors,Alumni,23,301,302144,723767656,12138921998,12862689654
2021-05-04,All-Floors,Non-HKUST,220,1741,1975540,2294873425,65470989948,67765863373
2021-05-04,All-Floors,Others(HKUST),26,269,443544,44380298,1259937023,1304317321
2021-05-04,All-Floors,RPG,614,3774,2519537,2930615691,77183033881,80113649572
2021-05-04,All-Floors,Staff,698,7409,3413413,1616626457,63940367246,65556993703
2021-05-04,All-Floors,TPG,318,12211,11550411,17395922305,493156485089,510552407394
2021-05-04,All-Floors,Total,3298,61702,49917550,86326888933,2138682775410,2225009664343
2021-05-04,All-Floors,UG,1399,35997,29712961,61320703101,1425533040225,1486853743326
2021-05-04,G,Alumni,10,81,16461,18435053,194590588,213025641
2021-05-04,G,Non-HKUST,107,529,307866,243795249,5197587078,5441382327
2021-05-04,G,Others(HKUST),10,31,71599,909763,13746133,14655896
2021-05-04,G,RPG,164,1179,546036,491727116,18527063358,19018790474
2021-05-04,G,Staff,210,2051,825833,333288262,17466085275,17799373537
2021-05-04,G,TPG,265,4590,1942070,2973568431,63436583410,66410151841
2021-05-04,G,Total,1638,20036,7345737,16323257431,341378562952,357701820383
2021-05-04,G,UG,872,11575,3635872,12261533557,236542907110,248804440667
2021-05-04,LG1,Alumni,6,36,53711,33796020,1882542318,1916338338
2021-05-04,LG1,Non-HKUST,78,509,568819,741301013,17627570855,18368871868
2021-05-04,LG1,Others(HKUST),7,20,50003,20461017,518257267,538718284
2021-05-04,LG1,RPG,71,600,531860,1418167355,31361216779,32779384134
2021-05-04,LG1,Staff,89,768,444438,305912652,9496510571,9802423223
2021-05-04,LG1,TPG,164,2725,3295607,7376775049,120209998883,127586773932
2021-05-04,LG1,Total,1070,15500,16330984,36742011131,716820247437,753562258568
2021-05-04,LG1,UG,655,10842,11386546,26845598025,535724150764,562569748789
2021-05-04,LG3,Alumni,16,53,69238,434994148,2519989536,2954983684
2021-05-04,LG3,Non-HKUST,82,329,349328,317564709,13104492013,13422056722
2021-05-04,LG3,Others(HKUST),14,86,45992,12293366,129699517,141992883
2021-05-04,LG3,RPG,429,903,394146,234036232,5904017343,6138053575
2021-05-04,LG3,Staff,494,1399,400173,149109098,16497717112,16646826210
2021-05-04,LG3,TPG,179,993,1002150,1400689206,52132163371,53532852577
2021-05-04,LG3,Total,2125,8467,5815644,7656782977,273006441672,280663224649
2021-05-04,LG3,UG,911,4704,3554617,5108096218,182718362780,187826458998
2021-05-04,LG4,Alumni,12,88,103617,91949841,4114209512,4206159353
2021-05-04,LG4,Non-HKUST,84,256,435624,800402424,18979382234,19779784658
2021-05-04,LG4,Others(HKUST),13,90,99569,7984782,71169446,79154228
2021-05-04,LG4,RPG,348,884,791163,558479394,16494711264,17053190658
2021-05-04,LG4,Staff,343,1064,474103,336431288,6970709792,7307141080
2021-05-04,LG4,TPG,176,2218,2880153,2657921612,166106516702,168764438314
2021-05-04,LG4,Total,1851,10794,11858114,14401795533,500973002486,515374798019
2021-05-04,LG4,UG,875,6194,7073885,9948626192,288236303536,298184929728
2021-05-05,1,Alumni,1,33,37726,125347628,948962128,1074309756
2021-05-05,1,Non-HKUST,23,265,181140,97277860,3821765959,3919043819
2021-05-05,1,Others(HKUST),5,43,214881,164504867,1559338149,1723843016
2021-05-05,1,RPG,27,162,193236,83597627,2883835291,2967432918
2021-05-05,1,Staff,88,2216,1359303,456604001,11003928393,11460532394
2021-05-05,1,TPG,60,988,1612279,2118186301,64168357716,66286544017
2021-05-05,1,Total,359,6663,7825399,9025696889,242093881116,251119578005
2021-05-05,1,UG,155,2956,4226834,5980178605,157707693480,163687872085
2021-05-05,All-Floors,Alumni,24,206,256134,512870107,24187375081,24700245188
2021-05-05,All-Floors,Non-HKUST,199,1925,1926724,3698770266,128237597857,131936368123
2021-05-05,All-Floors,Others(HKUST),24,200,438986,232171212,2150076072,2382247284
2021-05-05,All-Floors,RPG,642,3792,2667154,4414823431,93791946071,98206769502
2021-05-05,All-Floors,Staff,688,7752,3570609,1520159835,41859626690,43379786525
2021-05-05,All-Floors,TPG,272,9239,9360837,18280523897,275822386658,294102910555
2021-05-05,All-Floors,Total,3280,59960,48806095,86530343228,1756200071329,1842730414557
2021-05-05,All-Floors,UG,1431,36846,30585651,57871024480,1190151062900,1248022087380
2021-05-05,G,Alumni,12,55,25719,24020427,879082461,903102888
2021-05-05,G,Non-HKUST,84,444,185742,421756757,6954685113,7376441870
2021-05-05,G,Others(HKUST),8,20,35886,1132285,3570878,4703163
2021-05-05,G,RPG,165,1235,709506,1923491868,49843804431,51767296299
2021-05-05,G,Staff,245,2124,921564,456819863,9305488959,9762308822
2021-05-05,G,TPG,226,3504,1666591,2831144488,41848826335,44679970823
2021-05-05,G,Total,1661,19384,6667186,10836752490,241068035233,251904787723
2021-05-05,G,UG,921,12002,3122178,5178386802,132232577056,137410963858
2021-05-05,LG1,Alumni,7,63,98540,257591402,5462786367,5720377769
2021-05-05,LG1,Non-HKUST,58,417,521074,972695259,41211707975,42184403234
2021-05-05,LG1,Others(HKUST),4,11,105439,26288341,336337536,362625877
2021-05-05,LG1,RPG,64,495,452798,890350307,12390414105,13280764412
2021-05-05,LG1,Staff,94,926,495133,304357330,13654178832,13958536162
2021-05-05,LG1,TPG,135,2791,3355025,10313221568,97486161534,107799383102
2021-05-05,LG1,Total,1035,14654,16610483,41816958673,592553260087,634370218760
2021-05-05,LG1,UG,673,9951,11582474,29052454466,422011673738,451064128204
2021-05-05,LG3,Alumni,11,20,1615,26062055,7849308395,7875370450
2021-05-05,LG3,Non-HKUST,89,304,319408,320875694,14851258437,15172134131
2021-05-05,LG3,Others(HKUST),16,72,9260,622382,22845608,23467990
2021-05-05,LG3,RPG,455,940,392577,412079610,6614920708,7027000318
2021-05-05,LG3,Staff,506,1477,373264,120014155,2435065103,2555079258
2021-05-05,LG3,TPG,151,782,882947,753302409,21682140166,22435442575
2021-05-05,LG3,Total,2163,8575,5805584,7994299885,234255091497,242249391382
2021-05-05,LG3,UG,935,4980,3826513,6361343580,180799553080,187160896660
2021-05-05,LG4,Alumni,12,35,92534,79848595,9047235730,9127084325
2021-05-05,LG4,Non-HKUST,98,495,719360,1886164696,61398180373,63284345069
2021-05-05,LG4,Others(HKUST),11,54,73520,39623337,227983901,267607238
2021-05-05,LG4,RPG,345,960,919037,1105304019,22058971536,23164275555
2021-05-05,LG4,Staff,338,1009,421345,182364486,5460965403,5643329889
2021-05-05,LG4,TPG,133,1174,1843995,2264669131,50636900907,52901570038
2021-05-05,LG4,Total,1843,10684,11897443,16856635291,446229803396,463086438687
2021-05-05,LG4,UG,906,6957,7827652,11298661027,297399565546,308698226573
2021-05-06,1,Alumni,3,41,55893,82495270,2784194588,2866689858
2021-05-06,1,Non-HKUST,23,173,156752,137539191,7208059599,7345598790
2021-05-06,1,Others(HKUST),7,62,328516,10145119,2192877918,2203023037
2021-05-06,1,RPG,57,149,162438,98826406,3549691613,3648518019
2021-05-06,1,Staff,92,1839,1386430,390271520,12171650774,12561922294
2021-05-06,1,TPG,80,1638,2432628,5383884978,112881489745,118265374723
2021-05-06,1,Total,477,6131,7955580,9633283683,283972595141,293605878824
2021-05-06,1,UG,215,2229,3432923,3530121199,143184630904,146714752103
2021-05-06,All-Floors,Alumni,26,464,312811,443537719,20549734191,20993271910
2021-05-06,All-Floors,Non-HKUST,206,2321,1909879,2690041881,92634570213,95324612094
2021-05-06,All-Floors,Others(HKUST),29,218,548913,41397632,2492959216,2534356848
2021-05-06,All-Floors,RPG,609,3683,2449609,4950722320,90439519803,95390242123
2021-05-06,All-Floors,Staff,667,6643,3188394,3444727645,61585103636,65029831281
2021-05-06,All-Floors,TPG,313,10419,9615459,17390915516,359783247692,377174163208
2021-05-06,All-Floors,Total,3259,60079,47923128,76846851262,1758440477556,1835287328818
2021-05-06,All-Floors,UG,1409,36331,29898063,47885508549,1130955342805,1178840851354
2021-05-06,G,Alumni,14,200,23612,7150615,185220006,192370621
2021-05-06,G,Non-HKUST,88,496,246247,282979960,4914251520,5197231480
2021-05-06,G,Others(HKUST),6,23,4919,899504,21664265,22563769
2021-05-06,G,RPG,159,1389,739174,1636103978,35250969794,36887073772
2021-05-06,G,Staff,214,2075,862622,1211360989,25512799088,26724160077
2021-05-06,G,TPG,260,3972,1537994,3960666467,66465693049,70426359516
2021-05-06,G,Total,1647,21257,6769408,12918044621,261421316411,274339361032
2021-05-06,G,UG,906,13102,3354840,5818883108,129070718689,134889601797
2021-05-06,LG1,Alumni,10,58,29288,151846598,1828304479,1980151077
2021-05-06,LG1,Non-HKUST,63,835,514522,794571048,22579643208,23374214256
2021-05-06,LG1,Others(HKUST),5,20,106121,6284233,14723092,21007325
2021-05-06,LG1,RPG,65,612,483088,944789404,13712958169,14657747573
2021-05-06,LG1,Staff,80,694,285249,1123300995,10586397442,11709698437
2021-05-06,LG1,TPG,135,2483,3244112,5217051850,94573980036,99791031886
2021-05-06,LG1,Total,1051,15381,15783157,29361047237,572380456809,601741504046
2021-05-06,LG1,UG,693,10679,11120777,21123203109,429084450383,450207653492
2021-05-06,LG3,Alumni,11,109,82816,95605805,5689599036,5785204841
2021-05-06,LG3,Non-HKUST,90,492,521413,791494476,35022970931,35814465407
2021-05-06,LG3,Others(HKUST),13,50,7293,216010,429447,645457
2021-05-06,LG3,RPG,352,737,482956,1578633412,27635498176,29214131588
2021-05-06,LG3,Staff,391,1132,348068,540893072,6223412842,6764305914
2021-05-06,LG3,TPG,132,687,791295,669736277,26623054522,27292790799
2021-05-06,LG3,Total,1784,7327,5899217,8580782254,259994494693,268575276947
2021-05-06,LG3,UG,795,4120,3665376,4904203202,158799529739,163703732941
2021-05-06,LG4,Alumni,12,56,121202,106439431,10062416082,10168855513
2021-05-06,LG4,Non-HKUST,87,325,470945,683457206,22909644955,23593102161
2021-05-06,LG4,Others(HKUST),18,63,102064,23852766,263264494,287117260
2021-05-06,LG4,RPG,376,796,581953,692369120,10290402051,10982771171
2021-05-06,LG4,Staff,356,903,306025,178901069,7090843490,7269744559
2021-05-06,LG4,TPG,127,1639,1609430,2159575944,59239030340,61398606284
2021-05-06,LG4,Total,1804,9983,11515766,16353693467,380671614502,397025307969
2021-05-06,LG4,UG,828,6201,8324147,12509097931,270816013090,283325111021
2021-05-07,1,Alumni,1,32,44865,74597509,741539874,816137383
2021-05-07,1,Non-HKUST,31,101,174623,149154158,5367480432,5516634590
2021-05-07,1,Others(HKUST),7,61,188390,4124037,123029784,127153821
2021-05-07,1,RPG,70,274,290782,205716890,4882916274,5088633164
2021-05-07,1,Staff,91,1681,1097939,281814239,11742650621,12024464860
2021-05-07,1,TPG,76,1522,1772365,3768298264,58477489333,62245787597
2021-05-07,1,Total,524,5795,6451355,7967187629,199192228633,207159416262
2021-05-07,1,UG,248,2124,2882391,3483482532,117857122315,121340604847
2021-05-07,All-Floors,Alumni,23,559,425220,2058605001,18778068360,20836673361
2021-05-07,All-Floors,Non-HKUST,198,2328,1966465,2412529331,67964816718,70377346049
2021-05-07,All-Floors,Others(HKUST),30,271,425410,28277271,661868828,690146099
2021-05-07,All-Floors,RPG,596,3563,2218660,2753039770,49439035827,52192075597
2021-05-07,All-Floors,Staff,624,5920,2707359,911657201,34535308129,35446965330
2021-05-07,All-Floors,TPG,273,7981,7271734,13443251874,216684318387,230127570261
2021-05-07,All-Floors,Total,3048,48323,38057213,52455703675,1137249642923,1189705346598
2021-05-07,All-Floors,UG,1304,27701,23042365,30848343227,749186226674,780034569901
2021-05-07,G,Alumni,15,162,19478,58762003,2264894432,2323656435
2021-05-07,G,Non-HKUST,83,532,261241,335192354,9640252619,9975444973
2021-05-07,G,Others(HKUST),7,49,62250,10978593,295785376,306763969
2021-05-07,G,RPG,164,1259,673530,719007155,16735491070,17454498225
2021-05-07,G,Staff,206,1702,778238,399062681,15837000416,16236063097
2021-05-07,G,TPG,224,2997,1436119,1673756790,33066188026,34739944816
2021-05-07,G,Total,1501,16211,6108004,7291663951,167969042067,175260706018
2021-05-07,G,UG,802,9510,2877148,4094904375,90129430128,94224334503
2021-05-07,LG1,Alumni,9,221,115778,1775146394,6454288592,8229434986
2021-05-07,LG1,Non-HKUST,69,933,610734,843839099,23029738336,23873577435
2021-05-07,LG1,Others(HKUST),7,25,77171,4224426,176267503,180491929
2021-05-07,LG1,RPG,72,500,370293,1160736257,13715272054,14876008311
2021-05-07,LG1,Staff,81,726,271665,97915834,2735728417,2833644251
2021-05-07,LG1,TPG,115,1848,2260662,6722389889,67566568975,74288958864
2021-05-07,LG1,Total,953,11977,12549898,25224258312,386059180934,411283439246
2021-05-07,LG1,UG,600,7724,8843595,14620006413,272381317057,287001323470
2021-05-07,LG3,Alumni,13,66,119653,81876755,5494860484,5576737239
2021-05-07,LG3,Non-HKUST,81,324,356400,376677350,11719405556,12096082906
2021-05-07,LG3,Others(HKUST),19,81,27279,2821416,31189666,34011082
2021-05-07,LG3,RPG,325,718,383530,331935510,7116025694,7447961204
2021-05-07,LG3,Staff,369,920,287135,45965729,1663007859,1708973588
2021-05-07,LG3,TPG,121,480,477895,314388655,18092402177,18406790832
2021-05-07,LG3,Total,1639,5710,4563618,4452721557,159197553903,163650275460
2021-05-07,LG3,UG,711,3121,2911726,3299056142,115080662467,118379718609
2021-05-07,LG4,Alumni,15,78,125446,68222340,3822484978,3890707318
2021-05-07,LG4,Non-HKUST,80,438,563467,707666370,18207939775,18915606145
2021-05-07,LG4,Others(HKUST),16,55,70320,6128799,35596499,41725298
2021-05-07,LG4,RPG,359,812,500525,335643958,6989330735,7324974693
2021-05-07,LG4,Staff,330,891,272382,86898718,2556920816,2643819534
2021-05-07,LG4,TPG,145,1134,1324693,964418276,39481669876,40446088152
2021-05-07,LG4,Total,1699,8630,8384338,7519872226,224831637386,232351509612
2021-05-07,LG4,UG,754,5222,5527505,5350893765,153737694707,159088588472
2021-05-08,1,Alumni,2,36,42481,41103071,3108106404,3149209475
2021-05-08,1,Non-HKUST,7,25,56816,43016985,2511314991,2554331976
2021-05-08,1,Others(HKUST),2,5,95122,1852667,9301719,11154386
2021-05-08,1,RPG,44,98,59641,21938069,849494591,871432660
2021-05-08,1,Staff,13,56,42778,23695334,292985836,316681170
2021-05-08,1,TPG,18,175,310155,356757394,17488796418,17845553812
2021-05-08,1,Total,239,1219,1746104,1678995492,77206290356,78885285848
2021-05-08,1,UG,153,824,1139111,1190631972,52946290397,54136922369
2021-05-08,All-Floors,Alumni,29,396,224889,139109499,8787041204,8926150703
2021-05-08,All-Floors,Non-HKUST,121,723,935353,1164278756,32407252773,33571531529
2021-05-08,All-Floors,Others(HKUST),14,82,178156,3561232,122752683,126313915
2021-05-08,All-Floors,RPG,397,1534,818921,1202733926,17746885093,18949619019
2021-05-08,All-Floors,Staff,206,1067,539312,347690122,12486372411,12834062533
2021-05-08,All-Floors,TPG,181,3571,3722960,8511833337,158608492016,167120325353
2021-05-08,All-Floors,Total,1774,17984,15706082,24548659916,545839722708,570388382624
2021-05-08,All-Floors,UG,826,10611,9286491,13179453044,315680926528,328860379572
2021-05-08,G,Alumni,16,144,17177,4716749,162249435,166966184
2021-05-08,G,Non-HKUST,54,225,161500,97122302,3805100502,3902222804
2021-05-08,G,Others(HKUST),2,5,446,10371,17076,27447
2021-05-08,G,RPG,81,376,241819,419441073,6794830708,7214271781
2021-05-08,G,Staff,43,272,113190,19164938,480566120,499731058
2021-05-08,G,TPG,143,1289,769261,1145869304,29705922051,30851791355
2021-05-08,G,Total,739,5416,2235687,2790626403,74867857650,77658484053
2021-05-08,G,UG,400,3105,932294,1104301666,33919171758,35023473424
2021-05-08,LG1,Alumni,8,44,8172,2263691,67172837,69436528
2021-05-08,LG1,Non-HKUST,44,246,352039,724175115,8043641774,8767816889
2021-05-08,LG1,Others(HKUST),2,2,31324,21899,32203,54102
2021-05-08,LG1,RPG,35,240,201963,577111781,6454549216,7031660997
2021-05-08,LG1,Staff,24,105,89035,108878606,3943956962,4052835568
2021-05-08,LG1,TPG,81,1080,1388451,5488100185,58080763913,63568864098
2021-05-08,LG1,Total,500,4717,5534390,14126378825,196178558212,210304937037
2021-05-08,LG1,UG,306,3000,3463406,7225827548,119588441307,126814268855
2021-05-08,LG3,Alumni,13,69,67704,45099533,3008923484,3054023017
2021-05-08,LG3,Non-HKUST,45,91,122416,119194580,2933534846,3052729426
2021-05-08,LG3,Others(HKUST),9,38,6404,1320249,109929722,111249971
2021-05-08,LG3,RPG,234,400,101132,55696964,1596162057,1651859021
2021-05-08,LG3,Staff,129,359,125047,24004156,369455382,393459538
2021-05-08,LG3,TPG,82,417,398736,373993394,14492363994,14866357388
2021-05-08,LG3,Total,935,3105,2320695,2482643509,68025448782,70508092291
2021-05-08,LG3,UG,423,1731,1499256,1863334633,45515079297,47378413930
2021-05-08,LG4,Alumni,18,103,89355,45926455,2440589044,2486515499
2021-05-08,LG4,Non-HKUST,49,136,242582,180769774,15113660660,15294430434
2021-05-08,LG4,Others(HKUST),10,32,44860,356046,3471963,3828009
2021-05-08,LG4,RPG,230,420,214366,128546039,2051848521,2180394560
2021-05-08,LG4,Staff,117,275,169262,171947088,7399408111,7571355199
2021-05-08,LG4,TPG,88,610,856357,1147113060,38840645640,39987758700
2021-05-08,LG4,Total,953,3527,3869206,3470015687,129561567708,133031583395
2021-05-08,LG4,UG,441,1951,2252424,1795357225,63711943769,65507300994
2021-05-09,1,Alumni,4,24,29420,60542325,87810326,148352651
2021-05-09,1,Non-HKUST,9,34,83502,51346138,2290403139,2341749277
2021-05-09,1,Others(HKUST),2,3,63154,1389917,12891223,14281140
2021-05-09,1,RPG,55,113,124162,105388607,3436048240,3541436847
2021-05-09,1,Staff,14,60,14643,2112688,12102179,14214867
2021-05-09,1,TPG,42,406,1009118,2960177428,33927174191,36887351619
2021-05-09,1,Total,292,1961,2710525,5160813925,87965779238,93126593163
2021-05-09,1,UG,166,1321,1386526,1979856822,48199349940,50179206762
2021-05-09,All-Floors,Alumni,34,677,407345,865806236,25244953999,26110760235
2021-05-09,All-Floors,Non-HKUST,113,800,1036551,1778036390,32275659832,34053696222
2021-05-09,All-Floors,Others(HKUST),9,146,152096,7258695,115104730,122363425
2021-05-09,All-Floors,RPG,364,1390,1015606,1013876772,34494804924,35508681696
2021-05-09,All-Floors,Staff,175,969,411016,241911077,9033760418,9275671495
2021-05-09,All-Floors,TPG,188,3422,4477224,7222348967,195583250289,202805599256
2021-05-09,All-Floors,Total,1589,18117,17693022,27027736378,655672109610,682699845988
2021-05-09,All-Floors,UG,706,10713,10193184,15898498241,358924575418,374823073659
2021-05-09,G,Alumni,25,234,50370,100467883,3916712746,4017180629
2021-05-09,G,Non-HKUST,47,216,187883,262112674,7247257783,7509370457
2021-05-09,G,Others(HKUST),1,8,640,68637,5722226,5790863
2021-05-09,G,RPG,76,383,341908,513268972,12780473421,13293742393
2021-05-09,G,Staff,38,234,97751,36922128,934512070,971434198
2021-05-09,G,TPG,148,1248,886698,689105741,30169165163,30858270904
2021-05-09,G,Total,698,5421,2444168,6340836354,102315369045,108656205399
2021-05-09,G,UG,363,3098,878918,4738890319,47261525636,52000415955
2021-05-09,LG1,Alumni,17,149,173305,586622807,15470857895,16057480702
2021-05-09,LG1,Non-HKUST,46,257,433363,1228955413,13750319076,14979274489
2021-05-09,LG1,Others(HKUST),2,2,31152,3638,4492,8130
2021-05-09,LG1,RPG,36,179,197423,129836816,6561130213,6690967029
2021-05-09,LG1,Staff,23,88,39065,28548191,1845502977,1874051168
2021-05-09,LG1,TPG,73,922,1297057,2691932110,93419810716,96111742826
2021-05-09,LG1,Total,479,4299,6249276,9849723617,264277520134,274127243751
2021-05-09,LG1,UG,282,2702,4077911,5183824642,133229894765,138413719407
2021-05-09,LG3,Alumni,16,190,89687,83573576,4138544882,4222118458
2021-05-09,LG3,Non-HKUST,38,144,149537,114154446,2434795210,2548949656
2021-05-09,LG3,Others(HKUST),5,62,11520,1835126,72775339,74610465
2021-05-09,LG3,RPG,199,326,107818,121647495,7793446664,7915094159
2021-05-09,LG3,Staff,114,311,86605,24102789,746019391,770122180
2021-05-09,LG3,TPG,85,393,553713,361690470,16772794847,17134485317
2021-05-09,LG3,Total,808,2925,2541221,2630684764,96313333819,98944018583
2021-05-09,LG3,UG,351,1499,1542341,1923680862,64354957486,66278638348
2021-05-09,LG4,Alumni,16,80,64563,34599645,1631028150,1665627795
2021-05-09,LG4,Non-HKUST,41,149,182266,121467719,6552884624,6674352343
2021-05-09,LG4,Others(HKUST),6,71,45630,3961377,23711450,27672827
2021-05-09,LG4,RPG,223,389,244295,143734882,3923706386,4067441268
2021-05-09,LG4,Staff,79,276,172952,150225281,5495623801,5645849082
2021-05-09,LG4,TPG,72,453,730638,519443218,21294305372,21813748590
2021-05-09,LG4,Total,820,3511,3747832,3045677718,104800107374,107845785092
2021-05-09,LG4,UG,383,2093,2307488,2072245596,65878847591,67951093187
2021-05-10,1,Alumni,4,220,96531,210982010,16721388308,16932370318
2021-05-10,1,Non-HKUST,20,90,169602,119223633,2962846410,3082070043
2021-05-10,1,Others(HKUST),9,115,147942,1935233,35994064,37929297
2021-05-10,1,RPG,69,367,506403,445091984,9846419226,10291511210
2021-05-10,1,Staff,102,1883,1293131,517847459,24085383545,24603231004
2021-05-10,1,TPG,76,3119,2414415,6387243326,87571119632,93958362958
2021-05-10,1,Total,538,10051,9547278,12518925350,295112236247,307631161597
2021-05-10,1,UG,258,4257,4919254,4836601705,153889085062,158725686767
2021-05-10,All-Floors,Alumni,28,931,703233,979604431,47150587185,48130191616
2021-05-10,All-Floors,Non-HKUST,208,2081,2175292,2968029393,94986122284,97954151677
2021-05-10,All-Floors,Others(HKUST),29,606,376513,77805855,1353433571,1431239426
2021-05-10,All-Floors,RPG,613,4068,3089294,3356970831,77389838103,80746808934
2021-05-10,All-Floors,Staff,670,6718,3135958,1640853337,81102444399,82743297736
2021-05-10,All-Floors,TPG,295,13250,12502440,22105771995,465250518822,487356290817
2021-05-10,All-Floors,Total,3169,68940,58469054,86781867664,1910489146276,1997271013940
2021-05-10,All-Floors,UG,1326,41286,36486324,55652831822,1143256201912,1198909033734
2021-05-10,G,Alumni,14,297,76579,161537066,2773574081,2935111147
2021-05-10,G,Non-HKUST,83,375,171314,90421526,6060182501,6150604027
2021-05-10,G,Others(HKUST),11,73,62812,978940,36915027,37893967
2021-05-10,G,RPG,211,1280,643466,908063000,22015936064,22923999064
2021-05-10,G,Staff,230,1902,763957,654197971,19744569666,20398767637
2021-05-10,G,TPG,268,3588,1872257,3175491021,50774921298,53950412319
2021-05-10,G,Total,1753,19268,7072855,14341327228,240361575324,254702902552
2021-05-10,G,UG,936,11753,3482470,9350637704,138955476687,148306114391
2021-05-10,LG1,Alumni,10,263,306798,421208711,6928118704,7349327415
2021-05-10,LG1,Non-HKUST,87,709,922205,1758216734,55337309659,57095526393
2021-05-10,LG1,Others(HKUST),8,262,77053,37785567,283021921,320807488
2021-05-10,LG1,RPG,79,706,621775,1055937382,16573136405,17629073787
2021-05-10,LG1,Staff,77,906,429152,152238763,13774589697,13926828460
2021-05-10,LG1,TPG,177,3669,4465291,7832314324,203561971885,211394286209
2021-05-10,LG1,Total,1172,20216,21485159,37444829559,729359608480,766804438039
2021-05-10,LG1,UG,734,13701,14662885,26187128078,432901460209,459088588287
2021-05-10,LG3,Alumni,14,41,54000,27066224,2251677660,2278743884
2021-05-10,LG3,Non-HKUST,78,334,268365,222916136,15045949422,15268865558
2021-05-10,LG3,Others(HKUST),15,76,17333,984388,3204908,4189296
2021-05-10,LG3,RPG,339,766,571707,488179902,15134257196,15622437098
2021-05-10,LG3,Staff,394,1098,362923,223707777,21038085856,21261793633
2021-05-10,LG3,TPG,158,1269,1600383,3042395386,49842812348,52885207734
2021-05-10,LG3,Total,1772,8377,7690737,8702908794,259368485392,268071394186
2021-05-10,LG3,UG,774,4793,4816026,4697658981,156052498002,160750156983
2021-05-10,LG4,Alumni,17,110,169325,158810420,18475828432,18634638852
2021-05-10,LG4,Non-HKUST,94,573,643806,777251364,15579834292,16357085656
2021-05-10,LG4,Others(HKUST),17,80,71373,36121727,994297651,1030419378
2021-05-10,LG4,RPG,335,949,745943,459698563,13820089212,14279787775
2021-05-10,LG4,Staff,341,929,286795,92861367,2459815635,2552677002
2021-05-10,LG4,TPG,147,1605,2150094,1668327938,73499693659,75168021597
2021-05-10,LG4,Total,1754,11028,12673025,13773876733,386287240833,400061117566
2021-05-10,LG4,UG,803,6782,8605689,10580805354,261457681952,272038487306
2021-05-11,1,Alumni,3,93,162917,178291648,5382214820,5560506468
2021-05-11,1,Non-HKUST,29,133,247300,136280828,3224006387,3360287215
2021-05-11,1,Others(HKUST),7,30,124097,1002852,14761431,15764283
2021-05-11,1,RPG,69,398,571244,395780699,7492699182,7888479881
2021-05-11,1,Staff,106,1943,1233312,607895178,22776235095,23384130273
2021-05-11,1,TPG,68,1989,2179435,1646144032,84041236853,85687380885
2021-05-11,1,Total,579,8145,9842913,6886490172,266425022318,273311512490
2021-05-11,1,UG,297,3559,5324608,3921094935,143493868550,147414963485
2021-05-11,All-Floors,Alumni,26,482,569953,424926940,21314095705,21739022645
2021-05-11,All-Floors,Non-HKUST,214,2437,2328717,2664325572,95031186023,97695511595
2021-05-11,All-Floors,Others(HKUST),32,256,409362,115712145,4060621498,4176333643
2021-05-11,All-Floors,RPG,605,4734,3433726,7338244284,117879165707,125217409991
2021-05-11,All-Floors,Staff,630,6770,3016271,1080336850,43497587681,44577924531
2021-05-11,All-Floors,TPG,296,12583,12069411,13707034639,343945100623,357652135262
2021-05-11,All-Floors,Total,3299,73867,65026643,65031352028,1660519131139,1725550483167
2021-05-11,All-Floors,UG,1496,46605,43199203,39700771598,1034791373902,1074492145500
2021-05-11,G,Alumni,16,163,14136,12800978,139747824,152548802
2021-05-11,G,Non-HKUST,84,637,276666,983427801,11869411727,12852839528
2021-05-11,G,Others(HKUST),10,47,13456,1146953,7793137,8940090
2021-05-11,G,RPG,192,1638,728747,3513570924,75478559267,78992130191
2021-05-11,G,Staff,204,1885,768274,190140052,6639312812,6829452864
2021-05-11,G,TPG,266,3541,1581599,1013621776,39696866705,40710488481
2021-05-11,G,Total,1862,21593,7370674,10182602228,247081766028,257264368256
2021-05-11,G,UG,1090,13682,3987796,4467893744,113250074556,117717968300
2021-05-11,LG1,Alumni,6,127,192780,131786933,7167214605,7299001538
2021-05-11,LG1,Non-HKUST,82,966,749710,687335599,20990409837,21677745436
2021-05-11,LG1,Others(HKUST),12,56,174884,19854820,1162720563,1182575383
2021-05-11,LG1,RPG,81,825,717969,2262405269,11936775173,14199180442
2021-05-11,LG1,Staff,80,856,321521,119542605,7384506583,7504049188
2021-05-11,LG1,TPG,169,3756,4507780,7683125844,111261036902,118944162746
2021-05-11,LG1,Total,1279,20929,23036924,29293458575,550485027709,579778486284
2021-05-11,LG1,UG,849,14343,16372280,18389407505,390582364046,408971771551
2021-05-11,LG3,Alumni,9,42,83686,59706691,3935263968,3994970659
2021-05-11,LG3,Non-HKUST,68,271,421501,325104513,42605320539,42930425052
2021-05-11,LG3,Others(HKUST),18,65,30531,59746093,2717762762,2777508855
2021-05-11,LG3,RPG,329,960,671120,570031654,10309046283,10879077937
2021-05-11,LG3,Staff,376,1172,402856,82313465,4811410740,4893724205
2021-05-11,LG3,TPG,165,1149,1054906,1023713743,39928060076,40951773819
2021-05-11,LG3,Total,1873,9618,8808922,7148299789,239496666207,246644965996
2021-05-11,LG3,UG,908,5959,6144322,5027683630,135189801839,140217485469
2021-05-11,LG4,Alumni,14,57,116434,42340690,4689654488,4731995178
2021-05-11,LG4,Non-HKUST,87,430,633540,532176831,16342037533,16874214364
2021-05-11,LG4,Others(HKUST),18,58,66394,33961427,157583605,191545032
2021-05-11,LG4,RPG,358,913,744646,596455738,12662085802,13258541540
2021-05-11,LG4,Staff,330,914,290308,80445550,1886122451,1966568001
2021-05-11,LG4,TPG,151,2148,2745691,2340429244,69017900087,71358329331
2021-05-11,LG4,Total,1930,13582,15967210,11520501264,357030648877,368551150141
2021-05-11,LG4,UG,972,9062,11370197,7894691784,252275264911,260169956695
2021-05-12,1,Alumni,2,25,73560,106926826,2807590512,2914517338
2021-05-12,1,Non-HKUST,37,215,354443,305987755,15935375700,16241363455
2021-05-12,1,Others(HKUST),9,27,132154,1835746,16951706,18787452
2021-05-12,1,RPG,63,374,334094,321967551,8024352731,8346320282
2021-05-12,1,Staff,100,1377,1371132,383830680,9612607591,9996438271
2021-05-12,1,TPG,77,1469,2459352,3884194715,112906866911,116791061626
2021-05-12,1,Total,597,8357,10049639,10697460056,373325943730,384023403786
2021-05-12,1,UG,309,4870,5324904,5692716783,224022198579,229714915362
2021-05-12,All-Floors,Alumni,29,414,360839,391012852,12675991041,13067003893
2021-05-12,All-Floors,Non-HKUST,227,2275,2419438,3014045194,102808625077,105822670271
2021-05-12,All-Floors,Others(HKUST),27,399,360717,17827556,155277611,173105167
2021-05-12,All-Floors,RPG,607,4354,3562145,6359525681,120372222757,126731748438
2021-05-12,All-Floors,Staff,615,5731,3074636,1525558639,48246466872,49772025511
2021-05-12,All-Floors,TPG,301,11534,12296055,16817125023,513027553772,529844678795
2021-05-12,All-Floors,Total,3275,74617,67037383,95287057572,2729535138655,2824822196227
2021-05-12,All-Floors,UG,1469,49910,44963553,67161962627,1932249001525,1999410964152
2021-05-12,G,Alumni,14,114,18214,28512721,2044851840,2073364561
2021-05-12,G,Non-HKUST,87,467,164173,114954958,4463517614,4578472572
2021-05-12,G,Others(HKUST),7,62,59473,832116,4951465,5783581
2021-05-12,G,RPG,164,1367,918305,2021348897,45996202787,48017551684
2021-05-12,G,Staff,185,1833,793628,259810226,6630655517,6890465743
2021-05-12,G,TPG,256,3569,1469001,2051330283,76904568811,78955899094
2021-05-12,G,Total,1787,21940,7388894,11175181722,327541690137,338716871859
2021-05-12,G,UG,1074,14528,3966100,6698392521,191496942103,198195334624
2021-05-12,LG1,Alumni,8,108,155154,147945814,4800645643,4948591457
2021-05-12,LG1,Non-HKUST,80,836,850847,1515358579,30079241573,31594600152
2021-05-12,LG1,Others(HKUST),8,33,82965,6754329,25875652,32629981
2021-05-12,LG1,RPG,84,818,934815,2258964898,35268579479,37527544377
2021-05-12,LG1,Staff,81,856,327386,199538244,8336419856,8535958100
2021-05-12,LG1,TPG,177,3573,4359257,5948436296,149726124338,155674560634
2021-05-12,LG1,Total,1307,20494,23521462,38446046581,868084610258,906530656839
2021-05-12,LG1,UG,869,14270,16811038,28369048421,639847723717,668216772138
2021-05-12,LG3,Alumni,12,47,6919,3934763,15114102,19048865
2021-05-12,LG3,Non-HKUST,81,282,365980,383514682,14276254435,14659769117
2021-05-12,LG3,Others(HKUST),11,102,24244,835331,4596746,5432077
2021-05-12,LG3,RPG,369,908,625279,1153263532,16273942390,17427205922
2021-05-12,LG3,Staff,367,882,264904,488920976,6483168210,6972089186
2021-05-12,LG3,TPG,165,1161,1505093,1902613641,50735688585,52638302226
2021-05-12,LG3,Total,1898,9950,8851270,11234742769,380814623897,392049366666
2021-05-12,LG3,UG,893,6568,6058851,7301659844,293025859429,300327519273
2021-05-12,LG4,Alumni,17,120,106992,103692728,3007788944,3111481672
2021-05-12,LG4,Non-HKUST,108,475,683995,694229220,38054235755,38748464975
2021-05-12,LG4,Others(HKUST),16,175,61881,7570034,102902042,110472076
2021-05-12,LG4,RPG,373,887,749652,603980803,14809145370,15413126173
2021-05-12,LG4,Staff,335,783,317586,193458513,17183615698,17377074211
2021-05-12,LG4,TPG,152,1762,2503352,3030550088,122754305127,125784855215
2021-05-12,LG4,Total,1927,13876,17226118,23733626444,779768270633,803501897077
2021-05-12,LG4,UG,926,9674,12802660,19100145058,583856277697,602956422755
2021-05-13,1,Alumni,4,63,145711,280903021,8923682148,9204585169
2021-05-13,1,Non-HKUST,27,239,261550,163256003,6319240982,6482496985
2021-05-13,1,Others(HKUST),10,51,91184,2841610,45868869,48710479
2021-05-13,1,RPG,53,281,429009,375476834,9108392090,9483868924
2021-05-13,1,Staff,94,1655,1360268,325594721,21980457947,22306052668
2021-05-13,1,TPG,96,1685,2429099,3160427133,111564198794,114724625927
2021-05-13,1,Total,528,6943,9125400,8008097081,312280585642,320288682723
2021-05-13,1,UG,244,2969,4408579,3699597759,154338744812,158038342571
2021-05-13,All-Floors,Alumni,32,530,526631,797689828,29637637180,30435327008
2021-05-13,All-Floors,Non-HKUST,220,2627,2264702,2201640883,85231520360,87433161243
2021-05-13,All-Floors,Others(HKUST),31,230,358075,45877792,2311775428,2357653220
2021-05-13,All-Floors,RPG,570,3866,2815050,2998267220,73537895593,76536162813
2021-05-13,All-Floors,Staff,615,6626,3098694,2112482678,62649354429,64761837107
2021-05-13,All-Floors,TPG,295,12232,12987590,24352623057,600920298476,625272921533
2021-05-13,All-Floors,Total,3185,76913,66320293,93307436112,2666871391186,2760178827298
2021-05-13,All-Floors,UG,1422,50802,44269551,60798854654,1812582909720,1873381764374
2021-05-13,G,Alumni,20,176,16623,9590653,750293421,759884074
2021-05-13,G,Non-HKUST,99,694,284775,238896801,7347480752,7586377553
2021-05-13,G,Others(HKUST),7,35,59418,4422737,59707954,64130691
2021-05-13,G,RPG,131,1167,515814,500095801,14446353877,14946449678
2021-05-13,G,Staff,196,1989,737317,1071959345,9856034517,10927993862
2021-05-13,G,TPG,260,3987,2262630,7992450399,90045999175,98038449574
2021-05-13,G,Total,1725,22627,7243219,15893145943,287136096486,303029242429
2021-05-13,G,UG,1012,14579,3366642,6075730207,164630226790,170705956997
2021-05-13,LG1,Alumni,10,118,150381,230986889,3634811912,3865798801
2021-05-13,LG1,Non-HKUST,85,1118,854900,942668332,32378526004,33321194336
2021-05-13,LG1,Others(HKUST),4,14,132371,19877812,196254924,216132736
2021-05-13,LG1,RPG,72,720,722139,726159710,20979668819,21705828529
2021-05-13,LG1,Staff,64,821,400247,287200447,22488699580,22775900027
2021-05-13,LG1,TPG,170,3324,4112595,9067111698,208118998409,217186110107
2021-05-13,LG1,Total,1238,22667,24149605,38891541863,1010497091464,1049388633327
2021-05-13,LG1,UG,833,16552,17776972,27617536975,722700131816,750317668791
2021-05-13,LG3,Alumni,14,59,83678,144089951,4772343255,4916433206
2021-05-13,LG3,Non-HKUST,77,245,329180,297004058,13599784499,13896788557
2021-05-13,LG3,Others(HKUST),11,54,9892,2180405,96165115,98345520
2021-05-13,LG3,RPG,348,830,546090,934285509,17281846833,18216132342
2021-05-13,LG3,Staff,379,1129,215291,33887261,1533482412,1567369673
2021-05-13,LG3,TPG,153,1233,1573469,1725497427,82238742147,83964239574
2021-05-13,LG3,Total,1897,10230,9094161,11620591340,446536889609,458157480949
2021-05-13,LG3,UG,915,6680,6336561,8483646729,327014525348,335498172077
2021-05-13,LG4,Alumni,19,114,130238,132119314,11556506444,11688625758
2021-05-13,LG4,Non-HKUST,85,331,534297,559815689,25586488123,26146303812
2021-05-13,LG4,Others(HKUST),19,76,65210,16555228,1913778566,1930333794
2021-05-13,LG4,RPG,358,868,601998,462249366,11721633974,12183883340
2021-05-13,LG4,Staff,323,1032,385571,393840904,6790679973,7184520877
2021-05-13,LG4,TPG,159,2003,2609797,2407136400,108952359951,111359496351
2021-05-13,LG4,Total,1899,14446,16707908,18894059885,610420727985,629314787870
2021-05-13,LG4,UG,936,10022,12380797,14922342984,443899280954,458821623938
2021-05-14,1,Alumni,6,111,187176,266564226,7922343364,8188907590
2021-05-14,1,Non-HKUST,29,167,288491,237551903,6546007721,6783559624
2021-05-14,1,Others(HKUST),7,36,78235,590682,6136682,6727364
2021-05-14,1,RPG,24,152,195390,186031091,5843763938,6029795029
2021-05-14,1,Staff,76,1373,1334482,421779474,26342931442,26764710916
2021-05-14,1,TPG,67,1812,2399372,4835366928,105429956569,110265323497
2021-05-14,1,Total,397,7173,9422571,10501212634,314257270208,324758482842
2021-05-14,1,UG,188,3522,4939425,4553328330,162166130492,166719458822
2021-05-14,All-Floors,Alumni,39,648,516542,573336728,19382967202,19956303930
2021-05-14,All-Floors,Non-HKUST,222,2401,2634844,3903836091,98560111895,102463947986
2021-05-14,All-Floors,Others(HKUST),23,319,383270,39394788,473201845,512596633
2021-05-14,All-Floors,RPG,529,3339,2474517,4313237632,71341646147,75654883779
2021-05-14,All-Floors,Staff,589,5823,3046961,1807779084,79239123226,81046902310
2021-05-14,All-Floors,TPG,306,11942,12305643,20811108311,435014175810,455825284121
2021-05-14,All-Floors,Total,2997,71535,66574254,81838577805,2239093036489,2320931614294
2021-05-14,All-Floors,UG,1289,47063,45212477,50389885171,1535081810364,1585471695535
2021-05-14,G,Alumni,19,211,36216,35457037,1584674621,1620131658
2021-05-14,G,Non-HKUST,102,485,216658,397512918,9370777367,9768290285
2021-05-14,G,Others(HKUST),9,61,63034,8405374,122518856,130924230
2021-05-14,G,RPG,120,1092,585877,1516489421,12460789409,13977278830
2021-05-14,G,Staff,182,1754,627154,220085284,5152094054,5372179338
2021-05-14,G,TPG,260,3581,1669492,3275853562,63615102022,66890955584
2021-05-14,G,Total,1645,20595,7200787,10534014421,217667979170,228201993591
2021-05-14,G,UG,953,13411,4002356,5080210825,125362022841,130442233666
2021-05-14,LG1,Alumni,11,138,131616,68840001,1505954751,1574794752
2021-05-14,LG1,Non-HKUST,89,806,1083835,2055189187,45246063159,47301252346
2021-05-14,LG1,Others(HKUST),8,73,106769,13942684,91626964,105569648
2021-05-14,LG1,RPG,66,601,843997,1991823113,34086098328,36077921441
2021-05-14,LG1,Staff,78,719,359672,471771776,6985427912,7457199688
2021-05-14,LG1,TPG,159,3328,4310402,8712741886,130702225575,139414967461
2021-05-14,LG1,Total,1196,20598,25267682,35152998406,831598983674,866751982080
2021-05-14,LG1,UG,785,14933,18431391,21838689759,612981586985,634820276744
2021-05-14,LG3,Alumni,22,114,92419,125846494,5629275802,5755122296
2021-05-14,LG3,Non-HKUST,93,405,535525,651556295,21252005992,21903562287
2021-05-14,LG3,Others(HKUST),13,69,18211,1225133,6594570,7819703
2021-05-14,LG3,RPG,317,789,338055,308778321,9289366419,9598144740
2021-05-14,LG3,Staff,360,1051,332661,126332820,4717185966,4843518786
2021-05-14,LG3,TPG,156,1260,1741695,1816479239,61078293646,62894772885
2021-05-14,LG3,Total,1750,9558,8477797,9840978018,322062850439,331903828457
2021-05-14,LG3,UG,789,5870,5419231,6810759716,220090128044,226900887760
2021-05-14,LG4,Alumni,21,74,69115,76628970,2740718664,2817347634
2021-05-14,LG4,Non-HKUST,93,538,510335,562025788,16145257656,16707283444
2021-05-14,LG4,Others(HKUST),15,80,117021,15230915,246324773,261555688
2021-05-14,LG4,RPG,337,705,511198,310115686,9661628053,9971743739
2021-05-14,LG4,Staff,319,926,392992,567809730,36041483852,36609293582
2021-05-14,LG4,TPG,159,1961,2184682,2170666696,74188597998,76359264694
2021-05-14,LG4,Total,1800,13611,16205417,15809374326,553505952998,569315327324
2021-05-14,LG4,UG,856,9327,12420074,12106896541,414481942002,426588838543
2021-05-15,1,Alumni,3,58,100511,38195142,2219910271,2258105413
2021-05-15,1,Non-HKUST,20,120,188449,179854447,3096259211,3276113658
2021-05-15,1,Others(HKUST),3,9,30014,774069,3429567,4203636
2021-05-15,1,RPG,17,63,117998,97870845,2654359926,2752230771
2021-05-15,1,Staff,7,28,59109,25440294,2410900870,2436341164
2021-05-15,1,TPG,60,750,1404835,5210966744,37614349503,42825316247
2021-05-15,1,Total,228,3285,4927538,7991843991,147543359598,155535203589
2021-05-15,1,UG,118,2257,3026622,2438742450,99544150250,101982892700
2021-05-15,All-Floors,Alumni,42,1191,716334,742117209,49273832668,50015949877
2021-05-15,All-Floors,Non-HKUST,155,1607,1814179,2514511097,62646613597,65161124694
2021-05-15,All-Floors,Others(HKUST),16,356,294152,34626985,200058849,234685834
2021-05-15,All-Floors,RPG,361,2274,1859226,1820611681,93456788908,95277400589
2021-05-15,All-Floors,Staff,168,1418,740037,848001629,47212679056,48060680685
2021-05-15,All-Floors,TPG,234,8583,8868236,20637618018,326319070880,346956688898
2021-05-15,All-Floors,Total,1887,42291,38934726,59207112548,1481145080538,1540352193086
2021-05-15,All-Floors,UG,911,26862,24642562,32609625929,902036036580,934645662509
2021-05-15,G,Alumni,27,361,114789,150175295,3234227029,3384402324
2021-05-15,G,Non-HKUST,73,412,245144,331644330,12606389427,12938033757
2021-05-15,G,Others(HKUST),5,41,53483,3650260,32512858,36163118
2021-05-15,G,RPG,82,856,415969,653012062,17679489707,18332501769
2021-05-15,G,Staff,47,497,237800,175869363,4036242817,4212112180
2021-05-15,G,TPG,195,2914,1259052,3340595827,57561089554,60901685381
2021-05-15,G,Total,1038,12927,4162135,8092467065,167455492616,175547959681
2021-05-15,G,UG,609,7846,1835898,3437519928,72305541224,75743061152
2021-05-15,LG1,Alumni,16,266,145344,162955277,17189274563,17352229840
2021-05-15,LG1,Non-HKUST,68,493,744497,1127508512,23763017546,24890526058
2021-05-15,LG1,Others(HKUST),3,220,98579,25850520,108419444,134269964
2021-05-15,LG1,RPG,48,469,679244,537052382,19376830413,19913882795
2021-05-15,LG1,Staff,26,127,41069,18174612,603018603,621193215
2021-05-15,LG1,TPG,137,2903,3902120,9330676734,140899813922,150230490656
2021-05-15,LG1,Total,810,13837,17353053,29060251483,634854676859,663914928342
2021-05-15,LG1,UG,512,9359,11742200,17858033446,432914302368,450772335814
2021-05-15,LG3,Alumni,24,253,117955,172617669,4245913893,4418531562
2021-05-15,LG3,Non-HKUST,53,351,223766,444532533,6547184334,6991716867
2021-05-15,LG3,Others(HKUST),11,42,12205,527195,9041705,9568900
2021-05-15,LG3,RPG,184,436,247227,272472616,39508885367,39781357983
2021-05-15,LG3,Staff,98,395,217679,417446802,12995743980,13413190782
2021-05-15,LG3,TPG,117,759,760867,1043039370,28689966036,29733005406
2021-05-15,LG3,Total,1007,5395,4667401,6083283507,223036071136,229119354643
2021-05-15,LG3,UG,520,3159,3087702,3732647322,131039335821,134771983143
2021-05-15,LG4,Alumni,26,253,237735,218173826,22384506912,22602680738
2021-05-15,LG4,Non-HKUST,66,231,412323,430971275,16633763079,17064734354
2021-05-15,LG4,Others(HKUST),12,44,99871,3824941,46655275,50480216
2021-05-15,LG4,RPG,240,450,398788,260203776,14237223495,14497427271
2021-05-15,LG4,Staff,89,371,184380,211070558,27166772786,27377843344
2021-05-15,LG4,TPG,122,1257,1541362,1712339343,61553851865,63266191208
2021-05-15,LG4,Total,1114,6847,7824599,7979266502,308255480329,316234746831
2021-05-15,LG4,UG,559,4241,4950140,5142682783,166232706917,171375389700
2021-05-16,1,Alumni,3,42,91074,618589763,22368271252,22986861015
2021-05-16,1,Non-HKUST,13,53,74974,80921365,16384082102,16465003467
2021-05-16,1,Others(HKUST),2,3,58855,12395,178548,190943
2021-05-16,1,RPG,10,94,110575,72825410,2166278868,2239104278
2021-05-16,1,Staff,6,46,21531,27320802,1341914770,1369235572
2021-05-16,1,TPG,39,875,914716,1515307882,38111353950,39626661832
2021-05-16,1,Total,168,2787,3519846,4297554352,150401959621,154699513973
2021-05-16,1,UG,95,1674,2248121,1982576735,70029880131,72012456866
2021-05-16,All-Floors,Alumni,37,743,401449,1172466516,50238621633,51411088149
2021-05-16,All-Floors,Non-HKUST,118,1051,1329665,1051042297,49819742792,50870785089
2021-05-16,All-Floors,Others(HKUST),12,142,257063,24173887,268769103,292942990
2021-05-16,All-Floors,RPG,334,2019,1861683,2139396850,54223968667,56363365517
2021-05-16,All-Floors,Staff,139,987,507575,243566429,8031961853,8275528282
2021-05-16,All-Floors,TPG,216,6824,6938687,16276148200,293812055580,310088203780
2021-05-16,All-Floors,Total,1725,36781,35744094,47027162008,1378715798653,1425742960661
2021-05-16,All-Floors,UG,869,25015,24447972,26120367829,922320679025,948441046854
2021-05-16,G,Alumni,25,245,58794,197040654,3664977209,3862017863
2021-05-16,G,Non-HKUST,45,267,165563,104622934,4432317198,4536940132
2021-05-16,G,Others(HKUST),3,26,52080,3349410,19044631,22394041
2021-05-16,G,RPG,66,547,267575,559485774,7337001079,7896486853
2021-05-16,G,Staff,35,309,235791,82157178,2132076217,2214233395
2021-05-16,G,TPG,175,1810,737612,1272976738,69960706881,71233683619
2021-05-16,G,Total,926,9110,3053111,4093782314,157013369279,161107151593
2021-05-16,G,UG,577,5906,1535696,1874149626,69467246064,71341395690
2021-05-16,LG1,Alumni,18,119,41104,43712988,1088793309,1132506297
2021-05-16,LG1,Non-HKUST,56,374,547355,432544662,11404481969,11837026631
2021-05-16,LG1,Others(HKUST),4,7,78490,8912935,22287607,31200542
2021-05-16,LG1,RPG,51,574,915571,1019523316,32561327913,33580851229
2021-05-16,LG1,Staff,26,199,135882,74774902,3377997100,3452772002
2021-05-16,LG1,TPG,135,2442,3473770,11513134639,126149531520,137662666159
2021-05-16,LG1,Total,819,13745,17915918,27832662407,656110641687,683943304094
2021-05-16,LG1,UG,529,10030,12723746,14740058965,481506222269,496246281234
2021-05-16,LG3,Alumni,26,189,63777,141529441,6628242873,6769772314
2021-05-16,LG3,Non-HKUST,43,174,211789,182318251,4383945613,4566263864
2021-05-16,LG3,Others(HKUST),7,69,16065,5261418,98853947,104115365
2021-05-16,LG3,RPG,187,343,199023,152667516,4004218684,4156886200
2021-05-16,LG3,Staff,81,261,31995,7978167,74397860,82376027
2021-05-16,LG3,TPG,119,654,552816,480010920,21028906660,21508917580
2021-05-16,LG3,Total,998,5257,4327648,4619242997,159459464824,164078707821
2021-05-16,LG3,UG,535,3567,3252183,3649477284,123240899187,126890376471
2021-05-16,LG4,Alumni,30,148,146700,171593670,16488336990,16659930660
2021-05-16,LG4,Non-HKUST,51,183,329984,250635085,13214915910,13465550995
2021-05-16,LG4,Others(HKUST),7,37,51573,6637729,128404370,135042099
2021-05-16,LG4,RPG,216,461,368939,334894834,8155142123,8490036957
2021-05-16,LG4,Staff,66,172,82376,51335380,1105575906,1156911286
2021-05-16,LG4,TPG,102,1043,1259773,1494718021,38561556569,40056274590
2021-05-16,LG4,Total,1034,5882,6927571,6183919938,255730363242,261914283180
2021-05-16,LG4,UG,562,3838,4688226,3874105219,178076431374,181950536593
2021-05-17,1,Alumni,3,68,84220,159366098,1831566759,1990932857
2021-05-17,1,Non-HKUST,19,190,240412,137127680,2210514579,2347642259
2021-05-17,1,Others(HKUST),5,29,88012,7672388,1035656849,1043329237
2021-05-17,1,RPG,22,209,323062,224249925,4804726994,5028976919
2021-05-17,1,Staff,85,1362,1223800,344970411,11655533435,12000503846
2021-05-17,1,TPG,64,1374,1885126,1771206185,64679739400,66450945585
2021-05-17,1,Total,356,6153,7816810,7141767689,229771747711,236913515400
2021-05-17,1,UG,158,2921,3972178,4497175002,143554009695,148051184697
2021-05-17,All-Floors,Alumni,25,383,431389,675446177,28983221156,29658667333
2021-05-17,All-Floors,Non-HKUST,171,1951,1843326,1848005563,62354799147,64202804710
2021-05-17,All-Floors,Others(HKUST),18,183,403960,39487447,1291643217,1331130664
2021-05-17,All-Floors,RPG,534,4809,3503726,3417681769,88963182502,92380864271
2021-05-17,All-Floors,Staff,590,6353,3444905,1661118133,44119411495,45780529628
2021-05-17,All-Floors,TPG,276,12007,11695642,28917222329,504874867175,533792089504
2021-05-17,All-Floors,Total,2779,66278,57542356,82987505611,1971974790445,2054962296056
2021-05-17,All-Floors,UG,1165,40592,36219408,46428544193,1241387665753,1287816209946
2021-05-17,G,Alumni,18,172,101202,118772914,3951072747,4069845661
2021-05-17,G,Non-HKUST,75,560,199379,204020208,4803591823,5007612031
2021-05-17,G,Others(HKUST),8,37,57682,4739667,48909381,53649048
2021-05-17,G,RPG,175,1579,600836,562728216,15339281875,15902010091
2021-05-17,G,Staff,202,1865,775564,667728498,11787811733,12455540231
2021-05-17,G,TPG,239,3766,1744334,2438743279,138782610971,141221354250
2021-05-17,G,Total,1565,19438,6599331,7083491158,294830378453,301913869611
2021-05-17,G,UG,848,11459,3120334,3086758376,120117099923,123203858299
2021-05-17,LG1,Alumni,7,54,70411,250526279,3815862599,4066388878
2021-05-17,LG1,Non-HKUST,75,652,778606,834348778,23258941399,24093290177
2021-05-17,LG1,Others(HKUST),8,23,138424,20346814,173743631,194090445
2021-05-17,LG1,RPG,108,1203,1086450,1137511436,23177746172,24315257608
2021-05-17,LG1,Staff,88,1052,576083,359742369,12573684047,12933426416
2021-05-17,LG1,TPG,175,3913,4730012,21063005890,191133510040,212196515930
2021-05-17,LG1,Total,1170,20469,23073124,46192816030,714670742247,760863558277
2021-05-17,LG1,UG,709,13572,15693138,22527334464,460537254359,483064588823
2021-05-17,LG3,Alumni,9,30,28149,27293730,1714865475,1742159205
2021-05-17,LG3,Non-HKUST,59,261,244731,328800590,13533938097,13862738687
2021-05-17,LG3,Others(HKUST),11,46,11796,1023660,5671685,6695345
2021-05-17,LG3,RPG,294,824,583537,566846663,22938474120,23505320783
2021-05-17,LG3,Staff,348,1018,492299,102232045,3536420018,3638652063
2021-05-17,LG3,TPG,131,1243,1352184,1667425174,42588898096,44256323270
2021-05-17,LG3,Total,1524,7925,7629564,8790994139,316154688412,324945682551
2021-05-17,LG3,UG,672,4503,4916868,6097372277,231836420921,237933793198
2021-05-17,LG4,Alumni,17,59,147407,119487156,17669853576,17789340732
2021-05-17,LG4,Non-HKUST,67,288,380198,343708307,18547813249,18891521556
2021-05-17,LG4,Others(HKUST),12,48,108046,5704918,27661671,33366589
2021-05-17,LG4,RPG,349,994,909841,926345529,22702953341,23629298870
2021-05-17,LG4,Staff,335,1056,377159,186444810,4565962262,4752407072
2021-05-17,LG4,TPG,141,1711,1983986,1976841801,67690108668,69666950469
2021-05-17,LG4,Total,1666,12293,12423527,13778436595,416547233622,430325670217
2021-05-17,LG4,UG,745,8137,8516890,10219904074,285342880855,295562784929
2021-05-18,1,Alumni,2,4,30383,65965446,4203205815,4269171261
2021-05-18,1,Non-HKUST,18,85,185748,113308859,5452067919,5565376778
2021-05-18,1,Others(HKUST),4,32,142733,3052078,66520599,69572677
2021-05-18,1,RPG,33,301,442818,303506527,8834739583,9138246110
2021-05-18,1,Staff,79,1590,1273685,845818185,18108261910,18954080095
2021-05-18,1,TPG,63,1115,2060949,1804516224,57039174735,58843690959
2021-05-18,1,Total,368,6477,8631451,7170721186,252796015364,259966736550
2021-05-18,1,UG,169,3350,4495135,4034553867,159092044803,163126598670
2021-05-18,All-Floors,Alumni,21,287,359392,633829253,16650963041,17284792294
2021-05-18,All-Floors,Non-HKUST,193,1927,2304022,3410763993,85479832052,88890596045
2021-05-18,All-Floors,Others(HKUST),27,319,527259,210924199,1287834900,1498759099
2021-05-18,All-Floors,RPG,530,4088,3202543,5656716461,92628134502,98284850963
2021-05-18,All-Floors,Staff,582,6087,3209656,1838562687,52676432415,54514995102
2021-05-18,All-Floors,TPG,272,10259,11572156,16029045249,437144774692,453173819941
2021-05-18,All-Floors,Total,2753,61157,57637622,71013085791,2018710291329,2089723377120
2021-05-18,All-Floors,UG,1128,38190,36462594,43233243949,1332842319727,1376075563676
2021-05-18,G,Alumni,10,89,15765,19057511,777941994,796999505
2021-05-18,G,Non-HKUST,81,471,308567,262632195,7823392610,8086024805
2021-05-18,G,Others(HKUST),11,77,65988,6544942,64280284,70825226
2021-05-18,G,RPG,132,1334,628321,839041274,21364924980,22203966254
2021-05-18,G,Staff,173,1613,646160,334633981,3202078363,3536712344
2021-05-18,G,TPG,236,3335,1454589,1617276917,56927966496,58545243413
2021-05-18,G,Total,1473,18014,5682830,5977972307,176184452494,182162424801
2021-05-18,G,UG,830,11095,2563440,2898785487,86023867767,88922653254
2021-05-18,LG1,Alumni,7,124,135804,395981561,4992112334,5388093895
2021-05-18,LG1,Non-HKUST,75,723,950313,1943273248,32815188813,34758462061
2021-05-18,LG1,Others(HKUST),9,32,132015,10692600,79321709,90014309
2021-05-18,LG1,RPG,80,1070,1035765,3619456938,34187967180,37807424118
2021-05-18,LG1,Staff,90,901,633421,361130784,17810148937,18171279721
2021-05-18,LG1,TPG,177,3809,5116991,9204178894,201155055786,210359234680
2021-05-18,LG1,Total,1111,17492,21995935,33798394886,742580690506,776379085392
2021-05-18,LG1,UG,673,10833,13991626,18263680861,451540895747,469804576608
2021-05-18,LG3,Alumni,8,33,44660,62098067,1054442463,1116540530
2021-05-18,LG3,Non-HKUST,75,425,408977,692003631,26808726617,27500730248
2021-05-18,LG3,Others(HKUST),19,107,25394,9338371,187210052,196548423
2021-05-18,LG3,RPG,305,692,512830,463280620,12831221012,13294501632
2021-05-18,LG3,Staff,359,1033,385145,136866743,9578053027,9714919770
2021-05-18,LG3,TPG,117,739,998250,1053935835,39582186156,40636121991
2021-05-18,LG3,Total,1557,8217,8107112,9685772305,329559560606,339245332911
2021-05-18,LG3,UG,674,5188,5731856,7268249038,239517721279,246785970317
2021-05-18,LG4,Alumni,10,37,132780,90726668,5623260435,5713987103
2021-05-18,LG4,Non-HKUST,70,223,450417,399546060,12580456093,12980002153
2021-05-18,LG4,Others(HKUST),19,71,161129,181296208,890502256,1071798464
2021-05-18,LG4,RPG,341,691,582809,431431102,15409281747,15840712849
2021-05-18,LG4,Staff,316,950,271245,160112994,3977890178,4138003172
2021-05-18,LG4,TPG,129,1261,1941377,2349137379,82440391519,84789528898
2021-05-18,LG4,Total,1614,10957,13220294,14380225107,517589572359,531969797466
2021-05-18,LG4,UG,729,7724,9680537,10767974696,396667790131,407435764827
2021-05-19,1,Alumni,3,71,102730,37802636,1248277593,1286080229
2021-05-19,1,Non-HKUST,21,79,133165,96930679,5276973299,5373903978
2021-05-19,1,Others(HKUST),3,15,111147,4156303,98791044,102947347
2021-05-19,1,RPG,7,81,96152,211492487,3947535493,4159027980
2021-05-19,1,Staff,11,52,24588,11065390,64907714,75973104
2021-05-19,1,TPG,55,741,1346641,1496530006,56325488900,57822018906
2021-05-19,1,Total,224,3213,4936531,5042101941,191762571851,196804673792
2021-05-19,1,UG,124,2174,3122108,3184124440,124800597808,127984722248
2021-05-19,All-Floors,Alumni,27,759,516429,734576520,48865077865,49599654385
2021-05-19,All-Floors,Non-HKUST,193,1776,2196629,2867157615,86442064191,89309221806
2021-05-19,All-Floors,Others(HKUST),12,287,513747,210959221,638609795,849569016
2021-05-19,All-Floors,RPG,408,2643,1956913,2060837758,51908231053,53969068811
2021-05-19,All-Floors,Staff,176,1246,658327,531223073,6560011945,7091235018
2021-05-19,All-Floors,TPG,249,9970,10504685,11996610018,466776053432,478772663450
2021-05-19,All-Floors,Total,2237,54234,52507481,56113238074,1995625504066,2051738742140
2021-05-19,All-Floors,UG,1172,37553,36160751,37711873869,1334435455785,1372147329654
2021-05-19,G,Alumni,17,276,72562,206469345,8965714310,9172183655
2021-05-19,G,Non-HKUST,85,494,247403,161436133,8323307721,8484743854
2021-05-19,G,Others(HKUST),6,60,131609,2754550,31990396,34744946
2021-05-19,G,RPG,76,697,333175,252241052,8335153103,8587394155
2021-05-19,G,Staff,40,391,205732,124899386,2177290924,2302190310
2021-05-19,G,TPG,208,2736,1280852,1010875357,39932784872,40943660229
2021-05-19,G,Total,1256,14849,4909523,4389701481,162182013263,166571714744
2021-05-19,G,UG,824,10195,2638190,2631025658,94415771937,97046797595
2021-05-19,LG1,Alumni,9,125,93358,163169789,13561846902,13725016691
2021-05-19,LG1,Non-HKUST,98,678,1096325,1557221362,40408814107,41966035469
2021-05-19,LG1,Others(HKUST),3,111,138685,13063791,85200842,98264633
2021-05-19,LG1,RPG,57,632,612778,899849525,21344608542,22244458067
2021-05-19,LG1,Staff,36,303,234805,363613840,3546304624,3909918464
2021-05-19,LG1,TPG,185,4233,4765074,5183133628,161734366979,166917500607
2021-05-19,LG1,Total,1131,20281,23556660,24433543498,742797479118,767231022616
2021-05-19,LG1,UG,743,14199,16615635,16253491563,502116337122,518369828685
2021-05-19,LG3,Alumni,13,78,25597,23789322,1366608024,1390397346
2021-05-19,LG3,Non-HKUST,72,324,359598,522434739,11744096282,12266531021
2021-05-19,LG3,Others(HKUST),6,16,325,68358,221200,289558
2021-05-19,LG3,RPG,252,666,566018,500409636,12247370144,12747779780
2021-05-19,LG3,Staff,106,312,142819,23748611,570176517,593925128
2021-05-19,LG3,TPG,132,1036,1305919,1727334908,70163712905,71891047813
2021-05-19,LG3,Total,1270,6885,6929347,7952654074,332652191148,340604845222
2021-05-19,LG3,UG,689,4453,4529071,5154868500,236560006076,241714874576
2021-05-19,LG4,Alumni,16,209,222182,303345428,23722631036,24025976464
2021-05-19,LG4,Non-HKUST,62,201,360138,529134702,20688872782,21218007484
2021-05-19,LG4,Others(HKUST),7,85,131981,190916219,422406313,613322532
2021-05-19,LG4,RPG,283,567,348790,196845058,6033563771,6230408829
2021-05-19,LG4,Staff,101,188,50383,7895846,201332166,209228012
2021-05-19,LG4,TPG,112,1224,1806199,2578736119,138619699776,141198435895
2021-05-19,LG4,Total,1340,9006,12175420,14295237080,566231248686,580526485766
2021-05-19,LG4,UG,759,6532,9255747,10488363708,376542742842,387031106550
2021-05-20,1,Alumni,5,17,51960,137760092,7443367473,7581127565
2021-05-20,1,Non-HKUST,28,115,131810,90729646,3033989387,3124719033
2021-05-20,1,Others(HKUST),4,31,94560,2684676,48147087,50831763
2021-05-20,1,RPG,18,139,282624,191931227,5665875191,5857806418
2021-05-20,1,Staff,73,1400,1351994,349299327,28097768067,28447067394
2021-05-20,1,TPG,59,1007,1900390,1277474091,35851771140,37129245231
2021-05-20,1,Total,341,4636,7230564,4711467005,218198330758,222909797763
2021-05-20,1,UG,154,1927,3417226,2661587946,138057412413,140719000359
2021-05-20,All-Floors,Alumni,29,635,577534,899322009,29638431795,30537753804
2021-05-20,All-Floors,Non-HKUST,245,2439,2060677,2480580337,72007761879,74488342216
2021-05-20,All-Floors,Others(HKUST),22,343,435156,78536195,7641588120,7720124315
2021-05-20,All-Floors,RPG,499,3547,2862135,2946925224,70110219940,73057145164
2021-05-20,All-Floors,Staff,567,5601,3057101,1176382481,64406494685,65582877166
2021-05-20,All-Floors,TPG,248,8985,9852588,11625540016,271334756230,282960296246
2021-05-20,All-Floors,Total,2745,54522,52433096,78155500679,1689980507146,1768136007825
2021-05-20,All-Floors,UG,1135,32972,33587905,58948214417,1174841254497,1233789468914
2021-05-20,G,Alumni,20,205,97186,150097653,1703240445,1853338098
2021-05-20,G,Non-HKUST,95,593,261729,246148304,10594824449,10840972753
2021-05-20,G,Others(HKUST),8,74,109215,8965871,214210525,223176396
2021-05-20,G,RPG,127,1121,545873,564462909,14733174883,15297637792
2021-05-20,G,Staff,185,1743,724019,448128730,14490534649,14938663379
2021-05-20,G,TPG,215,3238,1810037,1938488715,51833317656,53771806371
2021-05-20,G,Total,1472,16720,6301227,6086350810,233193325129,239279675939
2021-05-20,G,UG,822,9746,2753168,2730058628,139624022522,142354081150
2021-05-20,LG1,Alumni,8,228,245393,478863734,12648116613,13126980347
2021-05-20,LG1,Non-HKUST,96,1076,929946,1515599521,24564421920,26080021441
2021-05-20,LG1,Others(HKUST),7,44,132615,49921730,6706693468,6756615198
2021-05-20,LG1,RPG,69,808,863947,909762981,22871539128,23781302109
2021-05-20,LG1,Staff,66,815,402307,144522939,13000076945,13144599884
2021-05-20,LG1,TPG,152,2785,3694065,5825299527,106464033311,112289332838
2021-05-20,LG1,Total,1068,16118,19760733,49751971137,621152491600,670904462737
2021-05-20,LG1,UG,670,10362,13492460,40828000705,434897610215,475725610920
2021-05-20,LG3,Alumni,9,72,39334,24087174,3329652164,3353739338
2021-05-20,LG3,Non-HKUST,85,372,381942,220811728,9793819395,10014631123
2021-05-20,LG3,Others(HKUST),9,74,16622,2796972,424451072,427248044
2021-05-20,LG3,RPG,303,785,586176,792023205,14905487160,15697510365
2021-05-20,LG3,Staff,335,893,291059,95054439,4400102368,4495156807
2021-05-20,LG3,TPG,118,759,749584,808279598,18382872642,19191152240
2021-05-20,LG3,Total,1521,7354,7123572,7538151810,247887588286,255425740096
2021-05-20,LG3,UG,662,4399,5058855,5595098694,196651203485,202246302179
2021-05-20,LG4,Alumni,17,113,143661,108513356,4514055100,4622568456
2021-05-20,LG4,Non-HKUST,96,283,355250,407291138,24020706728,24427997866
2021-05-20,LG4,Others(HKUST),11,120,82144,14166946,248085968,262252914
2021-05-20,LG4,RPG,328,694,583515,488744902,11934143578,12422888480
2021-05-20,LG4,Staff,314,750,287722,139377046,4418012656,4557389702
2021-05-20,LG4,TPG,116,1196,1698512,1775998085,58802761481,60578759566
2021-05-20,LG4,Total,1618,9694,12017000,10067559917,369548771373,379616331290
2021-05-20,LG4,UG,736,6538,8866196,7133468444,265611005862,272744474306
2021-05-21,1,Alumni,3,3,44278,82989989,3098379508,3181369497
2021-05-21,1,Non-HKUST,15,75,112207,76956404,2944151266,3021107670
2021-05-21,1,Others(HKUST),4,13,101772,1922471,111458614,113381085
2021-05-21,1,RPG,23,263,347937,301395965,7365682345,7667078310
2021-05-21,1,Staff,77,1446,1203110,477136282,37953248982,38430385264
2021-05-21,1,TPG,56,716,1526437,1539195411,71828894323,73368089734
2021-05-21,1,Total,288,4085,5835828,5007166015,216954851751,221962017766
2021-05-21,1,UG,110,1569,2500087,2527569493,93653036713,96180606206
2021-05-21,All-Floors,Alumni,27,675,476241,907572661,20554718910,21462291571
2021-05-21,All-Floors,Non-HKUST,202,2169,1952640,2671525754,96343514017,99015039771
2021-05-21,All-Floors,Others(HKUST),25,280,430482,15885463,315379774,331265237
2021-05-21,All-Floors,RPG,481,3572,2768936,4281626831,72964291313,77245918144
2021-05-21,All-Floors,Staff,562,5248,2927735,1467678989,57612608564,59080287553
2021-05-21,All-Floors,TPG,257,9478,10501562,17976892898,447110234166,465087127064
2021-05-21,All-Floors,Total,2642,54679,51045123,67507555831,1993606949602,2061114505433
2021-05-21,All-Floors,UG,1088,33257,31987527,40186373235,1298706202858,1338892576093
2021-05-21,G,Alumni,13,200,20682,11993971,314681021,326674992
2021-05-21,G,Non-HKUST,84,570,243131,244370813,6778416286,7022787099
2021-05-21,G,Others(HKUST),6,37,63741,4118186,117678749,121796935
2021-05-21,G,RPG,118,1277,761127,2509212591,29052783663,31561996254
2021-05-21,G,Staff,168,1615,689320,551085777,7134583595,7685669372
2021-05-21,G,TPG,221,3190,1460553,1562394507,59061618873,60624013380
2021-05-21,G,Total,1382,17407,6224058,9025339325,225244604111,234269943436
2021-05-21,G,UG,772,10518,2985504,4142163480,122784841924,126927005404
2021-05-21,LG1,Alumni,9,336,247513,561979941,8864789455,9426769396
2021-05-21,LG1,Non-HKUST,85,842,860339,1248284942,49631107786,50879392728
2021-05-21,LG1,Others(HKUST),8,20,128371,4090074,30546087,34636161
2021-05-21,LG1,RPG,74,654,657662,511773175,12224478911,12736252086
2021-05-21,LG1,Staff,75,721,604489,280711357,9532027740,9812739097
2021-05-21,LG1,TPG,151,3203,4294130,11927979712,176939385230,188867364942
2021-05-21,LG1,Total,1064,16239,19998710,30764743000,697631107384,728395850384
2021-05-21,LG1,UG,662,10463,13206206,16229923799,440408772175,456638695974
2021-05-21,LG3,Alumni,11,85,64016,139529832,3444530461,3584060293
2021-05-21,LG3,Non-HKUST,70,414,315339,355473169,10680401881,11035875050
2021-05-21,LG3,Others(HKUST),10,74,13139,1243506,13643179,14886685
2021-05-21,LG3,RPG,274,704,461845,628784622,14811887135,15440671757
2021-05-21,LG3,Staff,333,872,230523,106457997,1576352008,1682810005
2021-05-21,LG3,TPG,126,901,1073752,1187707119,34276094222,35463801341
2021-05-21,LG3,Total,1452,7634,7318380,10639207469,348078436511,358717643980
2021-05-21,LG3,UG,628,4584,5159766,8220011224,283275527625,291495538849
2021-05-21,LG4,Alumni,15,51,99752,111078928,4832338465,4943417393
2021-05-21,LG4,Non-HKUST,102,268,421624,746440426,26309436798,27055877224
2021-05-21,LG4,Others(HKUST),15,136,123459,4511226,42053145,46564371
2021-05-21,LG4,RPG,309,674,540365,330460478,9509459259,9839919737
2021-05-21,LG4,Staff,306,594,200293,52287576,1416396239,1468683815
2021-05-21,LG4,TPG,123,1468,2146690,1759616149,105004241518,106763857667
2021-05-21,LG4,Total,1547,9314,11668147,12071100022,505697949845,517769049867
2021-05-21,LG4,UG,677,6123,8135964,9066705239,358584024421,367650729660
2021-05-22,1,Alumni,4,84,156908,59407705,3611002376,3670410081
2021-05-22,1,Non-HKUST,11,27,35769,25627595,1262724811,1288352406
2021-05-22,1,Others(HKUST),2,8,89417,3542382,52175327,55717709
2021-05-22,1,RPG,17,124,194757,121198063,2116613149,2237811212
2021-05-22,1,Staff,16,81,64887,40499983,3407414019,3447914002
2021-05-22,1,TPG,34,581,1045386,1579745778,53575969012,55155714790
2021-05-22,1,Total,182,2116,3770724,3836560126,126091719220,129928279346
2021-05-22,1,UG,98,1211,2183600,2006538620,62065820526,64072359146
2021-05-22,All-Floors,Alumni,29,701,516577,440562923,38886638090,39327201013
2021-05-22,All-Floors,Non-HKUST,123,1128,1264192,3420140328,35735619688,39155760016
2021-05-22,All-Floors,Others(HKUST),13,362,292075,17849460,298771136,316620596
2021-05-22,All-Floors,RPG,368,2478,1991143,2294750318,49981835403,52276585721
2021-05-22,All-Floors,Staff,196,1336,665471,618994271,19289245106,19908239377
2021-05-22,All-Floors,TPG,191,6302,7143343,9681381412,273163590231,282844971643
2021-05-22,All-Floors,Total,1752,34690,34207785,45753443537,1251792947772,1297546391309
2021-05-22,All-Floors,UG,832,22383,22334984,29279764825,834437248118,863717012943
2021-05-22,G,Alumni,20,205,26652,6047448,695859890,701907338
2021-05-22,G,Non-HKUST,58,336,180204,152547808,6983588773,7136136581
2021-05-22,G,Others(HKUST),4,53,55451,5303316,20539135,25842451
2021-05-22,G,RPG,86,871,397568,367920811,12783299420,13151220231
2021-05-22,G,Staff,53,446,115798,108815996,1748157927,1856973923
2021-05-22,G,TPG,159,1962,868216,1200239679,23934761378,25135001057
2021-05-22,G,Total,942,10406,3494428,4472233719,127872136651,132344370370
2021-05-22,G,UG,562,6533,1850539,2631358661,81705930128,84337288789
2021-05-22,LG1,Alumni,10,218,128863,121205954,5381424938,5502630892
2021-05-22,LG1,Non-HKUST,65,454,642896,2990986245,16540879633,19531865878
2021-05-22,LG1,Others(HKUST),3,234,98390,8201980,213896729,222098709
2021-05-22,LG1,RPG,68,494,603273,1310279178,15633246660,16943525838
2021-05-22,LG1,Staff,22,249,230994,89232135,3543886926,3633119061
2021-05-22,LG1,TPG,121,2456,3426501,5335057455,132273120178,137608177633
2021-05-22,LG1,Total,776,11605,15661890,26018168460,568910826268,594928994728
2021-05-22,LG1,UG,487,7500,10530973,16163205513,395324371204,411487576717
2021-05-22,LG3,Alumni,14,59,55829,77705783,4540568030,4618273813
2021-05-22,LG3,Non-HKUST,47,149,215145,109296004,5561562981,5670858985
2021-05-22,LG3,Others(HKUST),9,42,8711,186704,1107025,1293729
2021-05-22,LG3,RPG,195,458,321115,172756445,7032787481,7205543926
2021-05-22,LG3,Staff,121,319,124184,43792349,1862915736,1906708085
2021-05-22,LG3,TPG,84,627,836397,607567038,19163223620,19770790658
2021-05-22,LG3,Total,951,4669,4802114,5980171854,170169007263,176149179117
2021-05-22,LG3,UG,481,3015,3240733,4968867531,132006842390,136975709921
2021-05-22,LG4,Alumni,19,135,148325,176196033,24657782856,24833978889
2021-05-22,LG4,Non-HKUST,41,162,190178,141682676,5386863490,5528546166
2021-05-22,LG4,Others(HKUST),6,25,40106,615078,11052920,11667998
2021-05-22,LG4,RPG,229,531,474430,322595821,12415888693,12738484514
2021-05-22,LG4,Staff,102,241,129608,336653808,8726870498,9063524306
2021-05-22,LG4,TPG,90,676,966843,958771462,44216516043,45175287505
2021-05-22,LG4,Total,1006,5894,6478629,5446309378,258749258370,264195567748
2021-05-22,LG4,UG,519,4124,4529139,3509794500,163334283870,166844078370
2021-05-23,1,Alumni,5,20,47299,163415968,15185790806,15349206774
2021-05-23,1,Non-HKUST,18,37,93027,61126276,2603318667,2664444943
2021-05-23,1,Others(HKUST),1,8,104514,1564505,14353077,15917582
2021-05-23,1,RPG,7,43,67188,46565926,1311135960,1357701886
2021-05-23,1,Staff,8,46,96955,36957600,7333761734,7370719334
2021-05-23,1,TPG,28,541,731447,1195709819,25300503877,26496213696
2021-05-23,1,Total,140,1616,2760320,3480080110,163995948822,167476028932
2021-05-23,1,UG,73,921,1619890,1974740016,112247084701,114221824717
2021-05-23,All-Floors,Alumni,36,503,480843,842545907,52342425260,53184971167
2021-05-23,All-Floors,Non-HKUST,212,1218,1797369,2115714677,87095995773,89211710450
2021-05-23,All-Floors,Others(HKUST),9,73,251774,88523468,573901126,662424594
2021-05-23,All-Floors,RPG,263,1831,1512713,1641978624,37071742833,38713721457
2021-05-23,All-Floors,Staff,113,919,566010,319887741,26756636140,27076523881
2021-05-23,All-Floors,TPG,152,4760,5189102,8223092788,172881153691,181104246479
2021-05-23,All-Floors,Total,1520,28050,29287417,35666855940,1266637523249,1302304379189
2021-05-23,All-Floors,UG,735,18746,19489606,22435112735,889915668426,912350781161
2021-05-23,G,Alumni,20,147,56998,212004091,4062259530,4274263621
2021-05-23,G,Non-HKUST,52,188,179878,195036786,6865649801,7060686587
2021-05-23,G,Others(HKUST),2,9,72839,21191357,505681408,526872765
2021-05-23,G,RPG,60,410,260520,280249846,8863317836,9143567682
2021-05-23,G,Staff,29,285,163296,76246901,1419231463,1495478364
2021-05-23,G,TPG,126,1023,545782,996670620,29840781946,30837452566
2021-05-23,G,Total,754,5250,2036065,2961871023,116400747620,119362618643
2021-05-23,G,UG,465,3188,756752,1180471422,64843825636,66024297058
2021-05-23,LG1,Alumni,19,96,193138,243527489,9586280858,9829808347
2021-05-23,LG1,Non-HKUST,109,507,863281,987903429,45307041202,46294944631
2021-05-23,LG1,Others(HKUST),3,18,47031,12570091,27383408,39953499
2021-05-23,LG1,RPG,52,673,753820,969253120,15384211998,16353465118
2021-05-23,LG1,Staff,23,261,174859,140716481,13933957434,14074673915
2021-05-23,LG1,TPG,102,2291,2590228,5084567379,75595142737,80679710116
2021-05-23,LG1,Total,730,12468,15851213,20312625668,631298542811,651611168479
2021-05-23,LG1,UG,422,8622,11228856,12874087679,471464525174,484338612853
2021-05-23,LG3,Alumni,15,101,53497,90041064,1636855002,1726896066
2021-05-23,LG3,Non-HKUST,60,266,374701,466272773,11354601207,11820873980
2021-05-23,LG3,Others(HKUST),3,11,2086,29852,55884,85736
2021-05-23,LG3,RPG,124,394,224317,256748048,9049407074,9306155122
2021-05-23,LG3,Staff,58,174,68056,40700978,2592656342,2633357320
2021-05-23,LG3,TPG,69,440,641490,514058901,20488042289,21002101190
2021-05-23,LG3,Total,731,4064,3644515,4110010859,145180674572,149290685431
2021-05-23,LG3,UG,402,2678,2280368,2742159243,100059056774,102801216017
2021-05-23,LG4,Alumni,21,139,129911,133557295,21871239064,22004796359
2021-05-23,LG4,Non-HKUST,63,220,286482,405375413,20965384896,21370760309
2021-05-23,LG4,Others(HKUST),7,27,25304,53167663,26427349,79595012
2021-05-23,LG4,RPG,176,311,206868,89161684,2463669965,2552831649
2021-05-23,LG4,Staff,63,153,62844,25265781,1477029167,1502294948
2021-05-23,LG4,TPG,60,465,680155,432086069,21656682842,22088768911
2021-05-23,LG4,Total,834,4652,4995304,4802268280,209761609424,214563877704
2021-05-23,LG4,UG,444,3337,3603740,3663654375,141301176141,144964830516
2021-05-24,1,Alumni,4,46,110632,42504509,1748638007,1791142516
2021-05-24,1,Non-HKUST,23,94,166537,111804936,12981407225,13093212161
2021-05-24,1,Others(HKUST),4,32,120291,1050012,37510535,38560547
2021-05-24,1,RPG,16,82,98908,35708553,982289067,1017997620
2021-05-24,1,Staff,76,1409,1393053,802815424,17627487672,18430303096
2021-05-24,1,TPG,64,1319,1777124,961099927,34828220697,35789320624
2021-05-24,1,Total,315,4801,6842185,3962243354,151159410410,155121653764
2021-05-24,1,UG,128,1819,3175640,2007259993,82953857207,84961117200
2021-05-24,All-Floors,Alumni,21,339,379405,385177433,15219897569,15605075002
2021-05-24,All-Floors,Non-HKUST,214,1791,1972696,2102085086,116857866680,118959951766
2021-05-24,All-Floors,Others(HKUST),22,390,511083,17189129,370633472,387822601
2021-05-24,All-Floors,RPG,549,4078,2866849,2333228188,45410802239,47744030427
2021-05-24,All-Floors,Staff,589,6309,3360122,2511152860,50360619910,52871772770
2021-05-24,All-Floors,TPG,231,9220,9792084,8763384899,223950615953,232714000852
2021-05-24,All-Floors,Total,2690,54835,49772927,46055841780,1285401183119,1331457024899
2021-05-24,All-Floors,UG,1064,32708,30890688,29943624185,833230747296,863174371481
2021-05-24,G,Alumni,13,135,23481,31288652,278405035,309693687
2021-05-24,G,Non-HKUST,83,551,372976,419489773,13925574806,14345064579
2021-05-24,G,Others(HKUST),7,70,74695,4038844,57636487,61675331
2021-05-24,G,RPG,127,1300,504398,551825387,10619997232,11171822619
2021-05-24,G,Staff,204,1943,743712,759543929,12669931341,13429475270
2021-05-24,G,TPG,200,2888,1200258,954298058,30560359100,31514657158
2021-05-24,G,Total,1372,16571,5806620,5577181405,144570060441,150147241846
2021-05-24,G,UG,738,9684,2887100,2856696762,76458156440,79314853202
2021-05-24,LG1,Alumni,6,99,130506,245704433,4675506398,4921210831
2021-05-24,LG1,Non-HKUST,95,492,671102,553808126,18119098696,18672906822
2021-05-24,LG1,Others(HKUST),8,185,210260,7829737,224401514,232231251
2021-05-24,LG1,RPG,89,1032,1095230,726548526,19056110514,19782659040
2021-05-24,LG1,Staff,76,1038,623372,700357201,13565261726,14265618927
2021-05-24,LG1,TPG,142,3241,4219460,5634858495,109859248467,115494106962
2021-05-24,LG1,Total,1039,16703,20231220,24766277543,552972617519,577738895062
2021-05-24,LG1,UG,623,10616,13281290,16897171025,387472990204,404370161229
2021-05-24,LG3,Alumni,8,42,62702,39193085,1031838714,1071031799
2021-05-24,LG3,Non-HKUST,81,403,347100,678522843,59372562614,60051085457
2021-05-24,LG3,Others(HKUST),10,52,8970,364499,8309848,8674347
2021-05-24,LG3,RPG,332,868,508023,659004765,5612114394,6271119159
2021-05-24,LG3,Staff,343,1076,335377,144443569,2697168187,2841611756
2021-05-24,LG3,TPG,107,694,801503,457575364,17602253177,18059828541
2021-05-24,LG3,Total,1470,7794,6729334,5162825790,205863246587,211026072377
2021-05-24,LG3,UG,589,4659,4665659,3183721665,119538999653,122722721318
2021-05-24,LG4,Alumni,7,17,52084,26486754,7485509415,7511996169
2021-05-24,LG4,Non-HKUST,88,251,414981,338459408,12459223339,12797682747
2021-05-24,LG4,Others(HKUST),13,51,96867,3906037,42775088,46681125
2021-05-24,LG4,RPG,349,796,660290,360140957,9140291032,9500431989
2021-05-24,LG4,Staff,300,843,264608,103992737,3800770984,3904763721
2021-05-24,LG4,TPG,118,1078,1793739,755553055,31100534512,31856087567
2021-05-24,LG4,Total,1571,8966,10163568,6587313688,230835848162,237423161850
2021-05-24,LG4,UG,696,5930,6880999,4998774740,166806743792,171805518532
2021-05-25,1,Alumni,4,139,137801,81349687,2473739575,2555089262
2021-05-25,1,Non-HKUST,21,125,184497,188399783,6067428823,6255828606
2021-05-25,1,Others(HKUST),9,51,81156,1588422,17086295,18674717
2021-05-25,1,RPG,27,213,363753,251734100,6503425497,6755159597
2021-05-25,1,Staff,85,1615,1274215,289895692,8263240824,8553136516
2021-05-25,1,TPG,51,1430,1797444,1560083173,81994233133,83554316306
2021-05-25,1,Total,324,5718,7003272,4150465113,186895312646,191045777759
2021-05-25,1,UG,127,2145,3164406,1777414256,81576158499,83353572755
2021-05-25,All-Floors,Alumni,26,506,522691,505983499,41697961739,42203945238
2021-05-25,All-Floors,Non-HKUST,163,2247,1760549,1427910444,61380080962,62807991406
2021-05-25,All-Floors,Others(HKUST),30,286,330196,233487149,703563330,937050479
2021-05-25,All-Floors,RPG,524,4066,2965341,2097371008,57655002596,59752373604
2021-05-25,All-Floors,Staff,632,6159,3093452,1196096143,35285391574,36481487717
2021-05-25,All-Floors,TPG,214,8158,9290903,10313585645,243113482393,253427068038
2021-05-25,All-Floors,Total,2605,49513,44798896,39503750019,1229828029149,1269331779168
2021-05-25,All-Floors,UG,1016,28091,26835764,23729316131,789992546555,813721862686
2021-05-25,G,Alumni,13,131,22400,23776585,5749060866,5772837451
2021-05-25,G,Non-HKUST,73,557,250443,355588339,15299206896,15654795235
2021-05-25,G,Others(HKUST),12,80,78860,200140752,282564537,482705289
2021-05-25,G,RPG,145,1271,547279,657519433,16600900632,17258420065
2021-05-25,G,Staff,199,1805,683996,295489117,6992852910,7288342027
2021-05-25,G,TPG,181,2271,1131566,905959698,33845246886,34751206584
2021-05-25,G,Total,1272,14292,4932079,5828309277,164526645308,170354954585
2021-05-25,G,UG,649,8177,2217535,3389835353,85756812581,89146647934
2021-05-25,LG1,Alumni,7,93,142531,162506863,6993954658,7156461521
2021-05-25,LG1,Non-HKUST,75,970,663336,313871389,10290650713,10604522102
2021-05-25,LG1,Others(HKUST),6,25,39875,26324634,207361534,233686168
2021-05-25,LG1,RPG,85,959,931948,574880200,14939442638,15514322838
2021-05-25,LG1,Staff,85,656,415627,252956523,8305049873,8558006396
2021-05-25,LG1,TPG,140,2815,3667000,6230912879,76440837940,82671750819
2021-05-25,LG1,Total,921,14327,17502901,18740149596,451115118261,469855267857
2021-05-25,LG1,UG,523,8809,11642584,11178697108,333937820905,345116518013
2021-05-25,LG3,Alumni,13,68,37096,31640992,1101841507,1133482499
2021-05-25,LG3,Non-HKUST,63,342,279769,214665837,18274256927,18488922764
2021-05-25,LG3,Others(HKUST),9,48,5591,405491,2550698,2956189
2021-05-25,LG3,RPG,331,755,407956,282331200,8329910244,8612241444
2021-05-25,LG3,Staff,393,1117,379322,187570066,7238502260,7426072326
2021-05-25,LG3,TPG,119,850,1140866,532547959,19273459359,19806007318
2021-05-25,LG3,Total,1534,7400,6304051,4521743989,179566014806,184087758795
2021-05-25,LG3,UG,606,4220,4053451,3272582444,125345493811,128618076255
2021-05-25,LG4,Alumni,15,75,182863,206709372,25379365133,25586074505
2021-05-25,LG4,Non-HKUST,71,253,382504,355385096,11448537603,11803922699
2021-05-25,LG4,Others(HKUST),17,82,124714,5027850,194000266,199028116
2021-05-25,LG4,RPG,316,868,714405,330906075,11281323585,11612229660
2021-05-25,LG4,Staff,352,966,340292,170184745,4485745707,4655930452
2021-05-25,LG4,TPG,107,792,1554027,1084081936,31559705075,32643787011
2021-05-25,LG4,Total,1526,7776,9056593,6263082044,247724938128,253988020172
2021-05-25,LG4,UG,648,4740,5757788,4110786970,163376260759,167487047729
2021-05-26,1,Alumni,4,62,79523,185304580,8613055908,8798360488
2021-05-26,1,Non-HKUST,13,114,200158,125200889,4246125813,4371326702
2021-05-26,1,Others(HKUST),6,15,104233,599433,1853024,2452457
2021-05-26,1,RPG,30,263,315426,304712715,9243818350,9548531065
2021-05-26,1,Staff,72,1321,1268051,589862549,43726513429,44316375978
2021-05-26,1,TPG,54,1057,1762440,1893802511,67564529958,69458332469
2021-05-26,1,Total,276,4577,5518450,4541903280,220510135326,225052038606
2021-05-26,1,UG,97,1745,1788619,1442420603,87114238844,88556659447
2021-05-26,All-Floors,Alumni,30,627,573415,8840738463,62529223787,71369962250
2021-05-26,All-Floors,Non-HKUST,169,1532,1642683,3680678464,59845332454,63526010918
2021-05-26,All-Floors,Others(HKUST),33,533,342594,61294337,2839814446,2901108783
2021-05-26,All-Floors,RPG,539,4405,3351691,5303722283,88760635222,94064357505
2021-05-26,All-Floors,Staff,593,5492,2805681,1129692992,71413650523,72543343515
2021-05-26,All-Floors,TPG,225,8732,9575936,13886133972,314554180673,328440314645
2021-05-26,All-Floors,Total,2532,46623,40625199,60272056518,1490574787759,1550846844277
2021-05-26,All-Floors,UG,943,25302,22333199,27369796007,890631950654,918001746661
2021-05-26,G,Alumni,17,218,38503,31070067,2911820024,2942890091
2021-05-26,G,Non-HKUST,74,456,238542,247311397,6286746928,6534058325
2021-05-26,G,Others(HKUST),10,103,47507,17227525,113486681,130714206
2021-05-26,G,RPG,135,1392,782017,1330408746,26532881532,27863290278
2021-05-26,G,Staff,175,1687,625946,185831534,6155968731,6341800265
2021-05-26,G,TPG,195,2750,1257946,1678023810,43749166231,45427190041
2021-05-26,G,Total,1207,14442,5126168,5898470445,181706691134,187605161579
2021-05-26,G,UG,601,7836,2135707,2408597366,95956621007,98365218373
2021-05-26,LG1,Alumni,11,176,193935,8420133180,37557167047,45977300227
2021-05-26,LG1,Non-HKUST,58,393,597130,2541299122,14173740393,16715039515
2021-05-26,LG1,Others(HKUST),6,303,119748,37871708,2694106553,2731978261
2021-05-26,LG1,RPG,79,1198,1258272,2785198261,33411246173,36196444434
2021-05-26,LG1,Staff,71,611,311268,196212532,6387699022,6583911554
2021-05-26,LG1,TPG,132,2904,4149183,8261639228,121295465521,129557104749
2021-05-26,LG1,Total,835,14367,16639180,36511896226,597028775650,633540671876
2021-05-26,LG1,UG,478,8782,10009644,14269542195,381509350941,395778893136
2021-05-26,LG3,Alumni,17,88,108060,129489260,7801251693,7930740953
2021-05-26,LG3,Non-HKUST,68,289,320372,562278080,25666940464,26229218544
2021-05-26,LG3,Others(HKUST),19,53,4562,119238,787361,906599
2021-05-26,LG3,RPG,313,757,293393,422188855,9417595762,9839784617
2021-05-26,LG3,Staff,379,1059,282778,64562357,3565565885,3630128242
2021-05-26,LG3,TPG,98,882,860412,973051747,25143859822,26116911569
2021-05-26,LG3,Total,1430,6562,5709716,6812462678,213394359522,220206822200
2021-05-26,LG3,UG,536,3434,3840139,4660773141,141798358535,146459131676
2021-05-26,LG4,Alumni,18,83,153394,74741376,5645929115,5720670491
2021-05-26,LG4,Non-HKUST,81,280,286481,204588976,9471778856,9676367832
2021-05-26,LG4,Others(HKUST),20,59,66544,5476433,29580827,35057260
2021-05-26,LG4,RPG,341,795,702583,461213706,10155093405,10616307111
2021-05-26,LG4,Staff,340,814,317638,93224020,11577903456,11671127476
2021-05-26,LG4,TPG,101,1139,1545955,1079616676,56801159141,57880775817
2021-05-26,LG4,Total,1486,6675,7631685,6507323889,277934826127,284442150016
2021-05-26,LG4,UG,585,3505,4559090,4588462702,184253381327,188841844029
2021-05-27,1,Alumni,3,45,100669,211227119,6140929862,6352156981
2021-05-27,1,Non-HKUST,19,73,58985,23508403,3269916917,3293425320
2021-05-27,1,Others(HKUST),7,47,119455,8923124,709478689,718401813
2021-05-27,1,RPG,24,162,209820,220264894,7871941870,8092206764
2021-05-27,1,Staff,74,1437,1493655,529853546,47596048494,48125902040
2021-05-27,1,TPG,49,905,1544119,1186466556,63305415513,64491882069
2021-05-27,1,Total,236,3703,4694930,3323021385,171111232535,174434253920
2021-05-27,1,UG,60,1034,1168227,1142777743,42217501190,43360278933
2021-05-27,All-Floors,Alumni,31,727,590241,821479625,29438970277,30260449902
2021-05-27,All-Floors,Non-HKUST,149,1541,1121148,3640382237,56710308662,60350690899
2021-05-27,All-Floors,Others(HKUST),26,226,431043,78031552,2605939154,2683970706
2021-05-27,All-Floors,RPG,528,3645,2810546,2952575849,91309280625,94261856474
2021-05-27,All-Floors,Staff,582,5642,3158525,1099877860,78003507135,79103384995
2021-05-27,All-Floors,TPG,224,7074,7518919,9652908492,264540836399,274193744891
2021-05-27,All-Floors,Total,2431,37235,31668927,38748338812,1288159755572,1326908094384
2021-05-27,All-Floors,UG,891,18380,16038505,20503083197,765550913320,786053996517
2021-05-27,G,Alumni,16,216,14398,8491313,487862322,496353635
2021-05-27,G,Non-HKUST,61,336,103696,69391584,2258799977,2328191561
2021-05-27,G,Others(HKUST),8,35,45520,18474133,758930857,777404990
2021-05-27,G,RPG,143,1197,678242,662756571,18041361708,18704118279
2021-05-27,G,Staff,203,1784,658684,252791111,8416223810,8669014921
2021-05-27,G,TPG,182,2374,1005289,839384638,50274631188,51114015826
2021-05-27,G,Total,1149,11624,4074787,3414447653,197816905050,201231352703
2021-05-27,G,UG,536,5682,1568958,1563158303,117579095188,119142253491
2021-05-27,LG1,Alumni,9,278,257471,441462437,8690105000,9131567437
2021-05-27,LG1,Non-HKUST,65,752,668757,3277738594,29707093193,32984831787
2021-05-27,LG1,Others(HKUST),9,40,199054,41021499,894983414,936004913
2021-05-27,LG1,RPG,81,865,957323,1115653846,29107316268,30222970114
2021-05-27,LG1,Staff,81,677,370730,146483011,6829637216,6976120227
2021-05-27,LG1,TPG,130,2130,2802703,5681997497,95766413622,101448411119
2021-05-27,LG1,Total,808,10403,12767210,22416852442,485523358835,507940211277
2021-05-27,LG1,UG,433,5661,7511172,11712495558,314527810122,326240305680
2021-05-27,LG3,Alumni,14,80,54659,60946254,1666414380,1727360634
2021-05-27,LG3,Non-HKUST,55,144,108000,98124093,4283432282,4381556375
2021-05-27,LG3,Others(HKUST),11,48,8833,1220987,19752306,20973293
2021-05-27,LG3,RPG,308,715,361397,592573417,20057037830,20649611247
2021-05-27,LG3,Staff,327,1018,456653,101156263,13818982689,13920138952
2021-05-27,LG3,TPG,104,690,567598,508876018,15511040316,16019916334
2021-05-27,LG3,Total,1277,5475,4512072,4237395667,173444697107,177682092774
2021-05-27,LG3,UG,458,2780,2954932,2874498635,118088037304,120962535939
2021-05-27,LG4,Alumni,22,108,163044,99352502,12453658713,12553011215
2021-05-27,LG4,Non-HKUST,55,236,181710,171619563,17191066293,17362685856
2021-05-27,LG4,Others(HKUST),15,56,58181,8391809,222793888,231185697
2021-05-27,LG4,RPG,306,706,603764,361327121,16231622949,16592950070
2021-05-27,LG4,Staff,306,726,178803,69593929,1342614926,1412208855
2021-05-27,LG4,TPG,104,975,1599210,1436183783,39683335760,41119519543
2021-05-27,LG4,Total,1297,6030,5619928,5356621665,260263562045,265620183710
2021-05-27,LG4,UG,489,3223,2835216,3210152958,173138469516,176348622474
2021-05-28,1,Alumni,4,174,169798,351410004,24785045377,25136455381
2021-05-28,1,Non-HKUST,10,27,36762,31203132,1509733243,1540936375
2021-05-28,1,Others(HKUST),5,26,100121,2127084,19515403,21642487
2021-05-28,1,RPG,29,162,278068,1757099709,48191590265,49948689974
2021-05-28,1,Staff,71,1261,1237266,558965214,56313531803,56872497017
2021-05-28,1,TPG,45,614,1159801,2334521198,63475150973,65809672171
2021-05-28,1,Total,212,2743,3656882,5732476127,227622725276,233355201403
2021-05-28,1,UG,48,479,675066,697149786,33328158212,34025307998
2021-05-28,All-Floors,Alumni,25,548,442349,581299602,39580478066,40161777668
2021-05-28,All-Floors,Non-HKUST,126,1357,762874,774859504,38424839911,39199699415
2021-05-28,All-Floors,Others(HKUST),22,447,432611,65002287,623809453,688811740
2021-05-28,All-Floors,RPG,504,3365,2517644,6093801781,130548258457,136642060238
2021-05-28,All-Floors,Staff,558,5177,2676823,1271601506,85317486321,86589087827
2021-05-28,All-Floors,TPG,176,4820,4865491,9095311906,260851913132,269947225038
2021-05-28,All-Floors,Total,2202,25759,19434686,28629660678,933435029442,962064690120
2021-05-28,All-Floors,UG,791,10045,7736894,10747784092,378088244102,388836028194
2021-05-28,G,Alumni,14,149,16370,20610339,480163930,500774269
2021-05-28,G,Non-HKUST,62,348,199298,181931580,5042092402,5224023982
2021-05-28,G,Others(HKUST),7,57,39352,9544161,74287236,83831397
2021-05-28,G,RPG,139,1116,643552,2548517054,46853972134,49402489188
2021-05-28,G,Staff,179,1505,594893,264860803,4383258216,4648119019
2021-05-28,G,TPG,151,1852,768093,724845160,26664328616,27389173776
2021-05-28,G,Total,954,8412,3514847,5283417104,156090325199,161373742303
2021-05-28,G,UG,402,3385,1253289,1533108007,72592222665,74125330672
2021-05-28,LG1,Alumni,8,123,149399,112717077,4188955777,4301672854
2021-05-28,LG1,Non-HKUST,40,514,201309,175535026,21054279584,21229814610
2021-05-28,LG1,Others(HKUST),6,41,157975,44056313,394283759,438340072
2021-05-28,LG1,RPG,69,681,610956,616518702,15378884973,15995403675
2021-05-28,LG1,Staff,67,707,380003,280311601,9358053615,9638365216
2021-05-28,LG1,TPG,83,1333,1641146,2979674284,89296427127,92276101411
2021-05-28,LG1,Total,562,6560,6750868,10768153140,309416431966,320184585106
2021-05-28,LG1,UG,289,3161,3610080,6559340137,169745547131,176304887268
2021-05-28,LG3,Alumni,12,73,48053,47385633,954843011,1002228644
2021-05-28,LG3,Non-HKUST,50,298,176534,273947176,5673301667,5947248843
2021-05-28,LG3,Others(HKUST),14,146,26245,2870521,50793934,53664455
2021-05-28,LG3,RPG,284,674,381480,447468243,10271328860,10718797103
2021-05-28,LG3,Staff,341,1010,243503,44571377,1454430746,1499002123
2021-05-28,LG3,TPG,72,391,509014,1553823005,26965327842,28519150847
2021-05-28,LG3,Total,1206,4037,2472997,3236943273,92036774255,95273717528
2021-05-28,LG3,UG,433,1445,1088168,866877318,46666748195,47533625513
2021-05-28,LG4,Alumni,13,29,58729,49176549,9171469971,9220646520
2021-05-28,LG4,Non-HKUST,60,170,148971,112242590,5145433015,5257675605
2021-05-28,LG4,Others(HKUST),13,177,108918,6404208,84929121,91333329
2021-05-28,LG4,RPG,317,732,603588,724198073,9852482225,10576680298
2021-05-28,LG4,Staff,310,694,221158,122892511,13808211941,13931104452
2021-05-28,LG4,TPG,75,630,787437,1502448259,54450678574,55953126833
2021-05-28,LG4,Total,1215,4007,3039092,3608671034,148268772746,151877443780
2021-05-28,LG4,UG,427,1575,1110291,1091308844,55755567899,56846876743
2021-05-29,1,Alumni,2,7,370,56528,239233,295761
2021-05-29,1,Non-HKUST,5,26,31809,6297878,67272855,73570733
2021-05-29,1,Others(HKUST),2,5,86957,1267098,13947505,15214603
2021-05-29,1,RPG,8,36,74285,42358547,1681059637,1723418184
2021-05-29,1,Staff,9,86,120218,20572497,1312271035,1332843532
2021-05-29,1,TPG,14,185,292855,130088909,11328427610,11458516519
2021-05-29,1,Total,61,488,868573,395268246,32323010453,32718278699
2021-05-29,1,UG,21,143,262079,194626789,17919792578,18114419367
2021-05-29,All-Floors,Alumni,30,394,304243,282955501,35245660521,35528616022
2021-05-29,All-Floors,Non-HKUST,77,457,473860,319685163,12727015852,13046701015
2021-05-29,All-Floors,Others(HKUST),11,85,287005,24330194,309072276,333402470
2021-05-29,All-Floors,RPG,315,1421,955943,1142277631,37417611634,38559889265
2021-05-29,All-Floors,Staff,167,1285,656873,468791759,20752482064,21221273823
2021-05-29,All-Floors,TPG,109,1965,1805162,4296834142,76852623085,81149457227
2021-05-29,All-Floors,Total,1246,10016,7530374,12606247993,390778193078,403384441071
2021-05-29,All-Floors,UG,537,4409,3047288,6071373603,207473727646,213545101249
2021-05-29,G,Alumni,19,142,37785,33091547,2468641748,2501733295
2021-05-29,G,Non-HKUST,33,157,88662,51187698,975183580,1026371278
2021-05-29,G,Others(HKUST),1,1,23623,0,0,0
2021-05-29,G,RPG,64,440,287841,392710815,10535859053,10928569868
2021-05-29,G,Staff,41,389,148307,176073552,3177344973,3353418525
2021-05-29,G,TPG,74,693,276760,217815764,17252512309,17470328073
2021-05-29,G,Total,415,3305,1294225,2248344661,84222272361,86470617022
2021-05-29,G,UG,183,1483,431247,1377465285,49812730698,51190195983
2021-05-29,LG1,Alumni,9,101,133501,85949175,10501154113,10587103288
2021-05-29,LG1,Non-HKUST,25,101,132364,70489998,5577425970,5647915968
2021-05-29,LG1,Others(HKUST),2,7,128460,14507985,33503851,48011836
2021-05-29,LG1,RPG,47,310,321869,540254880,5913219153,6453474033
2021-05-29,LG1,Staff,25,181,160757,146436626,10403852859,10550289485
2021-05-29,LG1,TPG,43,464,639140,3522626532,31262326340,34784952872
2021-05-29,LG1,Total,296,2198,2661128,7214615563,132971129165,140185744728
2021-05-29,LG1,UG,145,1034,1145037,2834350367,69279646879,72113997246
2021-05-29,LG3,Alumni,16,77,37747,84304165,1990511676,2074815841
2021-05-29,LG3,Non-HKUST,35,120,183583,121936417,4023878112,4145814529
2021-05-29,LG3,Others(HKUST),7,37,6703,142970,4633840,4776810
2021-05-29,LG3,RPG,185,334,140106,83695524,14154083621,14237779145
2021-05-29,LG3,Staff,106,425,161789,89238938,4931225666,5020464604
2021-05-29,LG3,TPG,56,317,303854,220320750,8279879795,8500200545
2021-05-29,LG3,Total,709,2325,1602767,1379121925,77858562859,79237684784
2021-05-29,LG3,UG,304,1015,768985,779483161,44474350149,45253833310
2021-05-29,LG4,Alumni,17,67,94840,79554086,20285113751,20364667837
2021-05-29,LG4,Non-HKUST,32,53,37442,69773172,2083255335,2153028507
2021-05-29,LG4,Others(HKUST),7,35,41262,8412141,256987080,265399221
2021-05-29,LG4,RPG,199,301,131842,83257865,5133390170,5216648035
2021-05-29,LG4,Staff,87,204,65802,36470146,927787531,964257677
2021-05-29,LG4,TPG,49,306,292553,205982187,8729477031,8935459218
2021-05-29,LG4,Total,705,1700,1103681,1368897598,63403218240,64772115838
2021-05-29,LG4,UG,314,734,439940,885448001,25987207342,26872655343
2021-05-30,1,Alumni,0,0,0,0,0,0
2021-05-30,1,Non-HKUST,8,25,60941,19073625,1053588067,1072661692
2021-05-30,1,Others(HKUST),2,4,84583,1592139,11296014,12888153
2021-05-30,1,RPG,10,28,28946,11012773,217047303,228060076
2021-05-30,1,Staff,10,101,67711,25651696,1278249648,1303901344
2021-05-30,1,TPG,23,226,620226,535863040,31350643858,31886506898
2021-05-30,1,Total,66,496,1021049,735811614,41844602694,42580414308
2021-05-30,1,UG,13,112,158642,142618341,7933777804,8076396145
2021-05-30,All-Floors,Alumni,24,428,299841,241181196,13552144998,13793326194
2021-05-30,All-Floors,Non-HKUST,64,293,365748,256816526,22501966975,22758783501
2021-05-30,All-Floors,Others(HKUST),5,40,383814,27892945,360506481,388399426
2021-05-30,All-Floors,RPG,292,1366,891854,697578152,19865351182,20562929334
2021-05-30,All-Floors,Staff,130,836,313537,138482292,6056218794,6194701086
2021-05-30,All-Floors,TPG,106,1979,2047067,7722925540,83953954949,91676880489
2021-05-30,All-Floors,Total,1119,8537,6528906,12197843994,240011747962,252209591956
2021-05-30,All-Floors,UG,498,3595,2227045,3112967343,93721604583,96834571926
2021-05-30,G,Alumni,18,172,54264,35510197,2482624639,2518134836
2021-05-30,G,Non-HKUST,28,106,91075,115930365,6314572376,6430502741
2021-05-30,G,Others(HKUST),2,4,61357,10198271,268093166,278291437
2021-05-30,G,RPG,54,439,234150,148997104,5328282306,5477279410
2021-05-30,G,Staff,42,240,87740,47596561,2200607689,2248204250
2021-05-30,G,TPG,87,661,266225,781405332,11946072851,12727478183
2021-05-30,G,Total,397,2728,951670,1466382653,37180052557,38646435210
2021-05-30,G,UG,166,1106,156859,326744823,8639799530,8966544353
2021-05-30,LG1,Alumni,11,140,104053,101819454,4797517495,4899336949
2021-05-30,LG1,Non-HKUST,14,63,112239,66667170,3080156239,3146823409
2021-05-30,LG1,Others(HKUST),2,7,128658,8721903,23722777,32444680
2021-05-30,LG1,RPG,32,216,223031,365058390,8264753488,8629811878
2021-05-30,LG1,Staff,18,91,32125,9940834,646973342,656914176
2021-05-30,LG1,TPG,39,377,500181,5322468674,16708017171,22030485845
2021-05-30,LG1,Total,262,1821,2245034,7840350013,72481575587,80321925600
2021-05-30,LG1,UG,146,927,1144747,1965673588,38960435075,40926108663
2021-05-30,LG3,Alumni,13,67,31874,21971019,549748953,571719972
2021-05-30,LG3,Non-HKUST,21,50,65874,22995792,1185979597,1208975389
2021-05-30,LG3,Others(HKUST),3,9,413,80322,3684602,3764924
2021-05-30,LG3,RPG,174,379,257164,97813141,4534984019,4632797160
2021-05-30,LG3,Staff,71,225,63693,10462644,141024098,151486742
2021-05-30,LG3,TPG,41,418,364534,918876525,7542843406,8461719931
2021-05-30,LG3,Total,596,1954,1234996,1567346919,37194485053,38761831972
2021-05-30,LG3,UG,273,806,451444,495147476,23236220378,23731367854
2021-05-30,LG4,Alumni,15,49,109650,81880526,5722253911,5804134437
2021-05-30,LG4,Non-HKUST,18,49,35619,32149574,10867670696,10899820270
2021-05-30,LG4,Others(HKUST),4,16,108803,7300310,53709922,61010232
2021-05-30,LG4,RPG,189,304,148563,74696744,1520284066,1594980810
2021-05-30,LG4,Staff,64,179,62268,44830557,1789364017,1834194574
2021-05-30,LG4,TPG,48,297,295901,164311969,16406377663,16570689632
2021-05-30,LG4,Total,618,1538,1076157,587952795,51311032071,51898984866
2021-05-30,LG4,UG,280,644,315353,182783115,14951371796,15134154911
2021-05-31,1,Alumni,2,58,76586,129306900,10659158572,10788465472
2021-05-31,1,Non-HKUST,26,93,190619,194074230,8990161570,9184235800
2021-05-31,1,Others(HKUST),6,43,115518,2669442,31556690,34226132
2021-05-31,1,RPG,24,254,233222,162778557,3906394140,4069172697
2021-05-31,1,Staff,79,1281,1212482,337231455,7483955968,7821187423
2021-05-31,1,TPG,35,518,1161472,2028668402,37726203556,39754871958
2021-05-31,1,Total,214,2555,3326059,3059183749,75161499794,78220683543
2021-05-31,1,UG,42,308,336160,204454763,6364069298,6568524061
2021-05-31,All-Floors,Alumni,21,536,459192,456388782,29487114719,29943503501
2021-05-31,All-Floors,Non-HKUST,139,1254,1127701,1086647109,72199035288,73285682397
2021-05-31,All-Floors,Others(HKUST),28,187,413946,47921561,490704806,538626367
2021-05-31,All-Floors,RPG,458,3590,2293968,2306647437,73528442232,75835089669
2021-05-31,All-Floors,Staff,555,5765,2933063,1252834768,27353052658,28605887426
2021-05-31,All-Floors,TPG,133,3918,4058006,8107457646,134275667787,142383125433
2021-05-31,All-Floors,Total,2119,25557,17198363,21720855189,586375420277,608096275466
2021-05-31,All-Floors,UG,785,10307,5912487,8462957886,249041402787,257504360673
2021-05-31,G,Alumni,12,168,59808,51800480,1523530579,1575331059
2021-05-31,G,Non-HKUST,67,438,263455,194695459,11071039907,11265735366
2021-05-31,G,Others(HKUST),9,26,30337,4250560,23775953,28026513
2021-05-31,G,RPG,125,1233,546241,552934409,22058295151,22611229560
2021-05-31,G,Staff,202,1807,848880,433109306,7582643811,8015753117
2021-05-31,G,TPG,110,1468,546816,670761640,29840702057,30511463697
2021-05-31,G,Total,868,8296,3242774,2579719528,118041284649,120621004177
2021-05-31,G,UG,343,3156,947237,672167674,45941297191,46613464865
2021-05-31,LG1,Alumni,6,145,147749,126175107,9864446494,9990621601
2021-05-31,LG1,Non-HKUST,35,222,287864,420370071,9867498092,10287868163
2021-05-31,LG1,Others(HKUST),9,37,216240,37681764,318448814,356130578
2021-05-31,LG1,RPG,84,883,716299,1007843594,23434233421,24442077015
2021-05-31,LG1,Staff,73,842,349656,285436891,7927301793,8212738684
2021-05-31,LG1,TPG,64,1079,1314779,4668526675,41370894242,46039420917
2021-05-31,LG1,Total,555,6242,5725186,12541803350,187164642235,199706445585
2021-05-31,LG1,UG,284,3034,2692599,5995769248,94381819379,100377588627
2021-05-31,LG3,Alumni,13,131,113076,98755939,3020684624,3119440563
2021-05-31,LG3,Non-HKUST,46,195,159125,122571853,37478498377,37601070230
2021-05-31,LG3,Others(HKUST),11,41,9179,2706378,110215045,112921423
2021-05-31,LG3,RPG,247,679,490982,387178810,15417779277,15804958087
2021-05-31,LG3,Staff,316,966,296419,57317022,1797424257,1854741279
2021-05-31,LG3,TPG,45,315,305178,202988374,4586064376,4789052750
2021-05-31,LG3,Total,1083,3783,2258429,1512768733,103382254366,104895023099
2021-05-31,LG3,UG,405,1456,884470,641250357,40971588410,41612838767
2021-05-31,LG4,Alumni,13,34,61973,50350356,4419294450,4469644806
2021-05-31,LG4,Non-HKUST,60,306,226638,154935496,4791837342,4946772838
2021-05-31,LG4,Others(HKUST),13,40,42672,613417,6708304,7321721
2021-05-31,LG4,RPG,285,541,307224,195912067,8711740243,8907652310
2021-05-31,LG4,Staff,288,869,225626,139740094,2561726829,2701466923
2021-05-31,LG4,TPG,62,538,729761,536512555,20751803556,21288316111
2021-05-31,LG4,Total,1191,4681,2645915,2027379829,102625739233,104653119062
2021-05-31,LG4,UG,470,2353,1052021,949315844,61382628509,62331944353
