Date,Floor,User-Group,User-Count,WiFi-Conn,Duration-Sec,Traffic-In-Byte,Traffic-Out-Byte,Traffic-Both-Byte
2014-08-01,1,Staff,58,511,771803,3859762454,562892042,4422654496
2014-08-01,1,TPG,11,38,45842,1450815618,109315944,1560131562
2014-08-01,1,RPG,21,55,102359,1970927576,127262990,2098190566
2014-08-01,1,UG,32,196,288946,5344298797,847405486,6191704283
2014-08-01,1,Alumni,4,16,61433,1167036236,1778732158,2945768394
2014-08-01,1,Others(HKUST),6,53,94907,494991412,39917248,534908660
2014-08-01,1,Non-HKUST,4,9,15838,129337075,13634660,142971735
2014-08-01,1,Total,136,878,1381128,14417169168,3479160528,17896329696
2014-08-01,G,Staff,148,666,734029,13626304330,1442757689,15069062019
2014-08-01,G,TPG,74,374,312381,2112849085,171807558,2284656643
2014-08-01,G,RPG,134,716,673154,7471540357,829086362,8300626719
2014-08-01,G,UG,236,945,772963,12306069926,1883930476,14190000402
2014-08-01,G,Alumni,17,77,76509,1093847218,104758939,1198606157
2014-08-01,G,Others(HKUST),38,207,223592,4070379950,155884117,4226264067
2014-08-01,G,Non-HKUST,18,42,45712,710635551,79851748,790487299
2014-08-01,G,Total,665,3027,2838340,41391626417,4668076889,46059703306
2014-08-01,LG1,Staff,111,507,394105,23121823567,6943345911,30065169478
2014-08-01,LG1,TPG,98,1081,1395054,12963178395,4056947779,17020126174
2014-08-01,LG1,RPG,126,1025,1070696,27224476023,9719853746,36944329769
2014-08-01,LG1,UG,308,1959,2748273,33852698324,25869756330,59722454654
2014-08-01,LG1,Alumni,21,233,288948,5209606040,630075085,5839681125
2014-08-01,LG1,Others(HKUST),30,125,100786,1273199254,33855472,1307054726
2014-08-01,LG1,Non-HKUST,12,40,69094,2361411413,105373652,2466785065
2014-08-01,LG1,Total,706,4970,6066956,106006393016,47359207975,153365600991
2014-08-01,LG3,Staff,186,375,175987,19264433879,1098827310,20363261189
2014-08-01,LG3,TPG,66,409,662606,39105241698,4127411589,43232653287
2014-08-01,LG3,RPG,159,498,557373,14210615391,3946294185,18156909576
2014-08-01,LG3,UG,257,617,436694,21223990128,1939571227,23163561355
2014-08-01,LG3,Alumni,13,83,102590,1565154353,103886917,1669041270
2014-08-01,LG3,Others(HKUST),29,100,66341,3525690163,137334504,3663024667
2014-08-01,LG3,Non-HKUST,12,24,38012,897491997,73773231,971265228
2014-08-01,LG3,Total,722,2106,2039603,99792617609,11427098963,111219716572
2014-08-01,LG4,Staff,133,358,327605,20432896643,1348558259,21781454902
2014-08-01,LG4,TPG,31,247,214186,7767803636,9129113086,16896916722
2014-08-01,LG4,RPG,122,444,522175,17619967833,1297662200,18917630033
2014-08-01,LG4,UG,215,761,915699,23235179187,3706319495,26941498682
2014-08-01,LG4,Alumni,14,90,161006,636686875,79093050,715779925
2014-08-01,LG4,Others(HKUST),20,128,204429,7529850561,304476905,7834327466
2014-08-01,LG4,Non-HKUST,15,34,80551,6898956591,7129390991,14028347582
2014-08-01,LG4,Total,550,2062,2425651,84121341326,22994613986,107115955312
2014-08-01,All-Floors,Staff,379,2417,2403529,80305220873,11396381211,91701602084
2014-08-01,All-Floors,TPG,139,2149,2630069,63399888432,17594595956,80994484388
2014-08-01,All-Floors,RPG,345,2738,2925757,68497527180,15920159483,84417686663
2014-08-01,All-Floors,UG,671,4478,5162575,95962236362,34246983014,130209219376
2014-08-01,All-Floors,Alumni,36,499,690486,9672330722,2696546149,12368876871
2014-08-01,All-Floors,Others(HKUST),69,613,690055,16894111340,671468246,17565579586
2014-08-01,All-Floors,Non-HKUST,39,149,249207,10997832627,7402024282,18399856909
2014-08-01,All-Floors,Total,1678,13043,14751678,345729147536,89928158341,435657305877
2014-08-02,1,Staff,23,136,305327,18480563754,1296026007,19776589761
2014-08-02,1,TPG,9,43,62887,4480733294,973412918,5454146212
2014-08-02,1,RPG,14,33,82897,869827340,168973514,1038800854
2014-08-02,1,UG,21,111,238164,12582879814,1150892365,13733772179
2014-08-02,1,Alumni,7,54,156192,2677324331,1167298871,3844623202
2014-08-02,1,Others(HKUST),3,28,100549,11838742414,402080581,12240822995
2014-08-02,1,Non-HKUST,3,9,16325,625760778,18791703,644552481
2014-08-02,1,Total,80,414,962341,51555831725,5177475959,56733307684
2014-08-02,G,Staff,45,231,234204,3887467110,396923337,4284390447
2014-08-02,G,TPG,56,254,180568,894251595,181476963,1075728558
2014-08-02,G,RPG,92,390,452003,5406417548,883723398,6290140946
2014-08-02,G,UG,149,662,590986,22514404091,3763477585,26277881676
2014-08-02,G,Alumni,23,96,97114,1170149463,85727625,1255877088
2014-08-02,G,Others(HKUST),12,69,147223,672322647,73108443,745431090
2014-08-02,G,Non-HKUST,11,89,91524,630878374,87372551,718250925
2014-08-02,G,Total,388,1791,1793622,35175890828,5471809902,40647700730
2014-08-02,LG1,Staff,36,165,218033,2888677202,102246251,2990923453
2014-08-02,LG1,TPG,67,537,721873,4423604461,546153513,4969757974
2014-08-02,LG1,RPG,77,484,518546,968208897,120697867,1088906764
2014-08-02,LG1,UG,265,1967,2679485,21602756355,2948335737,24551092092
2014-08-02,LG1,Alumni,17,80,76572,217064278,56298079,273362357
2014-08-02,LG1,Others(HKUST),13,52,57605,261945463,7333883,269279346
2014-08-02,LG1,Non-HKUST,9,20,36003,1859888364,82224670,1942113034
2014-08-02,LG1,Total,484,3305,4308117,32222145020,3863290000,36085435020
2014-08-02,LG3,Staff,58,152,112246,8921102042,360109223,9281211265
2014-08-02,LG3,TPG,49,209,221484,4277457837,624007554,4901465391
2014-08-02,LG3,RPG,75,304,327202,6149124333,1158380199,7307504532
2014-08-02,LG3,UG,216,597,568643,25870527378,3023413814,28893941192
2014-08-02,LG3,Alumni,21,115,149506,2194856562,182201618,2377058180
2014-08-02,LG3,Others(HKUST),18,56,25567,257794695,242014551,499809246
2014-08-02,LG3,Non-HKUST,6,29,18956,1684998932,215438695,1900437627
2014-08-02,LG3,Total,443,1462,1423604,49355861779,5805565654,55161427433
2014-08-02,LG4,Staff,31,90,150236,6673883045,507916111,7181799156
2014-08-02,LG4,TPG,36,321,368570,19909706706,7886178822,27795885528
2014-08-02,LG4,RPG,66,353,455383,10560995150,3861234345,14422229495
2014-08-02,LG4,UG,192,630,437038,13372431453,1056738548,14429170001
2014-08-02,LG4,Alumni,21,98,222577,11121134368,652622525,11773756893
2014-08-02,LG4,Others(HKUST),19,145,301484,8904314394,1142877078,10047191472
2014-08-02,LG4,Non-HKUST,11,36,47963,7643879404,828096639,8471976043
2014-08-02,LG4,Total,376,1673,1983251,78186344520,15935664068,94122008588
2014-08-02,All-Floors,Staff,116,774,1020046,40851693153,2663220929,43514914082
2014-08-02,All-Floors,TPG,119,1364,1555382,33985753893,10211229770,44196983663
2014-08-02,All-Floors,RPG,206,1564,1836031,23954573268,6193009323,30147582591
2014-08-02,All-Floors,UG,545,3967,4514316,95942999091,11942858049,107885857140
2014-08-02,All-Floors,Alumni,45,443,701961,17380529002,2144148718,19524677720
2014-08-02,All-Floors,Others(HKUST),41,350,632428,21935119613,1867414536,23802534149
2014-08-02,All-Floors,Non-HKUST,24,183,210771,12445405852,1231924258,13677330110
2014-08-02,All-Floors,Total,1096,8645,10470935,246496073872,36253805583,282749879455
2014-08-03,1,Staff,14,65,228482,5380059221,740618093,6120677314
2014-08-03,1,TPG,6,41,37919,352350981,221854583,574205564
2014-08-03,1,RPG,9,50,125281,4545707919,295457460,4841165379
2014-08-03,1,UG,15,34,52070,2452452008,316923580,2769375588
2014-08-03,1,Alumni,6,41,108829,8453508295,1022150025,9475658320
2014-08-03,1,Others(HKUST),1,27,56761,2344763,908971,3253734
2014-08-03,1,Non-HKUST,4,7,19799,208680431,19293952,227974383
2014-08-03,1,Total,55,265,629141,21395103618,2617206664,24012310282
2014-08-03,G,Staff,31,159,137239,1868837430,184952594,2053790024
2014-08-03,G,TPG,34,120,87997,153173195,127397750,280570945
2014-08-03,G,RPG,71,280,293061,2763743101,325570796,3089313897
2014-08-03,G,UG,101,448,397240,5008724102,982698985,5991423087
2014-08-03,G,Alumni,26,119,65067,1453857270,118014784,1571872054
2014-08-03,G,Others(HKUST),7,10,90122,163020422,11705714,174726136
2014-08-03,G,Non-HKUST,8,23,27713,626662969,30884120,657547089
2014-08-03,G,Total,278,1159,1098439,12038018489,1781224743,13819243232
2014-08-03,LG1,Staff,38,108,72726,445691456,69958417,515649873
2014-08-03,LG1,TPG,49,358,507696,1002587288,1379696782,2382284070
2014-08-03,LG1,RPG,75,432,392544,3902893819,419148717,4322042536
2014-08-03,LG1,UG,199,1066,1446409,11772092445,741957061,12514049506
2014-08-03,LG1,Alumni,26,111,95516,1637222595,120500962,1757723557
2014-08-03,LG1,Others(HKUST),5,20,10443,21985,20426,42411
2014-08-03,LG1,Non-HKUST,9,23,7801,404304,247076,651380
2014-08-03,LG1,Total,401,2118,2533135,18760913892,2731529441,21492443333
2014-08-03,LG3,Staff,46,112,97789,6744495429,343152929,7087648358
2014-08-03,LG3,TPG,40,133,179672,6927679971,697058425,7624738396
2014-08-03,LG3,RPG,104,261,239846,4009575794,612447696,4622023490
2014-08-03,LG3,UG,199,448,361159,16379883645,3672579945,20052463590
2014-08-03,LG3,Alumni,21,65,62726,516014215,1121555336,1637569551
2014-08-03,LG3,Others(HKUST),6,11,5631,17303725,6124725,23428450
2014-08-03,LG3,Non-HKUST,18,29,38428,420953712,58014954,478968666
2014-08-03,LG3,Total,434,1059,985251,35015906491,6510934010,41526840501
2014-08-03,LG4,Staff,31,60,55055,1005894781,384602687,1390497468
2014-08-03,LG4,TPG,19,71,46447,12550825305,594255707,13145081012
2014-08-03,LG4,RPG,81,314,421100,9225853499,10837221727,20063075226
2014-08-03,LG4,UG,184,571,590038,23474798551,2086939704,25561738255
2014-08-03,LG4,Alumni,16,93,178535,7847545545,3618433450,11465978995
2014-08-03,LG4,Others(HKUST),3,39,160555,8176653050,342345298,8518998348
2014-08-03,LG4,Non-HKUST,11,44,50620,227384357,34844867,262229224
2014-08-03,LG4,Total,345,1192,1502350,62508955088,17898643440,80407598528
2014-08-03,All-Floors,Staff,98,504,591291,15444978317,1723284720,17168263037
2014-08-03,All-Floors,TPG,88,723,859731,20986616740,3020263247,24006879987
2014-08-03,All-Floors,RPG,211,1337,1471832,24447774132,12489846396,36937620528
2014-08-03,All-Floors,UG,456,2567,2846916,59087950751,7801099275,66889050026
2014-08-03,All-Floors,Alumni,53,429,510673,19908147920,6000654557,25908802477
2014-08-03,All-Floors,Others(HKUST),13,107,323512,8359343945,361105134,8720449079
2014-08-03,All-Floors,Non-HKUST,30,126,144361,1484085773,143284969,1627370742
2014-08-03,All-Floors,Total,949,5793,6748316,149718897578,31539538298,181258435876
2014-08-04,1,Staff,63,452,670392,7069192493,491000309,7560192802
2014-08-04,1,TPG,7,10,15720,630376205,135656543,766032748
2014-08-04,1,RPG,13,67,163649,4241605849,546001866,4787607715
2014-08-04,1,UG,60,453,701234,87014528583,2694429288,89708957871
2014-08-04,1,Alumni,3,14,4215,345767066,27687963,373455029
2014-08-04,1,Others(HKUST),5,49,56063,17024747,3425331,20450078
2014-08-04,1,Non-HKUST,3,5,10563,87552116,26427976,113980092
2014-08-04,1,Total,154,1050,1621836,99406047059,3924629276,103330676335
2014-08-04,G,Staff,133,671,633945,4962192844,313784183,5275977027
2014-08-04,G,TPG,61,326,217959,17278654801,484093624,17762748425
2014-08-04,G,RPG,136,684,734770,25686413474,54493914028,80180327502
2014-08-04,G,UG,287,1116,870896,10533359345,1206446687,11739806032
2014-08-04,G,Alumni,9,48,62933,1937488652,129727266,2067215918
2014-08-04,G,Others(HKUST),16,129,130229,687016521,95933859,782950380
2014-08-04,G,Non-HKUST,13,115,97831,1612536139,5400341291,7012877430
2014-08-04,G,Total,655,3089,2748563,62697661776,62124240938,124821902714
2014-08-04,LG1,Staff,103,409,209343,812208434,63766001,875974435
2014-08-04,LG1,TPG,87,756,1131130,6525102710,474704184,6999806894
2014-08-04,LG1,RPG,137,942,1336434,17481493180,14079423080,31560916260
2014-08-04,LG1,UG,496,3878,4449314,31068641916,4323320705,35391962621
2014-08-04,LG1,Alumni,19,191,275646,4992107398,1029768891,6021876289
2014-08-04,LG1,Others(HKUST),17,122,136287,85854180,26405092,112259272
2014-08-04,LG1,Non-HKUST,17,81,145548,794664060,43037396,837701456
2014-08-04,LG1,Total,876,6379,7683702,61760071878,20040425349,81800497227
2014-08-04,LG3,Staff,199,360,115244,6295545216,318361214,6613906430
2014-08-04,LG3,TPG,64,448,642655,36044734810,6357360470,42402095280
2014-08-04,LG3,RPG,190,560,707848,20847764713,5390703341,26238468054
2014-08-04,LG3,UG,404,966,832419,28354814199,4656238399,33011052598
2014-08-04,LG3,Alumni,13,43,51104,2562043874,88043569,2650087443
2014-08-04,LG3,Others(HKUST),16,60,37982,482489384,58986969,541476353
2014-08-04,LG3,Non-HKUST,15,23,36221,205974729,16737904,222712633
2014-08-04,LG3,Total,901,2460,2423473,94793366925,16886431866,111679798791
2014-08-04,LG4,Staff,123,337,264775,6430671677,875485455,7306157132
2014-08-04,LG4,TPG,51,386,466540,17584215117,21569133396,39153348513
2014-08-04,LG4,RPG,137,593,903272,20155600526,7614544380,27770144906
2014-08-04,LG4,UG,293,934,944992,30391887856,11063155799,41455043655
2014-08-04,LG4,Alumni,11,108,143214,37117798190,1629376340,38747174530
2014-08-04,LG4,Others(HKUST),13,124,169287,6635640689,283059296,6918699985
2014-08-04,LG4,Non-HKUST,10,53,89752,4060860329,442296406,4503156735
2014-08-04,LG4,Total,638,2535,2981832,122376674384,43477051072,165853725456
2014-08-04,All-Floors,Staff,383,2229,1893699,25569810664,2062397162,27632207826
2014-08-04,All-Floors,TPG,132,1926,2474004,78063083643,29020948217,107084031860
2014-08-04,All-Floors,RPG,378,2846,3845973,88412877742,82124586695,170537464437
2014-08-04,All-Floors,UG,920,7347,7798855,187363231899,23943590878,211306822777
2014-08-04,All-Floors,Alumni,28,404,537112,46955205180,2904604029,49859809209
2014-08-04,All-Floors,Others(HKUST),39,484,529848,7908025521,467810547,8375836068
2014-08-04,All-Floors,Non-HKUST,41,277,379915,6761587373,5928840973,12690428346
2014-08-04,All-Floors,Total,1921,15513,17459406,441033822022,146452778501,587486600523
2014-08-05,1,Staff,64,449,793668,4708234377,501150189,5209384566
2014-08-05,1,TPG,9,48,86154,1056212022,1845305634,2901517656
2014-08-05,1,RPG,16,85,61823,5814245319,229708515,6043953834
2014-08-05,1,UG,48,292,577533,22435243135,3706950039,26142193174
2014-08-05,1,Alumni,4,73,96465,11544493260,1228631704,12773124964
2014-08-05,1,Others(HKUST),7,46,72702,231416050,11590189,243006239
2014-08-05,1,Non-HKUST,2,6,27720,3442022,1118213,4560235
2014-08-05,1,Total,150,999,1716065,45793286185,7524454483,53317740668
2014-08-05,G,Staff,143,613,664170,6984827033,2848513315,9833340348
2014-08-05,G,TPG,64,361,254866,1497411601,547579123,2044990724
2014-08-05,G,RPG,147,667,532352,5812543762,656020408,6468564170
2014-08-05,G,UG,242,1064,984739,53331327175,16026741201,69358068376
2014-08-05,G,Alumni,12,45,41164,9579686433,1205141525,10784827958
2014-08-05,G,Others(HKUST),21,101,67877,1707136351,118597807,1825734158
2014-08-05,G,Non-HKUST,13,32,14045,2854660,961356,3816016
2014-08-05,G,Total,642,2883,2559213,78915787015,21403554735,100319341750
2014-08-05,LG1,Staff,113,468,382812,7814111934,3675886846,11489998780
2014-08-05,LG1,TPG,81,779,896896,12668477827,922471400,13590949227
2014-08-05,LG1,RPG,143,1018,1093376,22855161938,5967795344,28822957282
2014-08-05,LG1,UG,400,2693,3848592,28601514168,7246827447,35848341615
2014-08-05,LG1,Alumni,19,231,324266,6411733641,1114048164,7525781805
2014-08-05,LG1,Others(HKUST),25,112,101628,89969039,6229527,96198566
2014-08-05,LG1,Non-HKUST,17,48,37189,447810,247979,695789
2014-08-05,LG1,Total,798,5349,6684759,78441416357,18933506707,97374923064
2014-08-05,LG3,Staff,189,395,156767,3805030261,308998594,4114028855
2014-08-05,LG3,TPG,54,368,572457,24301482881,4344393287,28645876168
2014-08-05,LG3,RPG,178,751,824536,21545376228,3624746571,25170122799
2014-08-05,LG3,UG,318,895,579000,17803617196,2356168847,20159786043
2014-08-05,LG3,Alumni,10,48,64411,1382022975,64074622,1446097597
2014-08-05,LG3,Others(HKUST),22,89,55369,320996270,364072230,685068500
2014-08-05,LG3,Non-HKUST,10,33,44496,124759731,19247455,144007186
2014-08-05,LG3,Total,781,2579,2297036,69283285542,11081701606,80364987148
2014-08-05,LG4,Staff,123,295,244893,4496658121,545756852,5042414973
2014-08-05,LG4,TPG,39,361,536467,10459537230,3281380054,13740917284
2014-08-05,LG4,RPG,148,574,852243,20932316435,3704529650,24636846085
2014-08-05,LG4,UG,251,747,807448,10620842222,2121576185,12742418407
2014-08-05,LG4,Alumni,11,29,55180,82589059,15708916,98297975
2014-08-05,LG4,Others(HKUST),20,155,199557,7250151247,306775838,7556927085
2014-08-05,LG4,Non-HKUST,11,57,98642,1344713750,77206955,1421920705
2014-08-05,LG4,Total,603,2218,2794430,55186808064,10052934450,65239742514
2014-08-05,All-Floors,Staff,385,2220,2242310,27808861726,7880305796,35689167522
2014-08-05,All-Floors,TPG,117,1917,2346840,49983121561,10941129498,60924251059
2014-08-05,All-Floors,RPG,370,3095,3364330,76959643682,14182800488,91142444170
2014-08-05,All-Floors,UG,759,5691,6797312,132792543896,31458263719,164250807615
2014-08-05,All-Floors,Alumni,24,426,581486,29000525368,3627604931,32628130299
2014-08-05,All-Floors,Others(HKUST),47,503,497133,9599668957,807265591,10406934548
2014-08-05,All-Floors,Non-HKUST,29,176,222092,1476217973,98781958,1574999931
2014-08-05,All-Floors,Total,1731,14028,16051503,327620583163,68996151981,396616735144
2014-08-06,1,Staff,60,450,774777,6347886506,590891778,6938778284
2014-08-06,1,TPG,6,27,46330,782032546,358639456,1140672002
2014-08-06,1,RPG,19,39,25571,63281811,16771204,80053015
2014-08-06,1,UG,54,257,501703,8181844512,2162693367,10344537879
2014-08-06,1,Alumni,2,5,4447,3287440,1763258,5050698
2014-08-06,1,Others(HKUST),5,66,63752,128684228,18751426,147435654
2014-08-06,1,Non-HKUST,3,15,2154,730078,757808,1487886
2014-08-06,1,Total,149,859,1418734,15507747121,3150268297,18658015418
2014-08-06,G,Staff,129,722,761735,4051539164,978472016,5030011180
2014-08-06,G,TPG,41,272,203701,2106752684,205166071,2311918755
2014-08-06,G,RPG,152,621,526696,53440541735,6596752413,60037294148
2014-08-06,G,UG,238,904,997840,7888858883,485795575,8374654458
2014-08-06,G,Alumni,10,40,31028,237991732,118509459,356501191
2014-08-06,G,Others(HKUST),23,100,53368,120929553,14039827,134969380
2014-08-06,G,Non-HKUST,13,33,35028,36656991,8957632,45614623
2014-08-06,G,Total,606,2692,2609396,67883270742,8407692993,76290963735
2014-08-06,LG1,Staff,102,515,585629,3001329185,262424227,3263753412
2014-08-06,LG1,TPG,68,550,782432,6398206504,546745791,6944952295
2014-08-06,LG1,RPG,164,1031,1334537,17168295745,1240921989,18409217734
2014-08-06,LG1,UG,408,2855,3574333,37013553552,4730636458,41744190010
2014-08-06,LG1,Alumni,18,168,201998,6740521218,3209594519,9950115737
2014-08-06,LG1,Others(HKUST),28,109,139948,59298812,7032346,66331158
2014-08-06,LG1,Non-HKUST,15,68,38267,690828878,33244577,724073455
2014-08-06,LG1,Total,803,5296,6657144,71072033894,10030599907,81102633801
2014-08-06,LG3,Staff,184,372,181445,2453606012,258340630,2711946642
2014-08-06,LG3,TPG,50,313,459057,8915077978,3326187069,12241265047
2014-08-06,LG3,RPG,217,712,921666,32969348746,8405202506,41374551252
2014-08-06,LG3,UG,334,807,643857,22585101374,1418613482,24003714856
2014-08-06,LG3,Alumni,8,39,70430,14212493450,413261113,14625754563
2014-08-06,LG3,Others(HKUST),22,76,52116,1222114868,139428481,1361543349
2014-08-06,LG3,Non-HKUST,13,53,107504,15626166660,361905725,15988072385
2014-08-06,LG3,Total,828,2372,2436075,97983909088,14322939006,112306848094
2014-08-06,LG4,Staff,126,316,244870,3475846849,12064280015,15540126864
2014-08-06,LG4,TPG,34,188,307800,4751807733,935738245,5687545978
2014-08-06,LG4,RPG,153,652,770043,23748972887,5533056413,29282029300
2014-08-06,LG4,UG,281,765,652279,23150469845,3226836729,26377306574
2014-08-06,LG4,Alumni,12,81,134929,6016494315,597514902,6614009217
2014-08-06,LG4,Others(HKUST),29,168,196069,6910204910,323479349,7233684259
2014-08-06,LG4,Non-HKUST,10,78,40901,35771606,5018562,40790168
2014-08-06,LG4,Total,645,2248,2346891,68089568145,22685924215,90775492360
2014-08-06,All-Floors,Staff,372,2375,2548456,19330207716,14154408666,33484616382
2014-08-06,All-Floors,TPG,106,1350,1799320,22953877445,5372476632,28326354077
2014-08-06,All-Floors,RPG,405,3055,3578513,127390440924,21792704525,149183145449
2014-08-06,All-Floors,UG,810,5588,6370012,98819828166,12024575611,110844403777
2014-08-06,All-Floors,Alumni,28,333,442832,27210788155,4340643251,31551431406
2014-08-06,All-Floors,Others(HKUST),56,519,505253,8441232371,502731429,8943963800
2014-08-06,All-Floors,Non-HKUST,25,247,223854,16390154213,409884304,16800038517
2014-08-06,All-Floors,Total,1802,13467,15468240,320536528990,58597424418,379133953408
2014-08-07,1,Staff,71,494,969502,13847685433,1513412713,15361098146
2014-08-07,1,TPG,7,36,82447,1469753995,265160798,1734914793
2014-08-07,1,RPG,18,81,132828,1054259149,167609927,1221869076
2014-08-07,1,UG,38,222,311277,6731699736,541258124,7272957860
2014-08-07,1,Alumni,3,70,94681,3363498643,226242657,3589741300
2014-08-07,1,Others(HKUST),9,63,45244,153275414,248899033,402174447
2014-08-07,1,Non-HKUST,3,6,24954,158604942,17412526,176017468
2014-08-07,1,Total,149,972,1660933,26778777312,2979995778,29758773090
2014-08-07,G,Staff,137,705,735514,7900160013,817410961,8717570974
2014-08-07,G,TPG,67,417,259960,3346119009,194347783,3540466792
2014-08-07,G,RPG,134,525,518940,8252346481,5627969098,13880315579
2014-08-07,G,UG,205,730,706496,7717300007,638581929,8355881936
2014-08-07,G,Alumni,11,70,65359,1128119183,108214459,1236333642
2014-08-07,G,Others(HKUST),18,147,137710,3031294686,178439369,3209734055
2014-08-07,G,Non-HKUST,13,43,37908,100884821,40031051,140915872
2014-08-07,G,Total,585,2637,2461887,31476224200,7604994650,39081218850
2014-08-07,LG1,Staff,102,352,322051,526313011,55460798,581773809
2014-08-07,LG1,TPG,92,828,1020353,5202348924,439836472,5642185396
2014-08-07,LG1,RPG,145,1042,1408622,5152538530,5739571477,10892110007
2014-08-07,LG1,UG,390,2489,2969718,30107467595,14549383517,44656851112
2014-08-07,LG1,Alumni,19,203,313006,11054297354,2354581568,13408878922
2014-08-07,LG1,Others(HKUST),31,176,175318,758894658,6938257345,7697152003
2014-08-07,LG1,Non-HKUST,18,76,79714,3615215401,105484269,3720699670
2014-08-07,LG1,Total,797,5166,6288782,56417075473,30182575446,86599650919
2014-08-07,LG3,Staff,203,423,216928,8086981516,724265285,8811246801
2014-08-07,LG3,TPG,66,468,522392,22788417932,2270710950,25059128882
2014-08-07,LG3,RPG,212,631,640076,17198500667,2940412669,20138913336
2014-08-07,LG3,UG,296,767,664833,49355393817,5467299069,54822692886
2014-08-07,LG3,Alumni,14,58,55808,1111340056,76943947,1188284003
2014-08-07,LG3,Others(HKUST),24,58,27724,739896378,57756925,797653303
2014-08-07,LG3,Non-HKUST,9,39,20060,15573204340,397245654,15970449994
2014-08-07,LG3,Total,824,2444,2147821,114853734706,11934634499,126788369205
2014-08-07,LG4,Staff,146,347,208060,9240112299,514724293,9754836592
2014-08-07,LG4,TPG,53,538,607508,29780530343,16142300004,45922830347
2014-08-07,LG4,RPG,177,735,781913,21187537622,2079920962,23267458584
2014-08-07,LG4,UG,273,757,679069,15507854018,2665356389,18173210407
2014-08-07,LG4,Alumni,10,62,141917,10906585821,376398315,11282984136
2014-08-07,LG4,Others(HKUST),32,188,199309,8133401143,399746650,8533147793
2014-08-07,LG4,Non-HKUST,6,45,30113,2362732127,62701232,2425433359
2014-08-07,LG4,Total,697,2672,2647889,97118753373,22241147845,119359901218
2014-08-07,All-Floors,Staff,399,2321,2452055,39601252272,3625274050,43226526322
2014-08-07,All-Floors,TPG,130,2287,2492660,62587170203,19312356007,81899526210
2014-08-07,All-Floors,RPG,396,3014,3482379,52845182449,16555484133,69400666582
2014-08-07,All-Floors,UG,710,4965,5331393,109419715173,23861879028,133281594201
2014-08-07,All-Floors,Alumni,33,463,670771,27563841057,3142380946,30706222003
2014-08-07,All-Floors,Others(HKUST),65,632,585305,12816762279,7823099322,20639861601
2014-08-07,All-Floors,Non-HKUST,28,209,192749,21810641631,622874732,22433516363
2014-08-07,All-Floors,Total,1761,13891,15207312,326644565064,74943348218,401587913282
2014-08-08,1,Staff,57,543,874371,25464688610,11771931963,37236620573
2014-08-08,1,TPG,8,40,66735,836468559,141399561,977868120
2014-08-08,1,RPG,20,77,111754,2754908721,3020800792,5775709513
2014-08-08,1,UG,31,202,285476,16610547756,1048491177,17659038933
2014-08-08,1,Alumni,4,15,15244,102872370,18711811,121584181
2014-08-08,1,Others(HKUST),13,71,77291,189988717,24756091,214744808
2014-08-08,1,Non-HKUST,3,3,481,4366610,1145896,5512506
2014-08-08,1,Total,136,951,1431352,45963841343,16027237291,61991078634
2014-08-08,G,Staff,125,695,540020,1571344600,214850640,1786195240
2014-08-08,G,TPG,51,307,209774,8772196591,225185706,8997382297
2014-08-08,G,RPG,133,654,726873,7663389842,6995946437,14659336279
2014-08-08,G,UG,198,914,947458,7494500995,1131405335,8625906330
2014-08-08,G,Alumni,13,40,42339,813121680,80001112,893122792
2014-08-08,G,Others(HKUST),31,195,240123,1895186605,208280109,2103466714
2014-08-08,G,Non-HKUST,13,70,112614,1326061213,62624167,1388685380
2014-08-08,G,Total,564,2875,2819201,29535801526,8918293506,38454095032
2014-08-08,LG1,Staff,109,485,392537,2075411281,771788095,2847199376
2014-08-08,LG1,TPG,72,568,738711,5064553733,397168120,5461721853
2014-08-08,LG1,RPG,150,1098,1436674,9427809879,808034447,10235844326
2014-08-08,LG1,UG,307,2111,2944969,32086003528,15067263266,47153266794
2014-08-08,LG1,Alumni,20,210,266212,6945194737,774233011,7719427748
2014-08-08,LG1,Others(HKUST),30,134,131497,1873694526,147180548,2020875074
2014-08-08,LG1,Non-HKUST,19,65,66132,668123372,42188873,710312245
2014-08-08,LG1,Total,707,4671,5976732,58140791056,18007856360,76148647416
2014-08-08,LG3,Staff,174,359,194288,14301890931,855583185,15157474116
2014-08-08,LG3,TPG,47,278,429096,13987217221,1953988392,15941205613
2014-08-08,LG3,RPG,199,569,570144,21955286138,6356084767,28311370905
2014-08-08,LG3,UG,297,894,634876,26162560830,4849287204,31011848034
2014-08-08,LG3,Alumni,11,53,42261,2245724469,68433231,2314157700
2014-08-08,LG3,Others(HKUST),31,138,111970,4795398725,392612814,5188011539
2014-08-08,LG3,Non-HKUST,12,42,44040,5121509014,249994241,5371503255
2014-08-08,LG3,Total,771,2333,2026675,88569587328,14725983834,103295571162
2014-08-08,LG4,Staff,134,311,233768,19019474184,1038779487,20058253671
2014-08-08,LG4,TPG,48,367,429787,9692228308,8389512524,18081740832
2014-08-08,LG4,RPG,167,492,564941,21007862684,10661433700,31669296384
2014-08-08,LG4,UG,245,677,702370,15551310517,14323072959,29874383476
2014-08-08,LG4,Alumni,13,142,216684,5150044244,333470942,5483515186
2014-08-08,LG4,Others(HKUST),32,151,237357,4770379182,308420991,5078800173
2014-08-08,LG4,Non-HKUST,9,72,106210,1975224139,107727022,2082951161
2014-08-08,LG4,Total,648,2212,2491117,77166523258,35162417625,112328940883
2014-08-08,All-Floors,Staff,372,2393,2234984,62432809606,14652933370,77085742976
2014-08-08,All-Floors,TPG,107,1560,1874103,38352664412,11107254303,49459918715
2014-08-08,All-Floors,RPG,401,2890,3410386,62809257264,27842300143,90651557407
2014-08-08,All-Floors,UG,634,4798,5515149,97904923626,36419519941,134324443567
2014-08-08,All-Floors,Alumni,31,460,582740,15256957500,1274850107,16531807607
2014-08-08,All-Floors,Others(HKUST),82,689,798238,13524647755,1081250553,14605898308
2014-08-08,All-Floors,Non-HKUST,29,252,329477,9095284348,463680199,9558964547
2014-08-08,All-Floors,Total,1656,13042,14745077,299376544511,92841788616,392218333127
2014-08-09,1,Staff,14,130,216921,1652626758,168042023,1820668781
2014-08-09,1,TPG,7,20,33471,1015286646,384908798,1400195444
2014-08-09,1,RPG,14,60,86365,2804012386,276303389,3080315775
2014-08-09,1,UG,27,178,270915,15012860327,6944314725,21957175052
2014-08-09,1,Alumni,6,52,142922,2891431390,412460613,3303892003
2014-08-09,1,Others(HKUST),4,27,59642,146124485,8307661,154432146
2014-08-09,1,Non-HKUST,4,7,10440,381410653,78462642,459873295
2014-08-09,1,Total,76,474,820676,23903752645,8272799851,32176552496
2014-08-09,G,Staff,29,198,213692,3859468676,1613913249,5473381925
2014-08-09,G,TPG,60,311,206638,3825953960,591793994,4417747954
2014-08-09,G,RPG,69,306,314039,2649271429,129828393,2779099822
2014-08-09,G,UG,140,534,420551,5730903257,627661365,6358564622
2014-08-09,G,Alumni,23,127,110412,3279219041,167413674,3446632715
2014-08-09,G,Others(HKUST),5,91,102889,106996024,73032961,180028985
2014-08-09,G,Non-HKUST,17,66,111812,168177548,26194789,194372337
2014-08-09,G,Total,343,1633,1480033,19619989935,3229838425,22849828360
2014-08-09,LG1,Staff,36,257,346975,23805467765,1743107599,25548575364
2014-08-09,LG1,TPG,79,708,980205,7516792591,482577220,7999369811
2014-08-09,LG1,RPG,104,749,959024,5053662005,1829233804,6882895809
2014-08-09,LG1,UG,255,1707,2260427,17583863378,2664593131,20248456509
2014-08-09,LG1,Alumni,29,133,174909,196565750,11386417,207952167
2014-08-09,LG1,Others(HKUST),6,29,9854,35480,32558,68038
2014-08-09,LG1,Non-HKUST,18,66,130987,871671191,42232901,913904092
2014-08-09,LG1,Total,527,3649,4862381,55028058160,6773163630,61801221790
2014-08-09,LG3,Staff,55,109,53415,1590604605,87793775,1678398380
2014-08-09,LG3,TPG,59,245,277512,4878642157,903071381,5781713538
2014-08-09,LG3,RPG,111,345,448048,17493839539,6352389895,23846229434
2014-08-09,LG3,UG,221,640,419880,16742495620,4058494658,20800990278
2014-08-09,LG3,Alumni,19,106,143385,3694889848,295793463,3990683311
2014-08-09,LG3,Others(HKUST),9,34,52556,125275775,21363296,146639071
2014-08-09,LG3,Non-HKUST,15,55,40806,3331205543,127056661,3458262204
2014-08-09,LG3,Total,489,1534,1435602,47856953087,11845963129,59702916216
2014-08-09,LG4,Staff,46,134,133186,5848048393,304895546,6152943939
2014-08-09,LG4,TPG,43,181,310505,15393417174,5960169645,21353586819
2014-08-09,LG4,RPG,68,280,264716,37550669275,3557819686,41108488961
2014-08-09,LG4,UG,196,459,337364,9562913449,1321693086,10884606535
2014-08-09,LG4,Alumni,16,109,168461,6375004056,469615533,6844619589
2014-08-09,LG4,Others(HKUST),7,181,332520,58938104728,3233956875,62172061603
2014-08-09,LG4,Non-HKUST,15,86,179506,4422516739,1175751658,5598268397
2014-08-09,LG4,Total,391,1430,1726258,138090673814,16023902029,154114575843
2014-08-09,All-Floors,Staff,115,828,964189,36756216197,3917752192,40673968389
2014-08-09,All-Floors,TPG,128,1465,1808331,32630092528,8322521038,40952613566
2014-08-09,All-Floors,RPG,230,1740,2072192,65551454634,12145575167,77697029801
2014-08-09,All-Floors,UG,517,3518,3709137,64633036031,15616756965,80249792996
2014-08-09,All-Floors,Alumni,49,527,740089,16437110085,1356669700,17793779785
2014-08-09,All-Floors,Others(HKUST),18,362,557461,59316536492,3336693351,62653229843
2014-08-09,All-Floors,Non-HKUST,36,280,473551,9174981674,1449698651,10624680325
2014-08-09,All-Floors,Total,1093,8720,10324950,284499427641,46145667064,330645094705
2014-08-10,1,Staff,7,69,118084,42017989,63093794,105111783
2014-08-10,1,TPG,3,17,46557,1595294466,179503360,1774797826
2014-08-10,1,RPG,7,11,34314,871507526,73208042,944715568
2014-08-10,1,UG,26,146,216448,14123514013,887354761,15010868774
2014-08-10,1,Alumni,7,28,52675,817673731,82614142,900287873
2014-08-10,1,Others(HKUST),2,37,45956,2511875,963345,3475220
2014-08-10,1,Non-HKUST,1,2,239,933862,947327,1881189
2014-08-10,1,Total,53,310,514273,17453453462,1287684771,18741138233
2014-08-10,G,Staff,23,95,115317,5831533605,2741257616,8572791221
2014-08-10,G,TPG,33,189,160539,795199894,138281427,933481321
2014-08-10,G,RPG,57,231,212287,656608355,121805279,778413634
2014-08-10,G,UG,127,425,333883,1497279503,152214145,1649493648
2014-08-10,G,Alumni,21,51,30468,351928210,21834597,373762807
2014-08-10,G,Others(HKUST),5,21,41406,805182,229271,1034453
2014-08-10,G,Non-HKUST,10,22,52790,49549340,9291847,58841187
2014-08-10,G,Total,276,1034,946690,9182904089,3184914182,12367818271
2014-08-10,LG1,Staff,20,171,191098,452788126,36917833,489705959
2014-08-10,LG1,TPG,46,277,326556,1666516613,441945218,2108461831
2014-08-10,LG1,RPG,74,501,557329,6405321828,266705276,6672027104
2014-08-10,LG1,UG,248,1509,2008459,8537790248,1555137427,10092927675
2014-08-10,LG1,Alumni,18,94,163118,353768494,37175678,390944172
2014-08-10,LG1,Others(HKUST),6,28,50057,244116407,13210871,257327278
2014-08-10,LG1,Non-HKUST,12,77,138138,310068081,36566740,346634821
2014-08-10,LG1,Total,424,2657,3434755,17970369797,2387659043,20358028840
2014-08-10,LG3,Staff,48,91,14641,121476799,22406373,143883172
2014-08-10,LG3,TPG,38,166,215928,9440971456,7075823714,16516795170
2014-08-10,LG3,RPG,101,240,191062,8950880275,1394602331,10345482606
2014-08-10,LG3,UG,240,482,299496,21700034961,2982981308,24683016269
2014-08-10,LG3,Alumni,20,90,142542,1255077791,247207955,1502285746
2014-08-10,LG3,Others(HKUST),5,16,40312,2005655819,89830443,2095486262
2014-08-10,LG3,Non-HKUST,8,25,19672,610807374,25177722,635985096
2014-08-10,LG3,Total,460,1110,923653,44084904475,11838029846,55922934321
2014-08-10,LG4,Staff,27,50,94187,2174893216,115292365,2290185581
2014-08-10,LG4,TPG,35,144,186941,9047742267,463213560,9510955827
2014-08-10,LG4,RPG,94,294,232763,212639016371,4434775725,217073792096
2014-08-10,LG4,UG,279,711,435781,14356104650,818630194,15174734844
2014-08-10,LG4,Alumni,24,107,216912,14766724351,966351488,15733075839
2014-08-10,LG4,Others(HKUST),6,89,197274,11526408555,591357954,12117766509
2014-08-10,LG4,Non-HKUST,10,39,93393,1529671593,104523104,1634194697
2014-08-10,LG4,Total,475,1434,1457251,266040561003,7494144390,273534705393
2014-08-10,All-Floors,Staff,82,476,533327,8622709735,2978967981,11601677716
2014-08-10,All-Floors,TPG,80,793,936521,22545724696,8298767279,30844491975
2014-08-10,All-Floors,RPG,215,1277,1227755,229523334355,6291096653,235814431008
2014-08-10,All-Floors,UG,562,3273,3294067,60214723375,6396317835,66611041210
2014-08-10,All-Floors,Alumni,56,370,605715,17545172577,1355183860,18900356437
2014-08-10,All-Floors,Others(HKUST),14,191,375005,13779497838,695591884,14475089722
2014-08-10,All-Floors,Non-HKUST,27,165,304232,2501030250,176506740,2677536990
2014-08-10,All-Floors,Total,1036,6545,7276622,354732192826,26192432232,380924625058
2014-08-11,1,Staff,66,589,771899,22662018563,1568673839,24230692402
2014-08-11,1,TPG,15,58,83306,2663627329,1304293943,3967921272
2014-08-11,1,RPG,24,78,141192,1787214061,255080099,2042294160
2014-08-11,1,UG,75,397,552393,11921077921,1321110016,13242187937
2014-08-11,1,Alumni,4,82,145520,11410702142,581313033,11992015175
2014-08-11,1,Others(HKUST),8,61,43262,3575964312,124573209,3700537521
2014-08-11,1,Non-HKUST,5,20,54393,2313858915,231476496,2545335411
2014-08-11,1,Total,197,1285,1791965,56334463243,5386520635,61720983878
2014-08-11,G,Staff,131,715,533114,3699266605,746641005,4445907610
2014-08-11,G,TPG,64,357,328027,13870070598,3882417524,17752488122
2014-08-11,G,RPG,151,591,598231,2463115873,7180184646,9643300519
2014-08-11,G,UG,415,1559,1134395,11433457402,697118766,12130576168
2014-08-11,G,Alumni,15,65,55173,248080436,75644357,323724793
2014-08-11,G,Others(HKUST),17,132,100696,4043363821,200772262,4244136083
2014-08-11,G,Non-HKUST,20,98,68680,465740706,99924325,565665031
2014-08-11,G,Total,813,3517,2818316,36223095441,12882702885,49105798326
2014-08-11,LG1,Staff,120,667,507057,4414319835,535887237,4950207072
2014-08-11,LG1,TPG,68,707,674872,1711187810,136642940,1847830750
2014-08-11,LG1,RPG,146,1151,1304168,7228303237,1856528819,9084832056
2014-08-11,LG1,UG,531,3067,3165195,27940952366,2585726238,30526678604
2014-08-11,LG1,Alumni,18,131,173188,4718407172,1370451649,6088858821
2014-08-11,LG1,Others(HKUST),29,120,157816,4941754605,6007949393,10949703998
2014-08-11,LG1,Non-HKUST,16,95,103382,196186210,7416647,203602857
2014-08-11,LG1,Total,928,5938,6085678,51151111235,12500602923,63651714158
2014-08-11,LG3,Staff,218,461,184939,11277930007,4078910133,15356840140
2014-08-11,LG3,TPG,41,230,258877,9409073348,7174033307,16583106655
2014-08-11,LG3,RPG,207,682,784134,22149618881,2284329743,24433948624
2014-08-11,LG3,UG,651,1340,666076,22738290573,2290249144,25028539717
2014-08-11,LG3,Alumni,16,39,24872,341029536,124258182,465287718
2014-08-11,LG3,Others(HKUST),30,103,147773,11113598457,1172506573,12286105030
2014-08-11,LG3,Non-HKUST,21,56,56038,2511364754,458014299,2969379053
2014-08-11,LG3,Total,1184,2911,2122709,79540905556,17582301381,97123206937
2014-08-11,LG4,Staff,167,445,384646,10851979769,1163376730,12015356499
2014-08-11,LG4,TPG,38,305,403014,15427267628,1126198968,16553466596
2014-08-11,LG4,RPG,177,566,722077,33782421279,8344828184,42127249463
2014-08-11,LG4,UG,494,1126,926752,10619202955,4452359889,15071562844
2014-08-11,LG4,Alumni,14,143,239805,8652743929,646456294,9299200223
2014-08-11,LG4,Others(HKUST),27,145,213574,15414211362,6566163201,21980374563
2014-08-11,LG4,Non-HKUST,15,52,86424,1172700189,127149337,1299849526
2014-08-11,LG4,Total,932,2782,2976292,95920527111,22426532603,118347059714
2014-08-11,All-Floors,Staff,427,2877,2381655,52905514779,8093488944,60999003723
2014-08-11,All-Floors,TPG,120,1657,1748096,43081226713,13623586682,56704813395
2014-08-11,All-Floors,RPG,417,3068,3549802,67410673331,19920951491,87331624822
2014-08-11,All-Floors,UG,1266,7489,6444811,84652981217,11346564053,95999545270
2014-08-11,All-Floors,Alumni,31,460,638558,25370963215,2798123515,28169086730
2014-08-11,All-Floors,Others(HKUST),66,561,663121,39088892557,14071964638,53160857195
2014-08-11,All-Floors,Non-HKUST,44,321,368917,6659850774,923981104,7583831878
2014-08-11,All-Floors,Total,2371,16433,15794960,319170102586,70778660427,389948763013
2014-08-12,1,Staff,61,498,676582,33549921200,2141083698,35691004898
2014-08-12,1,TPG,9,52,56756,5610004817,262261834,5872266651
2014-08-12,1,RPG,17,48,78840,843995188,101014438,945009626
2014-08-12,1,UG,63,356,513315,9397719635,921666347,10319385982
2014-08-12,1,Alumni,3,88,126343,5924368839,465789212,6390158051
2014-08-12,1,Others(HKUST),10,41,55060,949425455,78108552,1027534007
2014-08-12,1,Non-HKUST,0,0,0,0,0,0
2014-08-12,1,Total,163,1083,1506896,56275435134,3969924081,60245359215
2014-08-12,G,Staff,129,770,607397,5618842862,555395746,6174238608
2014-08-12,G,TPG,55,454,300451,18512983959,1605433273,20118417232
2014-08-12,G,RPG,144,567,490172,5814368704,458851702,6273220406
2014-08-12,G,UG,360,1202,841245,15825335517,2104563020,17929898537
2014-08-12,G,Alumni,8,42,20018,37269310,6320524,43589834
2014-08-12,G,Others(HKUST),26,151,157671,1912570280,176963634,2089533914
2014-08-12,G,Non-HKUST,11,53,48255,340601,193285,533886
2014-08-12,G,Total,733,3239,2465209,47721711233,4907721184,52629432417
2014-08-12,LG1,Staff,96,382,387854,17397366746,1710602483,19107969229
2014-08-12,LG1,TPG,60,535,573459,1415100301,85489343,1500589644
2014-08-12,LG1,RPG,160,1265,1596895,4465125613,1015591695,5480717308
2014-08-12,LG1,UG,424,2643,3035849,29409858758,15205656449,44615515207
2014-08-12,LG1,Alumni,15,153,182827,5086216113,913425220,5999641333
2014-08-12,LG1,Others(HKUST),29,182,177508,839992839,40610279,880603118
2014-08-12,LG1,Non-HKUST,17,60,62799,405539849,49032806,454572655
2014-08-12,LG1,Total,801,5220,6017191,59019200219,19020408275,78039608494
2014-08-12,LG3,Staff,231,498,234047,8297933189,1066039176,9363972365
2014-08-12,LG3,TPG,48,294,453247,14621051510,4418502075,19039553585
2014-08-12,LG3,RPG,216,593,733109,29750822802,2327922613,32078745415
2014-08-12,LG3,UG,579,1305,458001,14840089442,1185000038,16025089480
2014-08-12,LG3,Alumni,13,57,62262,2907753942,154060948,3061814890
2014-08-12,LG3,Others(HKUST),38,125,90507,1352804045,244326537,1597130582
2014-08-12,LG3,Non-HKUST,22,33,47287,5798780414,679551946,6478332360
2014-08-12,LG3,Total,1147,2905,2078460,77569235344,10075403333,87644638677
2014-08-12,LG4,Staff,142,249,140815,5891848496,457742656,6349591152
2014-08-12,LG4,TPG,42,205,276629,6384318784,573678772,6957997556
2014-08-12,LG4,RPG,180,733,963134,72196592007,7694129572,79890721579
2014-08-12,LG4,UG,435,910,495779,11579889472,1669664458,13249553930
2014-08-12,LG4,Alumni,12,62,144711,8743907844,1296816453,10040724297
2014-08-12,LG4,Others(HKUST),30,197,215946,16472010981,946159385,17418170366
2014-08-12,LG4,Non-HKUST,19,74,125578,4517948633,292746025,4810694658
2014-08-12,LG4,Total,860,2430,2362592,125786516217,12930937321,138717453538
2014-08-12,All-Floors,Staff,419,2397,2046695,70755912493,5930863759,76686776252
2014-08-12,All-Floors,TPG,103,1540,1660542,46543459371,6945365297,53488824668
2014-08-12,All-Floors,RPG,414,3206,3862150,113070904314,11597510020,124668414334
2014-08-12,All-Floors,UG,1091,6416,5344189,81052892824,21086550312,102139443136
2014-08-12,All-Floors,Alumni,28,402,536161,22699516048,2836412357,25535928405
2014-08-12,All-Floors,Others(HKUST),69,696,696692,21526803600,1486168387,23012971987
2014-08-12,All-Floors,Non-HKUST,40,220,283919,10722609497,1021524062,11744133559
2014-08-12,All-Floors,Total,2164,14877,14430348,366372098147,50904394194,417276492341
2014-08-13,1,Staff,50,539,729930,16571370776,7147004160,23718374936
2014-08-13,1,TPG,10,75,124428,6127969813,1243918247,7371888060
2014-08-13,1,RPG,22,123,169430,3873314687,270858033,4144172720
2014-08-13,1,UG,51,332,616129,14652316168,1242635461,15894951629
2014-08-13,1,Alumni,2,9,3001,67864372,12262358,80126730
2014-08-13,1,Others(HKUST),6,20,45010,335078035,58488902,393566937
2014-08-13,1,Non-HKUST,4,29,67445,1241976177,79763629,1321739806
2014-08-13,1,Total,145,1127,1755373,42869890028,10054930790,52924820818
2014-08-13,G,Staff,131,720,662972,1080117096,295117328,1375234424
2014-08-13,G,TPG,50,317,271777,2926340589,252239772,3178580361
2014-08-13,G,RPG,116,535,395454,2826690284,287107349,3113797633
2014-08-13,G,UG,348,1275,866457,11055161474,824821140,11879982614
2014-08-13,G,Alumni,10,44,98980,1794420012,173402028,1967822040
2014-08-13,G,Others(HKUST),23,117,121698,1036925556,92354515,1129280071
2014-08-13,G,Non-HKUST,15,86,42827,26928311,5566492,32494803
2014-08-13,G,Total,693,3094,2460165,20746583322,1930608624,22677191946
2014-08-13,LG1,Staff,110,543,449343,14862590055,4513870054,19376460109
2014-08-13,LG1,TPG,66,646,678678,1082366972,89023715,1171390687
2014-08-13,LG1,RPG,130,867,1105676,4231675040,351613373,4583288413
2014-08-13,LG1,UG,364,2197,2151336,7712947451,860338729,8573286180
2014-08-13,LG1,Alumni,11,158,169945,3245302055,299928615,3545230670
2014-08-13,LG1,Others(HKUST),30,193,159664,288410438,44036055,332446493
2014-08-13,LG1,Non-HKUST,7,29,49573,256,2800,3056
2014-08-13,LG1,Total,718,4633,4764215,31423292267,6158813341,37582105608
2014-08-13,LG3,Staff,240,481,240398,7401657052,473286553,7874943605
2014-08-13,LG3,TPG,53,176,201324,5907437136,293243931,6200681067
2014-08-13,LG3,RPG,201,633,551950,18667756017,1833916523,20501672540
2014-08-13,LG3,UG,606,1308,630131,24491222612,2036998975,26528221587
2014-08-13,LG3,Alumni,10,57,90216,1998985147,100708493,2099693640
2014-08-13,LG3,Others(HKUST),34,104,81791,1891870185,371890205,2263760390
2014-08-13,LG3,Non-HKUST,25,54,67904,7643455451,195260708,7838716159
2014-08-13,LG3,Total,1169,2813,1863714,68002383600,5305305388,73307688988
2014-08-13,LG4,Staff,151,387,254118,20169782766,1101413983,21271196749
2014-08-13,LG4,TPG,41,236,231751,3422011456,519500992,3941512448
2014-08-13,LG4,RPG,158,487,566945,16195003838,11655830239,27850834077
2014-08-13,LG4,UG,425,969,671754,23387226765,2912449591,26299676356
2014-08-13,LG4,Alumni,6,19,27579,1571345754,72836950,1644182704
2014-08-13,LG4,Others(HKUST),28,128,177135,7629887695,3301687884,10931575579
2014-08-13,LG4,Non-HKUST,15,69,65770,310789354,37001831,347791185
2014-08-13,LG4,Total,824,2295,1995052,72686047628,19600721470,92286769098
2014-08-13,All-Floors,Staff,433,2670,2336761,60085517745,13530692078,73616209823
2014-08-13,All-Floors,TPG,104,1450,1507958,19466125966,2397926657,21864052623
2014-08-13,All-Floors,RPG,367,2645,2789455,45794439866,14399325517,60193765383
2014-08-13,All-Floors,UG,1060,6081,4935807,81298874470,7877243896,89176118366
2014-08-13,All-Floors,Alumni,21,287,389721,8677917340,659138444,9337055784
2014-08-13,All-Floors,Others(HKUST),70,562,585298,11182171909,3868457561,15050629470
2014-08-13,All-Floors,Non-HKUST,42,267,293519,9223149549,317595460,9540745009
2014-08-13,All-Floors,Total,2097,13962,12838519,235728196845,43050379613,278778576458
2014-08-14,1,Staff,65,588,852519,7038598687,787590139,7826188826
2014-08-14,1,TPG,5,44,112181,6977949070,297326417,7275275487
2014-08-14,1,RPG,26,58,87928,1186545538,108776000,1295321538
2014-08-14,1,UG,46,344,543454,14470277806,1259059517,15729337323
2014-08-14,1,Alumni,7,50,32515,873698123,298560376,1172258499
2014-08-14,1,Others(HKUST),5,24,37316,307000904,47940221,354941125
2014-08-14,1,Non-HKUST,6,19,26876,1343994542,478631946,1822626488
2014-08-14,1,Total,160,1127,1692789,32198064670,3277884616,35475949286
2014-08-14,G,Staff,135,756,614618,6984777581,542829376,7527606957
2014-08-14,G,TPG,46,306,226569,403594854,80932575,484527429
2014-08-14,G,RPG,142,700,587764,3583436499,419785767,4003222266
2014-08-14,G,UG,251,907,609725,2512991746,529401698,3042393444
2014-08-14,G,Alumni,18,72,100046,5321128881,718935454,6040064335
2014-08-14,G,Others(HKUST),24,113,85741,76787784,15239865,92027649
2014-08-14,G,Non-HKUST,13,70,85320,1296385056,66697250,1363082306
2014-08-14,G,Total,629,2924,2309783,20179102401,2373821985,22552924386
2014-08-14,LG1,Staff,119,545,519992,7239374501,838130387,8077504888
2014-08-14,LG1,TPG,62,487,476632,2885396102,257993570,3143389672
2014-08-14,LG1,RPG,146,1148,1547007,8912780460,1282031911,10194812371
2014-08-14,LG1,UG,385,2341,2490194,8934946699,1511956080,10446902779
2014-08-14,LG1,Alumni,15,173,193718,5772545652,1063228237,6835773889
2014-08-14,LG1,Others(HKUST),19,140,103744,252526689,17597136,270123825
2014-08-14,LG1,Non-HKUST,14,82,87668,7910535,823357,8733892
2014-08-14,LG1,Total,760,4916,5418955,34005480638,4971760678,38977241316
2014-08-14,LG3,Staff,203,443,224869,8243547503,868163875,9111711378
2014-08-14,LG3,TPG,47,308,464349,21263801660,3632982143,24896783803
2014-08-14,LG3,RPG,173,463,466434,14589916583,9695428233,24285344816
2014-08-14,LG3,UG,340,733,463434,13844089836,1227782519,15071872355
2014-08-14,LG3,Alumni,13,103,185740,1681057411,211238255,1892295666
2014-08-14,LG3,Others(HKUST),18,55,69956,399821070,32719127,432540197
2014-08-14,LG3,Non-HKUST,16,23,16671,259029156,142923558,401952714
2014-08-14,LG3,Total,810,2128,1891453,60281263219,15811237710,76092500929
2014-08-14,LG4,Staff,141,369,255005,10637033805,588217034,11225250839
2014-08-14,LG4,TPG,38,348,405911,9073184044,1662240226,10735424270
2014-08-14,LG4,RPG,156,626,779302,51337793686,16822484447,68160278133
2014-08-14,LG4,UG,268,635,377831,8633714717,1247926022,9881640739
2014-08-14,LG4,Alumni,14,96,168192,2222217640,112310150,2334527790
2014-08-14,LG4,Others(HKUST),12,109,154311,13777479438,590861376,14368340814
2014-08-14,LG4,Non-HKUST,9,38,31794,139121624,23897001,163018625
2014-08-14,LG4,Total,638,2221,2172346,95820544954,21047936256,116868481210
2014-08-14,All-Floors,Staff,418,2701,2467003,40143332077,3624930811,43768262888
2014-08-14,All-Floors,TPG,96,1493,1685642,40603925730,5931474931,46535400661
2014-08-14,All-Floors,RPG,382,2995,3468435,79610472766,28328506358,107938979124
2014-08-14,All-Floors,UG,790,4960,4484638,48396020804,5776125836,54172146640
2014-08-14,All-Floors,Alumni,32,494,680211,15870647707,2404272472,18274920179
2014-08-14,All-Floors,Others(HKUST),38,441,451068,14813615885,704357725,15517973610
2014-08-14,All-Floors,Non-HKUST,31,232,248329,3046440913,712973112,3759414025
2014-08-14,All-Floors,Total,1787,13316,13485326,242484455882,47482641245,289967097127
2014-08-15,1,Staff,60,421,658066,2347529244,423219243,2770748487
2014-08-15,1,TPG,15,107,179658,10606394422,749945035,11356339457
2014-08-15,1,RPG,23,104,117226,2620700217,603811196,3224511413
2014-08-15,1,UG,32,140,222747,9693760758,334201783,10027962541
2014-08-15,1,Alumni,4,40,14525,283105274,40793595,323898869
2014-08-15,1,Others(HKUST),8,25,53632,2156932984,135989135,2292922119
2014-08-15,1,Non-HKUST,3,27,66111,3512867959,144306289,3657174248
2014-08-15,1,Total,145,864,1311965,31221290858,2432266276,33653557134
2014-08-15,G,Staff,125,687,538572,3658958460,531080836,4190039296
2014-08-15,G,TPG,49,302,269468,622754710,69677174,692431884
2014-08-15,G,RPG,136,716,609517,5213256700,594580105,5807836805
2014-08-15,G,UG,179,572,406484,18688018738,463898599,19151917337
2014-08-15,G,Alumni,12,36,54726,641038089,50160217,691198306
2014-08-15,G,Others(HKUST),25,123,102359,1890698957,338513838,2229212795
2014-08-15,G,Non-HKUST,9,104,62913,418951,321198,740149
2014-08-15,G,Total,535,2540,2044039,30715144605,2048231967,32763376572
2014-08-15,LG1,Staff,87,500,443748,9713544608,4486357266,14199901874
2014-08-15,LG1,TPG,67,604,762589,3478447278,191129057,3669576335
2014-08-15,LG1,RPG,138,906,1081130,5426669764,835093930,6261763694
2014-08-15,LG1,UG,277,1541,1790633,19806284051,1843405503,21649689554
2014-08-15,LG1,Alumni,12,194,206713,10167460731,364837159,10532297890
2014-08-15,LG1,Others(HKUST),26,94,117995,135960399,9117124,145077523
2014-08-15,LG1,Non-HKUST,13,40,18878,819508119,60911921,880420040
2014-08-15,LG1,Total,620,3879,4421686,49547874950,7790851960,57338726910
2014-08-15,LG3,Staff,208,393,159649,9356663191,1255995105,10612658296
2014-08-15,LG3,TPG,50,263,310931,5031175716,18082803308,23113979024
2014-08-15,LG3,RPG,193,628,624560,26350788334,3604212377,29955000711
2014-08-15,LG3,UG,477,1047,741808,14440740402,5834956714,20275697116
2014-08-15,LG3,Alumni,11,64,108784,3294339560,143894320,3438233880
2014-08-15,LG3,Others(HKUST),30,65,70076,804847056,89877479,894724535
2014-08-15,LG3,Non-HKUST,19,78,85105,2955327821,179270940,3134598761
2014-08-15,LG3,Total,988,2538,2100913,62233882080,29191010243,91424892323
2014-08-15,LG4,Staff,130,374,404799,38965666523,2321770033,41287436556
2014-08-15,LG4,TPG,31,326,330375,7909421566,972225476,8881647042
2014-08-15,LG4,RPG,160,617,706685,39145722135,3131630026,42277352161
2014-08-15,LG4,UG,357,689,232089,6640446746,619981532,7260428278
2014-08-15,LG4,Alumni,13,65,141838,5909415009,337337609,6246752618
2014-08-15,LG4,Others(HKUST),25,168,176528,23024171049,875288328,23899459377
2014-08-15,LG4,Non-HKUST,24,91,117005,1013336734,143095625,1156432359
2014-08-15,LG4,Total,740,2330,2109319,122608179762,8401328629,131009508391
2014-08-15,All-Floors,Staff,385,2375,2204834,64042362026,9018422483,73060784509
2014-08-15,All-Floors,TPG,110,1602,1853021,27648193692,20065780050,47713973742
2014-08-15,All-Floors,RPG,386,2971,3139118,78757137150,8769327634,87526464784
2014-08-15,All-Floors,UG,863,3989,3393761,69269250695,9096444131,78365694826
2014-08-15,All-Floors,Alumni,31,399,526586,20295358663,937022900,21232381563
2014-08-15,All-Floors,Others(HKUST),63,475,520590,28012610445,1448785904,29461396349
2014-08-15,All-Floors,Non-HKUST,34,340,350012,8301459584,527905973,8829365557
2014-08-15,All-Floors,Total,1872,12151,11987922,296326372255,49863689075,346190061330
2014-08-16,1,Staff,15,121,237491,3214553042,618939198,3833492240
2014-08-16,1,TPG,18,59,95406,8563131631,526683046,9089814677
2014-08-16,1,RPG,29,68,122865,1136981062,128577065,1265558127
2014-08-16,1,UG,25,77,102260,3444093740,223938517,3668032257
2014-08-16,1,Alumni,6,58,140884,2773592668,410118956,3183711624
2014-08-16,1,Others(HKUST),2,10,10682,82355129,8595542,90950671
2014-08-16,1,Non-HKUST,4,8,5403,268730446,33128505,301858951
2014-08-16,1,Total,99,401,714991,19483437718,1949980829,21433418547
2014-08-16,G,Staff,42,287,297990,10317556981,1722428354,12039985335
2014-08-16,G,TPG,69,313,242234,4043155525,185852490,4229008015
2014-08-16,G,RPG,138,548,478867,2178628494,373971810,2552600304
2014-08-16,G,UG,119,392,206127,828765513,72192975,900958488
2014-08-16,G,Alumni,32,100,40577,4544992998,117596950,4662589948
2014-08-16,G,Others(HKUST),10,39,15221,164525479,14392998,178918477
2014-08-16,G,Non-HKUST,23,72,97916,676354096,120986320,797340416
2014-08-16,G,Total,433,1751,1378932,22753979086,2607421897,25361400983
2014-08-16,LG1,Staff,49,289,278627,2026516772,657530698,2684047470
2014-08-16,LG1,TPG,73,595,700615,2170253538,263641661,2433895199
2014-08-16,LG1,RPG,122,853,929717,5771628894,1236679188,7008308082
2014-08-16,LG1,UG,242,1342,1829625,5515129337,1162979193,6678108530
2014-08-16,LG1,Alumni,39,189,262182,295586166,63855219,359441385
2014-08-16,LG1,Others(HKUST),4,19,32277,1583909,1170605,2754514
2014-08-16,LG1,Non-HKUST,28,153,249184,302850707,21791286,324641993
2014-08-16,LG1,Total,557,3440,4282227,16083549323,3407647850,19491197173
2014-08-16,LG3,Staff,47,122,53993,2308687717,634146526,2942834243
2014-08-16,LG3,TPG,49,119,105590,4153497712,262981433,4416479145
2014-08-16,LG3,RPG,133,419,351728,21738861431,2862751940,24601613371
2014-08-16,LG3,UG,267,475,270327,5952012600,541541499,6493554099
2014-08-16,LG3,Alumni,18,92,171111,3382068044,210517156,3592585200
2014-08-16,LG3,Others(HKUST),7,8,6718,170069287,12061816,182131103
2014-08-16,LG3,Non-HKUST,18,37,21954,37187589,52371324,89558913
2014-08-16,LG3,Total,539,1272,981421,37742384380,4576371694,42318756074
2014-08-16,LG4,Staff,33,78,62281,1985449671,141861651,2127311322
2014-08-16,LG4,TPG,51,204,232774,5187099578,1139549399,6326648977
2014-08-16,LG4,RPG,118,435,512111,18954207147,2087672539,21041879686
2014-08-16,LG4,UG,217,409,219395,2764816437,219966014,2984782451
2014-08-16,LG4,Alumni,27,210,422589,11565949850,1296943203,12862893053
2014-08-16,LG4,Others(HKUST),7,118,268697,33900530763,1727679080,35628209843
2014-08-16,LG4,Non-HKUST,13,18,4559,33826797,83617680,117444477
2014-08-16,LG4,Total,466,1472,1722406,74391880243,6697289566,81089169809
2014-08-16,All-Floors,Staff,115,897,930382,19852764183,3774906427,23627670610
2014-08-16,All-Floors,TPG,145,1290,1376619,24117137984,2378708029,26495846013
2014-08-16,All-Floors,RPG,309,2323,2395288,49780307028,6689652542,56469959570
2014-08-16,All-Floors,UG,598,2695,2627734,18504817627,2220618198,20725435825
2014-08-16,All-Floors,Alumni,67,649,1037343,22562189726,2099031484,24661221210
2014-08-16,All-Floors,Others(HKUST),19,194,333595,34319064567,1763900041,36082964608
2014-08-16,All-Floors,Non-HKUST,49,288,379016,1318949635,311895115,1630844750
2014-08-16,All-Floors,Total,1302,8336,9079977,170455230750,19238711836,189693942586
2014-08-17,1,Staff,4,24,108491,50801156,114063449,164864605
2014-08-17,1,TPG,0,0,0,0,0,0
2014-08-17,1,RPG,9,10,6361,256183,133763,389946
2014-08-17,1,UG,19,20,2882,245313,183944,429257
2014-08-17,1,Alumni,1,1,120,6935,7645,14580
2014-08-17,1,Others(HKUST),1,1,240,12472,14939,27411
2014-08-17,1,Non-HKUST,0,0,0,0,0,0
2014-08-17,1,Total,34,56,118094,51322059,114403740,165725799
2014-08-17,G,Staff,7,16,4446,17565241,1231984,18797225
2014-08-17,G,TPG,7,13,1437,165881,121075,286956
2014-08-17,G,RPG,14,16,3483,594768,223127,817895
2014-08-17,G,UG,51,55,6485,3025699,691246,3716945
2014-08-17,G,Alumni,1,1,239,112780,60884,173664
2014-08-17,G,Others(HKUST),2,2,360,19398,19046,38444
2014-08-17,G,Non-HKUST,2,2,241,23010,4822,27832
2014-08-17,G,Total,84,105,16691,21506777,2352184,23858961
2014-08-17,LG1,Staff,34,239,316274,398786085,63519623,462305708
2014-08-17,LG1,TPG,59,682,820467,1775168497,189099699,1964268196
2014-08-17,LG1,RPG,117,1000,1390238,701062384,92946335,794008719
2014-08-17,LG1,UG,262,1151,1229415,541006160,67082593,608088753
2014-08-17,LG1,Alumni,18,169,254116,126898369,43407517,170305886
2014-08-17,LG1,Others(HKUST),3,6,6618,0,0,0
2014-08-17,LG1,Non-HKUST,12,48,69365,454,1193,1647
2014-08-17,LG1,Total,505,3295,4086493,3542921949,456056960,3998978909
2014-08-17,LG3,Staff,45,54,7088,35997255,4526019,40523274
2014-08-17,LG3,TPG,37,61,15959,2822615548,150473324,2973088872
2014-08-17,LG3,RPG,113,154,19667,40879532,8355142,49234674
2014-08-17,LG3,UG,435,653,79720,393464675,38751019,432215694
2014-08-17,LG3,Alumni,10,18,12476,235578149,40498584,276076733
2014-08-17,LG3,Others(HKUST),6,10,2044,833140,503376,1336516
2014-08-17,LG3,Non-HKUST,17,20,3358,4918845,2748056,7666901
2014-08-17,LG3,Total,663,970,140312,3534287144,245855520,3780142664
2014-08-17,LG4,Staff,17,20,2283,876511,349504,1226015
2014-08-17,LG4,TPG,24,51,20404,3230174,3447932,6678106
2014-08-17,LG4,RPG,100,133,35266,153705556,21799105,175504661
2014-08-17,LG4,UG,367,553,72426,193792490,51142275,244934765
2014-08-17,LG4,Alumni,7,7,1560,72290481,24734276,97024757
2014-08-17,LG4,Others(HKUST),6,77,262856,63000050686,3973102207,66973152893
2014-08-17,LG4,Non-HKUST,13,15,1321,2543645,409751,2953396
2014-08-17,LG4,Total,534,856,396116,63426489543,4074985050,67501474593
2014-08-17,All-Floors,Staff,89,353,438582,504026248,183690579,687716827
2014-08-17,All-Floors,TPG,82,807,858267,4601180100,343142030,4944322130
2014-08-17,All-Floors,RPG,264,1313,1455015,896498423,123457472,1019955895
2014-08-17,All-Floors,UG,824,2432,1390928,1131534337,157851077,1289385414
2014-08-17,All-Floors,Alumni,30,196,268511,434886714,108708906,543595620
2014-08-17,All-Floors,Others(HKUST),13,96,272118,63000915696,3973639568,66974555264
2014-08-17,All-Floors,Non-HKUST,33,85,74285,7485954,3163822,10649776
2014-08-17,All-Floors,Total,1335,5282,4757706,70576527472,4893653454,75470180926
2014-08-18,1,Staff,67,496,789066,10698212819,876699590,11574912409
2014-08-18,1,TPG,18,132,144364,11238133832,741108082,11979241914
2014-08-18,1,RPG,37,101,155456,5599223350,459641416,6058864766
2014-08-18,1,UG,47,372,446440,15108840244,1430682060,16539522304
2014-08-18,1,Alumni,4,109,160349,11286147160,1147890015,12434037175
2014-08-18,1,Others(HKUST),7,48,36778,151669404,42165501,193834905
2014-08-18,1,Non-HKUST,2,23,55324,2666271125,222670043,2888941168
2014-08-18,1,Total,182,1281,1787777,56748497934,4920856707,61669354641
2014-08-18,G,Staff,133,684,549882,2680672250,322673482,3003345732
2014-08-18,G,TPG,85,484,418777,5341533154,4872398142,10213931296
2014-08-18,G,RPG,194,971,800240,11760913478,3823720118,15584633596
2014-08-18,G,UG,155,695,341440,3562591486,490038779,4052630265
2014-08-18,G,Alumni,11,39,31180,354852570,56333672,411186242
2014-08-18,G,Others(HKUST),14,84,62610,294256322,26522181,320778503
2014-08-18,G,Non-HKUST,8,35,20765,155689,79583,235272
2014-08-18,G,Total,600,2992,2224894,23994974949,9591765957,33586740906
2014-08-18,LG1,Staff,93,497,367422,4763320795,293917059,5057237854
2014-08-18,LG1,TPG,87,755,840664,1488094907,328414933,1816509840
2014-08-18,LG1,RPG,157,1095,1257796,6348999732,2231313891,8580313623
2014-08-18,LG1,UG,251,1539,1657205,7139390674,21210329900,28349720574
2014-08-18,LG1,Alumni,20,210,286839,14880501706,3211813331,18092315037
2014-08-18,LG1,Others(HKUST),12,84,84659,485593311,20821048,506414359
2014-08-18,LG1,Non-HKUST,12,40,53539,602507037,20050404,622557441
2014-08-18,LG1,Total,632,4220,4548124,35708408162,27316660566,63025068728
2014-08-18,LG3,Staff,199,460,221917,7702008999,5044296079,12746305078
2014-08-18,LG3,TPG,60,256,332923,7813686945,1586223039,9399909984
2014-08-18,LG3,RPG,230,664,514168,22297538260,2124878620,24422416880
2014-08-18,LG3,UG,442,803,193442,5271796635,332294746,5604091381
2014-08-18,LG3,Alumni,10,64,94552,1721435029,641986162,2363421191
2014-08-18,LG3,Others(HKUST),13,55,50511,704457645,109710358,814168003
2014-08-18,LG3,Non-HKUST,11,30,57364,1181262023,143164653,1324426676
2014-08-18,LG3,Total,965,2332,1464877,46692185536,9982553657,56674739193
2014-08-18,LG4,Staff,138,444,386694,30826328110,13656272625,44482600735
2014-08-18,LG4,TPG,43,267,272618,36320294504,4001989820,40322284324
2014-08-18,LG4,RPG,186,512,636952,16412900297,2547710680,18960610977
2014-08-18,LG4,UG,355,768,333374,4851686976,636818316,5488505292
2014-08-18,LG4,Alumni,10,62,89511,577898110,63610283,641508393
2014-08-18,LG4,Others(HKUST),15,147,229306,39678793761,2623642512,42302436273
2014-08-18,LG4,Non-HKUST,18,36,28165,1336006860,55697923,1391704783
2014-08-18,LG4,Total,765,2236,1976620,130003908618,23585742159,153589650777
2014-08-18,All-Floors,Staff,395,2581,2314981,56670542973,20193858835,76864401808
2014-08-18,All-Floors,TPG,143,1894,2009346,62201743342,11530134016,73731877358
2014-08-18,All-Floors,RPG,488,3343,3364612,62419575117,11187264725,73606839842
2014-08-18,All-Floors,UG,798,4177,2971901,35934306015,24100163801,60034469816
2014-08-18,All-Floors,Alumni,29,484,662431,28820834575,5121633463,33942468038
2014-08-18,All-Floors,Others(HKUST),30,418,463864,41314770443,2822861600,44137632043
2014-08-18,All-Floors,Non-HKUST,35,164,215157,5786202734,441662606,6227865340
2014-08-18,All-Floors,Total,1918,13061,12002292,293147975199,75397579046,368545554245
2014-08-19,1,Staff,72,524,706544,12134018649,1401755496,13535774145
2014-08-19,1,TPG,12,67,59141,2275444640,103157258,2378601898
2014-08-19,1,RPG,27,99,163831,1982980239,346261599,2329241838
2014-08-19,1,UG,30,191,278214,13669845552,361410118,14031255670
2014-08-19,1,Alumni,2,69,96822,2277984132,156074359,2434058491
2014-08-19,1,Others(HKUST),4,52,45272,78768592,8866501,87635093
2014-08-19,1,Non-HKUST,1,20,31102,208438447,28291801,236730248
2014-08-19,1,Total,148,1022,1380926,32627480251,2405817132,35033297383
2014-08-19,G,Staff,135,862,647841,5080231675,269382816,5349614491
2014-08-19,G,TPG,68,395,372861,37848360153,2621506705,40469866858
2014-08-19,G,RPG,175,863,857045,12764973864,1441792235,14206766099
2014-08-19,G,UG,259,752,550602,13600449397,2837552387,16438001784
2014-08-19,G,Alumni,7,44,38526,1318615487,93124821,1411740308
2014-08-19,G,Others(HKUST),9,101,114990,1702263577,275839741,1978103318
2014-08-19,G,Non-HKUST,12,29,11982,7099925,48605989,55705914
2014-08-19,G,Total,665,3046,2593847,72321994078,7587804694,79909798772
2014-08-19,LG1,Staff,100,619,385773,401321995,41289060,442611055
2014-08-19,LG1,TPG,71,610,672734,5789651663,317475345,6107127008
2014-08-19,LG1,RPG,196,1400,1676745,11004472934,896964725,11901437659
2014-08-19,LG1,UG,362,1910,1852077,9396883256,868297380,10265180636
2014-08-19,LG1,Alumni,14,155,192588,6612885270,5016543856,11629429126
2014-08-19,LG1,Others(HKUST),11,84,63400,2042541558,82939509,2125481067
2014-08-19,LG1,Non-HKUST,18,105,81774,20761822,2754176,23515998
2014-08-19,LG1,Total,772,4883,4925091,35268518498,7226264051,42494782549
2014-08-19,LG3,Staff,177,501,306503,9368461389,3870615067,13239076456
2014-08-19,LG3,TPG,56,230,194036,9287099303,617141457,9904240760
2014-08-19,LG3,RPG,232,663,630042,32255140774,3665654809,35920795583
2014-08-19,LG3,UG,615,1043,291586,5228665910,2149997123,7378663033
2014-08-19,LG3,Alumni,12,60,126500,1876255015,122221728,1998476743
2014-08-19,LG3,Others(HKUST),15,42,6356,6976552,2359430,9335982
2014-08-19,LG3,Non-HKUST,25,92,107059,2193699145,130030254,2323729399
2014-08-19,LG3,Total,1132,2631,1662082,60216298088,10558019868,70774317956
2014-08-19,LG4,Staff,139,380,319122,14459343027,1020345918,15479688945
2014-08-19,LG4,TPG,48,335,349005,20663943634,2635116555,23299060189
2014-08-19,LG4,RPG,213,559,569921,25077655835,5401022586,30478678421
2014-08-19,LG4,UG,523,967,425063,10482939841,1213560471,11696500312
2014-08-19,LG4,Alumni,5,44,57720,133577189,32275879,165853068
2014-08-19,LG4,Others(HKUST),17,138,225362,7774607663,1152367145,8926974808
2014-08-19,LG4,Non-HKUST,10,31,41509,26048876,13381066,39429942
2014-08-19,LG4,Total,955,2454,1987702,78618116065,11468069620,90086185685
2014-08-19,All-Floors,Staff,378,2886,2365783,41443376735,6603388357,48046765092
2014-08-19,All-Floors,TPG,130,1637,1647777,75864499393,6294397320,82158896713
2014-08-19,All-Floors,RPG,522,3584,3897584,83085223646,11751695954,94836919600
2014-08-19,All-Floors,UG,1172,4863,3397542,52378783956,7430817479,59809601435
2014-08-19,All-Floors,Alumni,18,372,512156,12219317093,5420240643,17639557736
2014-08-19,All-Floors,Others(HKUST),35,417,455380,11605157942,1522372326,13127530268
2014-08-19,All-Floors,Non-HKUST,38,277,273426,2456048215,223063286,2679111501
2014-08-19,All-Floors,Total,2293,14036,12549648,279052406980,39245975365,318298382345
2014-08-20,1,Staff,66,590,676111,12757895185,659712517,13417607702
2014-08-20,1,TPG,14,83,113976,5684124895,691853914,6375978809
2014-08-20,1,RPG,38,152,203707,3678140878,1166555683,4844696561
2014-08-20,1,UG,41,245,293981,6703603916,492817185,7196421101
2014-08-20,1,Alumni,3,38,73076,16653507468,990006266,17643513734
2014-08-20,1,Others(HKUST),3,50,29755,21076898,4613403,25690301
2014-08-20,1,Non-HKUST,6,21,44633,1005200421,87133967,1092334388
2014-08-20,1,Total,171,1179,1435239,46503549661,4092692935,50596242596
2014-08-20,G,Staff,140,712,439026,2454957911,230780223,2685738134
2014-08-20,G,TPG,86,520,460556,14400064996,6911921699,21311986695
2014-08-20,G,RPG,237,1046,838254,6916512257,593903846,7510416103
2014-08-20,G,UG,197,663,464860,3055318525,1231734898,4287053423
2014-08-20,G,Alumni,12,46,50622,721181446,81321977,802503423
2014-08-20,G,Others(HKUST),12,70,53500,655078242,153047323,808125565
2014-08-20,G,Non-HKUST,11,43,68047,406392445,32309657,438702102
2014-08-20,G,Total,695,3100,2374865,28609505822,9235019623,37844525445
2014-08-20,LG1,Staff,129,782,544265,452737740,55356351,508094091
2014-08-20,LG1,TPG,90,706,693555,4381027594,374107903,4755135497
2014-08-20,LG1,RPG,212,1385,1653123,11106593804,1054544148,12161137952
2014-08-20,LG1,UG,288,1917,1698434,5851071673,714200554,6565272227
2014-08-20,LG1,Alumni,13,109,126404,1774975591,186249350,1961224941
2014-08-20,LG1,Others(HKUST),13,106,78818,5087842,15650762,20738604
2014-08-20,LG1,Non-HKUST,11,32,32426,10087730,15089320,25177050
2014-08-20,LG1,Total,756,5037,4827025,23581581974,2415198388,25996780362
2014-08-20,LG3,Staff,213,438,182958,3532179854,195834761,3728014615
2014-08-20,LG3,TPG,78,514,509750,8148720383,1233458099,9382178482
2014-08-20,LG3,RPG,282,857,742321,45728302958,4547469559,50275772517
2014-08-20,LG3,UG,553,882,215129,6813611952,1200792551,8014404503
2014-08-20,LG3,Alumni,11,76,138235,5831184833,352797492,6183982325
2014-08-20,LG3,Others(HKUST),16,35,6122,175739408,22255432,197994840
2014-08-20,LG3,Non-HKUST,15,79,125406,1401081016,469917286,1870998302
2014-08-20,LG3,Total,1168,2881,1919921,71630820404,8022525180,79653345584
2014-08-20,LG4,Staff,131,422,349729,149625577772,3237958134,152863535906
2014-08-20,LG4,TPG,66,344,270256,12660269415,1807238699,14467508114
2014-08-20,LG4,RPG,225,775,815670,52308440832,6880871797,59189312629
2014-08-20,LG4,UG,481,893,350386,13047469388,1945443412,14992912800
2014-08-20,LG4,Alumni,9,57,94215,3080084597,227881257,3307965854
2014-08-20,LG4,Others(HKUST),15,148,255775,11949533398,3507351670,15456885068
2014-08-20,LG4,Non-HKUST,16,40,46663,294764929,49732688,344497617
2014-08-20,LG4,Total,943,2679,2182694,242966140331,17656477657,260622617988
2014-08-20,All-Floors,Staff,400,2944,2192089,168823348462,4379641986,173202990448
2014-08-20,All-Floors,TPG,150,2167,2048093,45274207283,11018580314,56292787597
2014-08-20,All-Floors,RPG,563,4215,4253075,119737990729,14243345033,133981335762
2014-08-20,All-Floors,UG,1053,4600,3022790,35471075454,5584988600,41056064054
2014-08-20,All-Floors,Alumni,24,326,482552,28060933935,1838256342,29899190277
2014-08-20,All-Floors,Others(HKUST),30,409,423970,12806515788,3702918590,16509434378
2014-08-20,All-Floors,Non-HKUST,37,215,317175,3117526541,654182918,3771709459
2014-08-20,All-Floors,Total,2257,14876,12739744,413291598192,41421913783,454713511975
2014-08-21,1,Staff,64,500,709215,3995761894,501321952,4497083846
2014-08-21,1,TPG,13,106,75607,3159610580,285228489,3444839069
2014-08-21,1,RPG,38,98,155797,3415031809,895345701,4310377510
2014-08-21,1,UG,67,286,340470,6459806882,477486497,6937293379
2014-08-21,1,Alumni,6,100,205036,9879096697,880664967,10759761664
2014-08-21,1,Others(HKUST),3,27,57813,36726828,4580077,41306905
2014-08-21,1,Non-HKUST,4,11,31710,123692329,22262016,145954345
2014-08-21,1,Total,195,1128,1575648,27069727019,3066889699,30136616718
2014-08-21,G,Staff,119,735,428383,2471457381,2154056318,4625513699
2014-08-21,G,TPG,68,333,293571,4079370683,288467571,4367838254
2014-08-21,G,RPG,187,951,877136,6083320075,619049509,6702369584
2014-08-21,G,UG,338,1137,677542,18583826117,1020758583,19604584700
2014-08-21,G,Alumni,13,67,34333,1342467600,101782359,1444249959
2014-08-21,G,Others(HKUST),9,45,21231,1250051,11621873,12871924
2014-08-21,G,Non-HKUST,24,78,70563,4655244,930137,5585381
2014-08-21,G,Total,758,3346,2402759,32566347151,4196666350,36763013501
2014-08-21,LG1,Staff,132,791,444041,517894637,29978830,547873467
2014-08-21,LG1,TPG,61,383,424987,2410324218,155279009,2565603227
2014-08-21,LG1,RPG,199,1262,1490682,2572250113,155681661,2727931774
2014-08-21,LG1,UG,364,2030,1841583,5952919011,911783628,6864702639
2014-08-21,LG1,Alumni,16,83,41632,122923032,14580431,137503463
2014-08-21,LG1,Others(HKUST),12,136,85597,11894437,2471894,14366331
2014-08-21,LG1,Non-HKUST,13,61,52543,2922223,1244817,4167040
2014-08-21,LG1,Total,797,4746,4381065,11591127671,1271020270,12862147941
2014-08-21,LG3,Staff,216,550,329213,6985146852,683332230,7668479082
2014-08-21,LG3,TPG,73,420,500693,17117402981,2124494493,19241897474
2014-08-21,LG3,RPG,244,747,704343,13370403076,7169709326,20540112402
2014-08-21,LG3,UG,662,1118,305218,2871096164,504184773,3375280937
2014-08-21,LG3,Alumni,16,100,142550,4504872233,265462173,4770334406
2014-08-21,LG3,Others(HKUST),14,28,3956,1783597,928496,2712093
2014-08-21,LG3,Non-HKUST,24,83,88914,1829401351,126823457,1956224808
2014-08-21,LG3,Total,1249,3046,2074887,46680106254,10874934948,57555041202
2014-08-21,LG4,Staff,133,445,247070,11060787272,1430734401,12491521673
2014-08-21,LG4,TPG,42,228,258876,14439381430,17873808833,32313190263
2014-08-21,LG4,RPG,193,555,547576,12898166359,1711626863,14609793222
2014-08-21,LG4,UG,571,1119,534378,12064997349,2200027534,14265024883
2014-08-21,LG4,Alumni,15,60,87092,6272555848,137354583,6409910431
2014-08-21,LG4,Others(HKUST),13,145,185116,5391846539,434496694,5826343233
2014-08-21,LG4,Non-HKUST,16,51,37669,2638761388,473358709,3112120097
2014-08-21,LG4,Total,983,2603,1897777,64766496185,24261407617,89027903802
2014-08-21,All-Floors,Staff,408,3021,2157922,25031048036,4799423731,29830471767
2014-08-21,All-Floors,TPG,154,1470,1553734,41206089892,20727278395,61933368287
2014-08-21,All-Floors,RPG,518,3613,3775534,38339171432,10551413060,48890584492
2014-08-21,All-Floors,UG,1259,5690,3699191,45932645523,5114241015,51046886538
2014-08-21,All-Floors,Alumni,29,410,510643,22121915410,1399844513,23521759923
2014-08-21,All-Floors,Others(HKUST),25,381,353713,5443501452,454099034,5897600486
2014-08-21,All-Floors,Non-HKUST,48,284,281399,4599432535,624619136,5224051671
2014-08-21,All-Floors,Total,2441,14869,12332136,182673804280,43670918884,226344723164
2014-08-22,1,Staff,59,445,690826,3259688658,419054530,3678743188
2014-08-22,1,TPG,16,41,48926,2422920497,215995274,2638915771
2014-08-22,1,RPG,37,92,187169,2475835592,401913002,2877748594
2014-08-22,1,UG,44,139,113301,1743184349,165420903,1908605252
2014-08-22,1,Alumni,4,18,29543,2786131160,140619490,2926750650
2014-08-22,1,Others(HKUST),1,28,99624,307036135,14083568,321119703
2014-08-22,1,Non-HKUST,1,11,45831,14271437612,1218230298,15489667910
2014-08-22,1,Total,162,774,1215220,27266234003,2575317065,29841551068
2014-08-22,G,Staff,140,780,490406,2321878921,2320296834,4642175755
2014-08-22,G,TPG,126,597,364415,6788514887,1385683275,8174198162
2014-08-22,G,RPG,211,886,605974,3440583953,397143421,3837727374
2014-08-22,G,UG,312,1027,560231,2152599106,281018121,2433617227
2014-08-22,G,Alumni,10,46,24505,587400663,49572719,636973382
2014-08-22,G,Others(HKUST),11,62,42722,828025943,70812252,898838195
2014-08-22,G,Non-HKUST,14,54,82360,497180226,27306093,524486319
2014-08-22,G,Total,824,3452,2170613,16616183699,4531832715,21148016414
2014-08-22,LG1,Staff,133,593,397865,494007962,53917772,547925734
2014-08-22,LG1,TPG,128,926,938015,3596685044,475376741,4072061785
2014-08-22,LG1,RPG,211,1194,1388792,6380194148,943256257,7323450405
2014-08-22,LG1,UG,356,1909,1923246,4883426071,421162657,5304588728
2014-08-22,LG1,Alumni,11,105,101629,178912,287613,466525
2014-08-22,LG1,Others(HKUST),9,107,116011,340109114,23881843,363990957
2014-08-22,LG1,Non-HKUST,16,51,76992,17025355,2551846,19577201
2014-08-22,LG1,Total,864,4885,4942550,15711626606,1920434729,17632061335
2014-08-22,LG3,Staff,164,344,181182,3962284176,2050828441,6013112617
2014-08-22,LG3,TPG,94,381,433318,10440507616,1697571939,12138079555
2014-08-22,LG3,RPG,236,583,626307,39324756509,3247687484,42572443993
2014-08-22,LG3,UG,586,871,308609,3775938600,722823263,4498761863
2014-08-22,LG3,Alumni,7,49,97030,440623820,53738414,494362234
2014-08-22,LG3,Others(HKUST),11,20,5755,1669802,1574779,3244581
2014-08-22,LG3,Non-HKUST,18,47,51944,2334418020,898023847,3232441867
2014-08-22,LG3,Total,1116,2295,1704145,60280198543,8672248167,68952446710
2014-08-22,LG4,Staff,158,395,284319,6302988041,581448822,6884436863
2014-08-22,LG4,TPG,80,361,443073,36204825109,3473999578,39678824687
2014-08-22,LG4,RPG,173,411,357772,36788964899,3850810509,40639775408
2014-08-22,LG4,UG,401,715,355248,4485840652,676712912,5162553564
2014-08-22,LG4,Alumni,8,39,122589,2733710119,209970673,2943680792
2014-08-22,LG4,Others(HKUST),8,102,207532,10788540135,1322136693,12110676828
2014-08-22,LG4,Non-HKUST,10,77,145084,3412116486,6648216204,10060332690
2014-08-22,LG4,Total,838,2100,1915617,100716985441,16763295391,117480280832
2014-08-22,All-Floors,Staff,395,2557,2044598,16340847758,5425546399,21766394157
2014-08-22,All-Floors,TPG,225,2306,2227747,59453453153,7248626807,66702079960
2014-08-22,All-Floors,RPG,524,3166,3166014,88410335101,8840810673,97251145774
2014-08-22,All-Floors,UG,1117,4661,3260635,17040988778,2267137856,19308126634
2014-08-22,All-Floors,Alumni,23,257,375296,6548044674,454188909,7002233583
2014-08-22,All-Floors,Others(HKUST),26,319,471644,12265381129,1432489135,13697870264
2014-08-22,All-Floors,Non-HKUST,36,240,402211,20532177699,8794328288,29326505987
2014-08-22,All-Floors,Total,2346,13506,11948145,220591228292,34463128067,255054356359
2014-08-23,1,Staff,14,67,120389,2207158818,241931906,2449090724
2014-08-23,1,TPG,23,56,60688,717056059,59666214,776722273
2014-08-23,1,RPG,24,54,63475,5980796349,1142103508,7122899857
2014-08-23,1,UG,21,39,36835,1662120894,88937048,1751057942
2014-08-23,1,Alumni,6,18,38171,458309699,49171119,507480818
2014-08-23,1,Others(HKUST),5,33,52111,292111517,12923005,305034522
2014-08-23,1,Non-HKUST,3,8,4327,83266965,9293878,92560843
2014-08-23,1,Total,96,275,375996,11400820301,1604026678,13004846979
2014-08-23,G,Staff,46,306,240315,2757434218,72022218,2829456436
2014-08-23,G,TPG,149,870,482043,3828213756,1548333999,5376547755
2014-08-23,G,RPG,125,589,515750,1741609765,794283552,2535893317
2014-08-23,G,UG,186,560,350971,4623617463,617116594,5240734057
2014-08-23,G,Alumni,23,72,35726,1152684567,40781818,1193466385
2014-08-23,G,Others(HKUST),8,109,85932,2403880618,181226073,2585106691
2014-08-23,G,Non-HKUST,12,34,31187,949576454,45595823,995172277
2014-08-23,G,Total,549,2540,1741924,17457016841,3299360077,20756376918
2014-08-23,LG1,Staff,38,209,209037,1186991440,285022717,1472014157
2014-08-23,LG1,TPG,156,899,693279,980981154,158066584,1139047738
2014-08-23,LG1,RPG,133,937,972780,2886943947,311017924,3197961871
2014-08-23,LG1,UG,252,1364,1475004,7276390222,845126417,8121516639
2014-08-23,LG1,Alumni,31,121,174608,398988956,8830563,407819519
2014-08-23,LG1,Others(HKUST),12,154,94674,609014964,30515026,639529990
2014-08-23,LG1,Non-HKUST,17,55,65197,90249390,6030222,96279612
2014-08-23,LG1,Total,639,3739,3684579,13429560073,1644609453,15074169526
2014-08-23,LG3,Staff,51,103,49082,2674121459,552849570,3226971029
2014-08-23,LG3,TPG,95,237,195971,5478500581,564680985,6043181566
2014-08-23,LG3,RPG,150,357,322703,13757576023,1132220557,14889796580
2014-08-23,LG3,UG,629,918,368670,7370554858,1695178092,9065732950
2014-08-23,LG3,Alumni,19,30,17660,2585540238,78065813,2663606051
2014-08-23,LG3,Others(HKUST),10,30,39946,12286230923,248466870,12534697793
2014-08-23,LG3,Non-HKUST,10,31,42238,7219074650,145818352,7364893002
2014-08-23,LG3,Total,964,1706,1036270,51371598732,4417280239,55788878971
2014-08-23,LG4,Staff,43,109,100115,1930702374,147037831,2077740205
2014-08-23,LG4,TPG,136,593,474656,12625895788,5641053457,18266949245
2014-08-23,LG4,RPG,130,388,439788,8589738871,1594052996,10183791867
2014-08-23,LG4,UG,387,640,267376,6298354274,815338259,7113692533
2014-08-23,LG4,Alumni,26,171,239625,14407131954,703817791,15110949745
2014-08-23,LG4,Others(HKUST),7,111,290441,63124652995,19348112741,82472765736
2014-08-23,LG4,Non-HKUST,15,65,78484,17809186166,7653023667,25462209833
2014-08-23,LG4,Total,744,2077,1890485,124785662422,35902436742,160688099164
2014-08-23,All-Floors,Staff,115,794,718938,10756408309,1298864242,12055272551
2014-08-23,All-Floors,TPG,236,2655,1906637,23630647338,7971801239,31602448577
2014-08-23,All-Floors,RPG,321,2325,2314496,32956664955,4973678537,37930343492
2014-08-23,All-Floors,UG,1057,3521,2498856,27231037711,4061696410,31292734121
2014-08-23,All-Floors,Alumni,51,412,505790,19002655414,880667104,19883322518
2014-08-23,All-Floors,Others(HKUST),21,437,563104,78715891017,19821243715,98537134732
2014-08-23,All-Floors,Non-HKUST,35,193,221433,26151353625,7859761942,34011115567
2014-08-23,All-Floors,Total,1836,10337,8729254,218444658369,46867713189,265312371558
2014-08-24,1,Staff,4,57,41146,1201340109,556371472,1757711581
2014-08-24,1,TPG,1,1,0,19162,10589,29751
2014-08-24,1,RPG,6,13,45137,170123777,19832329,189956106
2014-08-24,1,UG,12,12,1562,184618,112897,297515
2014-08-24,1,Alumni,1,1,239,6691,2047,8738
2014-08-24,1,Others(HKUST),2,26,36342,2541916,1601051,4142967
2014-08-24,1,Non-HKUST,1,1,0,0,0,0
2014-08-24,1,Total,27,111,124426,1374216273,577930385,1952146658
2014-08-24,G,Staff,5,10,1805,98636,96673,195309
2014-08-24,G,TPG,8,9,1316,103278,63272,166550
2014-08-24,G,RPG,26,32,10678,10384221,3000512,13384733
2014-08-24,G,UG,32,34,3352,963982,596282,1560264
2014-08-24,G,Alumni,2,2,240,51825,24264,76089
2014-08-24,G,Others(HKUST),0,0,0,0,0,0
2014-08-24,G,Non-HKUST,0,0,0,0,0,0
2014-08-24,G,Total,73,87,17391,11601942,3781003,15382945
2014-08-24,LG1,Staff,28,254,338130,153715576,17209499,170925075
2014-08-24,LG1,TPG,106,1472,1954057,308039557,22106507,330146064
2014-08-24,LG1,RPG,113,1027,1516450,5409038738,121953255,5530991993
2014-08-24,LG1,UG,203,981,1194340,689781230,48575516,738356746
2014-08-24,LG1,Alumni,12,149,264427,92367488,1570534,93938022
2014-08-24,LG1,Others(HKUST),5,158,186781,18975974,12813428,31789402
2014-08-24,LG1,Non-HKUST,3,12,26166,0,0,0
2014-08-24,LG1,Total,470,4053,5480351,6671918563,224228739,6896147302
2014-08-24,LG3,Staff,39,47,20042,34916344,5703132,40619476
2014-08-24,LG3,TPG,72,112,42837,824276937,82257128,906534065
2014-08-24,LG3,RPG,112,140,26757,249718874,30806435,280525309
2014-08-24,LG3,UG,479,652,78811,2484014760,270254000,2754268760
2014-08-24,LG3,Alumni,8,19,3238,21337369,2952479,24289848
2014-08-24,LG3,Others(HKUST),4,15,2040,29677924,2773856,32451780
2014-08-24,LG3,Non-HKUST,4,4,361,40554,25670,66224
2014-08-24,LG3,Total,718,989,174086,3643982762,394772700,4038755462
2014-08-24,LG4,Staff,22,26,4556,8214534,606552,8821086
2014-08-24,LG4,TPG,34,82,95373,1578639243,157092073,1735731316
2014-08-24,LG4,RPG,72,91,26623,131216498,9918381,141134879
2014-08-24,LG4,UG,306,413,71151,726409083,29115447,755524530
2014-08-24,LG4,Alumni,3,4,239,425213,300242,725455
2014-08-24,LG4,Others(HKUST),5,88,177228,87232035843,20440060057,107672095900
2014-08-24,LG4,Non-HKUST,4,5,716,113309,64577,177886
2014-08-24,LG4,Total,446,709,375886,89677053723,20637157329,110314211052
2014-08-24,All-Floors,Staff,77,394,405679,1398285199,579987328,1978272527
2014-08-24,All-Floors,TPG,152,1676,2093583,2711078177,261529569,2972607746
2014-08-24,All-Floors,RPG,248,1303,1625645,5970482108,185510912,6155993020
2014-08-24,All-Floors,UG,784,2092,1349216,3901353673,348654142,4250007815
2014-08-24,All-Floors,Alumni,17,175,268383,114188586,4849566,119038152
2014-08-24,All-Floors,Others(HKUST),10,287,402391,87283231657,20457248392,107740480049
2014-08-24,All-Floors,Non-HKUST,11,22,27243,153863,90247,244110
2014-08-24,All-Floors,Total,1299,5949,6172140,101378773263,21837870156,123216643419
2014-08-25,1,Staff,74,563,730049,4751893021,596475509,5348368530
2014-08-25,1,TPG,35,122,161182,9961550591,1073396862,11034947453
2014-08-25,1,RPG,41,82,127283,1832998137,179525610,2012523747
2014-08-25,1,UG,67,210,409705,8132253235,1716569446,9848822681
2014-08-25,1,Alumni,2,25,57588,516279311,54626966,570906277
2014-08-25,1,Others(HKUST),7,83,139680,5204442521,230005033,5434447554
2014-08-25,1,Non-HKUST,5,22,27947,260342530,42044104,302386634
2014-08-25,1,Total,231,1107,1653434,30659759346,3892643530,34552402876
2014-08-25,G,Staff,146,780,595185,2413415597,542903470,2956319067
2014-08-25,G,TPG,168,992,837184,12429101411,2848802704,15277904115
2014-08-25,G,RPG,224,871,775649,9247139720,801472641,10048612361
2014-08-25,G,UG,352,1222,680418,3320384538,863970023,4184354561
2014-08-25,G,Alumni,11,44,55184,481578513,175166576,656745089
2014-08-25,G,Others(HKUST),15,228,156685,5583766046,229872137,5813638183
2014-08-25,G,Non-HKUST,16,53,78617,301445291,50590157,352035448
2014-08-25,G,Total,932,4190,3178922,33776831116,5512777708,39289608824
2014-08-25,LG1,Staff,118,696,584709,715502879,103202904,818705783
2014-08-25,LG1,TPG,175,1483,1568371,11122160099,1664034435,12786194534
2014-08-25,LG1,RPG,189,1688,2330481,13549662069,2075929620,15625591689
2014-08-25,LG1,UG,524,4211,3875414,7639730528,1957982793,9597713321
2014-08-25,LG1,Alumni,14,132,171555,176226682,119814001,296040683
2014-08-25,LG1,Others(HKUST),13,198,207758,5294797525,147163996,5441961521
2014-08-25,LG1,Non-HKUST,16,118,113491,13109933,2101930,15211863
2014-08-25,LG1,Total,1049,8526,8851779,38511189715,6070229679,44581419394
2014-08-25,LG3,Staff,196,420,349423,5084143632,3633147785,8717291417
2014-08-25,LG3,TPG,120,551,530640,12717787445,3301502456,16019289901
2014-08-25,LG3,RPG,289,867,817704,23294315815,4327954840,27622270655
2014-08-25,LG3,UG,553,1212,466085,12631367639,1117682319,13749049958
2014-08-25,LG3,Alumni,9,52,68887,3602817995,644230183,4247048178
2014-08-25,LG3,Others(HKUST),15,46,8406,10516767,3650115,14166882
2014-08-25,LG3,Non-HKUST,13,38,50284,873332154,81661391,954993545
2014-08-25,LG3,Total,1195,3186,2291429,58214281447,13109829089,71324110536
2014-08-25,LG4,Staff,161,532,410659,4613417013,680174412,5293591425
2014-08-25,LG4,TPG,91,454,413624,15415706717,2701541326,18117248043
2014-08-25,LG4,RPG,183,488,477856,7844465992,1361397194,9205863186
2014-08-25,LG4,UG,431,851,471807,14035993873,1226696294,15262690167
2014-08-25,LG4,Alumni,12,76,122879,1687940453,172319146,1860259599
2014-08-25,LG4,Others(HKUST),13,134,151654,4902494607,337695530,5240190137
2014-08-25,LG4,Non-HKUST,9,60,84239,76874092,77856328,154730420
2014-08-25,LG4,Total,900,2595,2132718,48576892747,6557680230,55134572977
2014-08-25,All-Floors,Staff,399,2991,2670025,17578372142,5555904080,23134276222
2014-08-25,All-Floors,TPG,285,3602,3511001,61646306263,11589277783,73235584046
2014-08-25,All-Floors,RPG,552,3996,4528973,55768581733,8746279905,64514861638
2014-08-25,All-Floors,UG,1095,7706,5903429,45759729813,6882900875,52642630688
2014-08-25,All-Floors,Alumni,22,329,476093,6464842954,1166156872,7630999826
2014-08-25,All-Floors,Others(HKUST),26,689,664183,20996017466,948386811,21944404277
2014-08-25,All-Floors,Non-HKUST,37,291,354578,1525104000,254253910,1779357910
2014-08-25,All-Floors,Total,2416,19604,18108282,209738954371,35143160236,244882114607
2014-08-26,1,Staff,68,610,912704,6887120939,1231117018,8118237957
2014-08-26,1,TPG,45,114,115653,3566568973,297647704,3864216677
2014-08-26,1,RPG,41,101,196408,1904588259,293772808,2198361067
2014-08-26,1,UG,82,304,387356,7906240633,1396989541,9303230174
2014-08-26,1,Alumni,2,30,49886,1181025144,508959249,1689984393
2014-08-26,1,Others(HKUST),4,64,120934,1036427257,61741255,1098168512
2014-08-26,1,Non-HKUST,7,13,10071,185243051,30291649,215534700
2014-08-26,1,Total,249,1236,1793012,22667214256,3820519224,26487733480
2014-08-26,G,Staff,128,778,559586,1433700409,266148808,1699849217
2014-08-26,G,TPG,205,1439,889611,5248567996,456424829,5704992825
2014-08-26,G,RPG,187,777,544980,16496381594,12173820239,28670201833
2014-08-26,G,UG,394,1857,946449,4153938333,379346851,4533285184
2014-08-26,G,Alumni,16,51,66322,1342373088,386395635,1728768723
2014-08-26,G,Others(HKUST),13,196,82701,47075542,11754402,58829944
2014-08-26,G,Non-HKUST,22,76,129467,1437865376,80298696,1518164072
2014-08-26,G,Total,965,5174,3219116,30159902338,13754189460,43914091798
2014-08-26,LG1,Staff,136,694,599694,1004215232,409154496,1413369728
2014-08-26,LG1,TPG,213,1920,2005332,2254534378,626365213,2880899591
2014-08-26,LG1,RPG,236,2094,2665711,11328495999,2320348611,13648844610
2014-08-26,LG1,UG,549,3534,3514624,10372251195,1166761226,11539012421
2014-08-26,LG1,Alumni,14,138,162710,144034585,5202860,149237445
2014-08-26,LG1,Others(HKUST),13,178,154966,1017556,397447,1415003
2014-08-26,LG1,Non-HKUST,17,81,109992,47046978,4701153,51748131
2014-08-26,LG1,Total,1178,8639,9213029,25151595923,4532931006,29684526929
2014-08-26,LG3,Staff,191,476,382369,6747260291,7727056410,14474316701
2014-08-26,LG3,TPG,155,591,421478,24950022916,1265263051,26215285967
2014-08-26,LG3,RPG,261,826,908885,43584278089,6212789662,49797067751
2014-08-26,LG3,UG,619,1069,369810,8190056309,763898587,8953954896
2014-08-26,LG3,Alumni,12,68,150812,1133997938,96469031,1230466969
2014-08-26,LG3,Others(HKUST),18,59,46292,1302516145,455231260,1757747405
2014-08-26,LG3,Non-HKUST,21,39,34438,343189563,189180315,532369878
2014-08-26,LG3,Total,1277,3128,2314084,86251321251,16709888316,102961209567
2014-08-26,LG4,Staff,130,390,257593,5664433347,1218702219,6883135566
2014-08-26,LG4,TPG,116,468,343896,8584761929,3477321735,12062083664
2014-08-26,LG4,RPG,207,725,878821,47288745173,3160309064,50449054237
2014-08-26,LG4,UG,505,991,460760,17738028358,1403168172,19141196530
2014-08-26,LG4,Alumni,7,51,110287,1530276436,90753658,1621030094
2014-08-26,LG4,Others(HKUST),17,142,158749,8212856764,418158730,8631015494
2014-08-26,LG4,Non-HKUST,9,69,77449,840660695,413362385,1254023080
2014-08-26,LG4,Total,991,2836,2287555,89859762702,10181775963,100041538665
2014-08-26,All-Floors,Staff,385,2948,2711946,21736730218,10852178951,32588909169
2014-08-26,All-Floors,TPG,336,4532,3775970,44604456192,6123022532,50727478724
2014-08-26,All-Floors,RPG,520,4523,5194805,120602489114,24161040384,144763529498
2014-08-26,All-Floors,UG,1247,7755,5678999,48360514828,5110164377,53470679205
2014-08-26,All-Floors,Alumni,27,338,540017,5331707191,1087780433,6419487624
2014-08-26,All-Floors,Others(HKUST),33,639,563642,10599893264,947283094,11547176358
2014-08-26,All-Floors,Non-HKUST,36,278,361417,2854005663,717834198,3571839861
2014-08-26,All-Floors,Total,2584,21013,18826796,254089796470,48999303969,303089100439
2014-08-27,1,Staff,61,634,837476,7176968162,952613116,8129581278
2014-08-27,1,TPG,37,142,207482,4759645963,1832496540,6592142503
2014-08-27,1,RPG,36,114,253548,3842312391,458360007,4300672398
2014-08-27,1,UG,59,244,318837,5853021904,1273355009,7126376913
2014-08-27,1,Alumni,4,25,30356,210114581,68935021,279049602
2014-08-27,1,Others(HKUST),10,81,113897,1635772693,147524006,1783296699
2014-08-27,1,Non-HKUST,3,8,8394,2528900181,69362112,2598262293
2014-08-27,1,Total,210,1248,1769990,26006735875,4802645811,30809381686
2014-08-27,G,Staff,136,724,524854,1624968389,412302297,2037270686
2014-08-27,G,TPG,231,1208,815247,36434233892,4675191658,41109425550
2014-08-27,G,RPG,194,849,798421,4850594693,1247597869,6098192562
2014-08-27,G,UG,390,1485,878433,4659030757,729153067,5388183824
2014-08-27,G,Alumni,11,34,32024,2372709849,1501713027,3874422876
2014-08-27,G,Others(HKUST),17,208,70349,88011104,67080519,155091623
2014-08-27,G,Non-HKUST,27,124,97061,1742117738,118635288,1860753026
2014-08-27,G,Total,1006,4632,3216389,51771666422,8751673725,60523340147
2014-08-27,LG1,Staff,219,765,611889,870363351,351173385,1221536736
2014-08-27,LG1,TPG,283,2310,2603180,7327560075,484031190,7811591265
2014-08-27,LG1,RPG,271,2063,2254679,2627844284,532801937,3160646221
2014-08-27,LG1,UG,675,3323,3051609,3901653478,1147292957,5048946435
2014-08-27,LG1,Alumni,17,128,184484,200717748,6454480,207172228
2014-08-27,LG1,Others(HKUST),27,298,219942,58044778,8280399,66325177
2014-08-27,LG1,Non-HKUST,36,150,183046,965060487,65036679,1030097166
2014-08-27,LG1,Total,1528,9037,9108829,15951244201,2595071027,18546315228
2014-08-27,LG3,Staff,182,384,288751,10640638933,7209575769,17850214702
2014-08-27,LG3,TPG,158,637,539714,14638891155,1333239031,15972130186
2014-08-27,LG3,RPG,242,695,610217,19371792699,2281609226,21653401925
2014-08-27,LG3,UG,478,846,465128,13032834570,1265545963,14298380533
2014-08-27,LG3,Alumni,12,57,142651,1886893873,944606542,2831500415
2014-08-27,LG3,Others(HKUST),18,67,30506,45327600,10328384,55655984
2014-08-27,LG3,Non-HKUST,27,43,29725,33934026,13115914,47049940
2014-08-27,LG3,Total,1117,2729,2106692,59650312856,13058020829,72708333685
2014-08-27,LG4,Staff,127,355,371054,6737328612,827229368,7564557980
2014-08-27,LG4,TPG,117,651,486930,43366778215,2879273379,46246051594
2014-08-27,LG4,RPG,179,594,772234,13963857073,1899308869,15863165942
2014-08-27,LG4,UG,422,748,308272,6594683836,1521610574,8116294410
2014-08-27,LG4,Alumni,14,84,141695,6524130139,319631876,6843762015
2014-08-27,LG4,Others(HKUST),12,82,112292,2357121364,425814726,2782936090
2014-08-27,LG4,Non-HKUST,12,51,47267,252506103,93334904,345841007
2014-08-27,LG4,Total,883,2565,2239744,79796405342,7966203696,87762609038
2014-08-27,All-Floors,Staff,475,2862,2634024,27050267447,9752893935,36803161382
2014-08-27,All-Floors,TPG,397,4948,4652553,106527109300,11204231798,117731341098
2014-08-27,All-Floors,RPG,552,4315,4689099,44656401140,6419677908,51076079048
2014-08-27,All-Floors,UG,1237,6646,5022279,34041224545,5936957570,39978182115
2014-08-27,All-Floors,Alumni,31,328,531210,11194566190,2841340946,14035907136
2014-08-27,All-Floors,Others(HKUST),40,736,546986,4184277539,659028034,4843305573
2014-08-27,All-Floors,Non-HKUST,64,376,365493,5522518535,359484897,5882003432
2014-08-27,All-Floors,Total,2796,20211,18441644,233176364696,37173615088,270349979784
2014-08-28,1,Staff,76,748,813761,14836609033,1120701929,15957310962
2014-08-28,1,TPG,34,87,140070,3142900152,433806178,3576706330
2014-08-28,1,RPG,42,195,216669,3261858610,485742010,3747600620
2014-08-28,1,UG,107,359,346644,5072009708,426279701,5498289409
2014-08-28,1,Alumni,3,95,167827,4363138563,1512619673,5875758236
2014-08-28,1,Others(HKUST),6,74,111233,5282611178,204852636,5487463814
2014-08-28,1,Non-HKUST,4,18,20251,173313213,41390286,214703499
2014-08-28,1,Total,272,1576,1816455,36132440457,4225392413,40357832870
2014-08-28,G,Staff,154,994,672529,7732458383,1435016999,9167475382
2014-08-28,G,TPG,182,1093,810168,10313169972,796733270,11109903242
2014-08-28,G,RPG,216,944,715254,4396864694,297310404,4694175098
2014-08-28,G,UG,699,2823,1656940,40456244687,3331513595,43787758282
2014-08-28,G,Alumni,8,41,15943,161001334,76116851,237118185
2014-08-28,G,Others(HKUST),21,180,142370,7676532398,593309610,8269842008
2014-08-28,G,Non-HKUST,34,106,103903,250276993,42579140,292856133
2014-08-28,G,Total,1314,6181,4117107,70986548461,6572579869,77559128330
2014-08-28,LG1,Staff,260,940,580676,699397067,79260113,778657180
2014-08-28,LG1,TPG,287,2420,2763717,3765276925,686835214,4452112139
2014-08-28,LG1,RPG,308,1857,2442252,5440721343,788423779,6229145122
2014-08-28,LG1,UG,1126,4694,3700985,8968389553,1030257936,9998647489
2014-08-28,LG1,Alumni,15,129,160292,232095110,18906137,251001247
2014-08-28,LG1,Others(HKUST),30,218,206806,15677567,4629312,20306879
2014-08-28,LG1,Non-HKUST,34,167,133168,451303443,41021428,492324871
2014-08-28,LG1,Total,2060,10425,9987896,19572861008,2649333919,22222194927
2014-08-28,LG3,Staff,200,484,291599,6994891025,3971743085,10966634110
2014-08-28,LG3,TPG,144,582,620237,24937633861,1965322949,26902956810
2014-08-28,LG3,RPG,246,773,736989,27311495901,4037810602,31349306503
2014-08-28,LG3,UG,860,1522,571379,10758910369,886061980,11644972349
2014-08-28,LG3,Alumni,7,29,64080,2389023549,68817343,2457840892
2014-08-28,LG3,Others(HKUST),13,57,13459,89065839,17301801,106367640
2014-08-28,LG3,Non-HKUST,21,47,60961,1510932966,364081466,1875014432
2014-08-28,LG3,Total,1491,3494,2358704,73991953510,11311139226,85303092736
2014-08-28,LG4,Staff,144,350,341001,7939309079,1164797675,9104106754
2014-08-28,LG4,TPG,93,437,427358,22374489406,3051490720,25425980126
2014-08-28,LG4,RPG,172,634,728608,32595913116,6300296707,38896209823
2014-08-28,LG4,UG,677,1262,604009,9463013328,1217979595,10680992923
2014-08-28,LG4,Alumni,8,43,80522,1494932404,195613214,1690545618
2014-08-28,LG4,Others(HKUST),18,143,179041,8638955601,5900030030,14538985631
2014-08-28,LG4,Non-HKUST,25,88,157341,3169469934,2193411105,5362881039
2014-08-28,LG4,Total,1137,2957,2517880,85676082868,20023619046,105699701914
2014-08-28,All-Floors,Staff,522,3516,2699566,38202664587,7771519801,45974184388
2014-08-28,All-Floors,TPG,381,4619,4761550,64533470316,6934188331,71467658647
2014-08-28,All-Floors,RPG,591,4403,4839772,73006853664,11909583502,84916437166
2014-08-28,All-Floors,UG,2033,10660,6879957,74718567645,6892092807,81610660452
2014-08-28,All-Floors,Alumni,23,337,488664,8640190960,1872073218,10512264178
2014-08-28,All-Floors,Others(HKUST),42,672,652909,21702842583,6720123389,28422965972
2014-08-28,All-Floors,Non-HKUST,71,426,475624,5555296549,2682483425,8237779974
2014-08-28,All-Floors,Total,3663,24633,20798042,286359886304,44782064473,331141950777
2014-08-29,1,Staff,58,548,760754,8536830873,1852895706,10389726579
2014-08-29,1,TPG,50,245,276755,13313788743,1182047160,14495835903
2014-08-29,1,RPG,40,222,450429,9241059133,1830229669,11071288802
2014-08-29,1,UG,95,338,377323,13653497815,806149646,14459647461
2014-08-29,1,Alumni,2,6,13079,54667220,11068339,65735559
2014-08-29,1,Others(HKUST),6,63,142905,80795504,9599670,90395174
2014-08-29,1,Non-HKUST,5,7,14267,32646755,2711559,35358314
2014-08-29,1,Total,256,1429,2035512,44913286043,5694701749,50607987792
2014-08-29,G,Staff,132,768,582831,2987028375,304500633,3291529008
2014-08-29,G,TPG,253,1475,1345118,6427970765,3340314293,9768285058
2014-08-29,G,RPG,200,668,526094,4483386867,14089715852,18573102719
2014-08-29,G,UG,615,2341,1264599,7875459931,679611170,8555071101
2014-08-29,G,Alumni,8,31,58480,580312462,195749709,776062171
2014-08-29,G,Others(HKUST),14,134,123273,116051903,28791733,144843636
2014-08-29,G,Non-HKUST,33,70,43695,83793723,14890771,98684494
2014-08-29,G,Total,1255,5487,3944090,22554004026,18653574161,41207578187
2014-08-29,LG1,Staff,272,775,418979,848241700,404474582,1252716282
2014-08-29,LG1,TPG,388,3284,3681037,8079249120,803403762,8882652882
2014-08-29,LG1,RPG,326,1841,2188223,2812297892,4859787393,7672085285
2014-08-29,LG1,UG,951,4168,3531350,23226262592,3971484101,27197746693
2014-08-29,LG1,Alumni,13,82,183119,30677889,9600249,40278138
2014-08-29,LG1,Others(HKUST),29,211,558775,28751349,6088521,34839870
2014-08-29,LG1,Non-HKUST,32,103,112845,23594741,6553976,30148717
2014-08-29,LG1,Total,2011,10464,10674328,35049075283,10061392584,45110467867
2014-08-29,LG3,Staff,160,265,196702,3010067671,154909895,3164977566
2014-08-29,LG3,TPG,233,970,779478,17240002667,2722293156,19962295823
2014-08-29,LG3,RPG,219,588,646179,16998129974,4602787024,21600916998
2014-08-29,LG3,UG,702,1428,799453,13418271794,1207477684,14625749478
2014-08-29,LG3,Alumni,11,25,47722,563233384,65220836,628454220
2014-08-29,LG3,Others(HKUST),17,33,8418,423514544,43897008,467411552
2014-08-29,LG3,Non-HKUST,22,36,31183,1298990478,64994845,1363985323
2014-08-29,LG3,Total,1364,3345,2509135,52952210512,8861580448,61813790960
2014-08-29,LG4,Staff,100,377,351450,2858543397,2912193759,5770737156
2014-08-29,LG4,TPG,141,643,634093,22387205562,2222637614,24609843176
2014-08-29,LG4,RPG,162,584,717140,52146430563,2928924784,55075355347
2014-08-29,LG4,UG,564,1032,596468,8508906196,1611305913,10120212109
2014-08-29,LG4,Alumni,8,72,143717,2078735236,183668443,2262403679
2014-08-29,LG4,Others(HKUST),10,111,157387,11204225270,2528772866,13732998136
2014-08-29,LG4,Non-HKUST,16,106,113091,1707836325,112507379,1820343704
2014-08-29,LG4,Total,1001,2925,2713346,100891882549,12500010758,113391893307
2014-08-29,All-Floors,Staff,484,2733,2310716,18240712016,5628974575,23869686591
2014-08-29,All-Floors,TPG,502,6617,6716481,67448216857,10270695985,77718912842
2014-08-29,All-Floors,RPG,570,3903,4528065,85681304429,28311444722,113992749151
2014-08-29,All-Floors,UG,1704,9307,6569193,66682398328,8276028514,74958426842
2014-08-29,All-Floors,Alumni,22,216,446117,3307626191,465307576,3772933767
2014-08-29,All-Floors,Others(HKUST),40,552,990758,11853338570,2617149798,14470488368
2014-08-29,All-Floors,Non-HKUST,67,322,315081,3146862022,201658530,3348520552
2014-08-29,All-Floors,Total,3389,23650,21876411,256360458413,55771259700,312131718113
2014-08-30,1,Staff,15,173,103746,4483073657,1088534396,5571608053
2014-08-30,1,TPG,77,200,246611,5631934829,1260172495,6892107324
2014-08-30,1,RPG,43,165,257236,7085842896,2132183917,9218026813
2014-08-30,1,UG,35,127,150453,2633917696,497632786,3131550482
2014-08-30,1,Alumni,3,67,100689,2572881280,387836387,2960717667
2014-08-30,1,Others(HKUST),4,107,319068,305088545,47962670,353051215
2014-08-30,1,Non-HKUST,2,2,4558,66512008,8920495,75432503
2014-08-30,1,Total,179,841,1182361,22779250911,5423243146,28202494057
2014-08-30,G,Staff,39,284,228167,2954676079,2104465769,5059141848
2014-08-30,G,TPG,312,1460,900358,4366949179,491866950,4858816129
2014-08-30,G,RPG,177,586,478040,5513405143,17048676765,22562081908
2014-08-30,G,UG,297,923,667272,24488591061,1728740108,26217331169
2014-08-30,G,Alumni,23,59,29259,3928577882,246953355,4175531237
2014-08-30,G,Others(HKUST),11,102,123616,269831129,42571160,312402289
2014-08-30,G,Non-HKUST,21,66,43660,201875145,11747695,213622840
2014-08-30,G,Total,880,3480,2470372,41723905618,21675021802,63398927420
2014-08-30,LG1,Staff,72,346,351698,229036021,49920774,278956795
2014-08-30,LG1,TPG,463,3716,3677918,6183741545,813974018,6997715563
2014-08-30,LG1,RPG,276,1824,2009856,4617062171,1001643716,5618705887
2014-08-30,LG1,UG,674,3789,4273047,23544947123,1993005435,25537952558
2014-08-30,LG1,Alumni,28,179,275826,415086866,33862593,448949459
2014-08-30,LG1,Others(HKUST),20,255,441725,382934063,85780550,468714613
2014-08-30,LG1,Non-HKUST,27,118,231371,2533461919,112242903,2645704822
2014-08-30,LG1,Total,1560,10227,11261441,37906269708,4090429989,41996699697
2014-08-30,LG3,Staff,49,89,64808,1005851608,67287101,1073138709
2014-08-30,LG3,TPG,260,886,810897,32868272669,2314906634,35183179303
2014-08-30,LG3,RPG,188,634,609363,14695154934,2770228538,17465383472
2014-08-30,LG3,UG,489,1013,688291,9525683773,4503586946,14029270719
2014-08-30,LG3,Alumni,18,35,35876,489460997,62418723,551879720
2014-08-30,LG3,Others(HKUST),8,32,21487,161790922,18364291,180155213
2014-08-30,LG3,Non-HKUST,20,73,96091,2749576396,594333745,3343910141
2014-08-30,LG3,Total,1032,2762,2326813,61495791299,10331125978,71826917277
2014-08-30,LG4,Staff,33,117,137665,16839017064,598160143,17437177207
2014-08-30,LG4,TPG,258,1183,885882,32899848827,2273424154,35173272981
2014-08-30,LG4,RPG,140,533,550639,4615856975,1687899572,6303756547
2014-08-30,LG4,UG,399,849,529655,17412237959,2814514790,20226752749
2014-08-30,LG4,Alumni,25,186,252825,6778816823,345443407,7124260230
2014-08-30,LG4,Others(HKUST),6,161,362087,25981797161,7884229964,33866027125
2014-08-30,LG4,Non-HKUST,22,75,80384,3094132109,147247965,3241380074
2014-08-30,LG4,Total,883,3104,2799137,107621706918,15750919995,123372626913
2014-08-30,All-Floors,Staff,134,1009,886084,25511654429,3908368183,29420022612
2014-08-30,All-Floors,TPG,570,7445,6521666,81950747049,7154344251,89105091300
2014-08-30,All-Floors,RPG,441,3742,3905134,36527322119,24640632508,61167954627
2014-08-30,All-Floors,UG,1208,6701,6308718,77605377612,11537480065,89142857677
2014-08-30,All-Floors,Alumni,49,526,694475,14184823848,1076514465,15261338313
2014-08-30,All-Floors,Others(HKUST),24,657,1267983,27101441820,8078908635,35180350455
2014-08-30,All-Floors,Non-HKUST,53,334,456064,8645557577,874492803,9520050380
2014-08-30,All-Floors,Total,2479,20414,20040124,271526924454,57270740910,328797665364
2014-08-31,1,Staff,11,143,103392,21777866720,793953068,22571819788
2014-08-31,1,TPG,42,223,325273,21211302236,2591309955,23802612191
2014-08-31,1,RPG,24,60,114120,3078895404,700364114,3779259518
2014-08-31,1,UG,62,134,193584,7645666179,488332201,8133998380
2014-08-31,1,Alumni,3,10,3247,289250413,5295522,294545935
2014-08-31,1,Others(HKUST),3,110,502770,417496197,62363982,479860179
2014-08-31,1,Non-HKUST,4,32,51230,3484660131,304121649,3788781780
2014-08-31,1,Total,149,712,1293616,57905137280,4945740491,62850877771
2014-08-31,G,Staff,41,209,173676,3222692776,412863848,3635556624
2014-08-31,G,TPG,210,1197,997794,30680030952,3501041709,34181072661
2014-08-31,G,RPG,139,511,467408,2249548683,369743164,2619291847
2014-08-31,G,UG,460,1595,867076,7513313018,1970376977,9483689995
2014-08-31,G,Alumni,28,82,46439,589133845,104546702,693680547
2014-08-31,G,Others(HKUST),8,210,169617,794948538,117801694,912750232
2014-08-31,G,Non-HKUST,15,75,62812,867288719,76107882,943396601
2014-08-31,G,Total,901,3879,2784822,45916956531,6552481976,52469438507
2014-08-31,LG1,Staff,71,355,373861,581381883,44269929,625651812
2014-08-31,LG1,TPG,293,2883,3497766,6011303166,3012454342,9023757508
2014-08-31,LG1,RPG,223,1349,1658252,12393486862,1016232605,13409719467
2014-08-31,LG1,UG,777,3899,3841179,8032918685,2205166496,10238085181
2014-08-31,LG1,Alumni,32,211,269620,363964151,17220268,381184419
2014-08-31,LG1,Others(HKUST),8,159,131602,15505054,2552058,18057112
2014-08-31,LG1,Non-HKUST,27,88,174802,1166487057,35133464,1201620521
2014-08-31,LG1,Total,1431,8944,9947082,28565046858,6333029162,34898076020
2014-08-31,LG3,Staff,40,74,14137,44726710,6094477,50821187
2014-08-31,LG3,TPG,177,1209,1385204,43608994534,6110970172,49719964706
2014-08-31,LG3,RPG,165,574,498763,65840146629,17474093416,83314240045
2014-08-31,LG3,UG,537,1307,788439,19988269203,4050884946,24039154149
2014-08-31,LG3,Alumni,20,45,77728,21187633468,787823241,21975456709
2014-08-31,LG3,Others(HKUST),6,46,44404,259698690,53927566,313626256
2014-08-31,LG3,Non-HKUST,17,56,55994,5061421796,152872175,5214293971
2014-08-31,LG3,Total,962,3311,2864669,155990891030,28636665993,184627557023
2014-08-31,LG4,Staff,38,109,113117,1826927943,385333916,2212261859
2014-08-31,LG4,TPG,109,601,641134,35266614174,12086203141,47352817315
2014-08-31,LG4,RPG,140,572,702647,21582122134,3290012185,24872134319
2014-08-31,LG4,UG,478,1101,713112,20408219192,3419148453,23827367645
2014-08-31,LG4,Alumni,22,185,335360,12917604997,637359365,13554964362
2014-08-31,LG4,Others(HKUST),10,154,326175,133211733591,49294470462,182506204053
2014-08-31,LG4,Non-HKUST,17,87,189443,29901860390,6610490236,36512350626
2014-08-31,LG4,Total,814,2809,3020988,255115082421,75723017758,330838100179
2014-08-31,All-Floors,Staff,133,890,778183,27453596032,1642515238,29096111270
2014-08-31,All-Floors,TPG,395,6113,6847171,136778245062,27301979319,164080224381
2014-08-31,All-Floors,RPG,414,3066,3441190,105144199712,22850445484,127994645196
2014-08-31,All-Floors,UG,1411,8036,6403390,63588386277,12133909073,75722295350
2014-08-31,All-Floors,Alumni,57,533,732394,35347586874,1552245098,36899831972
2014-08-31,All-Floors,Others(HKUST),18,679,1174568,134699382070,49531115762,184230497832
2014-08-31,All-Floors,Non-HKUST,48,338,534281,40481718093,7178725406,47660443499
2014-08-31,All-Floors,Total,2476,19655,19911177,543493114120,122190935380,665684049500