Date,Floor,User-Group,User-Count,WiFi-Conn,Duration-Sec,Traffic-In-Byte,Traffic-Out-Byte,Traffic-Both-Byte
2014-07-01,1,Staff,2,66,51478,4952767,1463913,6416680
2014-07-01,1,TPG,0,0,0,0,0,0
2014-07-01,1,RPG,3,3,10680,4753220,1033784,5787004
2014-07-01,1,UG,3,3,0,0,0,0
2014-07-01,1,Alumni,0,0,0,0,0,0
2014-07-01,1,Others(HKUST),0,0,0,0,0,0
2014-07-01,1,Non-HKUST,0,0,0,0,0,0
2014-07-01,1,Total,8,72,62158,9705987,2497697,12203684
2014-07-01,G,Staff,1,1,86399,675574,2511739,3187313
2014-07-01,G,TPG,2,2,0,0,0,0
2014-07-01,G,RPG,2,2,240,8583413,415322,8998735
2014-07-01,G,UG,5,5,0,50648,7378,58026
2014-07-01,G,Alumni,0,0,0,0,0,0
2014-07-01,G,Others(HKUST),1,1,0,0,0,0
2014-07-01,G,Non-HKUST,0,0,0,0,0,0
2014-07-01,G,Total,11,11,86639,9309635,2934439,12244074
2014-07-01,LG1,Staff,4,4,959,48890,44760,93650
2014-07-01,LG1,TPG,5,5,241,23927,28097,52024
2014-07-01,LG1,RPG,5,5,482,89123,63837,152960
2014-07-01,LG1,UG,16,16,240,49208,28421,77629
2014-07-01,LG1,Alumni,0,0,0,0,0,0
2014-07-01,LG1,Others(HKUST),0,0,0,0,0,0
2014-07-01,LG1,Non-HKUST,0,0,0,0,0,0
2014-07-01,LG1,Total,30,30,1922,211148,165115,376263
2014-07-01,LG3,Staff,25,32,8637,28451259,66054229,94505488
2014-07-01,LG3,TPG,19,22,13199,262182284,14154573,276336857
2014-07-01,LG3,RPG,55,58,9236,8779240,2827185,11606425
2014-07-01,LG3,UG,102,117,3363,2854420,6525078,9379498
2014-07-01,LG3,Alumni,4,7,20157,106758259,86762689,193520948
2014-07-01,LG3,Others(HKUST),5,11,0,118655,68448,187103
2014-07-01,LG3,Non-HKUST,12,15,480,784977,124263,909240
2014-07-01,LG3,Total,222,262,55072,409929094,176516465,586445559
2014-07-01,LG4,Staff,14,16,481,203320,96480,299800
2014-07-01,LG4,TPG,15,32,19202,278834025,16535788,295369813
2014-07-01,LG4,RPG,37,74,20758,50462722,7774041,58236763
2014-07-01,LG4,UG,71,111,19924,204356075,17001409,221357484
2014-07-01,LG4,Alumni,3,4,4680,46694952,8156700,54851652
2014-07-01,LG4,Others(HKUST),4,78,202431,5333651165,344632866,5678284031
2014-07-01,LG4,Non-HKUST,10,10,24341,133087600,52470407,185558007
2014-07-01,LG4,Total,154,325,291817,6047289859,446667691,6493957550
2014-07-01,All-Floors,Staff,43,119,147954,34331810,70171121,104502931
2014-07-01,All-Floors,TPG,33,61,32642,541040236,30718458,571758694
2014-07-01,All-Floors,RPG,93,142,41396,72667718,12114169,84781887
2014-07-01,All-Floors,UG,175,252,23527,207310351,23562286,230872637
2014-07-01,All-Floors,Alumni,6,11,24837,153453211,94919389,248372600
2014-07-01,All-Floors,Others(HKUST),8,90,202431,5333769820,344701314,5678471134
2014-07-01,All-Floors,Non-HKUST,19,25,24821,133872577,52594670,186467247
2014-07-01,All-Floors,Total,377,700,497608,6476445723,628781407,7105227130
2014-07-02,1,Staff,57,515,676687,4273017926,448829179,4721847105
2014-07-02,1,TPG,10,96,160581,2381958822,190902182,2572861004
2014-07-02,1,RPG,12,54,80356,1089502542,484825348,1574327890
2014-07-02,1,UG,58,362,464421,16685602092,12685484592,29371086684
2014-07-02,1,Alumni,1,9,11404,270846797,13921851,284768648
2014-07-02,1,Others(HKUST),4,6,1918,72940299,7690576,80630875
2014-07-02,1,Non-HKUST,3,4,11418,3581540376,99658961,3681199337
2014-07-02,1,Total,145,1046,1406785,28355408854,13931312689,42286721543
2014-07-02,G,Staff,119,589,659581,1987995891,1021538768,3009534659
2014-07-02,G,TPG,78,518,512346,8277589000,871311100,9148900100
2014-07-02,G,RPG,117,654,657468,17559165684,3746101017,21305266701
2014-07-02,G,UG,321,1307,1044317,48655604310,15463573845,64119178155
2014-07-02,G,Alumni,11,36,18972,387099815,20701886,407801701
2014-07-02,G,Others(HKUST),8,33,74072,3255519882,94207207,3349727089
2014-07-02,G,Non-HKUST,12,46,74283,160118685,21329655,181448340
2014-07-02,G,Total,666,3183,3041039,80283093267,21238763478,101521856745
2014-07-02,LG1,Staff,107,310,227552,1160234663,116762287,1276996950
2014-07-02,LG1,TPG,118,1533,1922214,68616668685,10244104833,78860773518
2014-07-02,LG1,RPG,131,946,1284461,11364839961,2056732592,13421572553
2014-07-02,LG1,UG,435,2923,4022898,76957398061,8623355733,85580753794
2014-07-02,LG1,Alumni,15,120,196602,15510340300,3621906541,19132246841
2014-07-02,LG1,Others(HKUST),8,15,7207,75000151,5940968,80941119
2014-07-02,LG1,Non-HKUST,20,117,123606,2816088059,130185712,2946273771
2014-07-02,LG1,Total,834,5964,7784540,176500569880,24798988666,201299558546
2014-07-02,LG3,Staff,125,293,171849,21370655936,1945710116,23316366052
2014-07-02,LG3,TPG,53,213,302670,15483052330,42957495177,58440547507
2014-07-02,LG3,RPG,123,422,431448,6632236840,721869887,7354106727
2014-07-02,LG3,UG,292,551,343179,6451460697,377741631,6829202328
2014-07-02,LG3,Alumni,6,14,23049,431653238,55833402,487486640
2014-07-02,LG3,Others(HKUST),9,23,18842,1576411,209798,1786209
2014-07-02,LG3,Non-HKUST,7,13,40566,14381926538,2100025246,16481951784
2014-07-02,LG3,Total,615,1529,1331603,64752561990,48158885257,112911447247
2014-07-02,LG4,Staff,94,209,147341,2199365457,278521964,2477887421
2014-07-02,LG4,TPG,37,130,171688,2258041000,487816992,2745857992
2014-07-02,LG4,RPG,97,404,539274,17246857022,2176973543,19423830565
2014-07-02,LG4,UG,245,677,599185,10760363841,2167465432,12927829273
2014-07-02,LG4,Alumni,9,75,173275,352634570,259648951,612283521
2014-07-02,LG4,Others(HKUST),10,70,110990,3488702843,143974566,3632677409
2014-07-02,LG4,Non-HKUST,10,51,76600,1201661242,150715960,1352377202
2014-07-02,LG4,Total,502,1616,1818353,37507625975,5665117408,43172743383
2014-07-02,All-Floors,Staff,317,1916,1883010,30991269873,3811362314,34802632187
2014-07-02,All-Floors,TPG,168,2490,3069499,97017309837,54751630284,151768940121
2014-07-02,All-Floors,RPG,306,2480,2993007,53892602049,9186502387,63079104436
2014-07-02,All-Floors,UG,875,5820,6474000,159510429001,39317621233,198828050234
2014-07-02,All-Floors,Alumni,23,254,423302,16952574720,3972012631,20924587351
2014-07-02,All-Floors,Others(HKUST),23,147,213029,6893739586,252023115,7145762701
2014-07-02,All-Floors,Non-HKUST,33,231,326473,22141334900,2501915534,24643250434
2014-07-02,All-Floors,Total,1745,13338,15382320,387399259966,113793067498,501192327464
2014-07-03,1,Staff,55,491,715085,2600898574,381443666,2982342240
2014-07-03,1,TPG,9,54,148447,3839616576,589432737,4429049313
2014-07-03,1,RPG,17,42,103581,1227732082,105537289,1333269371
2014-07-03,1,UG,56,306,540080,13698034583,1657479898,15355514481
2014-07-03,1,Alumni,1,2,4080,10784057,840170,11624227
2014-07-03,1,Others(HKUST),1,5,15963,74321711,5830926,80152637
2014-07-03,1,Non-HKUST,2,10,21564,53816101,8414936,62231037
2014-07-03,1,Total,141,910,1548800,21505203684,2748979622,24254183306
2014-07-03,G,Staff,118,646,698839,9205985514,1437130691,10643116205
2014-07-03,G,TPG,55,315,296992,5124283414,4498184818,9622468232
2014-07-03,G,RPG,128,568,585451,12474351694,1968213356,14442565050
2014-07-03,G,UG,271,1116,1184093,44688586933,8257925488,52946512421
2014-07-03,G,Alumni,8,17,5994,19046894,3242021,22288915
2014-07-03,G,Others(HKUST),7,27,17606,499210114,44986048,544196162
2014-07-03,G,Non-HKUST,14,72,61169,177121860,79100871,256222731
2014-07-03,G,Total,601,2761,2850144,72188586423,16288783293,88477369716
2014-07-03,LG1,Staff,118,444,319121,1848707094,401301682,2250008776
2014-07-03,LG1,TPG,96,963,1896305,30857202946,9611010893,40468213839
2014-07-03,LG1,RPG,137,928,1241291,19552788112,3722280685,23275068797
2014-07-03,LG1,UG,393,2795,3745884,52911865642,13618893306,66530758948
2014-07-03,LG1,Alumni,19,228,356181,22207093294,5685338625,27892431919
2014-07-03,LG1,Others(HKUST),7,19,9712,55022918,5062882,60085800
2014-07-03,LG1,Non-HKUST,13,87,74475,150898679,87752865,238651544
2014-07-03,LG1,Total,783,5464,7642969,127583578685,33131640938,160715219623
2014-07-03,LG3,Staff,127,333,221454,2752987067,1147214070,3900201137
2014-07-03,LG3,TPG,33,155,211228,10098518186,35724248436,45822766622
2014-07-03,LG3,RPG,151,621,720627,18782470903,1209094167,19991565070
2014-07-03,LG3,UG,272,696,634815,14032371729,3585584896,17617956625
2014-07-03,LG3,Alumni,12,58,139999,4137376599,8470006830,12607383429
2014-07-03,LG3,Others(HKUST),7,14,2534,1342094,650588,1992682
2014-07-03,LG3,Non-HKUST,11,23,90406,4684015109,1665616693,6349631802
2014-07-03,LG3,Total,613,1900,2021063,54489081687,51802415680,106291497367
2014-07-03,LG4,Staff,92,243,187839,1012469936,100458653,1112928589
2014-07-03,LG4,TPG,36,175,269004,13004144412,858989965,13863134377
2014-07-03,LG4,RPG,102,438,441241,6929022525,1018465916,7947488441
2014-07-03,LG4,UG,208,670,858193,26103733293,3459127987,29562861280
2014-07-03,LG4,Alumni,8,83,172590,2941865962,548332224,3490198186
2014-07-03,LG4,Others(HKUST),9,128,171451,3792527335,206109858,3998637193
2014-07-03,LG4,Non-HKUST,13,46,53171,5433503936,199289668,5632793604
2014-07-03,LG4,Total,468,1783,2153489,59217267399,6390774271,65608041670
2014-07-03,All-Floors,Staff,325,2157,2142338,17421048185,3467548762,20888596947
2014-07-03,All-Floors,TPG,131,1662,2821976,62923765534,51281866849,114205632383
2014-07-03,All-Floors,RPG,335,2597,3092191,58966365316,8023591413,66989956729
2014-07-03,All-Floors,UG,747,5583,6963065,151434592180,30579011575,182013603755
2014-07-03,All-Floors,Alumni,27,388,678844,29316166806,14707759870,44023926676
2014-07-03,All-Floors,Others(HKUST),20,193,217266,4422424172,262640302,4685064474
2014-07-03,All-Floors,Non-HKUST,36,238,300785,10499355685,2040175033,12539530718
2014-07-03,All-Floors,Total,1621,12818,16216465,334983717878,110362593804,445346311682
2014-07-04,1,Staff,54,417,688332,13137721546,733651004,13871372550
2014-07-04,1,TPG,5,74,71741,56520419819,3031589472,59552009291
2014-07-04,1,RPG,12,25,44305,428244651,47182182,475426833
2014-07-04,1,UG,41,224,402391,12021819212,863501769,12885320981
2014-07-04,1,Alumni,2,6,18729,164697241,16190482,180887723
2014-07-04,1,Others(HKUST),2,10,5404,8945782,819718,9765500
2014-07-04,1,Non-HKUST,5,10,18245,4594410,38367932,42962342
2014-07-04,1,Total,121,766,1249147,82286442661,4731302559,87017745220
2014-07-04,G,Staff,121,606,412330,4340124299,265766746,4605891045
2014-07-04,G,TPG,50,280,299456,16070849218,1874700046,17945549264
2014-07-04,G,RPG,114,516,494636,10050608320,2290875451,12341483771
2014-07-04,G,UG,269,1205,1161236,99670877749,4555509608,104226387357
2014-07-04,G,Alumni,9,15,1323,40947726,4843601,45791327
2014-07-04,G,Others(HKUST),4,12,9581,31220875,4669126,35890001
2014-07-04,G,Non-HKUST,28,127,196422,1234494430,130900841,1365395271
2014-07-04,G,Total,595,2761,2574984,131439122617,9127265419,140566388036
2014-07-04,LG1,Staff,93,455,446265,1571231358,134867596,1706098954
2014-07-04,LG1,TPG,81,759,1237668,22659558854,2911408849,25570967703
2014-07-04,LG1,RPG,106,761,1055610,14973334314,1878571586,16851905900
2014-07-04,LG1,UG,350,2022,2602827,77920361769,6022862813,83943224582
2014-07-04,LG1,Alumni,21,214,296264,11353146636,6568545947,17921692583
2014-07-04,LG1,Others(HKUST),4,22,18359,179023,128911,307934
2014-07-04,LG1,Non-HKUST,25,133,142261,3491168039,1628952133,5120120172
2014-07-04,LG1,Total,680,4366,5799254,131968979993,19145337835,151114317828
2014-07-04,LG3,Staff,124,307,247803,1102102213,201095333,1303197546
2014-07-04,LG3,TPG,47,143,186991,1511775281,246415328,1758190609
2014-07-04,LG3,RPG,113,513,554998,8509254669,2372092431,10881347100
2014-07-04,LG3,UG,217,555,504129,9416175206,1648815294,11064990500
2014-07-04,LG3,Alumni,11,24,23866,606599270,37591641,644190911
2014-07-04,LG3,Others(HKUST),9,12,604,141886,74216,216102
2014-07-04,LG3,Non-HKUST,15,42,56043,4248862615,1933697225,6182559840
2014-07-04,LG3,Total,536,1596,1574434,25394911140,6439781468,31834692608
2014-07-04,LG4,Staff,98,222,112748,3103237271,504407868,3607645139
2014-07-04,LG4,TPG,30,293,411780,23389932345,2246908900,25636841245
2014-07-04,LG4,RPG,88,331,468999,12429539705,5909594686,18339134391
2014-07-04,LG4,UG,192,616,684034,14868448991,2379848908,17248297899
2014-07-04,LG4,Alumni,12,138,268655,3641319483,316769714,3958089197
2014-07-04,LG4,Others(HKUST),8,101,180695,15792436284,717499023,16509935307
2014-07-04,LG4,Non-HKUST,18,74,68292,3363187880,178162314,3541350194
2014-07-04,LG4,Total,446,1775,2195203,76588101959,12253191413,88841293372
2014-07-04,All-Floors,Staff,304,2007,1907478,23254416687,1839788547,25094205234
2014-07-04,All-Floors,TPG,121,1549,2207636,120152535517,10311022595,130463558112
2014-07-04,All-Floors,RPG,292,2146,2618548,46390981659,12498316336,58889297995
2014-07-04,All-Floors,UG,664,4622,5354617,213897682927,15470538392,229368221319
2014-07-04,All-Floors,Alumni,28,397,608837,15806710356,6943941385,22750651741
2014-07-04,All-Floors,Others(HKUST),16,157,214643,15832923850,723190994,16556114844
2014-07-04,All-Floors,Non-HKUST,53,386,481263,12342307374,3910080445,16252387819
2014-07-04,All-Floors,Total,1478,11264,13393022,447677558370,51696878694,499374437064
2014-07-05,1,Staff,11,77,206643,1790830764,136269148,1927099912
2014-07-05,1,TPG,11,121,180306,59091971314,2950029198,62042000512
2014-07-05,1,RPG,8,23,33729,730551392,34604926,765156318
2014-07-05,1,UG,11,32,69982,1910891054,109451177,2020342231
2014-07-05,1,Alumni,4,27,57809,420439895,38329925,458769820
2014-07-05,1,Others(HKUST),2,10,2525,3440655,705817,4146472
2014-07-05,1,Non-HKUST,1,2,7202,46513816,6890333,53404149
2014-07-05,1,Total,48,292,558196,63994638890,3276280524,67270919414
2014-07-05,G,Staff,37,223,188380,1029720878,80398980,1110119858
2014-07-05,G,TPG,66,360,355948,8398539825,801231353,9199771178
2014-07-05,G,RPG,87,470,560084,9496646223,3137409618,12634055841
2014-07-05,G,UG,138,786,868236,18238193893,3143531824,21381725717
2014-07-05,G,Alumni,21,49,28550,2773257249,498161667,3271418916
2014-07-05,G,Others(HKUST),4,7,1206,1644479,237927,1882406
2014-07-05,G,Non-HKUST,6,23,36598,15530138809,1913738177,17443876986
2014-07-05,G,Total,359,1918,2039002,55468141356,9574709546,65042850902
2014-07-05,LG1,Staff,31,255,295173,530492963,502823671,1033316634
2014-07-05,LG1,TPG,101,727,1103763,11752129896,3450653694,15202783590
2014-07-05,LG1,RPG,88,564,983748,12668672930,2631951704,15300624634
2014-07-05,LG1,UG,224,1510,2784435,78683800595,12865756742,91549557337
2014-07-05,LG1,Alumni,25,171,275756,3402634024,767566762,4170200786
2014-07-05,LG1,Others(HKUST),3,16,19897,233541,100057,333598
2014-07-05,LG1,Non-HKUST,7,37,95866,12569287826,482252607,13051540433
2014-07-05,LG1,Total,479,3280,5558638,119607251775,20701105237,140308357012
2014-07-05,LG3,Staff,29,67,21509,350544485,45739209,396283694
2014-07-05,LG3,TPG,48,115,88449,1290096316,126777942,1416874258
2014-07-05,LG3,RPG,96,260,201030,7748500120,831618882,8580119002
2014-07-05,LG3,UG,131,279,206362,3781309415,223486734,4004796149
2014-07-05,LG3,Alumni,17,75,103387,2769806983,143388878,2913195861
2014-07-05,LG3,Others(HKUST),6,19,3125,3172218,700081,3872299
2014-07-05,LG3,Non-HKUST,6,6,2292,121574,247953,369527
2014-07-05,LG3,Total,333,821,626154,15943551111,1371959679,17315510790
2014-07-05,LG4,Staff,27,105,79218,93918026,24261196,118179222
2014-07-05,LG4,TPG,44,228,257838,10724108368,1916918705,12641027073
2014-07-05,LG4,RPG,58,120,139700,1993623844,1639566522,3633190366
2014-07-05,LG4,UG,121,455,643238,14232604792,2483223883,16715828675
2014-07-05,LG4,Alumni,22,131,222169,6917736491,347373159,7265109650
2014-07-05,LG4,Others(HKUST),5,119,240012,40868165937,2452761380,43320927317
2014-07-05,LG4,Non-HKUST,8,42,65836,129173125,21065440,150238565
2014-07-05,LG4,Total,285,1200,1648011,74959330583,8885170285,83844500868
2014-07-05,All-Floors,Staff,88,727,790923,3795507116,789492204,4584999320
2014-07-05,All-Floors,TPG,157,1551,1986304,91256845719,9245610892,100502456611
2014-07-05,All-Floors,RPG,221,1437,1918291,32637994509,8275151652,40913146161
2014-07-05,All-Floors,UG,401,3062,4572253,116846799749,18825450360,135672250109
2014-07-05,All-Floors,Alumni,50,453,687671,16283874642,1794820391,18078695033
2014-07-05,All-Floors,Others(HKUST),12,171,266765,40876656830,2454505262,43331162092
2014-07-05,All-Floors,Non-HKUST,22,110,207794,28275235150,2424194510,30699429660
2014-07-05,All-Floors,Total,951,7511,10430001,329972913715,43809225271,373782138986
2014-07-06,1,Staff,3,20,77644,7725520,2243145,9968665
2014-07-06,1,TPG,7,69,59399,81307105406,5345919086,86653024492
2014-07-06,1,RPG,3,4,4921,560151534,71531935,631683469
2014-07-06,1,UG,17,66,168284,3756642277,557759083,4314401360
2014-07-06,1,Alumni,3,8,26038,212041718,31325887,243367605
2014-07-06,1,Others(HKUST),1,1,0,0,0,0
2014-07-06,1,Non-HKUST,2,8,19929,2008149422,227234854,2235384276
2014-07-06,1,Total,36,176,356215,87851815877,6236013990,94087829867
2014-07-06,G,Staff,18,106,73560,2810158079,123874635,2934032714
2014-07-06,G,TPG,33,128,169929,14667461498,1291255444,15958716942
2014-07-06,G,RPG,59,322,339854,6869421625,1336865176,8206286801
2014-07-06,G,UG,116,446,481356,8017622513,1084731014,9102353527
2014-07-06,G,Alumni,19,70,54712,870689958,277427735,1148117693
2014-07-06,G,Others(HKUST),1,4,0,12286,10029,22315
2014-07-06,G,Non-HKUST,15,35,26059,91216932,18323544,109540476
2014-07-06,G,Total,261,1111,1145470,33326582891,4132487577,37459070468
2014-07-06,LG1,Staff,22,67,144206,2116036163,111987223,2228023386
2014-07-06,LG1,TPG,61,482,637727,10146070785,1345166868,11491237653
2014-07-06,LG1,RPG,61,352,405086,4534489810,788073856,5322563666
2014-07-06,LG1,UG,180,1467,2238308,64696842263,8222779174,72919621437
2014-07-06,LG1,Alumni,20,105,184766,813499628,159438664,972938292
2014-07-06,LG1,Others(HKUST),2,2,0,0,0,0
2014-07-06,LG1,Non-HKUST,8,73,118206,6308926749,283111642,6592038391
2014-07-06,LG1,Total,354,2548,3728299,88615865398,10910557427,99526422825
2014-07-06,LG3,Staff,28,61,61058,2348702002,142091778,2490793780
2014-07-06,LG3,TPG,34,69,75327,494417976,47320362,541738338
2014-07-06,LG3,RPG,67,236,183354,8132006743,553473176,8685479919
2014-07-06,LG3,UG,115,282,218639,9138170252,884275915,10022446167
2014-07-06,LG3,Alumni,18,47,119761,2468154535,1227626614,3695781149
2014-07-06,LG3,Others(HKUST),5,9,119,356700,72171,428871
2014-07-06,LG3,Non-HKUST,6,11,20629,680296430,47542504,727838934
2014-07-06,LG3,Total,273,715,678887,23262104638,2902402520,26164507158
2014-07-06,LG4,Staff,17,36,37120,492121651,64759476,556881127
2014-07-06,LG4,TPG,28,122,192565,922202796,686401174,1608603970
2014-07-06,LG4,RPG,50,91,104529,4949782306,420362138,5370144444
2014-07-06,LG4,UG,110,354,412629,19395948066,4454258143,23850206209
2014-07-06,LG4,Alumni,22,148,239954,3593133694,239962846,3833096540
2014-07-06,LG4,Others(HKUST),4,58,121460,8207461127,576067233,8783528360
2014-07-06,LG4,Non-HKUST,6,15,20975,932243086,42780867,975023953
2014-07-06,LG4,Total,237,824,1129232,38492892726,6484591877,44977484603
2014-07-06,All-Floors,Staff,65,290,393588,7774743415,444956257,8219699672
2014-07-06,All-Floors,TPG,95,870,1134947,107537258461,8716062934,116253321395
2014-07-06,All-Floors,RPG,167,1005,1037744,25045852018,3170306281,28216158299
2014-07-06,All-Floors,UG,352,2615,3519216,105005225371,15203803329,120209028700
2014-07-06,All-Floors,Alumni,52,378,625231,7957519533,1935781746,9893301279
2014-07-06,All-Floors,Others(HKUST),9,74,121579,8207830113,576149433,8783979546
2014-07-06,All-Floors,Non-HKUST,23,142,205798,10020832619,618993411,10639826030
2014-07-06,All-Floors,Total,763,5374,7038103,271549261530,30666053391,302215314921
2014-07-07,1,Staff,56,499,712395,3699778196,545774096,4245552292
2014-07-07,1,TPG,11,162,261936,68785628680,4094992436,72880621116
2014-07-07,1,RPG,13,123,237752,3626022249,300563531,3926585780
2014-07-07,1,UG,49,301,582824,23232134438,1971164883,25203299321
2014-07-07,1,Alumni,3,5,9223,32223449,4287526,36510975
2014-07-07,1,Others(HKUST),3,22,6833,414259020,16555315,430814335
2014-07-07,1,Non-HKUST,5,21,16050,133400079,18717131,152117210
2014-07-07,1,Total,140,1133,1827013,99923446111,6952054918,106875501029
2014-07-07,G,Staff,132,835,523691,3652873973,2060405324,5713279297
2014-07-07,G,TPG,82,398,356071,17013462202,6899273993,23912736195
2014-07-07,G,RPG,144,809,662016,3984026332,652014710,4636041042
2014-07-07,G,UG,366,1668,1430307,24298315911,11664221527,35962537438
2014-07-07,G,Alumni,5,10,7911,84933215,11841564,96774779
2014-07-07,G,Others(HKUST),10,72,33954,1302507969,52853230,1355361199
2014-07-07,G,Non-HKUST,20,97,131800,1306388651,125705261,1432093912
2014-07-07,G,Total,759,3889,3145750,51642508253,21466315609,73108823862
2014-07-07,LG1,Staff,95,425,299910,5949903031,550209372,6500112403
2014-07-07,LG1,TPG,113,1260,1996067,23432193258,8609849534,32042042792
2014-07-07,LG1,RPG,103,801,1007877,12601797114,1078578499,13680375613
2014-07-07,LG1,UG,469,3032,3729077,61512340283,26317703029,87830043312
2014-07-07,LG1,Alumni,21,204,239478,10306412212,7236721644,17543133856
2014-07-07,LG1,Others(HKUST),8,62,27608,84065323,9782382,93847705
2014-07-07,LG1,Non-HKUST,20,76,150927,2059102397,165416558,2224518955
2014-07-07,LG1,Total,829,5860,7450944,115945813618,43968261018,159914074636
2014-07-07,LG3,Staff,120,255,112195,6525272758,539257232,7064529990
2014-07-07,LG3,TPG,50,329,526603,32100008980,26828182028,58928191008
2014-07-07,LG3,RPG,131,468,541733,21683747616,1389779674,23073527290
2014-07-07,LG3,UG,298,863,543241,27760818952,5506513320,33267332272
2014-07-07,LG3,Alumni,7,55,176435,6143246936,260001809,6403248745
2014-07-07,LG3,Others(HKUST),11,33,480,678003,352863,1030866
2014-07-07,LG3,Non-HKUST,10,26,97195,2576158933,644850957,3221009890
2014-07-07,LG3,Total,627,2029,1997882,96789932178,35168937883,131958870061
2014-07-07,LG4,Staff,97,270,137890,2840258170,1184597929,4024856099
2014-07-07,LG4,TPG,42,369,472542,9543356928,1894464563,11437821491
2014-07-07,LG4,RPG,114,529,692586,19086078567,5434028500,24520107067
2014-07-07,LG4,UG,287,862,781340,18361554842,3295104861,21656659703
2014-07-07,LG4,Alumni,7,65,163790,28325553266,773482857,29099036123
2014-07-07,LG4,Others(HKUST),12,115,160867,16079886961,572483038,16652369999
2014-07-07,LG4,Non-HKUST,10,45,37115,3324344973,163484261,3487829234
2014-07-07,LG4,Total,569,2255,2446130,97561033707,13317646009,110878679716
2014-07-07,All-Floors,Staff,322,2284,1786081,22668086128,4880243953,27548330081
2014-07-07,All-Floors,TPG,168,2518,3613219,150874650048,48326762554,199201412602
2014-07-07,All-Floors,RPG,323,2730,3141964,60981671878,8854964914,69836636792
2014-07-07,All-Floors,UG,916,6726,7066789,155165164426,48754707620,203919872046
2014-07-07,All-Floors,Alumni,28,339,596837,44892369078,8286335400,53178704478
2014-07-07,All-Floors,Others(HKUST),28,304,229742,17881397276,652026828,18533424104
2014-07-07,All-Floors,Non-HKUST,44,265,433087,9399395033,1118174168,10517569201
2014-07-07,All-Floors,Total,1829,15166,16867719,461862733867,120873215437,582735949304
2014-07-08,1,Staff,59,503,787330,3688579765,305775220,3994354985
2014-07-08,1,TPG,14,135,229986,8043903608,5314496807,13358400415
2014-07-08,1,RPG,15,75,107851,1830473619,128032367,1958505986
2014-07-08,1,UG,40,269,541966,83648366236,8403600392,92051966628
2014-07-08,1,Alumni,2,8,13306,136306981,4146108,140453089
2014-07-08,1,Others(HKUST),4,23,7084,56174905,18764546,74939451
2014-07-08,1,Non-HKUST,6,11,17636,1287356383,71756692,1359113075
2014-07-08,1,Total,140,1024,1705159,98691161497,14246572132,112937733629
2014-07-08,G,Staff,123,649,561090,4780075113,679103755,5459178868
2014-07-08,G,TPG,70,338,312496,3503182636,442150337,3945332973
2014-07-08,G,RPG,135,560,619379,16022020859,2875281563,18897302422
2014-07-08,G,UG,301,1274,1251851,50310276160,3806068055,54116344215
2014-07-08,G,Alumni,8,17,1685,34101819,3794139,37895958
2014-07-08,G,Others(HKUST),9,38,47401,14533549,9345788,23879337
2014-07-08,G,Non-HKUST,15,85,85946,777541875,74869036,852410911
2014-07-08,G,Total,661,2961,2879848,75441732011,7890612673,83332344684
2014-07-08,LG1,Staff,110,521,393664,6387117286,471129092,6858246378
2014-07-08,LG1,TPG,105,1131,1826425,42546755433,12230043754,54776799187
2014-07-08,LG1,RPG,135,969,1549936,17288356723,2512208022,19800564745
2014-07-08,LG1,UG,415,2836,3965347,57923851702,13483225744,71407077446
2014-07-08,LG1,Alumni,18,167,249689,1597124431,124562700,1721687131
2014-07-08,LG1,Others(HKUST),11,93,68682,140958079,28340561,169298640
2014-07-08,LG1,Non-HKUST,26,163,227059,895967146,770645780,1666612926
2014-07-08,LG1,Total,820,5880,8280802,126780130800,29620155653,156400286453
2014-07-08,LG3,Staff,146,355,136235,4443253620,301236204,4744489824
2014-07-08,LG3,TPG,55,252,380707,20240319179,1481466906,21721786085
2014-07-08,LG3,RPG,156,530,501421,10389864098,1218868458,11608732556
2014-07-08,LG3,UG,299,938,864532,18891163983,2505186118,21396350101
2014-07-08,LG3,Alumni,9,11,827,159721512,4203762,163925274
2014-07-08,LG3,Others(HKUST),13,25,482,6013823,1348142,7361965
2014-07-08,LG3,Non-HKUST,16,51,57576,309227291,24586590,333813881
2014-07-08,LG3,Total,694,2162,1941780,54439563506,5536896180,59976459686
2014-07-08,LG4,Staff,97,270,210924,3000274981,1550982985,4551257966
2014-07-08,LG4,TPG,39,294,421345,12272539334,1734220119,14006759453
2014-07-08,LG4,RPG,110,521,719864,10507821836,1352387128,11860208964
2014-07-08,LG4,UG,253,761,754279,17801963177,3218864034,21020827211
2014-07-08,LG4,Alumni,10,139,208842,5703270328,422917046,6126187374
2014-07-08,LG4,Others(HKUST),9,133,166520,9061092307,320118382,9381210689
2014-07-08,LG4,Non-HKUST,14,58,61242,13034565680,601274325,13635840005
2014-07-08,LG4,Total,532,2176,2543016,71381527643,9200764019,80582291662
2014-07-08,All-Floors,Staff,328,2298,2089243,22299300765,3308227256,25607528021
2014-07-08,All-Floors,TPG,157,2150,3170959,86606700190,21202377923,107809078113
2014-07-08,All-Floors,RPG,351,2655,3498451,56038537135,8086777538,64125314673
2014-07-08,All-Floors,UG,786,6078,7377975,228575621258,31416944343,259992565601
2014-07-08,All-Floors,Alumni,24,342,474349,7630525071,559623755,8190148826
2014-07-08,All-Floors,Others(HKUST),28,312,290169,9278772663,377917419,9656690082
2014-07-08,All-Floors,Non-HKUST,46,368,449459,16304658375,1543132423,17847790798
2014-07-08,All-Floors,Total,1720,14203,17350605,426734115457,66495000657,493229116114
2014-07-09,1,Staff,60,567,890531,7695809288,425484572,8121293860
2014-07-09,1,TPG,14,115,230041,8259157966,762777002,9021934968
2014-07-09,1,RPG,20,60,97979,1134256634,280821055,1415077689
2014-07-09,1,UG,45,189,345048,8109096902,2111297765,10220394667
2014-07-09,1,Alumni,4,22,30634,6894009810,287686200,7181696010
2014-07-09,1,Others(HKUST),4,8,6254,4156697,894358,5051055
2014-07-09,1,Non-HKUST,5,17,38550,864841130,43188912,908030042
2014-07-09,1,Total,152,978,1639037,32961328427,3912149864,36873478291
2014-07-09,G,Staff,117,673,552919,4780361622,488574604,5268936226
2014-07-09,G,TPG,87,528,509612,17703801106,3569405408,21273206514
2014-07-09,G,RPG,135,587,597175,23793314517,1464608534,25257923051
2014-07-09,G,UG,349,1401,1284386,34358251581,10436411773,44794663354
2014-07-09,G,Alumni,9,21,10811,56233876,3418569,59652445
2014-07-09,G,Others(HKUST),7,14,50560,6487050,3447309,9934359
2014-07-09,G,Non-HKUST,16,65,42593,622052206,145560810,767613016
2014-07-09,G,Total,720,3289,3048056,81320501958,16111427007,97431928965
2014-07-09,LG1,Staff,116,448,386211,2180077664,250449362,2430527026
2014-07-09,LG1,TPG,103,1311,1698702,46457699915,6466145882,52923845797
2014-07-09,LG1,RPG,129,1179,1527452,19857570961,3427550926,23285121887
2014-07-09,LG1,UG,398,2781,3374725,61495120369,13772563558,75267683927
2014-07-09,LG1,Alumni,14,114,162276,5516702471,2378196124,7894898595
2014-07-09,LG1,Others(HKUST),7,13,2529,623678,193140,816818
2014-07-09,LG1,Non-HKUST,20,97,58271,12625602221,888003801,13513606022
2014-07-09,LG1,Total,787,5943,7210166,148133397279,27183102793,175316500072
2014-07-09,LG3,Staff,135,295,185598,3832266733,909545902,4741812635
2014-07-09,LG3,TPG,64,388,400400,20673483020,5254943860,25928426880
2014-07-09,LG3,RPG,117,435,477328,20579313936,19644427685,40223741621
2014-07-09,LG3,UG,306,689,481351,11208762379,2592156706,13800919085
2014-07-09,LG3,Alumni,9,23,50014,2147764245,137588884,2285353129
2014-07-09,LG3,Others(HKUST),14,26,1826,16737383,6089875,22827258
2014-07-09,LG3,Non-HKUST,8,15,48125,1574440808,72225195,1646666003
2014-07-09,LG3,Total,653,1871,1644642,60032768504,28616978107,88649746611
2014-07-09,LG4,Staff,91,278,125178,2549756875,199511509,2749268384
2014-07-09,LG4,TPG,43,262,328719,14663863821,6970312231,21634176052
2014-07-09,LG4,RPG,93,455,600748,17002286755,5741718426,22744005181
2014-07-09,LG4,UG,264,846,862473,14064714195,4128948078,18193662273
2014-07-09,LG4,Alumni,11,50,75697,1355871046,62454592,1418325638
2014-07-09,LG4,Others(HKUST),9,133,158461,26171509975,850989351,27022499326
2014-07-09,LG4,Non-HKUST,11,39,64920,1464158503,149135789,1613294292
2014-07-09,LG4,Total,522,2063,2216196,77272161170,18103069976,95375231146
2014-07-09,All-Floors,Staff,325,2261,2140437,21038272182,2273565949,23311838131
2014-07-09,All-Floors,TPG,164,2604,3167474,107758005828,23023584383,130781590211
2014-07-09,All-Floors,RPG,310,2716,3300682,82366742803,30559126626,112925869429
2014-07-09,All-Floors,UG,875,5906,6347983,129235945426,33041377880,162277323306
2014-07-09,All-Floors,Alumni,30,230,329432,15970581448,2869344369,18839925817
2014-07-09,All-Floors,Others(HKUST),23,194,219630,26199514783,861614033,27061128816
2014-07-09,All-Floors,Non-HKUST,36,233,252459,17151094868,1298114507,18449209375
2014-07-09,All-Floors,Total,1763,14144,15758097,399720157338,93926727747,493646885085
2014-07-10,1,Staff,59,522,767692,2357032205,352033697,2709065902
2014-07-10,1,TPG,10,88,142228,9792635193,6495286785,16287921978
2014-07-10,1,RPG,16,69,71523,4533449186,198694183,4732143369
2014-07-10,1,UG,45,275,554482,13938482772,5093987220,19032469992
2014-07-10,1,Alumni,2,20,80624,17247495542,624710050,17872205592
2014-07-10,1,Others(HKUST),4,18,2401,2166308,1401267,3567575
2014-07-10,1,Non-HKUST,3,28,78605,3260639987,108993422,3369633409
2014-07-10,1,Total,139,1020,1697555,51131901193,12875106624,64007007817
2014-07-10,G,Staff,127,649,594962,4280683468,743244354,5023927822
2014-07-10,G,TPG,67,374,427018,7935195548,1129519879,9064715427
2014-07-10,G,RPG,136,592,618137,18448320588,2382802561,20831123149
2014-07-10,G,UG,275,1130,1132624,24425417475,3884259530,28309677005
2014-07-10,G,Alumni,13,32,20536,4055228380,184741809,4239970189
2014-07-10,G,Others(HKUST),8,34,54610,58537966,28853917,87391883
2014-07-10,G,Non-HKUST,18,88,92381,725655409,3011908366,3737563775
2014-07-10,G,Total,644,2899,2940268,59929038834,11365330416,71294369250
2014-07-10,LG1,Staff,109,469,348552,5187221124,297425273,5484646397
2014-07-10,LG1,TPG,89,906,1345874,18627614089,16643792197,35271406286
2014-07-10,LG1,RPG,133,842,1181566,11622756468,1206244151,12829000619
2014-07-10,LG1,UG,387,2666,3926485,57905806409,10554542002,68460348411
2014-07-10,LG1,Alumni,19,140,252412,6038741318,2208384103,8247125421
2014-07-10,LG1,Others(HKUST),8,18,1320,21905976,4420160,26326136
2014-07-10,LG1,Non-HKUST,13,63,120397,127643316,13093624,140736940
2014-07-10,LG1,Total,758,5104,7176606,99531688700,30927901510,130459590210
2014-07-10,LG3,Staff,131,311,184917,5347290558,325696079,5672986637
2014-07-10,LG3,TPG,37,184,270389,9184797118,2681879977,11866677095
2014-07-10,LG3,RPG,152,511,564214,10807096109,802712845,11609808954
2014-07-10,LG3,UG,283,736,621123,16191993684,3299095185,19491088869
2014-07-10,LG3,Alumni,9,23,24924,5598454149,1148457132,6746911281
2014-07-10,LG3,Others(HKUST),15,33,26265,46457143,7198110,53655253
2014-07-10,LG3,Non-HKUST,7,14,239,19162936,1268973,20431909
2014-07-10,LG3,Total,634,1812,1692071,47195251697,8266308301,55461559998
2014-07-10,LG4,Staff,96,303,193673,4190276820,585483380,4775760200
2014-07-10,LG4,TPG,31,161,270041,7891248072,4677927154,12569175226
2014-07-10,LG4,RPG,98,460,603748,19041746641,2426923704,21468670345
2014-07-10,LG4,UG,231,645,715572,18652921294,8073770276,26726691570
2014-07-10,LG4,Alumni,12,133,225193,6605660703,381659204,6987319907
2014-07-10,LG4,Others(HKUST),10,141,179894,26032695035,816405448,26849100483
2014-07-10,LG4,Non-HKUST,10,56,59756,934126100,118397001,1052523101
2014-07-10,LG4,Total,488,1899,2247877,83348674665,17080566167,100429240832
2014-07-10,All-Floors,Staff,313,2254,2089796,21362504175,2303882783,23666386958
2014-07-10,All-Floors,TPG,141,1713,2455550,53431490020,31628405992,85059896012
2014-07-10,All-Floors,RPG,339,2474,3039188,64453368992,7017377444,71470746436
2014-07-10,All-Floors,UG,750,5452,6950286,131114621634,30905654213,162020275847
2014-07-10,All-Floors,Alumni,30,348,603689,39545580092,4547952298,44093532390
2014-07-10,All-Floors,Others(HKUST),23,244,264490,26161762428,858278902,27020041330
2014-07-10,All-Floors,Non-HKUST,31,249,351378,5067227748,3253661386,8320889134
2014-07-10,All-Floors,Total,1627,12734,15754377,341136555089,80515213018,421651768107
2014-07-11,1,Staff,64,494,791773,2691694469,321569701,3013264170
2014-07-11,1,TPG,8,58,102266,8104494509,703441280,8807935789
2014-07-11,1,RPG,16,69,98733,1807659141,126306419,1933965560
2014-07-11,1,UG,45,263,365460,11852838027,3036144011,14888982038
2014-07-11,1,Alumni,1,7,7678,64063366,5800767,69864133
2014-07-11,1,Others(HKUST),2,15,20766,460589201,25333901,485923102
2014-07-11,1,Non-HKUST,3,11,16786,352564947,22322863,374887810
2014-07-11,1,Total,139,917,1403462,25333903660,4240918942,29574822602
2014-07-11,G,Staff,131,724,621749,9047053446,5103568096,14150621542
2014-07-11,G,TPG,58,414,296618,4316599894,793526804,5110126698
2014-07-11,G,RPG,112,563,557819,9014673928,5606847925,14621521853
2014-07-11,G,UG,275,1155,852984,19806986252,4556539164,24363525416
2014-07-11,G,Alumni,9,23,19701,148734128,12607825,161341953
2014-07-11,G,Others(HKUST),8,30,52542,26477323,8037804,34515127
2014-07-11,G,Non-HKUST,11,36,53661,358974292,33326494,392300786
2014-07-11,G,Total,604,2945,2455074,42719499263,16114454112,58833953375
2014-07-11,LG1,Staff,117,673,551802,4090974413,470928355,4561902768
2014-07-11,LG1,TPG,98,1130,1673947,28369720159,7122314953,35492035112
2014-07-11,LG1,RPG,120,785,995529,38355824829,3139894566,41495719395
2014-07-11,LG1,UG,331,2008,2716527,42409177536,7698334798,50107512334
2014-07-11,LG1,Alumni,13,120,182479,7222054141,3512206585,10734260726
2014-07-11,LG1,Others(HKUST),12,25,8879,7458622,4708281,12166903
2014-07-11,LG1,Non-HKUST,14,55,98882,4106578873,623664006,4730242879
2014-07-11,LG1,Total,705,4796,6228045,124561788573,22572051544,147133840117
2014-07-11,LG3,Staff,159,384,291116,5045058454,431027195,5476085649
2014-07-11,LG3,TPG,46,140,219317,8282555222,1341329679,9623884901
2014-07-11,LG3,RPG,144,425,476973,12704335301,2032009069,14736344370
2014-07-11,LG3,UG,224,574,588567,21331576293,11414023214,32745599507
2014-07-11,LG3,Alumni,8,29,66739,4484952097,116236198,4601188295
2014-07-11,LG3,Others(HKUST),11,19,2284,1873545,688240,2561785
2014-07-11,LG3,Non-HKUST,6,18,31807,2170759141,616998306,2787757447
2014-07-11,LG3,Total,598,1589,1676803,54021110053,15952311901,69973421954
2014-07-11,LG4,Staff,85,294,188294,8841381543,552889476,9394271019
2014-07-11,LG4,TPG,30,200,239766,4322265803,1328413926,5650679729
2014-07-11,LG4,RPG,96,434,419317,17340940714,5696933855,23037874569
2014-07-11,LG4,UG,187,590,670217,16704890988,2654520954,19359411942
2014-07-11,LG4,Alumni,10,84,214560,2223914621,194321559,2418236180
2014-07-11,LG4,Others(HKUST),14,153,188433,13441916108,540073423,13981989531
2014-07-11,LG4,Non-HKUST,5,21,44640,1006996881,161963160,1168960041
2014-07-11,LG4,Total,427,1776,1965227,63882306658,11129116353,75011423011
2014-07-11,All-Floors,Staff,348,2569,2444734,29716162325,6879982823,36596145148
2014-07-11,All-Floors,TPG,137,1942,2531914,53395635587,11289026642,64684662229
2014-07-11,All-Floors,RPG,313,2276,2548371,79223433913,16601991834,95825425747
2014-07-11,All-Floors,UG,658,4590,5193755,112105469096,29359562141,141465031237
2014-07-11,All-Floors,Alumni,24,263,491157,14143718353,3841172934,17984891287
2014-07-11,All-Floors,Others(HKUST),28,242,272904,13938314799,578841649,14517156448
2014-07-11,All-Floors,Non-HKUST,29,141,245776,7995874134,1458274829,9454148963
2014-07-11,All-Floors,Total,1537,12023,13728611,310518608207,70008852852,380527461059
2014-07-12,1,Staff,13,107,143803,195598641,50485205,246083846
2014-07-12,1,TPG,4,24,35621,3749569893,158286310,3907856203
2014-07-12,1,RPG,14,50,118934,3985319502,214031412,4199350914
2014-07-12,1,UG,29,187,351697,8835422102,1582197439,10417619541
2014-07-12,1,Alumni,4,49,128528,5572560371,240784034,5813344405
2014-07-12,1,Others(HKUST),0,0,0,0,0,0
2014-07-12,1,Non-HKUST,3,16,21221,446212380,40958331,487170711
2014-07-12,1,Total,67,433,799804,22784682889,2286742731,25071425620
2014-07-12,G,Staff,57,215,279922,15107740696,787183610,15894924306
2014-07-12,G,TPG,50,238,257143,7143634399,1177622709,8321257108
2014-07-12,G,RPG,79,377,467975,24755518807,3525856599,28281375406
2014-07-12,G,UG,167,729,698418,15973709178,5401206503,21374915681
2014-07-12,G,Alumni,19,41,21598,376570862,58712929,435283791
2014-07-12,G,Others(HKUST),2,14,27486,69389771,8158858,77548629
2014-07-12,G,Non-HKUST,11,61,72723,534701001,60804503,595505504
2014-07-12,G,Total,385,1675,1825265,63961264714,11019545711,74980810425
2014-07-12,LG1,Staff,45,189,237407,7126247113,1458166739,8584413852
2014-07-12,LG1,TPG,91,791,952077,22195268640,2237355227,24432623867
2014-07-12,LG1,RPG,85,485,734025,16052370361,4517709891,20570080252
2014-07-12,LG1,UG,243,1597,2455117,38910958688,11815926638,50726885326
2014-07-12,LG1,Alumni,25,116,197476,758031081,29216195,787247276
2014-07-12,LG1,Others(HKUST),2,4,5159,80373774,4790982,85164756
2014-07-12,LG1,Non-HKUST,10,33,40668,13107732207,1841796722,14949528929
2014-07-12,LG1,Total,501,3215,4621929,98230981864,21904962394,120135944258
2014-07-12,LG3,Staff,56,154,98126,2456927717,131132895,2588060612
2014-07-12,LG3,TPG,49,151,236025,5103768460,1365065378,6468833838
2014-07-12,LG3,RPG,83,263,295307,7663441899,1037730403,8701172302
2014-07-12,LG3,UG,156,400,332385,11210993045,1600633102,12811626147
2014-07-12,LG3,Alumni,19,62,47372,1672202567,84487688,1756690255
2014-07-12,LG3,Others(HKUST),5,7,8524,92818,67485,160303
2014-07-12,LG3,Non-HKUST,8,15,5996,91856550,3471699,95328249
2014-07-12,LG3,Total,376,1052,1023735,28199283056,4222588650,32421871706
2014-07-12,LG4,Staff,40,124,82077,243711334,49918262,293629596
2014-07-12,LG4,TPG,40,299,377642,9612522202,768932565,10381454767
2014-07-12,LG4,RPG,76,242,296353,4212079115,886860342,5098939457
2014-07-12,LG4,UG,117,528,732793,11957421702,3203785826,15161207528
2014-07-12,LG4,Alumni,32,238,313980,22894349297,5076228624,27970577921
2014-07-12,LG4,Others(HKUST),2,119,294963,4959390251,309707575,5269097826
2014-07-12,LG4,Non-HKUST,11,74,86926,1238158762,79297577,1317456339
2014-07-12,LG4,Total,318,1624,2184734,55117632663,10374730771,65492363434
2014-07-12,All-Floors,Staff,127,789,841335,25130225501,2476886711,27607112212
2014-07-12,All-Floors,TPG,140,1503,1858508,47804763594,5707262189,53512025783
2014-07-12,All-Floors,RPG,216,1417,1912594,56668729684,10182188647,66850918331
2014-07-12,All-Floors,UG,434,3441,4570410,86888504715,23603749508,110492254223
2014-07-12,All-Floors,Alumni,53,506,708954,31273714178,5489429470,36763143648
2014-07-12,All-Floors,Others(HKUST),9,144,336132,5109246614,322724900,5431971514
2014-07-12,All-Floors,Non-HKUST,26,199,227534,15418660900,2026328832,17444989732
2014-07-12,All-Floors,Total,1005,7999,10455467,268293845186,49808570257,318102415443
2014-07-13,1,Staff,8,45,120082,345013748,14364251,359377999
2014-07-13,1,TPG,2,4,4331,928369,246153,1174522
2014-07-13,1,RPG,11,23,7293,120126693,54386231,174512924
2014-07-13,1,UG,25,145,319992,8008459320,791501399,8799960719
2014-07-13,1,Alumni,3,19,23873,41717891,13306007,55023898
2014-07-13,1,Others(HKUST),0,0,0,0,0,0
2014-07-13,1,Non-HKUST,0,0,0,0,0,0
2014-07-13,1,Total,49,236,475571,8516246021,873804041,9390050062
2014-07-13,G,Staff,31,206,128900,15321391361,731172840,16052564201
2014-07-13,G,TPG,32,153,215911,2571830423,914287905,3486118328
2014-07-13,G,RPG,61,203,185498,3717390816,978762702,4696153518
2014-07-13,G,UG,125,525,542700,34279195804,3178419622,37457615426
2014-07-13,G,Alumni,21,40,31074,729937680,64450978,794388658
2014-07-13,G,Others(HKUST),3,8,14410,1861250,889859,2751109
2014-07-13,G,Non-HKUST,7,23,1427,5754005,101833333,107587338
2014-07-13,G,Total,280,1158,1119920,56627361339,5969817239,62597178578
2014-07-13,LG1,Staff,20,118,121564,1088518021,66827218,1155345239
2014-07-13,LG1,TPG,56,444,662996,12625538319,1661417292,14286955611
2014-07-13,LG1,RPG,65,466,679402,31135716548,2934359829,34070076377
2014-07-13,LG1,UG,191,1362,2041980,42957278568,8281422717,51238701285
2014-07-13,LG1,Alumni,25,117,152717,2149712332,157510227,2307222559
2014-07-13,LG1,Others(HKUST),1,2,119,52204,41076,93280
2014-07-13,LG1,Non-HKUST,11,47,67519,575451259,71939412,647390671
2014-07-13,LG1,Total,369,2556,3726297,90532267251,13173517771,103705785022
2014-07-13,LG3,Staff,33,75,62399,752195706,98405022,850600728
2014-07-13,LG3,TPG,36,78,90702,2540527861,823243878,3363771739
2014-07-13,LG3,RPG,59,123,134471,1368430831,704480797,2072911628
2014-07-13,LG3,UG,132,330,413049,16831238663,1055201573,17886440236
2014-07-13,LG3,Alumni,18,80,153724,2020149523,244064488,2264214011
2014-07-13,LG3,Others(HKUST),4,4,0,11552,4864,16416
2014-07-13,LG3,Non-HKUST,10,19,42240,311842454,32284863,344127317
2014-07-13,LG3,Total,292,709,896585,23824396590,2957685485,26782082075
2014-07-13,LG4,Staff,13,35,13211,211447688,30026696,241474384
2014-07-13,LG4,TPG,31,118,191884,11844236744,3765529089,15609765833
2014-07-13,LG4,RPG,76,173,170401,1427480935,191709635,1619190570
2014-07-13,LG4,UG,106,438,562937,15139371645,1625961746,16765333391
2014-07-13,LG4,Alumni,18,123,224648,5335793178,1673068867,7008862045
2014-07-13,LG4,Others(HKUST),3,64,176543,20215501816,975143646,21190645462
2014-07-13,LG4,Non-HKUST,11,72,155494,3109732971,238805358,3348538329
2014-07-13,LG4,Total,258,1023,1495118,57283564977,8500245037,65783810014
2014-07-13,All-Floors,Staff,64,479,446156,17718566524,940796027,18659362551
2014-07-13,All-Floors,TPG,101,797,1165824,29583061716,7164724317,36747786033
2014-07-13,All-Floors,RPG,175,988,1177065,37769145823,4863699194,42632845017
2014-07-13,All-Floors,UG,360,2800,3880658,117215544000,14932507057,132148051057
2014-07-13,All-Floors,Alumni,46,379,586036,10277310604,2152400567,12429711171
2014-07-13,All-Floors,Others(HKUST),10,78,191072,20217426822,976079445,21193506267
2014-07-13,All-Floors,Non-HKUST,24,161,266680,4002780689,444862966,4447643655
2014-07-13,All-Floors,Total,780,5682,7713491,236783836178,31475069573,268258905751
2014-07-14,1,Staff,48,475,704380,8978024714,797312861,9775337575
2014-07-14,1,TPG,6,58,73421,62465558592,2200297111,64665855703
2014-07-14,1,RPG,13,42,103899,1327968068,145807071,1473775139
2014-07-14,1,UG,57,267,604577,15323087851,2627303766,17950391617
2014-07-14,1,Alumni,3,9,9612,29686680,4976490,34663170
2014-07-14,1,Others(HKUST),2,2,1439,7273959,1779975,9053934
2014-07-14,1,Non-HKUST,2,7,18386,108710076,22925216,131635292
2014-07-14,1,Total,131,860,1515714,88240309940,5800402490,94040712430
2014-07-14,G,Staff,110,494,413067,8555708641,651041690,9206750331
2014-07-14,G,TPG,61,464,353582,5385394439,535644679,5921039118
2014-07-14,G,RPG,116,625,676711,11457549323,1467759366,12925308689
2014-07-14,G,UG,291,1226,945944,27186702596,3585528510,30772231106
2014-07-14,G,Alumni,15,54,80181,339235805,85420210,424656015
2014-07-14,G,Others(HKUST),11,106,87495,541181386,69384039,610565425
2014-07-14,G,Non-HKUST,14,35,21022,999571180,52727693,1052298873
2014-07-14,G,Total,618,3004,2578002,54465343370,6447506187,60912849557
2014-07-14,LG1,Staff,105,530,489354,18717356131,1110691798,19828047929
2014-07-14,LG1,TPG,83,1078,1360381,47879426009,2713074723,50592500732
2014-07-14,LG1,RPG,117,900,1030242,16715141670,4075968777,20791110447
2014-07-14,LG1,UG,479,3326,3828132,74949491725,11852070593,86801562318
2014-07-14,LG1,Alumni,19,129,243228,11526888314,5416821457,16943709771
2014-07-14,LG1,Others(HKUST),10,44,22240,110614526,23622787,134237313
2014-07-14,LG1,Non-HKUST,20,92,140640,927478616,207082227,1134560843
2014-07-14,LG1,Total,833,6099,7114217,170826396991,25399332362,196225729353
2014-07-14,LG3,Staff,118,253,197834,1472323029,235077840,1707400869
2014-07-14,LG3,TPG,37,239,432917,15268481437,783139443,16051620880
2014-07-14,LG3,RPG,121,467,584111,20578408037,1252666584,21831074621
2014-07-14,LG3,UG,288,660,580775,11092311230,3080444529,14172755759
2014-07-14,LG3,Alumni,14,37,41275,1329859781,80917106,1410776887
2014-07-14,LG3,Others(HKUST),15,45,2154,3936333,5044544,8980877
2014-07-14,LG3,Non-HKUST,11,37,73079,844230120,263459674,1107689794
2014-07-14,LG3,Total,604,1738,1912145,50589549967,5700749720,56290299687
2014-07-14,LG4,Staff,92,246,168988,4219270011,362257343,4581527354
2014-07-14,LG4,TPG,28,207,171649,4041586784,3343047827,7384634611
2014-07-14,LG4,RPG,93,394,336805,7247237351,1029846916,8277084267
2014-07-14,LG4,UG,225,736,816517,8564364264,1157395697,9721759961
2014-07-14,LG4,Alumni,7,126,235723,21273623518,18702600227,39976223745
2014-07-14,LG4,Others(HKUST),11,150,161103,12482735518,448540625,12931276143
2014-07-14,LG4,Non-HKUST,8,62,145809,2942599860,363486389,3306086249
2014-07-14,LG4,Total,464,1921,2036594,60771417306,25407175024,86178592330
2014-07-14,All-Floors,Staff,298,1998,1973623,41942682526,3156381532,45099064058
2014-07-14,All-Floors,TPG,117,2046,2391950,135040447261,9575203783,144615651044
2014-07-14,All-Floors,RPG,303,2428,2731768,57326304449,7972048714,65298353163
2014-07-14,All-Floors,UG,851,6215,6775945,137115957666,22302743095,159418700761
2014-07-14,All-Floors,Alumni,26,355,610019,34499294098,24290735490,58790029588
2014-07-14,All-Floors,Others(HKUST),27,347,274431,13145741722,548371970,13694113692
2014-07-14,All-Floors,Non-HKUST,34,233,398936,5822589852,909681199,6732271051
2014-07-14,All-Floors,Total,1656,13622,15156672,424893017574,68755165783,493648183357
2014-07-15,1,Staff,59,403,787396,3890076608,426989144,4317065752
2014-07-15,1,TPG,13,109,158190,33251436406,1561145155,34812581561
2014-07-15,1,RPG,17,86,137893,3444378388,297993636,3742372024
2014-07-15,1,UG,63,380,755873,19571612828,5224803783,24796416611
2014-07-15,1,Alumni,2,5,3596,68993749,6380301,75374050
2014-07-15,1,Others(HKUST),6,63,7311,17048952,19907766,36956718
2014-07-15,1,Non-HKUST,7,34,26392,29410487,50776021,80186508
2014-07-15,1,Total,167,1080,1876651,60272957418,7587995806,67860953224
2014-07-15,G,Staff,122,685,495658,6685284856,799563149,7484848005
2014-07-15,G,TPG,60,407,396293,6644730577,585166924,7229897501
2014-07-15,G,RPG,148,684,584595,11215289124,3654754296,14870043420
2014-07-15,G,UG,295,1231,1096765,18540276017,1600896132,20141172149
2014-07-15,G,Alumni,11,56,87133,545036641,71180645,616217286
2014-07-15,G,Others(HKUST),20,408,149961,4774422135,294062964,5068485099
2014-07-15,G,Non-HKUST,15,62,74875,700838412,139662548,840500960
2014-07-15,G,Total,671,3533,2885280,49105877762,7145286658,56251164420
2014-07-15,LG1,Staff,113,553,461885,1998025369,297387525,2295412894
2014-07-15,LG1,TPG,76,746,1009453,9031722316,902157701,9933880017
2014-07-15,LG1,RPG,161,1283,1617245,24953945393,2807211602,27761156995
2014-07-15,LG1,UG,453,4076,5000363,68785274868,7456025634,76241300502
2014-07-15,LG1,Alumni,23,152,203674,6040737595,259769370,6300506965
2014-07-15,LG1,Others(HKUST),15,295,51301,119003927,135847817,254851744
2014-07-15,LG1,Non-HKUST,16,88,82350,858157041,74901278,933058319
2014-07-15,LG1,Total,857,7193,8426271,111786866509,11933300927,123720167436
2014-07-15,LG3,Staff,140,340,185031,3357385682,537966736,3895352418
2014-07-15,LG3,TPG,30,135,171519,4682366316,692268908,5374635224
2014-07-15,LG3,RPG,182,629,708769,17904443826,1322821235,19227265061
2014-07-15,LG3,UG,283,762,924922,15908560998,2640239712,18548800710
2014-07-15,LG3,Alumni,14,47,124100,4403802683,254255122,4658057805
2014-07-15,LG3,Others(HKUST),16,105,19464,49691700,10409815,60101515
2014-07-15,LG3,Non-HKUST,14,53,35364,308467224,13055899,321523123
2014-07-15,LG3,Total,679,2071,2169169,46614718429,5471017427,52085735856
2014-07-15,LG4,Staff,109,291,267932,3106489975,385589000,3492078975
2014-07-15,LG4,TPG,34,335,436315,14662754585,4493611449,19156366034
2014-07-15,LG4,RPG,120,575,525669,11685577475,5754120864,17439698339
2014-07-15,LG4,UG,213,803,856691,29785717782,4183857413,33969575195
2014-07-15,LG4,Alumni,9,108,287230,6851224486,341529473,7192753959
2014-07-15,LG4,Others(HKUST),14,266,152719,5635457523,242884380,5878341903
2014-07-15,LG4,Non-HKUST,11,29,21217,7637774101,403072165,8040846266
2014-07-15,LG4,Total,510,2407,2547773,79364995927,15804664744,95169660671
2014-07-15,All-Floors,Staff,349,2272,2197902,19037262490,2447495554,21484758044
2014-07-15,All-Floors,TPG,114,1732,2171770,68273010200,8234350137,76507360337
2014-07-15,All-Floors,RPG,389,3257,3574171,69203634206,13836901633,83040535839
2014-07-15,All-Floors,UG,803,7252,8634614,152591442493,21105822674,173697265167
2014-07-15,All-Floors,Alumni,32,368,705733,17909795154,933114911,18842910065
2014-07-15,All-Floors,Others(HKUST),30,1137,380756,10595624237,703112742,11298736979
2014-07-15,All-Floors,Non-HKUST,40,266,240198,9534647265,681467911,10216115176
2014-07-15,All-Floors,Total,1757,16284,17905144,347145416045,47942265562,395087681607
2014-07-16,1,Staff,54,372,733819,2938519962,312217179,3250737141
2014-07-16,1,TPG,10,69,140525,4344467720,621233298,4965701018
2014-07-16,1,RPG,24,102,160355,4257184499,450096210,4707280709
2014-07-16,1,UG,57,267,424507,18581884015,1897692968,20479576983
2014-07-16,1,Alumni,1,5,5038,9383238,2842204,12225442
2014-07-16,1,Others(HKUST),6,20,29506,288181195,25336767,313517962
2014-07-16,1,Non-HKUST,5,7,16689,2421113,903338,3324451
2014-07-16,1,Total,157,842,1510439,30422041742,3310321964,33732363706
2014-07-16,G,Staff,123,621,596040,5790561841,643093966,6433655807
2014-07-16,G,TPG,59,446,432528,2250958520,996897531,3247856051
2014-07-16,G,RPG,146,749,846968,19215279747,6628094974,25843374721
2014-07-16,G,UG,403,1469,1273137,15419975948,1436830248,16856806196
2014-07-16,G,Alumni,12,47,71772,1597811408,326271998,1924083406
2014-07-16,G,Others(HKUST),21,207,167440,530943403,175843443,706786846
2014-07-16,G,Non-HKUST,20,160,113751,1173494965,339370605,1512865570
2014-07-16,G,Total,784,3699,3501636,45979025832,10546402765,56525428597
2014-07-16,LG1,Staff,118,530,444006,10900930044,523700977,11424631021
2014-07-16,LG1,TPG,77,742,1041584,19145232210,8278847572,27424079782
2014-07-16,LG1,RPG,140,1092,1301740,11830104907,1885018400,13715123307
2014-07-16,LG1,UG,551,4140,4314779,73047550432,6058974006,79106524438
2014-07-16,LG1,Alumni,15,151,206392,8552236139,1006256055,9558492194
2014-07-16,LG1,Others(HKUST),17,134,125243,148408785,38986348,187395133
2014-07-16,LG1,Non-HKUST,20,168,141439,451744293,364490519,816234812
2014-07-16,LG1,Total,938,6957,7575183,124076206810,18156273877,142232480687
2014-07-16,LG3,Staff,161,327,202623,4771642913,809726127,5581369040
2014-07-16,LG3,TPG,38,166,341503,8868927452,846021271,9714948723
2014-07-16,LG3,RPG,157,581,721796,9899606874,892984635,10792591509
2014-07-16,LG3,UG,369,894,878813,12717545802,1287962816,14005508618
2014-07-16,LG3,Alumni,7,11,3831,143953589,12196343,156149932
2014-07-16,LG3,Others(HKUST),17,30,4184,829884,453261,1283145
2014-07-16,LG3,Non-HKUST,13,39,12851,123206875,99886509,223093384
2014-07-16,LG3,Total,762,2048,2165601,36525713389,3949230962,40474944351
2014-07-16,LG4,Staff,108,315,267125,3250263974,2320548993,5570812967
2014-07-16,LG4,TPG,37,238,244839,13117049262,3476835576,16593884838
2014-07-16,LG4,RPG,131,577,677125,91115042165,5277188845,96392231010
2014-07-16,LG4,UG,279,923,885169,16417176401,1581572991,17998749392
2014-07-16,LG4,Alumni,12,145,319065,45058352195,12738098583,57796450778
2014-07-16,LG4,Others(HKUST),14,110,155023,5908767061,228272374,6137039435
2014-07-16,LG4,Non-HKUST,14,83,123452,2031798928,449868571,2481667499
2014-07-16,LG4,Total,595,2391,2671798,176898449986,26072385933,202970835919
2014-07-16,All-Floors,Staff,345,2165,2243613,27651918734,4609287242,32261205976
2014-07-16,All-Floors,TPG,117,1661,2200979,47726635164,14219835248,61946470412
2014-07-16,All-Floors,RPG,370,3101,3707984,136317218192,15133383064,151450601256
2014-07-16,All-Floors,UG,1000,7693,7776405,136184132598,12263033029,148447165627
2014-07-16,All-Floors,Alumni,23,359,606098,55361736569,14085665183,69447401752
2014-07-16,All-Floors,Others(HKUST),40,501,481396,6877130328,468892193,7346022521
2014-07-16,All-Floors,Non-HKUST,44,457,408182,3782666174,1254519542,5037185716
2014-07-16,All-Floors,Total,1939,15937,17424657,413901437759,62034615501,475936053260
2014-07-17,1,Staff,57,449,687069,3765561229,480745380,4246306609
2014-07-17,1,TPG,12,85,172087,9075258589,4115006280,13190264869
2014-07-17,1,RPG,17,43,74697,641806578,72922740,714729318
2014-07-17,1,UG,36,220,487486,7386261794,733582765,8119844559
2014-07-17,1,Alumni,2,4,2640,356675,401366,758041
2014-07-17,1,Others(HKUST),9,39,71996,642473950,150571758,793045708
2014-07-17,1,Non-HKUST,4,29,36475,160765464,18078256,178843720
2014-07-17,1,Total,137,869,1532450,21672484279,5571308545,27243792824
2014-07-17,G,Staff,113,604,531714,24809931366,2295390415,27105321781
2014-07-17,G,TPG,70,350,348992,9415557293,2395280928,11810838221
2014-07-17,G,RPG,119,527,552659,8751828891,5173978299,13925807190
2014-07-17,G,UG,259,1164,1363604,28545239468,4078800005,32624039473
2014-07-17,G,Alumni,12,27,6373,51100392,8582192,59682584
2014-07-17,G,Others(HKUST),17,300,388882,31066740554,1492937145,32559677699
2014-07-17,G,Non-HKUST,19,171,63233,1456043622,173760557,1629804179
2014-07-17,G,Total,609,3143,3255457,104096441586,15618729541,119715171127
2014-07-17,LG1,Staff,101,383,359617,2215453349,168983643,2384436992
2014-07-17,LG1,TPG,81,850,1006048,20435568222,2281599469,22717167691
2014-07-17,LG1,RPG,136,1112,1520863,11258087891,10414055184,21672143075
2014-07-17,LG1,UG,407,3659,4826759,55910074188,9771803339,65681877527
2014-07-17,LG1,Alumni,20,237,301962,7329465348,1384095519,8713560867
2014-07-17,LG1,Others(HKUST),15,104,44951,121767757,20935643,142703400
2014-07-17,LG1,Non-HKUST,14,257,175180,1583208679,126330496,1709539175
2014-07-17,LG1,Total,774,6602,8235380,98853625434,24167803293,123021428727
2014-07-17,LG3,Staff,138,323,129125,748735225,137595526,886330751
2014-07-17,LG3,TPG,46,215,366442,6829615991,625658245,7455274236
2014-07-17,LG3,RPG,159,547,533937,12619617006,1262101390,13881718396
2014-07-17,LG3,UG,248,671,711849,29939793197,5281888013,35221681210
2014-07-17,LG3,Alumni,11,76,87414,747604271,76969498,824573769
2014-07-17,LG3,Others(HKUST),21,78,43821,2374501971,178101627,2552603598
2014-07-17,LG3,Non-HKUST,14,65,121565,1790340164,216898149,2007238313
2014-07-17,LG3,Total,637,1975,1994153,55050207825,7779212448,62829420273
2014-07-17,LG4,Staff,117,320,173092,4104022900,7331794401,11435817301
2014-07-17,LG4,TPG,39,344,608496,17328146615,1538505937,18866652552
2014-07-17,LG4,RPG,136,580,656874,7581817258,928755038,8510572296
2014-07-17,LG4,UG,232,725,878442,41043100851,2457733580,43500834431
2014-07-17,LG4,Alumni,8,91,254241,479829373,53604852,533434225
2014-07-17,LG4,Others(HKUST),14,126,169180,10492480392,1116675099,11609155491
2014-07-17,LG4,Non-HKUST,13,73,144136,2095976007,244956091,2340932098
2014-07-17,LG4,Total,559,2259,2884461,83125373396,13672024998,96797398394
2014-07-17,All-Floors,Staff,316,2079,1880617,35643704069,10414509365,46058213434
2014-07-17,All-Floors,TPG,132,1844,2502065,63084146710,10956050859,74040197569
2014-07-17,All-Floors,RPG,359,2809,3339030,40853157624,17851812651,58704970275
2014-07-17,All-Floors,UG,732,6439,8268140,162824469498,22323807702,185148277200
2014-07-17,All-Floors,Alumni,24,435,652630,8608356059,1523653427,10132009486
2014-07-17,All-Floors,Others(HKUST),34,647,718830,44697964624,2959221272,47657185896
2014-07-17,All-Floors,Non-HKUST,36,595,540589,7086333936,780023549,7866357485
2014-07-17,All-Floors,Total,1633,14848,17901901,362798132520,66809078825,429607211345
2014-07-18,1,Staff,60,458,635178,2722962253,337597610,3060559863
2014-07-18,1,TPG,8,27,38779,1296041462,199856212,1495897674
2014-07-18,1,RPG,20,96,125658,1630857177,150980238,1781837415
2014-07-18,1,UG,58,256,325863,5452598205,1722024929,7174623134
2014-07-18,1,Alumni,1,2,10329,228309383,7260506,235569889
2014-07-18,1,Others(HKUST),10,38,77991,113731486,19590471,133321957
2014-07-18,1,Non-HKUST,4,11,35782,1243434661,46741104,1290175765
2014-07-18,1,Total,161,888,1249580,12687934627,2484051070,15171985697
2014-07-18,G,Staff,87,380,331641,9829081634,578045162,10407126796
2014-07-18,G,TPG,42,165,139614,1949279067,164566123,2113845190
2014-07-18,G,RPG,95,398,390664,11399496593,865294927,12264791520
2014-07-18,G,UG,238,1115,983562,40216323154,11312182365,51528505519
2014-07-18,G,Alumni,4,7,5029,37902141,4964975,42867116
2014-07-18,G,Others(HKUST),21,90,110646,364185269,49994968,414180237
2014-07-18,G,Non-HKUST,12,67,121586,5398091116,604262618,6002353734
2014-07-18,G,Total,499,2222,2082742,69194358974,13579311138,82773670112
2014-07-18,LG1,Staff,115,598,712938,14225477033,1773417856,15998894889
2014-07-18,LG1,TPG,75,943,1102587,32005688341,3312989302,35318677643
2014-07-18,LG1,RPG,144,1047,1349379,20866134835,8127916626,28994051461
2014-07-18,LG1,UG,435,3308,4384307,91842693208,18123263722,109965956930
2014-07-18,LG1,Alumni,6,109,192999,3715026819,277331612,3992358431
2014-07-18,LG1,Others(HKUST),20,162,158530,3756202506,3563089071,7319291577
2014-07-18,LG1,Non-HKUST,7,82,78217,1964586004,144225478,2108811482
2014-07-18,LG1,Total,802,6249,7978957,168375808746,35322233667,203698042413
2014-07-18,LG3,Staff,159,306,153607,3552949912,1137598231,4690548143
2014-07-18,LG3,TPG,37,198,306257,8682252148,3334716351,12016968499
2014-07-18,LG3,RPG,155,551,680997,11310467642,1240947026,12551414668
2014-07-18,LG3,UG,314,930,899264,19431236132,6563274392,25994510524
2014-07-18,LG3,Alumni,4,20,45203,1625471862,98104802,1723576664
2014-07-18,LG3,Others(HKUST),23,72,37561,884054749,110752923,994807672
2014-07-18,LG3,Non-HKUST,9,49,10186,102002350,17256943,119259293
2014-07-18,LG3,Total,701,2126,2133075,45588434795,12502650668,58091085463
2014-07-18,LG4,Staff,108,240,150395,2734062425,567631400,3301693825
2014-07-18,LG4,TPG,39,226,289562,3860444418,1004688622,4865133040
2014-07-18,LG4,RPG,126,510,697489,20634936069,10138686624,30773622693
2014-07-18,LG4,UG,204,590,700217,15592081894,3535385263,19127467157
2014-07-18,LG4,Alumni,0,0,0,0,0,0
2014-07-18,LG4,Others(HKUST),20,158,121593,21113463810,1636580829,22750044639
2014-07-18,LG4,Non-HKUST,14,92,105167,12143283511,1169816464,13313099975
2014-07-18,LG4,Total,511,1816,2064423,76078272127,18052789202,94131061329
2014-07-18,All-Floors,Staff,330,1982,1983759,33064533257,4394290259,37458823516
2014-07-18,All-Floors,TPG,100,1559,1876799,47793705436,8016816610,55810522046
2014-07-18,All-Floors,RPG,338,2602,3244187,65841892316,20523825441,86365717757
2014-07-18,All-Floors,UG,766,6199,7293213,172534932593,41256130671,213791063264
2014-07-18,All-Floors,Alumni,11,138,253560,5606710205,387661895,5994372100
2014-07-18,All-Floors,Others(HKUST),45,520,506321,26231637820,5380008262,31611646082
2014-07-18,All-Floors,Non-HKUST,25,301,350938,20851397642,1982302607,22833700249
2014-07-18,All-Floors,Total,1615,13301,15508777,371924809269,81941035745,453865845014
2014-07-19,1,Staff,11,124,193924,255475227,35717719,291192946
2014-07-19,1,TPG,2,5,15363,937632482,130545673,1068178155
2014-07-19,1,RPG,9,16,63317,1075614475,537134102,1612748577
2014-07-19,1,UG,29,261,468345,23511730986,2826561891,26338292877
2014-07-19,1,Alumni,4,15,110455,2398793600,162898365,2561691965
2014-07-19,1,Others(HKUST),4,21,65059,22125624,33773993,55899617
2014-07-19,1,Non-HKUST,3,3,601,48695,55864,104559
2014-07-19,1,Total,62,445,917064,28201421089,3726687607,31928108696
2014-07-19,G,Staff,34,187,179391,10067638891,597644662,10665283553
2014-07-19,G,TPG,44,225,260724,7061815453,423033551,7484849004
2014-07-19,G,RPG,77,363,523713,17179373069,4086096232,21265469301
2014-07-19,G,UG,165,644,597434,8516246888,1626362767,10142609655
2014-07-19,G,Alumni,13,65,39464,580483926,1329721901,1910205827
2014-07-19,G,Others(HKUST),18,108,176929,7593763924,483838829,8077602753
2014-07-19,G,Non-HKUST,16,68,95545,2534723343,1558223615,4092946958
2014-07-19,G,Total,367,1660,1873200,53534045494,10104921557,63638967051
2014-07-19,LG1,Staff,37,163,250484,3797493197,178922935,3976416132
2014-07-19,LG1,TPG,84,730,980296,36488526291,4131035263,40619561554
2014-07-19,LG1,RPG,83,478,729270,21710154366,4684796146,26394950512
2014-07-19,LG1,UG,265,2532,3716242,95734911043,22103191685,117838102728
2014-07-19,LG1,Alumni,20,142,218855,5776564253,1373724684,7150288937
2014-07-19,LG1,Others(HKUST),10,24,36083,848222574,415562603,1263785177
2014-07-19,LG1,Non-HKUST,8,55,121858,2692685069,563961060,3256646129
2014-07-19,LG1,Total,507,4124,6053088,167048556793,33451194376,200499751169
2014-07-19,LG3,Staff,48,128,92033,2695104185,303377486,2998481671
2014-07-19,LG3,TPG,53,285,291236,10501128727,3760209276,14261338003
2014-07-19,LG3,RPG,93,320,407706,20479885943,2299951408,22779837351
2014-07-19,LG3,UG,180,444,470417,19201792842,4371739378,23573532220
2014-07-19,LG3,Alumni,13,114,195523,3700496618,871450561,4571947179
2014-07-19,LG3,Others(HKUST),10,47,88092,2363868678,385322675,2749191353
2014-07-19,LG3,Non-HKUST,10,41,60480,2500837290,276364526,2777201816
2014-07-19,LG3,Total,407,1379,1605487,61443114283,12268415310,73711529593
2014-07-19,LG4,Staff,28,79,116168,5903684116,598007940,6501692056
2014-07-19,LG4,TPG,43,233,264737,3519522700,1690265487,5209788187
2014-07-19,LG4,RPG,75,204,241851,35211726484,2170764977,37382491461
2014-07-19,LG4,UG,149,579,639874,11145764589,1407256260,12553020849
2014-07-19,LG4,Alumni,17,120,243021,9639579742,542367887,10181947629
2014-07-19,LG4,Others(HKUST),10,122,251511,15789855389,978615875,16768471264
2014-07-19,LG4,Non-HKUST,11,59,48131,160917281,13890431,174807712
2014-07-19,LG4,Total,333,1396,1805293,81371050301,7401168857,88772219158
2014-07-19,All-Floors,Staff,100,681,832000,22719395616,1713670742,24433066358
2014-07-19,All-Floors,TPG,135,1478,1812356,58508625653,10135089250,68643714903
2014-07-19,All-Floors,RPG,227,1381,1965857,95656754337,13778742865,109435497202
2014-07-19,All-Floors,UG,466,4460,5892312,158110446348,32335111981,190445558329
2014-07-19,All-Floors,Alumni,41,456,807318,22095918139,4280163398,26376081537
2014-07-19,All-Floors,Others(HKUST),32,322,617674,26617836189,2297113975,28914950164
2014-07-19,All-Floors,Non-HKUST,29,226,326615,7889211678,2412495496,10301707174
2014-07-19,All-Floors,Total,1030,9004,12254132,391598187960,66952387707,458550575667
2014-07-20,1,Staff,8,152,93517,140959776,38516629,179476405
2014-07-20,1,TPG,7,74,95671,3911042882,1017754129,4928797011
2014-07-20,1,RPG,11,13,15963,248365053,302040098,550405151
2014-07-20,1,UG,20,180,319756,14389457679,1286325875,15675783554
2014-07-20,1,Alumni,1,7,35755,239381839,22093871,261475710
2014-07-20,1,Others(HKUST),1,17,67990,2378842,909195,3288037
2014-07-20,1,Non-HKUST,1,1,240,101347138,11331219,112678357
2014-07-20,1,Total,49,444,628892,19032933209,2678971016,21711904225
2014-07-20,G,Staff,21,97,74983,2293956957,225900888,2519857845
2014-07-20,G,TPG,27,137,141763,3667569575,232916816,3900486391
2014-07-20,G,RPG,50,313,355956,58382230210,8192786997,66575017207
2014-07-20,G,UG,140,596,559949,30855738786,2267621804,33123360590
2014-07-20,G,Alumni,16,88,52184,1913042836,129276848,2042319684
2014-07-20,G,Others(HKUST),5,13,24824,16042510,5578809,21621319
2014-07-20,G,Non-HKUST,9,24,31563,160137752,19451870,179589622
2014-07-20,G,Total,268,1268,1241222,97288718626,11073534032,108362252658
2014-07-20,LG1,Staff,16,100,186605,1263346612,1745722977,3009069589
2014-07-20,LG1,TPG,56,357,509276,17987216874,6113888028,24101104902
2014-07-20,LG1,RPG,58,307,410331,10239461761,906174941,11145636702
2014-07-20,LG1,UG,265,2080,3484445,86183103997,18799182779,104982286776
2014-07-20,LG1,Alumni,26,109,163940,6016735117,518662511,6535397628
2014-07-20,LG1,Others(HKUST),4,35,53291,4840097452,197401737,5037499189
2014-07-20,LG1,Non-HKUST,9,30,57615,780849511,206962386,987811897
2014-07-20,LG1,Total,434,3018,4865503,127310811324,28487995359,155798806683
2014-07-20,LG3,Staff,29,66,82554,2347235315,591097181,2938332496
2014-07-20,LG3,TPG,42,151,280045,10419964813,1083514389,11503479202
2014-07-20,LG3,RPG,74,122,71206,9626508897,943775374,10570284271
2014-07-20,LG3,UG,162,427,492844,13659878291,3022000736,16681879027
2014-07-20,LG3,Alumni,18,82,115643,1531745148,118284294,1650029442
2014-07-20,LG3,Others(HKUST),5,5,1318,55521,53236,108757
2014-07-20,LG3,Non-HKUST,3,11,121,41516,25055,66571
2014-07-20,LG3,Total,333,864,1043731,37585429501,5758750265,43344179766
2014-07-20,LG4,Staff,26,106,96738,4310800657,331989657,4642790314
2014-07-20,LG4,TPG,25,148,256235,8067200453,839609005,8906809458
2014-07-20,LG4,RPG,69,179,279008,5117011433,466856355,5583867788
2014-07-20,LG4,UG,138,499,543333,16613736120,4249877300,20863613420
2014-07-20,LG4,Alumni,16,69,115365,1199217690,156222800,1355440490
2014-07-20,LG4,Others(HKUST),4,37,159710,15370499023,896889906,16267388929
2014-07-20,LG4,Non-HKUST,11,26,42935,1274904802,109242644,1384147446
2014-07-20,LG4,Total,289,1064,1493324,51953370178,7050687667,59004057845
2014-07-20,All-Floors,Staff,64,521,534397,10356299317,2933227332,13289526649
2014-07-20,All-Floors,TPG,94,867,1282990,44052994597,9287682367,53340676964
2014-07-20,All-Floors,RPG,186,934,1132464,83613577354,10811633765,94425211119
2014-07-20,All-Floors,UG,465,3782,5400327,161701914873,29625008494,191326923367
2014-07-20,All-Floors,Alumni,41,355,482887,10900122630,944540324,11844662954
2014-07-20,All-Floors,Others(HKUST),14,107,307133,20229073348,1100832883,21329906231
2014-07-20,All-Floors,Non-HKUST,28,92,132474,2317280719,347013174,2664293893
2014-07-20,All-Floors,Total,892,6658,9272672,333171262838,55049938339,388221201177
2014-07-21,1,Staff,51,379,548894,4855623324,607933291,5463556615
2014-07-21,1,TPG,4,6,21356,523227207,98767656,621994863
2014-07-21,1,RPG,13,84,138312,1367190060,226052324,1593242384
2014-07-21,1,UG,68,338,543724,18393224361,1862839181,20256063542
2014-07-21,1,Alumni,1,2,4558,20358514,2184880,22543394
2014-07-21,1,Others(HKUST),4,26,67071,32637842,17320119,49957961
2014-07-21,1,Non-HKUST,0,0,0,0,0,0
2014-07-21,1,Total,141,835,1323915,25192261308,2815097451,28007358759
2014-07-21,G,Staff,109,488,496001,22378457904,2587399583,24965857487
2014-07-21,G,TPG,72,374,341047,14054550296,2849762932,16904313228
2014-07-21,G,RPG,139,622,738644,16789594532,9645157997,26434752529
2014-07-21,G,UG,350,1640,1460902,59677960205,9495834418,69173794623
2014-07-21,G,Alumni,9,26,26272,287895504,20274216,308169720
2014-07-21,G,Others(HKUST),17,56,82471,2051961477,5852447723,7904409200
2014-07-21,G,Non-HKUST,18,108,171028,3282952766,343931271,3626884037
2014-07-21,G,Total,714,3314,3316365,118523372684,30794808140,149318180824
2014-07-21,LG1,Staff,104,485,433194,7545689495,888207083,8433896578
2014-07-21,LG1,TPG,90,1071,1520784,41586633640,12291315560,53877949200
2014-07-21,LG1,RPG,124,809,968186,17901395637,28591715008,46493110645
2014-07-21,LG1,UG,511,3433,4678330,142037321681,24041738002,166079059683
2014-07-21,LG1,Alumni,16,129,184539,8788399908,1499944005,10288343913
2014-07-21,LG1,Others(HKUST),29,77,84316,1380064752,1475418157,2855482909
2014-07-21,LG1,Non-HKUST,25,160,190452,5274177770,770945358,6045123128
2014-07-21,LG1,Total,899,6164,8059801,224513682883,69559283173,294072966056
2014-07-21,LG3,Staff,129,277,121885,5099359458,394180556,5493540014
2014-07-21,LG3,TPG,40,135,160164,1940138541,667568921,2607707462
2014-07-21,LG3,RPG,151,576,559211,10811167356,1029230157,11840397513
2014-07-21,LG3,UG,315,871,958634,27865609690,2284838497,30150448187
2014-07-21,LG3,Alumni,8,39,30152,1939852637,67170862,2007023499
2014-07-21,LG3,Others(HKUST),25,50,26022,360310342,44207203,404517545
2014-07-21,LG3,Non-HKUST,10,49,72266,2268931225,295205957,2564137182
2014-07-21,LG3,Total,678,1997,1928334,50285369249,4782402153,55067771402
2014-07-21,LG4,Staff,127,339,172996,1755610710,232205198,1987815908
2014-07-21,LG4,TPG,41,466,651456,39226064845,3885220664,43111285509
2014-07-21,LG4,RPG,128,701,966807,44175417620,5198185564,49373603184
2014-07-21,LG4,UG,291,903,903219,24815398477,3238739428,28054137905
2014-07-21,LG4,Alumni,5,40,108446,7602677200,282861272,7885538472
2014-07-21,LG4,Others(HKUST),31,119,191831,19500848474,1216668877,20717517351
2014-07-21,LG4,Non-HKUST,13,166,244743,9242341768,704396664,9946738432
2014-07-21,LG4,Total,636,2734,3239498,146318359094,14758277667,161076636761
2014-07-21,All-Floors,Staff,357,1968,1772970,41634740891,4709925711,46344666602
2014-07-21,All-Floors,TPG,133,2052,2694807,97330614529,19792635733,117123250262
2014-07-21,All-Floors,RPG,346,2792,3371160,91044765205,44690341050,135735106255
2014-07-21,All-Floors,UG,945,7185,8544809,272789514414,40923989526,313713503940
2014-07-21,All-Floors,Alumni,24,236,353967,18639183763,1872435235,20511618998
2014-07-21,All-Floors,Others(HKUST),63,328,451711,23325822887,8606062079,31931884966
2014-07-21,All-Floors,Non-HKUST,41,483,678489,20068403529,2114479250,22182882779
2014-07-21,All-Floors,Total,1909,15044,17867913,564833045218,122709868584,687542913802
2014-07-22,1,Staff,60,560,751732,10285258212,767240330,11052498542
2014-07-22,1,TPG,12,125,154481,10180017779,7534967699,17714985478
2014-07-22,1,RPG,26,98,181962,2946682424,213198710,3159881134
2014-07-22,1,UG,51,401,831871,40190782007,5700332893,45891114900
2014-07-22,1,Alumni,0,0,0,0,0,0
2014-07-22,1,Others(HKUST),4,63,42119,32253669,4908601,37162270
2014-07-22,1,Non-HKUST,1,1,1560,1011139,5989080,7000219
2014-07-22,1,Total,154,1248,1963725,63636005230,14226637313,77862642543
2014-07-22,G,Staff,120,723,544513,9966913818,2886781787,12853695605
2014-07-22,G,TPG,56,310,409972,6781300135,1261195951,8042496086
2014-07-22,G,RPG,169,624,602772,30328197076,28748922477,59077119553
2014-07-22,G,UG,318,1294,1198634,33435499209,5009768559,38445267768
2014-07-22,G,Alumni,10,44,55145,2078044603,79364393,2157408996
2014-07-22,G,Others(HKUST),20,42,55332,238065961,57649151,295715112
2014-07-22,G,Non-HKUST,24,136,104240,3459604754,252646378,3712251132
2014-07-22,G,Total,717,3173,2970608,86287625556,38296328696,124583954252
2014-07-22,LG1,Staff,112,402,440210,15843443525,4555794347,20399237872
2014-07-22,LG1,TPG,82,782,1158913,15283702221,2146399581,17430101802
2014-07-22,LG1,RPG,130,1032,1313733,32304747710,6091282241,38396029951
2014-07-22,LG1,UG,443,3485,4816726,115623629731,29645182478,145268812209
2014-07-22,LG1,Alumni,15,204,212684,8244263156,1307187132,9551450288
2014-07-22,LG1,Others(HKUST),20,93,116396,1055657417,106122285,1161779702
2014-07-22,LG1,Non-HKUST,14,68,62284,2522214756,115798112,2638012868
2014-07-22,LG1,Total,816,6066,8120946,190877658516,43967766176,234845424692
2014-07-22,LG3,Staff,138,380,298922,10585798292,723201303,11308999595
2014-07-22,LG3,TPG,31,168,127765,6929127695,632502532,7561630227
2014-07-22,LG3,RPG,200,636,821784,11870014677,6827931032,18697945709
2014-07-22,LG3,UG,309,868,789076,30920370545,3323844027,34244214572
2014-07-22,LG3,Alumni,6,14,27249,89341100,8527821,97868921
2014-07-22,LG3,Others(HKUST),19,48,48021,1062457722,112994132,1175451854
2014-07-22,LG3,Non-HKUST,14,29,17045,11473385,3166065,14639450
2014-07-22,LG3,Total,717,2143,2129862,61468583416,11632166912,73100750328
2014-07-22,LG4,Staff,127,377,245261,10981897613,3731108313,14713005926
2014-07-22,LG4,TPG,39,326,397970,7244754793,8566127233,15810882026
2014-07-22,LG4,RPG,158,638,758050,52774800159,6731372906,59506173065
2014-07-22,LG4,UG,283,997,1100961,19589037343,6401147401,25990184744
2014-07-22,LG4,Alumni,13,74,143707,4513471966,469443311,4982915277
2014-07-22,LG4,Others(HKUST),16,135,204748,15663495549,844355690,16507851239
2014-07-22,LG4,Non-HKUST,13,95,37896,350265213,24548108,374813321
2014-07-22,LG4,Total,649,2642,2888593,111117722636,26768102962,137885825598
2014-07-22,All-Floors,Staff,342,2442,2280638,57663311460,12664126080,70327437540
2014-07-22,All-Floors,TPG,118,1711,2249101,46418902623,20141192996,66560095619
2014-07-22,All-Floors,RPG,420,3028,3678301,130224442046,48612707366,178837149412
2014-07-22,All-Floors,UG,827,7045,8737268,239759318835,50080275358,289839594193
2014-07-22,All-Floors,Alumni,29,336,438785,14925120825,1864522657,16789643482
2014-07-22,All-Floors,Others(HKUST),53,381,466616,18051930318,1126029859,19177960177
2014-07-22,All-Floors,Non-HKUST,39,329,223025,6344569247,402147743,6746716990
2014-07-22,All-Floors,Total,1828,15272,18073734,513387595354,134891002059,648278597413
2014-07-23,1,Staff,59,554,893234,20460512789,1222444239,21682957028
2014-07-23,1,TPG,9,85,177834,24463413694,5483427121,29946840815
2014-07-23,1,RPG,17,53,133036,891392789,97403611,988796400
2014-07-23,1,UG,47,330,745780,13002876872,8192302906,21195179778
2014-07-23,1,Alumni,2,14,9609,143938186,7973696,151911882
2014-07-23,1,Others(HKUST),5,68,14952,28007505,4740381,32747886
2014-07-23,1,Non-HKUST,1,2,9835,849153,391168,1240321
2014-07-23,1,Total,140,1106,1984280,58990990988,15008683122,73999674110
2014-07-23,G,Staff,150,710,542516,10217175762,2522803075,12739978837
2014-07-23,G,TPG,65,303,264580,3402630967,1206834653,4609465620
2014-07-23,G,RPG,164,726,721411,16543556593,4802604703,21346161296
2014-07-23,G,UG,388,1547,1216276,79703277858,7268155387,86971433245
2014-07-23,G,Alumni,11,57,88667,1283490759,82073802,1365564561
2014-07-23,G,Others(HKUST),30,101,133846,851459925,96504124,947964049
2014-07-23,G,Non-HKUST,18,61,41153,970500865,78002164,1048503029
2014-07-23,G,Total,826,3505,3008449,112972092729,16056977908,129029070637
2014-07-23,LG1,Staff,138,538,565294,28858317003,3030473757,31888790760
2014-07-23,LG1,TPG,80,755,962789,14528509450,3527321678,18055831128
2014-07-23,LG1,RPG,155,1031,1250322,25433652642,3991991603,29425644245
2014-07-23,LG1,UG,538,3701,4673706,110107632776,17365792493,127473425269
2014-07-23,LG1,Alumni,17,131,200368,7314026125,607157544,7921183669
2014-07-23,LG1,Others(HKUST),23,110,82918,620552205,76378817,696931022
2014-07-23,LG1,Non-HKUST,20,127,176941,2476131882,323680430,2799812312
2014-07-23,LG1,Total,971,6393,7912338,189338822083,28922796322,218261618405
2014-07-23,LG3,Staff,139,339,175949,4814727094,501527750,5316254844
2014-07-23,LG3,TPG,42,165,316026,10774583219,3168919897,13943503116
2014-07-23,LG3,RPG,123,562,658413,37439470878,4260231574,41699702452
2014-07-23,LG3,UG,301,848,853215,28602145192,7721666364,36323811556
2014-07-23,LG3,Alumni,9,27,25052,206373416,43367761,249741177
2014-07-23,LG3,Others(HKUST),13,38,32337,1173080447,53736563,1226817010
2014-07-23,LG3,Non-HKUST,21,55,145930,3494930489,1263392299,4758322788
2014-07-23,LG3,Total,648,2034,2206922,86505310735,17012842208,103518152943
2014-07-23,LG4,Staff,77,274,284331,25292267660,1453920108,26746187768
2014-07-23,LG4,TPG,40,482,747278,31190928556,8644079928,39835008484
2014-07-23,LG4,RPG,109,674,906752,56391903608,4189040456,60580944064
2014-07-23,LG4,UG,205,580,660282,27202204950,10495863215,37698068165
2014-07-23,LG4,Alumni,10,118,174747,9868976913,1356631801,11225608714
2014-07-23,LG4,Others(HKUST),17,105,188108,16570808942,799039993,17369848935
2014-07-23,LG4,Non-HKUST,11,45,71494,1306111913,71425327,1377537240
2014-07-23,LG4,Total,469,2278,3032992,167823202542,27010000828,194833203370
2014-07-23,All-Floors,Staff,354,2415,2461324,89643000308,8731168929,98374169237
2014-07-23,All-Floors,TPG,114,1790,2468507,84360065886,22030583277,106390649163
2014-07-23,All-Floors,RPG,346,3046,3669934,136699976510,17341271947,154041248457
2014-07-23,All-Floors,UG,936,7006,8149259,258618137648,51043780365,309661918013
2014-07-23,All-Floors,Alumni,29,347,498443,18816805399,2097204604,20914010003
2014-07-23,All-Floors,Others(HKUST),59,422,452161,19243909024,1030399878,20274308902
2014-07-23,All-Floors,Non-HKUST,39,290,445353,8248524302,1736891388,9985415690
2014-07-23,All-Floors,Total,1877,15316,18144981,615630419077,104011300388,719641719465
2014-07-24,1,Staff,64,538,890933,21471850987,1106518393,22578369380
2014-07-24,1,TPG,7,67,155350,12094146532,682696919,12776843451
2014-07-24,1,RPG,15,49,155427,1769582662,173800654,1943383316
2014-07-24,1,UG,45,298,543744,8203867139,4992553776,13196420915
2014-07-24,1,Alumni,3,53,86992,4390562118,1483006956,5873569074
2014-07-24,1,Others(HKUST),5,45,15605,16211454,2815184,19026638
2014-07-24,1,Non-HKUST,2,10,30247,14135145,4519474,18654619
2014-07-24,1,Total,141,1060,1878298,47960356037,8445911356,56406267393
2014-07-24,G,Staff,126,600,511140,19627199025,2494444404,22121643429
2014-07-24,G,TPG,52,358,259805,4716112006,1571224499,6287336505
2014-07-24,G,RPG,143,652,672598,12538103182,1084450289,13622553471
2014-07-24,G,UG,265,1108,991866,33631826695,15166964077,48798790772
2014-07-24,G,Alumni,11,39,66950,1486483865,383348802,1869832667
2014-07-24,G,Others(HKUST),21,106,148812,2136410932,2384889680,4521300612
2014-07-24,G,Non-HKUST,9,40,67075,948402473,879389482,1827791955
2014-07-24,G,Total,627,2903,2718246,75084538178,23964711233,99049249411
2014-07-24,LG1,Staff,104,428,512108,10203195440,3610435095,13813630535
2014-07-24,LG1,TPG,76,743,1240951,30544307480,8427535229,38971842709
2014-07-24,LG1,RPG,131,897,1298913,55865978051,5817660897,61683638948
2014-07-24,LG1,UG,347,2354,3732258,71858572748,9161428612,81020001360
2014-07-24,LG1,Alumni,22,180,275606,6913491931,3172954152,10086446083
2014-07-24,LG1,Others(HKUST),27,121,129024,2276366601,146783646,2423150247
2014-07-24,LG1,Non-HKUST,13,100,131871,8489195276,822377009,9311572285
2014-07-24,LG1,Total,720,4823,7320731,186151107527,31159174640,217310282167
2014-07-24,LG3,Staff,134,322,120265,6511891963,502229754,7014121717
2014-07-24,LG3,TPG,36,275,446136,18802995719,3843396388,22646392107
2014-07-24,LG3,RPG,161,516,619457,8593696340,5318839493,13912535833
2014-07-24,LG3,UG,235,628,584736,15884958008,1267104622,17152062630
2014-07-24,LG3,Alumni,11,77,110933,1653005508,911156350,2564161858
2014-07-24,LG3,Others(HKUST),30,96,56313,1996045029,124063529,2120108558
2014-07-24,LG3,Non-HKUST,13,31,76660,957719568,109390645,1067110213
2014-07-24,LG3,Total,620,1945,2014500,54400312135,12076180781,66476492916
2014-07-24,LG4,Staff,119,354,296295,8277674901,1203097987,9480772888
2014-07-24,LG4,TPG,38,217,236413,23022776471,1451620209,24474396680
2014-07-24,LG4,RPG,141,529,681142,8629420200,1749505120,10378925320
2014-07-24,LG4,UG,195,612,930045,18275948789,2083593157,20359541946
2014-07-24,LG4,Alumni,9,32,69847,15647612751,267563899,15915176650
2014-07-24,LG4,Others(HKUST),22,134,201152,8705862394,502620267,9208482661
2014-07-24,LG4,Non-HKUST,7,51,70053,2968573641,143623952,3112197593
2014-07-24,LG4,Total,531,1929,2484947,85527869147,7401624591,92929493738
2014-07-24,All-Floors,Staff,346,2242,2330741,66091812316,8916725633,75008537949
2014-07-24,All-Floors,TPG,116,1660,2338655,89180338208,15976473244,105156811452
2014-07-24,All-Floors,RPG,365,2643,3427537,87396780435,14144256453,101541036888
2014-07-24,All-Floors,UG,687,5000,6782649,147855173379,32671644244,180526817623
2014-07-24,All-Floors,Alumni,33,381,610328,30091156173,6218030159,36309186332
2014-07-24,All-Floors,Others(HKUST),67,502,550906,15130896410,3161172306,18292068716
2014-07-24,All-Floors,Non-HKUST,29,232,375906,13378026103,1959300562,15337326665
2014-07-24,All-Floors,Total,1643,12660,16416722,449124183024,83047602601,532171785625
2014-07-25,1,Staff,58,559,833651,13012905679,768112855,13781018534
2014-07-25,1,TPG,12,38,130429,10173490861,1473041285,11646532146
2014-07-25,1,RPG,15,39,67115,717552373,93828793,811381166
2014-07-25,1,UG,46,169,230438,5578903287,309054211,5887957498
2014-07-25,1,Alumni,3,6,9596,79223563,9115602,88339165
2014-07-25,1,Others(HKUST),9,45,92739,1047025027,72404797,1119429824
2014-07-25,1,Non-HKUST,2,10,27727,32579359,9618250,42197609
2014-07-25,1,Total,145,866,1391695,30641680149,2735175793,33376855942
2014-07-25,G,Staff,133,578,516421,10617236106,867688370,11484924476
2014-07-25,G,TPG,59,334,267220,2800726873,288469719,3089196592
2014-07-25,G,RPG,130,518,457281,9905495483,5694123658,15599619141
2014-07-25,G,UG,226,834,700541,14179950581,1839432721,16019383302
2014-07-25,G,Alumni,10,74,89113,2851771435,336562166,3188333601
2014-07-25,G,Others(HKUST),25,112,198094,12903924224,515975677,13419899901
2014-07-25,G,Non-HKUST,9,21,7182,667318453,26089418,693407871
2014-07-25,G,Total,592,2471,2235852,53926423155,9568341729,63494764884
2014-07-25,LG1,Staff,104,473,476717,13808012221,837197510,14645209731
2014-07-25,LG1,TPG,89,721,1276422,31262025037,8176074555,39438099592
2014-07-25,LG1,RPG,106,796,1067781,29569913799,6517338689,36087252488
2014-07-25,LG1,UG,330,1870,2531830,80367060176,12032819059,92399879235
2014-07-25,LG1,Alumni,18,119,154926,3138059806,1878199717,5016259523
2014-07-25,LG1,Others(HKUST),19,102,97330,2246122607,218657431,2464780038
2014-07-25,LG1,Non-HKUST,13,47,73086,334114183,100643028,434757211
2014-07-25,LG1,Total,679,4128,5678092,160725307829,29760929989,190486237818
2014-07-25,LG3,Staff,140,305,176892,8383799564,514456218,8898255782
2014-07-25,LG3,TPG,38,229,309933,6619425798,2161913525,8781339323
2014-07-25,LG3,RPG,134,327,386183,7813788346,1025204739,8838993085
2014-07-25,LG3,UG,235,576,552477,21266327249,1085434418,22351761667
2014-07-25,LG3,Alumni,7,47,59523,1102181468,201944799,1304126267
2014-07-25,LG3,Others(HKUST),22,66,39477,1232284884,111321540,1343606424
2014-07-25,LG3,Non-HKUST,8,21,24245,71589027,6203077,77792104
2014-07-25,LG3,Total,584,1571,1548730,46489396336,5106478316,51595874652
2014-07-25,LG4,Staff,99,274,245522,5492402583,637037198,6129439781
2014-07-25,LG4,TPG,37,261,354094,7619760545,17715257765,25335018310
2014-07-25,LG4,RPG,110,641,791491,31063209179,5475177134,36538386313
2014-07-25,LG4,UG,196,611,747996,13432814682,2758684838,16191499520
2014-07-25,LG4,Alumni,6,57,76824,23487410342,374403390,23861813732
2014-07-25,LG4,Others(HKUST),16,122,184537,13866827220,1081409001,14948236221
2014-07-25,LG4,Non-HKUST,10,46,89009,770430163,81104764,851534927
2014-07-25,LG4,Total,474,2012,2489473,95732854714,28123074090,123855928804
2014-07-25,All-Floors,Staff,328,2189,2249203,51314356153,3624492151,54938848304
2014-07-25,All-Floors,TPG,125,1583,2338098,58475429114,29814756849,88290185963
2014-07-25,All-Floors,RPG,336,2321,2769851,79069959180,18805673013,97875632193
2014-07-25,All-Floors,UG,654,4060,4763282,134825055975,18025425247,152850481222
2014-07-25,All-Floors,Alumni,28,303,389982,30658646614,2800225674,33458872288
2014-07-25,All-Floors,Others(HKUST),61,447,612177,31296183962,1999768446,33295952408
2014-07-25,All-Floors,Non-HKUST,26,145,221249,1876031185,223658537,2099689722
2014-07-25,All-Floors,Total,1558,11048,13343842,387515662183,75293999917,462809662100
2014-07-26,1,Staff,17,187,237438,1571532318,141430099,1712962417
2014-07-26,1,TPG,7,30,47051,664921387,93415707,758337094
2014-07-26,1,RPG,10,86,114564,909625463,139196937,1048822400
2014-07-26,1,UG,25,151,390885,22836837457,1840687553,24677525010
2014-07-26,1,Alumni,1,2,27944,271403691,22856794,294260485
2014-07-26,1,Others(HKUST),2,24,69092,15775044,5731087,21506131
2014-07-26,1,Non-HKUST,4,7,13910,41926635,6193256,48119891
2014-07-26,1,Total,66,487,900884,26312021995,2249511433,28561533428
2014-07-26,G,Staff,41,178,175435,28973453276,1883880997,30857334273
2014-07-26,G,TPG,60,266,207104,5559495468,376909529,5936404997
2014-07-26,G,RPG,75,402,446981,14739869804,2125672230,16865542034
2014-07-26,G,UG,142,611,510415,10364610555,4019460518,14384071073
2014-07-26,G,Alumni,24,82,47861,1986062876,457651029,2443713905
2014-07-26,G,Others(HKUST),8,17,69756,877879146,74686441,952565587
2014-07-26,G,Non-HKUST,13,66,78569,2996321516,95684732,3092006248
2014-07-26,G,Total,363,1622,1536121,65497692641,9033945476,74531638117
2014-07-26,LG1,Staff,28,130,148840,4486400494,317462373,4803862867
2014-07-26,LG1,TPG,88,809,1008876,34972499196,4882780118,39855279314
2014-07-26,LG1,RPG,72,543,832732,50748182009,6590649640,57338831649
2014-07-26,LG1,UG,230,1772,2872190,90132821748,8432661557,98565483305
2014-07-26,LG1,Alumni,22,120,149962,2230215020,179810581,2410025601
2014-07-26,LG1,Others(HKUST),3,5,12481,436517674,23565662,460083336
2014-07-26,LG1,Non-HKUST,13,64,144680,27925012194,774464622,28699476816
2014-07-26,LG1,Total,456,3443,5169761,210931648335,21201394553,232133042888
2014-07-26,LG3,Staff,45,157,131915,1980196135,248041501,2228237636
2014-07-26,LG3,TPG,49,158,184201,8879774179,524950158,9404724337
2014-07-26,LG3,RPG,91,227,283412,4997302079,400520538,5397822617
2014-07-26,LG3,UG,163,394,270168,13381246591,1202460103,14583706694
2014-07-26,LG3,Alumni,17,101,153116,7477813397,383001838,7860815235
2014-07-26,LG3,Others(HKUST),9,26,31787,2005913853,728731573,2734645426
2014-07-26,LG3,Non-HKUST,9,11,2160,1319260,380395,1699655
2014-07-26,LG3,Total,383,1074,1056759,38723565494,3488086106,42211651600
2014-07-26,LG4,Staff,30,89,116072,3867589652,321491175,4189080827
2014-07-26,LG4,TPG,49,341,378199,12444019965,4451550313,16895570278
2014-07-26,LG4,RPG,83,316,488569,14503767516,1064806502,15568574018
2014-07-26,LG4,UG,154,539,574747,30801912662,2407574374,33209487036
2014-07-26,LG4,Alumni,21,131,229635,18236285934,876891718,19113177652
2014-07-26,LG4,Others(HKUST),6,150,356880,17345426350,1312695601,18658121951
2014-07-26,LG4,Non-HKUST,8,31,81458,7896346979,605455804,8501802783
2014-07-26,LG4,Total,351,1597,2225560,105095349058,11040465487,116135814545
2014-07-26,All-Floors,Staff,102,741,809700,40879171875,2912306145,43791478020
2014-07-26,All-Floors,TPG,134,1604,1825431,62520710195,10329605825,72850316020
2014-07-26,All-Floors,RPG,215,1574,2166258,85898746871,10320845847,96219592718
2014-07-26,All-Floors,UG,457,3467,4618405,167517429013,17902844105,185420273118
2014-07-26,All-Floors,Alumni,45,436,608518,30201780918,1920211960,32121992878
2014-07-26,All-Floors,Others(HKUST),19,222,539996,20681512067,2145410364,22826922431
2014-07-26,All-Floors,Non-HKUST,34,179,320777,38860926584,1482178809,40343105393
2014-07-26,All-Floors,Total,1006,8223,10889085,446560277523,47013403055,493573680578
2014-07-27,1,Staff,14,192,272283,5829602612,454086652,6283689264
2014-07-27,1,TPG,4,18,33812,237342993,46642877,283985870
2014-07-27,1,RPG,7,14,55552,690140655,112885405,803026060
2014-07-27,1,UG,15,107,190899,12004882932,996285270,13001168202
2014-07-27,1,Alumni,3,13,7403,33063169,3157960,36221129
2014-07-27,1,Others(HKUST),3,26,79680,26455437,3621773,30077210
2014-07-27,1,Non-HKUST,1,1,0,0,0,0
2014-07-27,1,Total,47,371,639629,18821487798,1616679937,20438167735
2014-07-27,G,Staff,24,185,118827,5306870294,4907254589,10214124883
2014-07-27,G,TPG,36,221,172846,2532743969,175014651,2707758620
2014-07-27,G,RPG,63,244,277584,6424717660,1451751802,7876469462
2014-07-27,G,UG,124,508,493952,15352866017,1473176955,16826042972
2014-07-27,G,Alumni,13,78,94598,6312817135,471653759,6784470894
2014-07-27,G,Others(HKUST),8,30,27949,491152803,360725438,851878241
2014-07-27,G,Non-HKUST,8,24,19083,376207997,21324529,397532526
2014-07-27,G,Total,276,1290,1204839,36797375875,8860901723,45658277598
2014-07-27,LG1,Staff,23,77,89540,4211973082,488788217,4700761299
2014-07-27,LG1,TPG,59,285,349296,8137917950,904788016,9042705966
2014-07-27,LG1,RPG,66,307,578213,10701405451,1628418403,12329823854
2014-07-27,LG1,UG,184,1298,1948803,50204232479,6527245171,56731477650
2014-07-27,LG1,Alumni,23,201,261561,8887409706,526245388,9413655094
2014-07-27,LG1,Others(HKUST),5,31,18849,158610328,25903362,184513690
2014-07-27,LG1,Non-HKUST,13,84,111809,2924133871,250957439,3175091310
2014-07-27,LG1,Total,373,2283,3358071,85225682867,10352345996,95578028863
2014-07-27,LG3,Staff,23,42,42826,5166546920,312909753,5479456673
2014-07-27,LG3,TPG,39,112,141242,3151268320,394084653,3545352973
2014-07-27,LG3,RPG,79,208,212214,4719081908,804678384,5523760292
2014-07-27,LG3,UG,151,370,441815,10775464651,1979019310,12754483961
2014-07-27,LG3,Alumni,18,78,69380,1455116292,191646264,1646762556
2014-07-27,LG3,Others(HKUST),6,25,19298,1178860860,63769522,1242630382
2014-07-27,LG3,Non-HKUST,8,22,17761,840052864,77246411,917299275
2014-07-27,LG3,Total,324,857,944536,27286391815,3823354297,31109746112
2014-07-27,LG4,Staff,25,86,98317,5042644389,382004874,5424649263
2014-07-27,LG4,TPG,28,123,200319,3749215498,846097721,4595313219
2014-07-27,LG4,RPG,71,217,249085,4239538751,289364510,4528903261
2014-07-27,LG4,UG,169,410,422050,11391257473,2387415755,13778673228
2014-07-27,LG4,Alumni,20,129,239831,17665751801,14055369682,31721121483
2014-07-27,LG4,Others(HKUST),7,106,223481,39726859038,5671183822,45398042860
2014-07-27,LG4,Non-HKUST,12,47,35101,3337854534,319168186,3657022720
2014-07-27,LG4,Total,332,1118,1468184,85153121484,23950604550,109103726034
2014-07-27,All-Floors,Staff,75,582,621793,25557637297,6545044085,32102681382
2014-07-27,All-Floors,TPG,90,759,897515,17808488730,2366627918,20175116648
2014-07-27,All-Floors,RPG,201,990,1372648,26774884425,4287098504,31061982929
2014-07-27,All-Floors,UG,424,2693,3497519,99728703552,13363142461,113091846013
2014-07-27,All-Floors,Alumni,48,499,672773,34354158103,15248073053,49602231156
2014-07-27,All-Floors,Others(HKUST),16,218,369257,41581938466,6125203917,47707142383
2014-07-27,All-Floors,Non-HKUST,30,178,183754,7478249266,668696565,8146945831
2014-07-27,All-Floors,Total,884,5919,7615259,253284059839,48603886503,301887946342
2014-07-28,1,Staff,69,621,850168,8505658843,825218441,9330877284
2014-07-28,1,TPG,11,58,115468,2740831666,311325221,3052156887
2014-07-28,1,RPG,16,61,108429,4710990762,270030240,4981021002
2014-07-28,1,UG,50,245,395947,33368493150,3546648246,36915141396
2014-07-28,1,Alumni,5,61,107690,4218451985,233750126,4452202111
2014-07-28,1,Others(HKUST),6,30,72953,40774226,14065888,54840114
2014-07-28,1,Non-HKUST,0,0,0,0,0,0
2014-07-28,1,Total,157,1076,1650655,53585200632,5201038162,58786238794
2014-07-28,G,Staff,145,756,640764,36171300668,38388761680,74560062348
2014-07-28,G,TPG,53,370,310776,4879984250,1108956030,5988940280
2014-07-28,G,RPG,151,718,656983,41424786275,2152226179,43577012454
2014-07-28,G,UG,301,1397,1194809,37764914984,6579835312,44344750296
2014-07-28,G,Alumni,13,59,98336,6620444556,901943298,7522387854
2014-07-28,G,Others(HKUST),28,106,96034,4413838686,161307207,4575145893
2014-07-28,G,Non-HKUST,10,31,38227,2510753473,156643541,2667397014
2014-07-28,G,Total,701,3437,3035929,133786022892,49449673247,183235696139
2014-07-28,LG1,Staff,109,411,301644,17689878992,760526761,18450405753
2014-07-28,LG1,TPG,73,724,1278392,39709578927,10881878357,50591457284
2014-07-28,LG1,RPG,130,927,1186812,23364108768,3423251882,26787360650
2014-07-28,LG1,UG,461,3016,4168358,117606425072,13213975361,130820400433
2014-07-28,LG1,Alumni,15,106,175913,5268443128,3401596804,8670039932
2014-07-28,LG1,Others(HKUST),37,198,262571,5577276023,416646379,5993922402
2014-07-28,LG1,Non-HKUST,12,52,58409,957024668,117425742,1074450410
2014-07-28,LG1,Total,837,5434,7432099,210172735578,32215301286,242388036864
2014-07-28,LG3,Staff,137,303,221010,13955606108,696257358,14651863466
2014-07-28,LG3,TPG,30,136,247074,35224514759,3277128418,38501643177
2014-07-28,LG3,RPG,156,572,707174,17100404002,10003810231,27104214233
2014-07-28,LG3,UG,295,797,590194,23971707701,6953364449,30925072150
2014-07-28,LG3,Alumni,7,43,63543,787543975,46937269,834481244
2014-07-28,LG3,Others(HKUST),23,78,71195,3060615968,261635176,3322251144
2014-07-28,LG3,Non-HKUST,11,28,74320,5372697333,525244474,5897941807
2014-07-28,LG3,Total,659,1957,1974510,99473089846,21764377375,121237467221
2014-07-28,LG4,Staff,140,439,281363,3655899907,568543015,4224442922
2014-07-28,LG4,TPG,27,205,192521,5185226969,1206393781,6391620750
2014-07-28,LG4,RPG,162,766,977433,47309818889,15647334951,62957153840
2014-07-28,LG4,UG,302,931,1087175,33126089874,3011388530,36137478404
2014-07-28,LG4,Alumni,9,46,59339,400460492,46513028,446973520
2014-07-28,LG4,Others(HKUST),24,164,214939,7587572324,568018409,8155590733
2014-07-28,LG4,Non-HKUST,9,55,35060,520771395,56116650,576888045
2014-07-28,LG4,Total,673,2606,2847830,97785839850,21104308364,118890148214
2014-07-28,All-Floors,Staff,358,2530,2294949,79978344518,41239307255,121217651773
2014-07-28,All-Floors,TPG,111,1493,2144231,87740136571,16785681807,104525818378
2014-07-28,All-Floors,RPG,371,3044,3636831,133910108696,31496653483,165406762179
2014-07-28,All-Floors,UG,874,6386,7436483,245837630781,33305211898,279142842679
2014-07-28,All-Floors,Alumni,28,315,504821,17295344136,4630740525,21926084661
2014-07-28,All-Floors,Others(HKUST),70,576,717692,20680077227,1421673059,22101750286
2014-07-28,All-Floors,Non-HKUST,26,166,206016,9361246869,855430407,10216677276
2014-07-28,All-Floors,Total,1838,14510,16941023,594802888798,129734698434,724537587232
2014-07-29,1,Staff,54,531,628187,3841118583,646929818,4488048401
2014-07-29,1,TPG,6,8,586,1552901,683266,2236167
2014-07-29,1,RPG,15,81,120834,916139275,198637186,1114776461
2014-07-29,1,UG,46,345,552539,11917472568,2322998780,14240471348
2014-07-29,1,Alumni,4,85,121325,4143053149,1862841382,6005894531
2014-07-29,1,Others(HKUST),6,46,83301,217856042,29256594,247112636
2014-07-29,1,Non-HKUST,2,11,7927,896998833,45371574,942370407
2014-07-29,1,Total,133,1107,1514699,21934191351,5106718600,27040909951
2014-07-29,G,Staff,143,695,628198,20900616095,1517809554,22418425649
2014-07-29,G,TPG,69,383,354404,17771918051,12390858376,30162776427
2014-07-29,G,RPG,152,626,573836,5896986918,1531670053,7428656971
2014-07-29,G,UG,247,1149,1038508,39272474170,4370234620,43642708790
2014-07-29,G,Alumni,15,84,81717,3608287167,651488494,4259775661
2014-07-29,G,Others(HKUST),22,80,111689,3492656850,636266328,4128923178
2014-07-29,G,Non-HKUST,7,51,73069,4151560482,604698246,4756258728
2014-07-29,G,Total,655,3068,2861421,95094499733,21703025671,116797525404
2014-07-29,LG1,Staff,117,474,413230,16513530485,2672516803,19186047288
2014-07-29,LG1,TPG,82,732,1122647,17983335267,5866799139,23850134406
2014-07-29,LG1,RPG,148,1096,1436273,48469344162,6346096677,54815440839
2014-07-29,LG1,UG,362,2761,3620837,102325335089,14042251072,116367586161
2014-07-29,LG1,Alumni,15,195,150794,2270300026,317304776,2587604802
2014-07-29,LG1,Others(HKUST),21,132,152384,11321795224,530296914,11852092138
2014-07-29,LG1,Non-HKUST,10,46,46545,530660234,52009677,582669911
2014-07-29,LG1,Total,755,5436,6942710,199414300487,29827275058,229241575545
2014-07-29,LG3,Staff,173,418,204502,2871627742,325413827,3197041569
2014-07-29,LG3,TPG,41,202,315409,35283412969,6633394258,41916807227
2014-07-29,LG3,RPG,183,626,663174,15764721867,2183932826,17948654693
2014-07-29,LG3,UG,315,867,838225,11072168248,1635715751,12707883999
2014-07-29,LG3,Alumni,11,28,54845,675680814,38526290,714207104
2014-07-29,LG3,Others(HKUST),38,90,46965,629099345,62881601,691980946
2014-07-29,LG3,Non-HKUST,5,11,4686,21697196,2733368,24430564
2014-07-29,LG3,Total,766,2242,2127806,66318408181,10882597921,77201006102
2014-07-29,LG4,Staff,139,359,272494,9472427639,1234791615,10707219254
2014-07-29,LG4,TPG,33,277,309726,10042539593,1383216858,11425756451
2014-07-29,LG4,RPG,196,748,889731,28138712196,16155940419,44294652615
2014-07-29,LG4,UG,270,744,851851,11609110831,1133610024,12742720855
2014-07-29,LG4,Alumni,13,106,167300,3525696152,432841063,3958537215
2014-07-29,LG4,Others(HKUST),22,120,192640,23735599084,1021928764,24757527848
2014-07-29,LG4,Non-HKUST,11,67,75254,915261115,183924808,1099185923
2014-07-29,LG4,Total,684,2421,2758996,87439346610,21546253551,108985600161
2014-07-29,All-Floors,Staff,384,2477,2146611,53599320544,6397461617,59996782161
2014-07-29,All-Floors,TPG,117,1602,2102772,81082758781,26274951897,107357710678
2014-07-29,All-Floors,RPG,426,3177,3683848,99185904418,26416277161,125602181579
2014-07-29,All-Floors,UG,751,5866,6901960,176196560906,23504810247,199701371153
2014-07-29,All-Floors,Alumni,29,498,575981,14223017308,3303002005,17526019313
2014-07-29,All-Floors,Others(HKUST),67,468,586979,39397006545,2280630201,41677636746
2014-07-29,All-Floors,Non-HKUST,19,186,207481,6516177860,888737673,7404915533
2014-07-29,All-Floors,Total,1793,14274,16205632,470200746362,89065870801,559266617163
2014-07-30,1,Staff,72,559,725622,4975122719,632443187,5607565906
2014-07-30,1,TPG,5,48,77959,6230365063,473722924,6704087987
2014-07-30,1,RPG,14,63,145513,1977700445,170348049,2148048494
2014-07-30,1,UG,42,191,273493,5311863710,2034002273,7345865983
2014-07-30,1,Alumni,4,61,70647,1670409220,1787576584,3457985804
2014-07-30,1,Others(HKUST),5,62,133446,8999148374,282390025,9281538399
2014-07-30,1,Non-HKUST,3,8,39104,36017688,13601909,49619597
2014-07-30,1,Total,145,992,1465784,29200627219,5394084951,34594712170
2014-07-30,G,Staff,145,749,860941,24474367078,1728019128,26202386206
2014-07-30,G,TPG,66,319,300102,7471987004,1890339279,9362326283
2014-07-30,G,RPG,128,552,494173,17689649506,1208271218,18897920724
2014-07-30,G,UG,337,1260,1004139,25194199271,2658444341,27852643612
2014-07-30,G,Alumni,20,43,29509,1545903992,89528230,1635432222
2014-07-30,G,Others(HKUST),22,102,92548,9676134952,432899135,10109034087
2014-07-30,G,Non-HKUST,12,25,5059,19766132,3254432,23020564
2014-07-30,G,Total,730,3050,2786471,86072007935,8010755763,94082763698
2014-07-30,LG1,Staff,122,488,386526,3801685436,1080671137,4882356573
2014-07-30,LG1,TPG,87,741,1127866,21835048211,7431498021,29266546232
2014-07-30,LG1,RPG,143,893,1177178,16592405559,4760795094,21353200653
2014-07-30,LG1,UG,442,2899,3754820,92307237164,10612481418,102919718582
2014-07-30,LG1,Alumni,20,219,271486,4509642010,1061878222,5571520232
2014-07-30,LG1,Others(HKUST),28,151,104979,3645452865,465851275,4111304140
2014-07-30,LG1,Non-HKUST,14,90,80842,77001565,12058680,89060245
2014-07-30,LG1,Total,856,5481,6903697,142768472810,25425233847,168193706657
2014-07-30,LG3,Staff,188,419,246777,8655718812,650051502,9305770314
2014-07-30,LG3,TPG,60,201,267016,46137957731,5785826477,51923784208
2014-07-30,LG3,RPG,187,599,718041,16563437056,4008782730,20572219786
2014-07-30,LG3,UG,394,863,661391,13255204304,1698020026,14953224330
2014-07-30,LG3,Alumni,12,50,103193,4488995821,297768556,4786764377
2014-07-30,LG3,Others(HKUST),31,100,41430,889372647,139237434,1028610081
2014-07-30,LG3,Non-HKUST,15,31,63631,278501821,35232781,313734602
2014-07-30,LG3,Total,887,2263,2101479,90269188192,12614919506,102884107698
2014-07-30,LG4,Staff,131,474,421460,14783103736,1961966330,16745070066
2014-07-30,LG4,TPG,41,323,348926,10185931388,3507882667,13693814055
2014-07-30,LG4,RPG,131,635,843952,21220339805,7292372848,28512712653
2014-07-30,LG4,UG,367,1026,1031165,19192463716,8387201594,27579665310
2014-07-30,LG4,Alumni,14,175,284575,15396549563,596971278,15993520841
2014-07-30,LG4,Others(HKUST),17,164,178627,5098033834,296776372,5394810206
2014-07-30,LG4,Non-HKUST,11,56,22689,745925769,69640196,815565965
2014-07-30,LG4,Total,712,2853,3131394,86622347811,22112811285,108735159096
2014-07-30,All-Floors,Staff,390,2689,2641326,56689997781,6053151284,62743149065
2014-07-30,All-Floors,TPG,134,1632,2121869,91861289397,19089269368,110950558765
2014-07-30,All-Floors,RPG,376,2742,3378857,74043532371,17440569939,91484102310
2014-07-30,All-Floors,UG,968,6239,6725008,155260968165,25390149652,180651117817
2014-07-30,All-Floors,Alumni,39,548,759410,27611500606,3833722870,31445223476
2014-07-30,All-Floors,Others(HKUST),66,579,551030,28308142672,1617154241,29925296913
2014-07-30,All-Floors,Non-HKUST,32,210,211325,1157212975,133787998,1291000973
2014-07-30,All-Floors,Total,2005,14639,16388825,434932643967,73557805352,508490449319
2014-07-31,1,Staff,64,601,857847,7141006545,928807111,8069813656
2014-07-31,1,TPG,3,4,2281,14443719,1051032,15494751
2014-07-31,1,RPG,15,33,97646,1658376780,387610101,2045986881
2014-07-31,1,UG,34,233,367141,5549024122,1309638354,6858662476
2014-07-31,1,Alumni,4,85,155498,6700451016,13015639528,19716090544
2014-07-31,1,Others(HKUST),4,33,131877,5849086992,209596823,6058683815
2014-07-31,1,Non-HKUST,3,10,30487,37564470,23367406,60931876
2014-07-31,1,Total,127,999,1642777,26949953644,15875710355,42825663999
2014-07-31,G,Staff,129,704,699615,9299823971,961225597,10261049568
2014-07-31,G,TPG,61,390,333630,4706659725,452526244,5159185969
2014-07-31,G,RPG,131,542,602487,13262427457,3667539560,16929967017
2014-07-31,G,UG,248,1078,1043252,13270783937,1443626159,14714410096
2014-07-31,G,Alumni,12,77,64549,452644991,29602744,482247735
2014-07-31,G,Others(HKUST),11,85,107264,1125574564,85790966,1211365530
2014-07-31,G,Non-HKUST,16,61,95982,1003189732,57079881,1060269613
2014-07-31,G,Total,608,2937,2946779,43121104377,6697391151,49818495528
2014-07-31,LG1,Staff,125,511,365916,24689555740,2509351096,27198906836
2014-07-31,LG1,TPG,86,827,956367,24491780569,3850695595,28342476164
2014-07-31,LG1,RPG,118,819,947162,26849609795,2003014999,28852624794
2014-07-31,LG1,UG,384,2906,3653211,67826408159,48411074738,116237482897
2014-07-31,LG1,Alumni,19,144,219955,8382347242,1923383032,10305730274
2014-07-31,LG1,Others(HKUST),14,61,29142,578519245,170806529,749325774
2014-07-31,LG1,Non-HKUST,15,42,72461,770855424,54187571,825042995
2014-07-31,LG1,Total,761,5310,6244214,153589076174,58922513560,212511589734
2014-07-31,LG3,Staff,186,397,217149,8123218500,514276028,8637494528
2014-07-31,LG3,TPG,49,411,706259,35574444336,10757547352,46331991688
2014-07-31,LG3,RPG,159,447,560233,10917864488,1198302544,12116167032
2014-07-31,LG3,UG,270,594,394839,18708319714,2060094848,20768414562
2014-07-31,LG3,Alumni,9,27,58327,1177608105,45486808,1223094913
2014-07-31,LG3,Others(HKUST),14,42,59374,1750815517,136181776,1886997293
2014-07-31,LG3,Non-HKUST,7,16,38741,2203578243,139491244,2343069487
2014-07-31,LG3,Total,694,1934,2034922,78455848903,14851380600,93307229503
2014-07-31,LG4,Staff,120,392,464538,22180440964,2548308230,24728749194
2014-07-31,LG4,TPG,31,145,148940,4417100993,4527811900,8944912893
2014-07-31,LG4,RPG,140,597,716025,26455925616,5121736743,31577662359
2014-07-31,LG4,UG,245,794,1036679,26174082102,3722943209,29897025311
2014-07-31,LG4,Alumni,14,106,142636,3582774770,207508981,3790283751
2014-07-31,LG4,Others(HKUST),18,151,197935,3552548556,234716872,3787265428
2014-07-31,LG4,Non-HKUST,11,39,93837,6452222122,320931997,6773154119
2014-07-31,LG4,Total,579,2224,2800590,92815095123,16683957932,109499053055
2014-07-31,All-Floors,Staff,377,2605,2605065,71434045720,7461968062,78896013782
2014-07-31,All-Floors,TPG,119,1777,2147477,69204429342,19589632123,88794061465
2014-07-31,All-Floors,RPG,367,2438,2923553,79144204136,12378203947,91522408083
2014-07-31,All-Floors,UG,752,5605,6495122,131528618034,56947377308,188475995342
2014-07-31,All-Floors,Alumni,28,439,640965,20295826124,15221621093,35517447217
2014-07-31,All-Floors,Others(HKUST),33,372,525592,12856544874,837092966,13693637840
2014-07-31,All-Floors,Non-HKUST,38,168,331508,10467409991,595058099,11062468090
2014-07-31,All-Floors,Total,1714,13404,15669282,394931078221,113030953598,507962031819
