Date,Floor,User-Group,User-Count,WiFi-Conn,Duration-Sec,Traffic-In-Byte,Traffic-Out-Byte,Traffic-Both-Byte
2014-02-01,1,Staff,1,33,8427,489410,333682,823092
2014-02-01,1,TPG,0,0,0,0,0,0
2014-02-01,1,RPG,0,0,0,0,0,0
2014-02-01,1,UG,3,3,362,42800,18643,61443
2014-02-01,1,Alumni,0,0,0,0,0,0
2014-02-01,1,Others(HKUST),0,0,0,0,0,0
2014-02-01,1,Non-HKUST,0,0,0,0,0,0
2014-02-01,1,Total,4,36,8789,532210,352325,884535
2014-02-01,G,Staff,4,5,837,484223,1064192,1548415
2014-02-01,G,TPG,0,0,0,0,0,0
2014-02-01,G,RPG,0,0,0,0,0,0
2014-02-01,G,UG,0,0,0,0,0,0
2014-02-01,G,Alumni,0,0,0,0,0,0
2014-02-01,G,Others(HKUST),0,0,0,0,0,0
2014-02-01,G,Non-HKUST,0,0,0,0,0,0
2014-02-01,G,Total,4,5,837,484223,1064192,1548415
2014-02-01,LG1,Staff,4,7,2760,185877,163937,349814
2014-02-01,LG1,TPG,0,0,0,0,0,0
2014-02-01,LG1,RPG,1,1,0,0,0,0
2014-02-01,LG1,UG,7,7,0,185380,81050,266430
2014-02-01,LG1,Alumni,0,0,0,0,0,0
2014-02-01,LG1,Others(HKUST),1,60,25774,200051,163740,363791
2014-02-01,LG1,Non-HKUST,0,0,0,0,0,0
2014-02-01,LG1,Total,13,75,28534,571308,408727,980035
2014-02-01,LG3,Staff,6,6,600,231687,297390,529077
2014-02-01,LG3,TPG,6,8,120,99231,124373,223604
2014-02-01,LG3,RPG,14,45,71519,10501207340,494268784,10995476124
2014-02-01,LG3,UG,73,86,13075,63138995,11415088,74554083
2014-02-01,LG3,Alumni,1,1,119,27705,21371,49076
2014-02-01,LG3,Others(HKUST),0,0,0,0,0,0
2014-02-01,LG3,Non-HKUST,1,1,0,0,0,0
2014-02-01,LG3,Total,101,147,85433,10564704958,506127006,11070831964
2014-02-01,LG4,Staff,7,7,0,23382,21624,45006
2014-02-01,LG4,TPG,4,4,0,52997,40841,93838
2014-02-01,LG4,RPG,6,8,1442,1654358243,53488562,1707846805
2014-02-01,LG4,UG,39,81,11520,30377071,20048927,50425998
2014-02-01,LG4,Alumni,1,3,0,50035,38307,88342
2014-02-01,LG4,Others(HKUST),1,31,149219,7552533954,267560294,7820094248
2014-02-01,LG4,Non-HKUST,0,0,0,0,0,0
2014-02-01,LG4,Total,58,134,162181,9237395682,341198555,9578594237
2014-02-01,All-Floors,Staff,15,58,12624,1414579,1880825,3295404
2014-02-01,All-Floors,TPG,9,12,120,152228,165214,317442
2014-02-01,All-Floors,RPG,17,54,72961,12155565583,547757346,12703322929
2014-02-01,All-Floors,UG,105,177,24957,93744246,31563708,125307954
2014-02-01,All-Floors,Alumni,2,4,119,77740,59678,137418
2014-02-01,All-Floors,Others(HKUST),2,91,174993,7552734005,267724034,7820458039
2014-02-01,All-Floors,Non-HKUST,1,1,0,0,0,0
2014-02-01,All-Floors,Total,151,397,285774,19803688381,849150805,20652839186
2014-02-02,1,Staff,2,39,7407,853474,493300,1346774
2014-02-02,1,TPG,0,0,0,0,0,0
2014-02-02,1,RPG,0,0,0,0,0,0
2014-02-02,1,UG,6,6,239,18781,14080,32861
2014-02-02,1,Alumni,0,0,0,0,0,0
2014-02-02,1,Others(HKUST),0,0,0,0,0,0
2014-02-02,1,Non-HKUST,0,0,0,0,0,0
2014-02-02,1,Total,8,45,7646,872255,507380,1379635
2014-02-02,G,Staff,2,5,239,29048,12717,41765
2014-02-02,G,TPG,1,1,119,14811,6888,21699
2014-02-02,G,RPG,1,1,0,4792,2728,7520
2014-02-02,G,UG,4,4,120,11272,8740,20012
2014-02-02,G,Alumni,0,0,0,0,0,0
2014-02-02,G,Others(HKUST),0,0,0,0,0,0
2014-02-02,G,Non-HKUST,0,0,0,0,0,0
2014-02-02,G,Total,8,11,478,59923,31073,90996
2014-02-02,LG1,Staff,2,3,239,5133,1814,6947
2014-02-02,LG1,TPG,4,5,0,144031,72598,216629
2014-02-02,LG1,RPG,2,2,359,12196,6714,18910
2014-02-02,LG1,UG,14,16,1321,657446,217337,874783
2014-02-02,LG1,Alumni,0,0,0,0,0,0
2014-02-02,LG1,Others(HKUST),1,81,16194,550139,301771,851910
2014-02-02,LG1,Non-HKUST,0,0,0,0,0,0
2014-02-02,LG1,Total,23,107,18113,1368945,600234,1969179
2014-02-02,LG3,Staff,16,18,23400,3763897811,289004952,4052902763
2014-02-02,LG3,TPG,7,11,2519,80051571,4742782,84794353
2014-02-02,LG3,RPG,8,10,13319,1061151018,63221776,1124372794
2014-02-02,LG3,UG,107,126,3477,5861985,1317040,7179025
2014-02-02,LG3,Alumni,4,8,239,186507,101867,288374
2014-02-02,LG3,Others(HKUST),3,4,118,18296,17858,36154
2014-02-02,LG3,Non-HKUST,2,4,5161,7351009,1213440,8564449
2014-02-02,LG3,Total,147,181,48233,4918518197,359619715,5278137912
2014-02-02,LG4,Staff,13,15,959,529808,75163,604971
2014-02-02,LG4,TPG,5,6,239,15732,10978,26710
2014-02-02,LG4,RPG,4,4,12719,1057075230,62652630,1119727860
2014-02-02,LG4,UG,81,144,29042,64894996,15572098,80467094
2014-02-02,LG4,Alumni,1,1,0,0,0,0
2014-02-02,LG4,Others(HKUST),1,32,166020,15252600595,470307787,15722908382
2014-02-02,LG4,Non-HKUST,3,3,14999,7378,4019,11397
2014-02-02,LG4,Total,109,207,224215,16375210339,548657347,16923867686
2014-02-02,All-Floors,Staff,27,80,32244,3765315274,289587946,4054903220
2014-02-02,All-Floors,TPG,14,23,2877,80226145,4833246,85059391
2014-02-02,All-Floors,RPG,10,17,26397,2118243236,125883848,2244127084
2014-02-02,All-Floors,UG,185,296,34199,71444480,17129295,88573775
2014-02-02,All-Floors,Alumni,5,9,239,186507,101867,288374
2014-02-02,All-Floors,Others(HKUST),4,117,182332,15253169030,470627416,15723796446
2014-02-02,All-Floors,Non-HKUST,4,7,20160,7358387,1217459,8575846
2014-02-02,All-Floors,Total,250,551,298685,21296029659,909415749,22205445408
2014-02-03,1,Staff,5,67,23290,216275488,41141894,257417382
2014-02-03,1,TPG,7,19,24000,9460767232,119717632,9580484864
2014-02-03,1,RPG,3,6,4444,11618036,26371329,37989365
2014-02-03,1,UG,12,68,104183,3729738739,631580202,4361318941
2014-02-03,1,Alumni,5,31,61559,1410630380,118564464,1529194844
2014-02-03,1,Others(HKUST),0,0,0,0,0,0
2014-02-03,1,Non-HKUST,1,4,11879,681286639,32505566,713792205
2014-02-03,1,Total,33,195,229355,15510316514,969881087,16480197601
2014-02-03,G,Staff,18,111,83751,1697681339,142654934,1840336273
2014-02-03,G,TPG,55,336,464015,61644779948,34329426054,95974206002
2014-02-03,G,RPG,35,208,201940,14080355146,666447972,14746803118
2014-02-03,G,UG,181,570,339077,2201045169,902503002,3103548171
2014-02-03,G,Alumni,9,35,15601,315291543,11078294,326369837
2014-02-03,G,Others(HKUST),0,0,0,0,0,0
2014-02-03,G,Non-HKUST,5,16,14163,453962098,75037153,528999251
2014-02-03,G,Total,303,1276,1118547,80393115243,36127147409,116520262652
2014-02-03,LG1,Staff,23,107,162133,4640934103,665438905,5306373008
2014-02-03,LG1,TPG,73,614,774471,34737864656,2778560443,37516425099
2014-02-03,LG1,RPG,27,209,243362,1960844687,1006719501,2967564188
2014-02-03,LG1,UG,264,1290,1873371,28116659501,7022703165,35139362666
2014-02-03,LG1,Alumni,17,120,134237,994660501,269399220,1264059721
2014-02-03,LG1,Others(HKUST),4,96,61414,18517012,5773808,24290820
2014-02-03,LG1,Non-HKUST,9,103,114855,2241433329,184319656,2425752985
2014-02-03,LG1,Total,417,2539,3363843,72710913789,11932914698,84643828487
2014-02-03,LG3,Staff,24,45,17047,469066335,22657400,491723735
2014-02-03,LG3,TPG,49,286,459476,7631496228,1170180393,8801676621
2014-02-03,LG3,RPG,49,105,132402,7975282559,324972172,8300254731
2014-02-03,LG3,UG,375,874,390699,16689949485,1571919003,18261868488
2014-02-03,LG3,Alumni,14,54,145284,3360149183,215744000,3575893183
2014-02-03,LG3,Others(HKUST),5,13,599,92326,59207,151533
2014-02-03,LG3,Non-HKUST,4,5,244,183870,146788,330658
2014-02-03,LG3,Total,520,1382,1145751,36126219986,3305678963,39431898949
2014-02-03,LG4,Staff,12,45,27584,5773581,1610561,7384142
2014-02-03,LG4,TPG,43,222,245250,3810466956,409186040,4219652996
2014-02-03,LG4,RPG,23,116,128867,2213968308,127515454,2341483762
2014-02-03,LG4,UG,252,454,81350,715789796,177065480,892855276
2014-02-03,LG4,Alumni,9,56,48608,651201314,35534432,686735746
2014-02-03,LG4,Others(HKUST),1,35,139435,8031400968,282390219,8313791187
2014-02-03,LG4,Non-HKUST,3,3,0,19838,20611,40449
2014-02-03,LG4,Total,343,931,671094,15428620761,1033322797,16461943558
2014-02-03,All-Floors,Staff,62,375,313805,7029730846,873503694,7903234540
2014-02-03,All-Floors,TPG,109,1477,1967212,117285375020,38807070562,156092445582
2014-02-03,All-Floors,RPG,81,644,711015,26242068736,2152026428,28394095164
2014-02-03,All-Floors,UG,702,3256,2788680,51453182690,10305770852,61758953542
2014-02-03,All-Floors,Alumni,28,296,405289,6731932921,650320410,7382253331
2014-02-03,All-Floors,Others(HKUST),7,144,201448,8050010306,288223234,8338233540
2014-02-03,All-Floors,Non-HKUST,22,131,141141,3376885774,292029774,3668915548
2014-02-03,All-Floors,Total,1011,6323,6528590,220169186293,53368944954,273538131247
2014-02-04,1,Staff,47,531,531394,2645211324,400815272,3046026596
2014-02-04,1,TPG,22,267,326146,22630363480,3366618954,25996982434
2014-02-04,1,RPG,13,25,20083,352105361,25631654,377737015
2014-02-04,1,UG,238,1224,1464829,40111457352,9368447512,49479904864
2014-02-04,1,Alumni,2,29,66750,10145167538,464066439,10609233977
2014-02-04,1,Others(HKUST),2,20,26058,25240630,3195432,28436062
2014-02-04,1,Non-HKUST,7,24,74093,1585396416,110512891,1695909307
2014-02-04,1,Total,331,2120,2509353,77494942101,13739288154,91234230255
2014-02-04,G,Staff,101,665,567672,10431201651,1213971903,11645173554
2014-02-04,G,TPG,203,1080,888587,42221176689,5381473025,47602649714
2014-02-04,G,RPG,91,462,316754,8255890512,806644186,9062534698
2014-02-04,G,UG,1383,5901,3283338,87120571816,25683812422,112804384238
2014-02-04,G,Alumni,4,29,42791,280254985,49100368,329355353
2014-02-04,G,Others(HKUST),19,60,60052,3903010321,138755156,4041765477
2014-02-04,G,Non-HKUST,27,96,76453,254312001,80056994,334368995
2014-02-04,G,Total,1828,8293,5235647,152466417975,33353814054,185820232029
2014-02-04,LG1,Staff,92,378,215473,6423505914,891578467,7315084381
2014-02-04,LG1,TPG,236,2380,2316648,35716307128,9797478981,45513786109
2014-02-04,LG1,RPG,85,625,632886,19249800157,3716703122,22966503279
2014-02-04,LG1,UG,1483,9795,8957598,82285404606,15893986026,98179390632
2014-02-04,LG1,Alumni,13,128,164224,459902215,48479615,508381830
2014-02-04,LG1,Others(HKUST),12,63,47940,1375302351,83660385,1458962736
2014-02-04,LG1,Non-HKUST,31,201,168508,1724876120,87786819,1812662939
2014-02-04,LG1,Total,1952,13570,12503277,147235098491,30519673415,177754771906
2014-02-04,LG3,Staff,136,304,82214,7012200453,316910558,7329111011
2014-02-04,LG3,TPG,198,832,776197,106537828291,41071224387,147609052678
2014-02-04,LG3,RPG,116,390,437514,24816194737,5060292843,29876487580
2014-02-04,LG3,UG,1730,4114,2131079,49821537652,5291424814,55112962466
2014-02-04,LG3,Alumni,12,72,81148,1119917714,437996681,1557914395
2014-02-04,LG3,Others(HKUST),7,12,12845,947549868,40303229,987853097
2014-02-04,LG3,Non-HKUST,20,34,35421,1300223114,126414770,1426637884
2014-02-04,LG3,Total,2219,5758,3556418,191555451829,52344567282,243900019111
2014-02-04,LG4,Staff,87,252,227025,12557641768,524416348,13082058116
2014-02-04,LG4,TPG,167,1297,1909597,50470618015,13166431745,63637049760
2014-02-04,LG4,RPG,102,501,479556,9868263552,5464850545,15333114097
2014-02-04,LG4,UG,1078,2844,2108237,54992194658,8138371766,63130566424
2014-02-04,LG4,Alumni,9,49,105493,617639442,112527529,730166971
2014-02-04,LG4,Others(HKUST),6,124,166907,10709145234,640481194,11349626428
2014-02-04,LG4,Non-HKUST,15,81,76038,2915601535,126833832,3042435367
2014-02-04,LG4,Total,1464,5148,5072853,142131104204,28173912959,170305017163
2014-02-04,All-Floors,Staff,294,2130,1623778,39069761110,3347692548,42417453658
2014-02-04,All-Floors,TPG,399,5856,6217175,257576293603,72783227092,330359520695
2014-02-04,All-Floors,RPG,242,2003,1886793,62542254319,15074122350,77616376669
2014-02-04,All-Floors,UG,3476,23878,17945081,314331166084,64376042540,378707208624
2014-02-04,All-Floors,Alumni,24,307,460406,12622881894,1112170632,13735052526
2014-02-04,All-Floors,Others(HKUST),28,279,313802,16960248404,906395396,17866643800
2014-02-04,All-Floors,Non-HKUST,65,436,430513,7780409186,531605306,8312014492
2014-02-04,All-Floors,Total,4528,34889,28877548,710883014600,158131255864,869014270464
2014-02-05,1,Staff,52,590,585091,3912924409,324850552,4237774961
2014-02-05,1,TPG,30,206,329805,12141250504,807191718,12948442222
2014-02-05,1,RPG,16,53,96043,4438679050,1491362946,5930041996
2014-02-05,1,UG,244,1324,1532589,47886169897,4859163207,52745333104
2014-02-05,1,Alumni,2,15,10423,3200792,3940574,7141366
2014-02-05,1,Others(HKUST),4,37,42357,22270120099,436944288,22707064387
2014-02-05,1,Non-HKUST,7,14,58702,217675209,63976100,281651309
2014-02-05,1,Total,355,2239,2655010,90870019960,7987429385,98857449345
2014-02-05,G,Staff,98,545,556062,5235459033,914864528,6150323561
2014-02-05,G,TPG,245,1261,887919,36151376031,4010272806,40161648837
2014-02-05,G,RPG,102,470,340357,8410832794,1500118039,9910950833
2014-02-05,G,UG,1356,6520,3490437,66012689277,9575642421,75588331698
2014-02-05,G,Alumni,8,19,11720,16655947,5657201,22313148
2014-02-05,G,Others(HKUST),7,43,57977,365196418,81775924,446972342
2014-02-05,G,Non-HKUST,24,128,108671,2064129815,180764163,2244893978
2014-02-05,G,Total,1840,8986,5453143,118256339315,16269095082,134525434397
2014-02-05,LG1,Staff,81,312,286816,4218672610,932024745,5150697355
2014-02-05,LG1,TPG,335,3580,4062242,70550730961,24551376987,95102107948
2014-02-05,LG1,RPG,105,806,816410,10963932504,1786661974,12750594478
2014-02-05,LG1,UG,1535,9522,8289509,109648356439,18612427450,128260783889
2014-02-05,LG1,Alumni,15,128,112906,609028217,27072814,636101031
2014-02-05,LG1,Others(HKUST),10,51,99446,1297513435,237623538,1535136973
2014-02-05,LG1,Non-HKUST,21,142,186261,948303631,594607872,1542911503
2014-02-05,LG1,Total,2102,14541,13853590,198236537797,46741795380,244978333177
2014-02-05,LG3,Staff,135,323,211065,3033022600,290626652,3323649252
2014-02-05,LG3,TPG,261,1054,1358062,39387318685,16170670249,55557988934
2014-02-05,LG3,RPG,153,446,462316,11918845421,12285452674,24204298095
2014-02-05,LG3,UG,1851,4496,2733979,63512059726,8427591779,71939651505
2014-02-05,LG3,Alumni,13,82,51855,518603588,74601936,593205524
2014-02-05,LG3,Others(HKUST),8,14,2645,8199808,1378614,9578422
2014-02-05,LG3,Non-HKUST,16,74,95931,643524206,3016555051,3660079257
2014-02-05,LG3,Total,2437,6489,4915853,119021574034,40266876955,159288450989
2014-02-05,LG4,Staff,92,237,149262,1907395663,397248843,2304644506
2014-02-05,LG4,TPG,227,1861,2647067,124955738074,37097684010,162053422084
2014-02-05,LG4,RPG,100,600,632577,11911617273,2477152930,14388770203
2014-02-05,LG4,UG,1241,3423,3038724,52354180084,8814271059,61168451143
2014-02-05,LG4,Alumni,11,118,163574,2718435826,580061783,3298497609
2014-02-05,LG4,Others(HKUST),8,96,129971,5102285607,310658640,5412944247
2014-02-05,LG4,Non-HKUST,20,138,211549,12898402168,2304999406,15203401574
2014-02-05,LG4,Total,1699,6473,6972724,211848054695,51982076671,263830131366
2014-02-05,All-Floors,Staff,285,2007,1788296,18307474315,2859615320,21167089635
2014-02-05,All-Floors,TPG,501,7962,9285095,283186414255,82637195770,365823610025
2014-02-05,All-Floors,RPG,277,2375,2347703,47643907042,19540748563,67184655605
2014-02-05,All-Floors,UG,3615,25285,19085238,339413455423,50289095916,389702551339
2014-02-05,All-Floors,Alumni,20,362,350478,3865924370,691334308,4557258678
2014-02-05,All-Floors,Others(HKUST),24,241,332396,29043315367,1068381004,30111696371
2014-02-05,All-Floors,Non-HKUST,50,496,661114,16772035029,6160902592,22932937621
2014-02-05,All-Floors,Total,4772,38728,33850320,738232525801,163247273473,901479799274
2014-02-06,1,Staff,53,522,679597,7877093013,665207573,8542300586
2014-02-06,1,TPG,37,307,457201,37522792262,15345997349,52868789611
2014-02-06,1,RPG,13,44,53465,3412721492,130387979,3543109471
2014-02-06,1,UG,301,1529,2375228,82921974484,8668012015,91589986499
2014-02-06,1,Alumni,6,62,112202,5795933915,527369620,6323303535
2014-02-06,1,Others(HKUST),3,19,37461,89307501,13089805,102397306
2014-02-06,1,Non-HKUST,2,2,0,36729,24343,61072
2014-02-06,1,Total,415,2485,3715154,137619859396,25350088684,162969948080
2014-02-06,G,Staff,107,601,514679,4152089298,445345180,4597434478
2014-02-06,G,TPG,260,1437,947238,32535864496,7050507287,39586371783
2014-02-06,G,RPG,98,590,360854,10595367639,995681294,11591048933
2014-02-06,G,UG,1306,5787,3130774,60945427129,90411553278,151356980407
2014-02-06,G,Alumni,13,56,46023,4838828626,1606205856,6445034482
2014-02-06,G,Others(HKUST),9,78,73358,1311455977,584995876,1896451853
2014-02-06,G,Non-HKUST,16,65,60359,1475801330,117679872,1593481202
2014-02-06,G,Total,1809,8614,5133285,115854834495,101211968643,217066803138
2014-02-06,LG1,Staff,94,392,325939,14943736762,3655189058,18598925820
2014-02-06,LG1,TPG,367,3314,3564863,50009737810,21437391514,71447129324
2014-02-06,LG1,RPG,120,1032,1058384,15422505748,2919721716,18342227464
2014-02-06,LG1,UG,1546,10668,10109401,152353918263,25080123455,177434041718
2014-02-06,LG1,Alumni,17,145,215349,403976197,77725123,481701320
2014-02-06,LG1,Others(HKUST),9,28,24209,264416193,18536306,282952499
2014-02-06,LG1,Non-HKUST,21,119,182291,1280632643,159253738,1439886381
2014-02-06,LG1,Total,2174,15698,15480436,234678923616,53347940910,288026864526
2014-02-06,LG3,Staff,165,324,96960,1626651220,152325005,1778976225
2014-02-06,LG3,TPG,279,1264,1617345,29134202166,7575132075,36709334241
2014-02-06,LG3,RPG,153,571,566809,6480658527,4351650883,10832309410
2014-02-06,LG3,UG,1819,4298,2513069,60607301691,7151486827,67758788518
2014-02-06,LG3,Alumni,10,39,71677,1711920093,199892266,1911812359
2014-02-06,LG3,Others(HKUST),13,43,41551,432446522,59549761,491996283
2014-02-06,LG3,Non-HKUST,23,93,135581,1508920713,199144350,1708065063
2014-02-06,LG3,Total,2462,6632,5042992,101502100932,19689181167,121191282099
2014-02-06,LG4,Staff,104,381,426777,4245362994,3012085796,7257448790
2014-02-06,LG4,TPG,227,1861,2891121,114367406798,45325901633,159693308431
2014-02-06,LG4,RPG,115,600,676104,13065180845,15478306882,28543487727
2014-02-06,LG4,UG,1235,3458,3039761,62798862888,12038794653,74837657541
2014-02-06,LG4,Alumni,13,71,138547,1503580861,114405391,1617986252
2014-02-06,LG4,Others(HKUST),8,76,113322,2606337092,104036299,2710373391
2014-02-06,LG4,Non-HKUST,15,79,112440,875264257,118546646,993810903
2014-02-06,LG4,Total,1717,6526,7398072,199461995735,76192077300,275654073035
2014-02-06,All-Floors,Staff,322,2220,2043952,32844933287,7930152612,40775085899
2014-02-06,All-Floors,TPG,540,8183,9477768,263570003532,96734929858,360304933390
2014-02-06,All-Floors,RPG,316,2837,2715616,48976434251,23875748754,72852183005
2014-02-06,All-Floors,UG,3550,25740,21168233,419627484455,143349970228,562977454683
2014-02-06,All-Floors,Alumni,32,373,583798,14254239692,2525598256,16779837948
2014-02-06,All-Floors,Others(HKUST),26,244,289901,4703963285,780208047,5484171332
2014-02-06,All-Floors,Non-HKUST,46,358,490671,5140655672,594648949,5735304621
2014-02-06,All-Floors,Total,4832,39955,36769939,789117714174,275791256704,1064908970878
2014-02-07,1,Staff,59,581,537112,1606970132,544913999,2151884131
2014-02-07,1,TPG,29,214,356071,17658530966,4011514308,21670045274
2014-02-07,1,RPG,8,47,24345,468800345,69029300,537829645
2014-02-07,1,UG,250,1329,1974317,76697107720,11016757522,87713865242
2014-02-07,1,Alumni,7,51,65006,1416527459,275401502,1691928961
2014-02-07,1,Others(HKUST),4,53,19767,94931684,14636570,109568254
2014-02-07,1,Non-HKUST,5,12,46420,1036795159,93094857,1129890016
2014-02-07,1,Total,362,2287,3023038,98979663465,16025348058,115005011523
2014-02-07,G,Staff,88,438,497949,2159413308,936219295,3095632603
2014-02-07,G,TPG,237,1420,962367,17769395696,4276764959,22046160655
2014-02-07,G,RPG,89,419,270193,8911950151,576482788,9488432939
2014-02-07,G,UG,1167,5198,2914395,65398663477,11187861770,76586525247
2014-02-07,G,Alumni,10,27,49602,251954798,31236189,283190987
2014-02-07,G,Others(HKUST),9,57,82377,529312244,80244186,609556430
2014-02-07,G,Non-HKUST,16,97,140205,13697392553,1029357964,14726750517
2014-02-07,G,Total,1616,7656,4917088,108718082227,18118167151,126836249378
2014-02-07,LG1,Staff,79,339,320808,3333915094,214806831,3548721925
2014-02-07,LG1,TPG,328,3000,4042863,62320281546,12895914150,75216195696
2014-02-07,LG1,RPG,118,918,1006342,8815910670,2317979240,11133889910
2014-02-07,LG1,UG,1418,8952,9119659,102320939272,19055704145,121376643417
2014-02-07,LG1,Alumni,11,45,49934,218428010,21236242,239664252
2014-02-07,LG1,Others(HKUST),11,40,30873,1817757,642411,2460168
2014-02-07,LG1,Non-HKUST,22,87,67784,2501591334,118127933,2619719267
2014-02-07,LG1,Total,1987,13381,14638263,179512883683,34624410952,214137294635
2014-02-07,LG3,Staff,121,239,113731,1853640030,110555185,1964195215
2014-02-07,LG3,TPG,217,974,1391895,61779550688,25656397448,87435948136
2014-02-07,LG3,RPG,134,417,642738,5735928852,2925146118,8661074970
2014-02-07,LG3,UG,1396,3133,2377079,39717280027,3557370973,43274651000
2014-02-07,LG3,Alumni,13,82,172228,4026065984,523329005,4549394989
2014-02-07,LG3,Others(HKUST),10,28,11923,6915653,912977,7828630
2014-02-07,LG3,Non-HKUST,11,47,126098,200998991,14550752,215549743
2014-02-07,LG3,Total,1902,4920,4835692,113320380225,32788262458,146108642683
2014-02-07,LG4,Staff,82,278,231992,5103630327,389654606,5493284933
2014-02-07,LG4,TPG,209,1727,2903115,78456836558,20581706211,99038542769
2014-02-07,LG4,RPG,95,429,646172,9030636729,1851703134,10882339863
2014-02-07,LG4,UG,951,2892,2832493,52643016844,6938216116,59581232960
2014-02-07,LG4,Alumni,11,80,138401,3514298481,514662307,4028960788
2014-02-07,LG4,Others(HKUST),11,75,199018,16698744598,1728556817,18427301415
2014-02-07,LG4,Non-HKUST,11,57,102736,650285613,396310621,1046596234
2014-02-07,LG4,Total,1370,5538,7053927,166097449150,32400809812,198498258962
2014-02-07,All-Floors,Staff,275,1875,1701592,14057568891,2196149916,16253718807
2014-02-07,All-Floors,TPG,499,7335,9656311,237984595454,67422297076,305406892530
2014-02-07,All-Floors,RPG,264,2230,2589790,32963226747,7740340580,40703567327
2014-02-07,All-Floors,UG,3139,21504,19217943,336777007340,51755910526,388532917866
2014-02-07,All-Floors,Alumni,29,285,475171,9427274732,1365865245,10793139977
2014-02-07,All-Floors,Others(HKUST),28,253,343958,17331721936,1824992961,19156714897
2014-02-07,All-Floors,Non-HKUST,42,300,483243,18087063650,1651442127,19738505777
2014-02-07,All-Floors,Total,4276,33782,34468008,666628458750,133956998431,800585457181
2014-02-08,1,Staff,8,64,105488,306158748,66539925,372698673
2014-02-08,1,TPG,26,104,242104,7652238827,357551435,8009790262
2014-02-08,1,RPG,6,24,29857,2175804353,171650589,2347454942
2014-02-08,1,UG,44,302,673968,22284939029,5244828197,27529767226
2014-02-08,1,Alumni,5,41,70631,782530090,86701474,869231564
2014-02-08,1,Others(HKUST),3,18,6009,1671697,734154,2405851
2014-02-08,1,Non-HKUST,4,18,35074,444623375,40696581,485319956
2014-02-08,1,Total,96,571,1163131,33647966119,5968702355,39616668474
2014-02-08,G,Staff,24,152,157931,3475953169,481128535,3957081704
2014-02-08,G,TPG,172,705,638431,11300415231,1810743231,13111158462
2014-02-08,G,RPG,67,309,276865,11569795989,2146106376,13715902365
2014-02-08,G,UG,171,707,525950,5581497167,1115852646,6697349813
2014-02-08,G,Alumni,14,54,61524,777639244,132752788,910392032
2014-02-08,G,Others(HKUST),8,40,66105,764596385,109768163,874364548
2014-02-08,G,Non-HKUST,10,36,27376,35697080,7764501,43461581
2014-02-08,G,Total,466,2003,1754182,33505594265,5804116240,39309710505
2014-02-08,LG1,Staff,31,181,213193,9491148879,914737260,10405886139
2014-02-08,LG1,TPG,301,3062,4545747,56731036525,17980867151,74711903676
2014-02-08,LG1,RPG,106,873,1314750,42419305441,7168436816,49587742257
2014-02-08,LG1,UG,481,3832,5690907,75141884740,17062625604,92204510344
2014-02-08,LG1,Alumni,22,156,288046,2597068429,324823350,2921891779
2014-02-08,LG1,Others(HKUST),4,27,87270,16811096,4296892,21107988
2014-02-08,LG1,Non-HKUST,13,102,186718,4886329680,227558610,5113888290
2014-02-08,LG1,Total,958,8233,12326631,191283584790,43683345683,234966930473
2014-02-08,LG3,Staff,34,79,64761,1821209833,51179557,1872389390
2014-02-08,LG3,TPG,181,584,765647,19009000573,2600755626,21609756199
2014-02-08,LG3,RPG,94,322,558277,9818563487,6076148437,15894711924
2014-02-08,LG3,UG,380,791,706659,26722502708,2516719718,29239222426
2014-02-08,LG3,Alumni,18,75,164138,3514066078,203296235,3717362313
2014-02-08,LG3,Others(HKUST),5,10,3743,25592709,31437319,57030028
2014-02-08,LG3,Non-HKUST,14,51,97597,3065046347,166893788,3231940135
2014-02-08,LG3,Total,726,1912,2360822,63975981735,11646430680,75622412415
2014-02-08,LG4,Staff,14,65,134984,1054100190,2682607002,3736707192
2014-02-08,LG4,TPG,137,919,1404361,59103571907,7064495613,66168067520
2014-02-08,LG4,RPG,66,442,526244,7102351341,1677753623,8780104964
2014-02-08,LG4,UG,267,814,943516,26811866206,2516782347,29328648553
2014-02-08,LG4,Alumni,16,95,158683,3822053454,426569852,4248623306
2014-02-08,LG4,Others(HKUST),3,95,245615,8179105884,375166148,8554272032
2014-02-08,LG4,Non-HKUST,11,61,90352,2349223234,102468082,2451691316
2014-02-08,LG4,Total,514,2491,3503755,108422272216,14845842667,123268114883
2014-02-08,All-Floors,Staff,78,541,676357,16148570819,4196192279,20344763098
2014-02-08,All-Floors,TPG,439,5374,7596290,153796263063,29814413056,183610676119
2014-02-08,All-Floors,RPG,198,1970,2705993,73085820611,17240095841,90325916452
2014-02-08,All-Floors,UG,910,6446,8541000,156542689850,28456808512,184999498362
2014-02-08,All-Floors,Alumni,39,421,743022,11493357295,1174143699,12667500994
2014-02-08,All-Floors,Others(HKUST),17,190,408742,8987777771,521402676,9509180447
2014-02-08,All-Floors,Non-HKUST,29,268,437117,10780919716,545381562,11326301278
2014-02-08,All-Floors,Total,1710,15210,21108521,430835399125,81948437625,512783836750
2014-02-09,1,Staff,6,83,27812,130379368,68749027,199128395
2014-02-09,1,TPG,23,169,337644,10001733371,1757180058,11758913429
2014-02-09,1,RPG,8,17,20640,127206303,32086998,159293301
2014-02-09,1,UG,40,255,593140,10091453587,2001436980,12092890567
2014-02-09,1,Alumni,3,25,19348,585386759,25360390,610747149
2014-02-09,1,Others(HKUST),2,2,0,5471,3402,8873
2014-02-09,1,Non-HKUST,1,6,27860,3158415627,315289972,3473705599
2014-02-09,1,Total,83,557,1026444,24094580486,4200106827,28294687313
2014-02-09,G,Staff,19,127,192493,3927426423,549132280,4476558703
2014-02-09,G,TPG,114,641,681290,13599816428,1910332527,15510148955
2014-02-09,G,RPG,65,419,349650,4043101496,553362582,4596464078
2014-02-09,G,UG,275,1385,1120268,24765204301,3194116159,27959320460
2014-02-09,G,Alumni,9,82,43177,4158981150,108289855,4267271005
2014-02-09,G,Others(HKUST),5,28,55197,792625708,113459738,906085446
2014-02-09,G,Non-HKUST,8,63,56059,3464224685,393721600,3857946285
2014-02-09,G,Total,495,2745,2498134,54751380191,6822414741,61573794932
2014-02-09,LG1,Staff,20,146,180286,2373399686,732024984,3105424670
2014-02-09,LG1,TPG,241,3331,4494492,116958217518,16290774185,133248991703
2014-02-09,LG1,RPG,109,1259,1550547,40510697122,12834710161,53345407283
2014-02-09,LG1,UG,531,6029,8465805,104712891334,17580553834,122293445168
2014-02-09,LG1,Alumni,26,165,216785,3978771739,359429470,4338201209
2014-02-09,LG1,Others(HKUST),4,24,17516,1612561,1041046,2653607
2014-02-09,LG1,Non-HKUST,24,177,257992,6359528546,251629330,6611157876
2014-02-09,LG1,Total,955,11131,15183423,274895118506,48050163010,322945281516
2014-02-09,LG3,Staff,32,65,16027,49885421,39670986,89556407
2014-02-09,LG3,TPG,145,680,809823,49659507635,5109438568,54768946203
2014-02-09,LG3,RPG,108,316,405377,5555372790,1365989169,6921361959
2014-02-09,LG3,UG,465,1293,1178001,24876542605,3265707454,28142250059
2014-02-09,LG3,Alumni,18,69,72568,982943743,117318900,1100262643
2014-02-09,LG3,Others(HKUST),3,7,460,188474,140713,329187
2014-02-09,LG3,Non-HKUST,13,16,19929,21772772,2535518,24308290
2014-02-09,LG3,Total,784,2446,2502185,81146213440,9900801308,91047014748
2014-02-09,LG4,Staff,17,58,81702,1253114371,144790451,1397904822
2014-02-09,LG4,TPG,122,1123,1886660,46769835049,15924116430,62693951479
2014-02-09,LG4,RPG,80,527,601626,15043421517,1652219773,16695641290
2014-02-09,LG4,UG,278,1401,1747959,49130795231,4612474389,53743269620
2014-02-09,LG4,Alumni,17,130,262625,10750940135,526415403,11277355538
2014-02-09,LG4,Others(HKUST),3,65,137838,54954668158,3434796941,58389465099
2014-02-09,LG4,Non-HKUST,8,41,86487,75207663,9932771,85140434
2014-02-09,LG4,Total,525,3345,4804897,177977982124,26304746158,204282728282
2014-02-09,All-Floors,Staff,57,479,498320,7734205269,1534367728,9268572997
2014-02-09,All-Floors,TPG,310,5944,8209909,236989110001,40991841768,277980951769
2014-02-09,All-Floors,RPG,211,2538,2927840,65279799228,16438368683,81718167911
2014-02-09,All-Floors,UG,919,10363,13105173,213576887058,30654288816,244231175874
2014-02-09,All-Floors,Alumni,44,471,614503,20457023526,1136814018,21593837544
2014-02-09,All-Floors,Others(HKUST),9,126,211011,55749100372,3549441840,59298542212
2014-02-09,All-Floors,Non-HKUST,37,303,448327,13079149293,973109191,14052258484
2014-02-09,All-Floors,Total,1587,20224,26015083,612865274747,95278232044,708143506791
2014-02-10,1,Staff,57,555,614945,7468212682,1758386672,9226599354
2014-02-10,1,TPG,54,393,554530,24914412487,3790456167,28704868654
2014-02-10,1,RPG,18,139,151160,5911809410,433304792,6345114202
2014-02-10,1,UG,393,2487,2983459,97727958858,20402415844,118130374702
2014-02-10,1,Alumni,4,16,34185,165865152,20752545,186617697
2014-02-10,1,Others(HKUST),3,47,30240,225458701,14440765,239899466
2014-02-10,1,Non-HKUST,3,6,14416,256554545,26168360,282722905
2014-02-10,1,Total,532,3643,4382935,136670271835,26445925145,163116196980
2014-02-10,G,Staff,117,678,528870,2512986713,482989782,2995976495
2014-02-10,G,TPG,332,1917,1156221,21220118361,13861644417,35081762778
2014-02-10,G,RPG,138,885,522606,7254141512,3065544125,10319685637
2014-02-10,G,UG,1612,8050,3778873,120300441199,15506509992,135806951191
2014-02-10,G,Alumni,10,44,24653,327192879,31235472,358428351
2014-02-10,G,Others(HKUST),11,75,70397,1754036248,128393339,1882429587
2014-02-10,G,Non-HKUST,16,136,55380,1527828180,91235261,1619063441
2014-02-10,G,Total,2236,11785,6137000,154896745092,33167552388,188064297480
2014-02-10,LG1,Staff,125,485,384660,819255242,206794934,1026050176
2014-02-10,LG1,TPG,388,4310,4022947,75078607738,18319869785,93398477523
2014-02-10,LG1,RPG,152,1381,1620900,50812740742,34898481042,85711221784
2014-02-10,LG1,UG,1926,14398,12159671,159289378629,32636074073,191925452702
2014-02-10,LG1,Alumni,15,88,74780,349747568,50950797,400698365
2014-02-10,LG1,Others(HKUST),12,71,66391,868835810,60500905,929336715
2014-02-10,LG1,Non-HKUST,30,148,124520,4643028104,3637761017,8280789121
2014-02-10,LG1,Total,2648,20881,18453869,291861593833,89810432553,381672026386
2014-02-10,LG3,Staff,177,434,130920,1317849967,107860506,1425710473
2014-02-10,LG3,TPG,306,1502,1830299,32510143636,5366196046,37876339682
2014-02-10,LG3,RPG,250,847,782251,12308574662,2136755678,14445330340
2014-02-10,LG3,UG,2046,5146,3497826,52171265779,5776707220,57947972999
2014-02-10,LG3,Alumni,12,67,81299,1243857304,1002455259,2246312563
2014-02-10,LG3,Others(HKUST),7,33,17637,483710076,25111339,508821415
2014-02-10,LG3,Non-HKUST,16,88,138449,485506163,99504226,585010389
2014-02-10,LG3,Total,2814,8117,6478681,100520907587,14514590274,115035497861
2014-02-10,LG4,Staff,114,315,273644,2161657463,194236495,2355893958
2014-02-10,LG4,TPG,266,2450,3649181,68811593870,18770625532,87582219402
2014-02-10,LG4,RPG,169,739,852677,14190529623,4771372643,18961902266
2014-02-10,LG4,UG,1506,4923,4117498,109179219212,11727742156,120906961368
2014-02-10,LG4,Alumni,7,103,99158,7757839018,2008287689,9766126707
2014-02-10,LG4,Others(HKUST),11,143,199245,29544205422,1134425515,30678630937
2014-02-10,LG4,Non-HKUST,13,30,57206,1004152873,64811215,1068964088
2014-02-10,LG4,Total,2086,8703,9248609,232649197481,38671501245,271320698726
2014-02-10,All-Floors,Staff,361,2467,1933039,14279962067,2750268389,17030230456
2014-02-10,All-Floors,TPG,580,10572,11213178,222534876092,60108791947,282643668039
2014-02-10,All-Floors,RPG,443,3991,3929594,90477795949,45305458280,135783254229
2014-02-10,All-Floors,UG,4042,35004,26537327,538668263677,86049449285,624717712962
2014-02-10,All-Floors,Alumni,25,318,314075,9844501921,3113681762,12958183683
2014-02-10,All-Floors,Others(HKUST),25,369,383910,32876246257,1362871863,34239118120
2014-02-10,All-Floors,Non-HKUST,49,408,389971,7917069865,3919480079,11836549944
2014-02-10,All-Floors,Total,5525,53129,44701094,916598715828,202610001605,1119208717433
2014-02-11,1,Staff,59,615,675836,2217255664,294707606,2511963270
2014-02-11,1,TPG,57,643,884787,61176880601,14946323616,76123204217
2014-02-11,1,RPG,26,143,126438,16515045740,1577240674,18092286414
2014-02-11,1,UG,346,2097,2586849,73430509406,16785682559,90216191965
2014-02-11,1,Alumni,4,34,65491,849210201,146185480,995395681
2014-02-11,1,Others(HKUST),3,15,36834,452982426,29508072,482490498
2014-02-11,1,Non-HKUST,2,4,15942,5302843,1100320,6403163
2014-02-11,1,Total,497,3551,4392177,154647186881,33780748327,188427935208
2014-02-11,G,Staff,112,685,584716,2862112110,4207673049,7069785159
2014-02-11,G,TPG,296,1807,1021700,18565473300,4058872909,22624346209
2014-02-11,G,RPG,139,724,449923,18696715225,1938463821,20635179046
2014-02-11,G,UG,1490,7022,3756912,80025317267,22866161035,102891478302
2014-02-11,G,Alumni,5,21,15947,25359875,4685531,30045406
2014-02-11,G,Others(HKUST),10,62,80945,1748194582,131228980,1879423562
2014-02-11,G,Non-HKUST,21,49,16175,54166150,14489731,68655881
2014-02-11,G,Total,2073,10370,5926318,121977338509,33221575056,155198913565
2014-02-11,LG1,Staff,117,575,444424,3369902977,546826649,3916729626
2014-02-11,LG1,TPG,415,4695,4325844,65375702534,9916364562,75292067096
2014-02-11,LG1,RPG,183,1504,1356606,88778017610,14955627816,103733645426
2014-02-11,LG1,UG,1918,13708,11885164,146812030754,32344152528,179156183282
2014-02-11,LG1,Alumni,13,95,80760,234248382,26363252,260611634
2014-02-11,LG1,Others(HKUST),12,72,80378,804327430,109192353,913519783
2014-02-11,LG1,Non-HKUST,28,150,75876,525554289,827628873,1353183162
2014-02-11,LG1,Total,2686,20799,18249052,305899783976,58726156033,364625940009
2014-02-11,LG3,Staff,183,393,136737,4627366191,191036617,4818402808
2014-02-11,LG3,TPG,316,1347,1402632,41711235682,8117580919,49828816601
2014-02-11,LG3,RPG,276,949,995611,58859573400,7247081084,66106654484
2014-02-11,LG3,UG,1955,4573,2599421,66959077851,6997046436,73956124287
2014-02-11,LG3,Alumni,11,70,101717,1314240122,271008389,1585248511
2014-02-11,LG3,Others(HKUST),7,11,234,1134467,1965334,3099801
2014-02-11,LG3,Non-HKUST,19,120,188043,628616900,99250637,727867537
2014-02-11,LG3,Total,2767,7463,5424395,174101244613,22924969416,197026214029
2014-02-11,LG4,Staff,108,327,381284,5816505373,884282855,6700788228
2014-02-11,LG4,TPG,268,2947,4380367,115829515046,22716220132,138545735178
2014-02-11,LG4,RPG,172,948,1170811,11599414556,2693177537,14292592093
2014-02-11,LG4,UG,1350,4402,3787556,51721143752,9555945423,61277089175
2014-02-11,LG4,Alumni,10,96,164092,905408679,109360340,1014769019
2014-02-11,LG4,Others(HKUST),8,86,148186,21936094337,676261510,22612355847
2014-02-11,LG4,Non-HKUST,13,134,148036,4240192163,1638715313,5878907476
2014-02-11,LG4,Total,1929,8940,10180332,212048273906,38273963110,250322237016
2014-02-11,All-Floors,Staff,364,2595,2222997,18893142315,6124526776,25017669091
2014-02-11,All-Floors,TPG,608,11439,12015330,302658807163,59755362138,362414169301
2014-02-11,All-Floors,RPG,461,4268,4099389,194448766531,28411590932,222860357463
2014-02-11,All-Floors,UG,3896,31802,24615902,418948079030,88548987981,507497067011
2014-02-11,All-Floors,Alumni,22,316,428007,3328467259,557602992,3886070251
2014-02-11,All-Floors,Others(HKUST),22,246,346577,24942733242,948156249,25890889491
2014-02-11,All-Floors,Non-HKUST,49,457,444072,5453832345,2581184874,8035017219
2014-02-11,All-Floors,Total,5422,51123,44172274,968673827885,186927411942,1155601239827
2014-02-12,1,Staff,68,515,752825,4912425515,418432073,5330857588
2014-02-12,1,TPG,54,574,726499,45317217964,7414607981,52731825945
2014-02-12,1,RPG,15,39,45878,917735651,336926193,1254661844
2014-02-12,1,UG,382,2162,2784689,117285087136,18483641962,135768729098
2014-02-12,1,Alumni,4,51,45617,1032757678,68864428,1101622106
2014-02-12,1,Others(HKUST),1,11,12568,165570904,13953813,179524717
2014-02-12,1,Non-HKUST,2,24,24546,18792663,5658622,24451285
2014-02-12,1,Total,526,3376,4392622,169649587511,26742085072,196391672583
2014-02-12,G,Staff,107,591,398339,4938027230,2072881196,7010908426
2014-02-12,G,TPG,318,1827,1208059,29885960108,3672318303,33558278411
2014-02-12,G,RPG,143,752,498382,4890448635,2679568363,7570016998
2014-02-12,G,UG,1392,6404,3558222,86710542222,21670132500,108380674722
2014-02-12,G,Alumni,11,22,27728,31764309,7626979,39391288
2014-02-12,G,Others(HKUST),10,72,103836,867008367,111806660,978815027
2014-02-12,G,Non-HKUST,16,86,61551,1730596007,181829583,1912425590
2014-02-12,G,Total,1997,9754,5856117,129054346878,30396163584,159450510462
2014-02-12,LG1,Staff,112,506,370742,3380861086,1549695533,4930556619
2014-02-12,LG1,TPG,410,4200,4082440,55575416170,8757288208,64332704378
2014-02-12,LG1,RPG,171,1430,1570515,76751843281,13158057685,89909900966
2014-02-12,LG1,UG,1857,13464,12763882,140730466951,20606669806,161337136757
2014-02-12,LG1,Alumni,14,145,130015,933730354,145995138,1079725492
2014-02-12,LG1,Others(HKUST),13,46,58691,1461238399,210478796,1671717195
2014-02-12,LG1,Non-HKUST,18,77,55831,3801916098,157993406,3959909504
2014-02-12,LG1,Total,2595,19868,19032116,282635472339,44586178572,327221650911
2014-02-12,LG3,Staff,139,428,169867,1590431092,130826939,1721258031
2014-02-12,LG3,TPG,283,1494,1670808,29854771516,7516815824,37371587340
2014-02-12,LG3,RPG,231,843,987657,20056257176,4351224839,24407482015
2014-02-12,LG3,UG,1847,4510,2784334,56737926242,7085393813,63823320055
2014-02-12,LG3,Alumni,16,60,125964,2251594599,279854984,2531449583
2014-02-12,LG3,Others(HKUST),9,26,12303,14669896,2348599,17018495
2014-02-12,LG3,Non-HKUST,15,66,98602,36918118,16721887,53640005
2014-02-12,LG3,Total,2540,7427,5849535,110542568639,19383186885,129925755524
2014-02-12,LG4,Staff,101,371,400279,5446293970,1201236735,6647530705
2014-02-12,LG4,TPG,283,2950,3972270,79059243247,22930981293,101990224540
2014-02-12,LG4,RPG,169,1173,1379635,31644752761,7527762077,39172514838
2014-02-12,LG4,UG,1240,4347,4022949,85326249625,18845282355,104171531980
2014-02-12,LG4,Alumni,12,95,161828,121972188625,3968840488,125941029113
2014-02-12,LG4,Others(HKUST),7,142,212527,75853108278,2319927153,78173035431
2014-02-12,LG4,Non-HKUST,11,42,43678,232978736,44960748,277939484
2014-02-12,LG4,Total,1823,9120,10193166,399534815242,56838990849,456373806091
2014-02-12,All-Floors,Staff,345,2411,2092052,20268038893,5373072476,25641111369
2014-02-12,All-Floors,TPG,610,11045,11660076,239692609005,50292011609,289984620614
2014-02-12,All-Floors,RPG,452,4237,4482067,134261037504,28053539157,162314576661
2014-02-12,All-Floors,UG,3789,30887,25914076,486790272176,86691120436,573481392612
2014-02-12,All-Floors,Alumni,25,373,491152,126222035565,4471182017,130693217582
2014-02-12,All-Floors,Others(HKUST),26,297,399925,78361595844,2658515021,81020110865
2014-02-12,All-Floors,Non-HKUST,38,295,284208,5821201622,407164246,6228365868
2014-02-12,All-Floors,Total,5285,49545,45323556,1091416790609,177946604962,1269363395571
2014-02-13,1,Staff,61,599,646828,1482322596,551655351,2033977947
2014-02-13,1,TPG,46,429,518329,35361177092,4233523529,39594700621
2014-02-13,1,RPG,30,154,157391,2830793591,582782421,3413576012
2014-02-13,1,UG,337,2088,2611559,86090450186,18093736630,104184186816
2014-02-13,1,Alumni,2,31,30748,522922706,28790925,551713631
2014-02-13,1,Others(HKUST),7,28,32800,498140305,47011104,545151409
2014-02-13,1,Non-HKUST,5,22,19788,215908438,46281116,262189554
2014-02-13,1,Total,488,3351,4017443,127001714914,23583781076,150585495990
2014-02-13,G,Staff,104,656,463976,5314852215,839264506,6154116721
2014-02-13,G,TPG,267,1494,1068271,18430610931,9705301851,28135912782
2014-02-13,G,RPG,147,779,579986,7669516746,3048922144,10718438890
2014-02-13,G,UG,1356,6442,3814035,77927659586,37012422350,114940081936
2014-02-13,G,Alumni,7,28,22780,270956654,17174686,288131340
2014-02-13,G,Others(HKUST),12,79,116035,3040042175,553312907,3593355082
2014-02-13,G,Non-HKUST,8,27,15696,413504162,19758818,433262980
2014-02-13,G,Total,1901,9505,6080779,113067142469,51196157262,164263299731
2014-02-13,LG1,Staff,124,543,458953,2181582658,191303694,2372886352
2014-02-13,LG1,TPG,362,3232,3405793,33807008123,6333051690,40140059813
2014-02-13,LG1,RPG,175,1300,1500209,51324196822,10538072738,61862269560
2014-02-13,LG1,UG,1902,12966,13923579,163789795553,33722453754,197512249307
2014-02-13,LG1,Alumni,13,111,158084,2757762062,403834771,3161596833
2014-02-13,LG1,Others(HKUST),15,74,54612,307629944,36205480,343835424
2014-02-13,LG1,Non-HKUST,10,63,51160,532778567,37620036,570398603
2014-02-13,LG1,Total,2601,18289,19552390,254700753729,51262542163,305963295892
2014-02-13,LG3,Staff,140,288,146173,409482366,69732143,479214509
2014-02-13,LG3,TPG,242,1099,1614098,53019969968,21687630475,74707600443
2014-02-13,LG3,RPG,217,757,880465,13718144667,1881740965,15599885632
2014-02-13,LG3,UG,1506,3640,2746162,52005971889,4847547372,56853519261
2014-02-13,LG3,Alumni,6,29,117666,4938064584,252629468,5190694052
2014-02-13,LG3,Others(HKUST),5,14,12863,859535,247451,1106986
2014-02-13,LG3,Non-HKUST,11,42,93669,358820025,39829502,398649527
2014-02-13,LG3,Total,2127,5869,5611096,124451313034,28779357376,153230670410
2014-02-13,LG4,Staff,83,298,281380,3269168636,320489409,3589658045
2014-02-13,LG4,TPG,250,2155,3448113,162425476718,13573738435,175999215153
2014-02-13,LG4,RPG,134,830,1251211,17158461735,2045667520,19204129255
2014-02-13,LG4,UG,1099,3828,4208430,72973428463,16216809648,89190238111
2014-02-13,LG4,Alumni,12,113,158220,1011728878,413844891,1425573769
2014-02-13,LG4,Others(HKUST),8,77,207740,8663446700,503062579,9166509279
2014-02-13,LG4,Non-HKUST,10,32,32446,1409187643,33921638,1443109281
2014-02-13,LG4,Total,1596,7333,9587540,266910898773,33107534120,300018432893
2014-02-13,All-Floors,Staff,314,2384,1997310,12657408471,1972445103,14629853574
2014-02-13,All-Floors,TPG,560,8409,10054604,303044242832,55533245980,358577488812
2014-02-13,All-Floors,RPG,428,3820,4369262,92701113561,18097185788,110798299349
2014-02-13,All-Floors,UG,3596,28964,27303765,452787305677,109892969754,562680275431
2014-02-13,All-Floors,Alumni,25,312,487498,9501434884,1116274741,10617709625
2014-02-13,All-Floors,Others(HKUST),28,272,424050,12510118659,1139839521,13649958180
2014-02-13,All-Floors,Non-HKUST,27,186,212759,2930198835,177411110,3107609945
2014-02-13,All-Floors,Total,4978,44347,44849248,886131822919,187929371997,1074061194916
2014-02-14,1,Staff,59,457,686849,2883262982,603220214,3486483196
2014-02-14,1,TPG,31,273,418082,12732044990,2424093810,15156138800
2014-02-14,1,RPG,20,91,104415,3217227852,1287640252,4504868104
2014-02-14,1,UG,263,1480,2099350,63155820411,8757149568,71912969979
2014-02-14,1,Alumni,5,40,35386,668753159,76828060,745581219
2014-02-14,1,Others(HKUST),3,8,10409,274406702,37277177,311683879
2014-02-14,1,Non-HKUST,3,7,6495,19799645,3342330,23141975
2014-02-14,1,Total,384,2356,3360986,82951315741,13189551411,96140867152
2014-02-14,G,Staff,97,671,500610,2833706042,2211302030,5045008072
2014-02-14,G,TPG,195,1111,698637,27257607964,2411973536,29669581500
2014-02-14,G,RPG,111,706,521629,16549226813,8967523951,25516750764
2014-02-14,G,UG,1172,4964,2555907,92918494885,25830079121,118748574006
2014-02-14,G,Alumni,8,65,87338,604829858,276362475,881192333
2014-02-14,G,Others(HKUST),8,56,101253,1465848009,238919841,1704767850
2014-02-14,G,Non-HKUST,15,71,54617,2384386717,99382599,2483769316
2014-02-14,G,Total,1606,7644,4519991,144014100288,40035543553,184049643841
2014-02-14,LG1,Staff,114,595,571060,6336121088,1042533149,7378654237
2014-02-14,LG1,TPG,281,2224,2514665,22011048762,8048454423,30059503185
2014-02-14,LG1,RPG,162,1221,1509326,34599641108,8897012633,43496653741
2014-02-14,LG1,UG,1463,9118,9520709,110793302610,27884658539,138677961149
2014-02-14,LG1,Alumni,11,94,142377,337538426,26710004,364248430
2014-02-14,LG1,Others(HKUST),16,121,124574,2329595699,4410295936,6739891635
2014-02-14,LG1,Non-HKUST,24,122,109153,936843422,90785394,1027628816
2014-02-14,LG1,Total,2071,13495,14491864,177344091115,50400450078,227744541193
2014-02-14,LG3,Staff,115,247,163130,1079449431,115503500,1194952931
2014-02-14,LG3,TPG,192,993,1222072,22757396851,5332456068,28089852919
2014-02-14,LG3,RPG,192,562,759936,19139390283,2164833265,21304223548
2014-02-14,LG3,UG,1382,3192,2112120,42044213488,11616112929,53660326417
2014-02-14,LG3,Alumni,6,57,127779,2214536173,1178482925,3393019098
2014-02-14,LG3,Others(HKUST),8,16,9138,162933,87180,250113
2014-02-14,LG3,Non-HKUST,13,35,86638,1493850704,210932606,1704783310
2014-02-14,LG3,Total,1908,5102,4480813,88728999863,20618408473,109347408336
2014-02-14,LG4,Staff,70,276,340507,5435942364,579017131,6014959495
2014-02-14,LG4,TPG,179,1391,2201247,53093819561,38928603555,92022423116
2014-02-14,LG4,RPG,119,511,545617,5375402432,3126264223,8501666655
2014-02-14,LG4,UG,930,2744,2686627,60026877912,7567153564,67594031476
2014-02-14,LG4,Alumni,11,67,86459,245661030,133978431,379639461
2014-02-14,LG4,Others(HKUST),8,107,225424,41234398593,1406120548,42640519141
2014-02-14,LG4,Non-HKUST,7,48,15598,3232593,945382,4177975
2014-02-14,LG4,Total,1324,5144,6101479,165415334485,51742082834,217157417319
2014-02-14,All-Floors,Staff,281,2246,2262156,18568481907,4551576024,23120057931
2014-02-14,All-Floors,TPG,421,5992,7054703,137851918128,57145581392,194997499520
2014-02-14,All-Floors,RPG,374,3091,3440923,78880888488,24443274324,103324162812
2014-02-14,All-Floors,UG,3191,21498,18974713,368938709306,81655153721,450593863027
2014-02-14,All-Floors,Alumni,23,323,479339,4071318646,1692361895,5763680541
2014-02-14,All-Floors,Others(HKUST),23,308,470798,45304411936,6092700682,51397112618
2014-02-14,All-Floors,Non-HKUST,40,283,272501,4838113081,405388311,5243501392
2014-02-14,All-Floors,Total,4353,33741,32955133,658453841492,175986036349,834439877841
2014-02-15,1,Staff,7,41,81122,465782124,108492993,574275117
2014-02-15,1,TPG,38,387,476616,4979841518,1418023830,6397865348
2014-02-15,1,RPG,6,27,49390,353082269,53958396,407040665
2014-02-15,1,UG,49,267,438494,17793682505,3832806199,21626488704
2014-02-15,1,Alumni,5,61,28256,66862999,8933167,75796166
2014-02-15,1,Others(HKUST),2,7,15733,17152042,2919665,20071707
2014-02-15,1,Non-HKUST,2,4,3250,280194800,20316469,300511269
2014-02-15,1,Total,109,794,1092861,23956598257,5445450719,29402048976
2014-02-15,G,Staff,26,228,166710,5351369513,1471622797,6822992310
2014-02-15,G,TPG,211,998,728608,20070713475,6364646309,26435359784
2014-02-15,G,RPG,78,340,238903,2021948641,367949691,2389898332
2014-02-15,G,UG,252,1429,1169099,36189676788,6187737054,42377413842
2014-02-15,G,Alumni,15,83,92271,1757974312,70680774,1828655086
2014-02-15,G,Others(HKUST),4,27,48598,339022715,44379091,383401806
2014-02-15,G,Non-HKUST,6,19,14185,306910739,50225938,357136677
2014-02-15,G,Total,592,3124,2458374,66037616183,14557241654,80594857837
2014-02-15,LG1,Staff,32,329,391522,3944236309,760654197,4704890506
2014-02-15,LG1,TPG,307,2988,3715581,74328347735,21801295553,96129643288
2014-02-15,LG1,RPG,119,1086,1614412,64157720676,12695413027,76853133703
2014-02-15,LG1,UG,584,5463,8069727,87896028886,34558913927,122454942813
2014-02-15,LG1,Alumni,23,211,365168,2483407146,365009881,2848417027
2014-02-15,LG1,Others(HKUST),6,76,163005,813474964,1146251196,1959726160
2014-02-15,LG1,Non-HKUST,21,163,192295,16367318956,876966417,17244285373
2014-02-15,LG1,Total,1092,10316,14511710,249990534672,72204504198,322195038870
2014-02-15,LG3,Staff,28,99,80932,3663823277,2721302574,6385125851
2014-02-15,LG3,TPG,168,477,589018,4990905384,2025121576,7016026960
2014-02-15,LG3,RPG,110,265,299853,23657334546,1438882214,25096216760
2014-02-15,LG3,UG,361,968,1058958,11881268072,2404066705,14285334777
2014-02-15,LG3,Alumni,13,46,99865,2037090798,131205321,2168296119
2014-02-15,LG3,Others(HKUST),5,12,8527,252392,244891,497283
2014-02-15,LG3,Non-HKUST,17,111,80711,1026162726,186511422,1212674148
2014-02-15,LG3,Total,702,1978,2217864,47256837195,8907334703,56164171898
2014-02-15,LG4,Staff,23,98,79326,52544105,7332570,59876675
2014-02-15,LG4,TPG,121,669,1076165,28562191852,8505029146,37067220998
2014-02-15,LG4,RPG,80,302,433535,7372610479,483252014,7855862493
2014-02-15,LG4,UG,241,1110,1333995,20317436635,2031947408,22349384043
2014-02-15,LG4,Alumni,11,77,155882,5019405811,690368912,5709774723
2014-02-15,LG4,Others(HKUST),5,90,271317,11836580489,567538621,12404119110
2014-02-15,LG4,Non-HKUST,16,84,75914,4643944329,411103394,5055047723
2014-02-15,LG4,Total,497,2430,3426134,77804713700,12696572065,90501285765
2014-02-15,All-Floors,Staff,81,795,799612,13477755328,5069405131,18547160459
2014-02-15,All-Floors,TPG,459,5519,6585988,132931999964,40114116414,173046116378
2014-02-15,All-Floors,RPG,249,2020,2636093,97562696611,15039455342,112602151953
2014-02-15,All-Floors,UG,910,9237,12070273,174078092886,49015471293,223093564179
2014-02-15,All-Floors,Alumni,39,478,741442,11364741066,1266198055,12630939121
2014-02-15,All-Floors,Others(HKUST),13,212,507180,13006482602,1761333464,14767816066
2014-02-15,All-Floors,Non-HKUST,45,381,366355,22624531550,1545123640,24169655190
2014-02-15,All-Floors,Total,1796,18642,23706943,465046300007,113811103339,578857403346
2014-02-16,1,Staff,10,42,42334,101973436,13661758,115635194
2014-02-16,1,TPG,23,226,402021,12394129151,1587101274,13981230425
2014-02-16,1,RPG,8,14,26077,1237354601,332440791,1569795392
2014-02-16,1,UG,66,516,775212,60656711370,8588369482,69245080852
2014-02-16,1,Alumni,5,32,56042,229268612,21668899,250937511
2014-02-16,1,Others(HKUST),2,3,13543,149237,155185,304422
2014-02-16,1,Non-HKUST,4,25,29155,5544958114,281287261,5826245375
2014-02-16,1,Total,118,858,1344384,80164544521,10824684650,90989229171
2014-02-16,G,Staff,31,343,236788,840498601,920815946,1761314547
2014-02-16,G,TPG,122,690,518577,12677572700,1953305539,14630878239
2014-02-16,G,RPG,81,415,355252,24353391459,4786319214,29139710673
2014-02-16,G,UG,322,2092,1438752,121318824231,7328060477,128646884708
2014-02-16,G,Alumni,22,102,68786,2585682169,113141908,2698824077
2014-02-16,G,Others(HKUST),3,37,38035,348460628,113729136,462189764
2014-02-16,G,Non-HKUST,14,92,93797,13364094940,6816554472,20180649412
2014-02-16,G,Total,595,3771,2749987,175488524728,22031926692,197520451420
2014-02-16,LG1,Staff,29,273,329388,3122393750,808976291,3931370041
2014-02-16,LG1,TPG,263,4090,5201405,127840744781,21069724598,148910469379
2014-02-16,LG1,RPG,118,1303,1759078,54659289926,6991808662,61651098588
2014-02-16,LG1,UG,647,7844,9947030,212695333160,37787417013,250482750173
2014-02-16,LG1,Alumni,27,203,238378,3136385895,525158869,3661544764
2014-02-16,LG1,Others(HKUST),5,40,134498,87228763,47488047,134716810
2014-02-16,LG1,Non-HKUST,21,195,142384,3178624995,473574910,3652199905
2014-02-16,LG1,Total,1110,13948,17752161,404720001270,67704148390,472424149660
2014-02-16,LG3,Staff,37,91,65069,1186272618,259191385,1445464003
2014-02-16,LG3,TPG,145,836,1234141,26900283844,5740422988,32640706832
2014-02-16,LG3,RPG,139,381,376081,18273723674,757393284,19031116958
2014-02-16,LG3,UG,448,1575,1616330,28671820768,5436704596,34108525364
2014-02-16,LG3,Alumni,27,123,165052,3651330852,433620085,4084950937
2014-02-16,LG3,Others(HKUST),5,17,4956,481467,273438,754905
2014-02-16,LG3,Non-HKUST,10,33,47909,122372734,27646238,150018972
2014-02-16,LG3,Total,811,3056,3509538,78806285957,12655252014,91461537971
2014-02-16,LG4,Staff,18,91,136784,23677990,7549860,31227850
2014-02-16,LG4,TPG,141,1194,1912795,55462815117,9988783173,65451598290
2014-02-16,LG4,RPG,111,534,638533,22831377990,5471209387,28302587377
2014-02-16,LG4,UG,318,1491,1879400,24338593927,2581835055,26920428982
2014-02-16,LG4,Alumni,25,223,440869,7224320163,929681293,8154001456
2014-02-16,LG4,Others(HKUST),3,32,100937,5418793510,453765000,5872558510
2014-02-16,LG4,Non-HKUST,15,132,302048,9898389720,4094326341,13992716061
2014-02-16,LG4,Total,631,3697,5411366,125197968417,23527150109,148725118526
2014-02-16,All-Floors,Staff,82,840,810363,5274816395,2010195240,7285011635
2014-02-16,All-Floors,TPG,335,7036,9268939,235275545593,40339337572,275614883165
2014-02-16,All-Floors,RPG,273,2647,3155021,121355137650,18339171338,139694308988
2014-02-16,All-Floors,UG,999,13518,15656724,447681283456,61722386623,509403670079
2014-02-16,All-Floors,Alumni,51,683,969127,16826987691,2023271054,18850258745
2014-02-16,All-Floors,Others(HKUST),11,129,291969,5855113605,615410806,6470524411
2014-02-16,All-Floors,Non-HKUST,36,477,615293,32108440503,11693389222,43801829725
2014-02-16,All-Floors,Total,1787,25330,30767436,864377324893,136743161855,1001120486748
2014-02-17,1,Staff,56,505,519565,3848478642,1880259532,5728738174
2014-02-17,1,TPG,46,512,493375,22207281955,7084532728,29291814683
2014-02-17,1,RPG,25,179,187552,4829059365,9681675003,14510734368
2014-02-17,1,UG,443,3068,3350008,125229812901,23195710412,148425523313
2014-02-17,1,Alumni,4,46,91168,3325429182,211358299,3536787481
2014-02-17,1,Others(HKUST),8,61,82918,1331477485,259602924,1591080409
2014-02-17,1,Non-HKUST,9,45,59127,768460766,77931436,846392202
2014-02-17,1,Total,591,4416,4783713,161540000296,42391070334,203931070630
2014-02-17,G,Staff,110,744,470077,2506322199,915352641,3421674840
2014-02-17,G,TPG,320,2046,1086540,34551006317,5340762505,39891768822
2014-02-17,G,RPG,171,889,638083,11767569395,7822597331,19590166726
2014-02-17,G,UG,1522,7803,4192162,90171986984,24902453079,115074440063
2014-02-17,G,Alumni,14,45,33047,626063567,64864051,690927618
2014-02-17,G,Others(HKUST),12,142,85796,348291215,126051054,474342269
2014-02-17,G,Non-HKUST,20,65,33567,818276705,46244404,864521109
2014-02-17,G,Total,2169,11734,6539272,140789516382,39218325065,180007841447
2014-02-17,LG1,Staff,108,457,410629,4539825064,471346478,5011171542
2014-02-17,LG1,TPG,430,4534,4649349,70941344552,21229724983,92171069535
2014-02-17,LG1,RPG,193,1552,1655324,25402612548,6332811474,31735424022
2014-02-17,LG1,UG,2058,16280,15003856,164062486150,35247348812,199309834962
2014-02-17,LG1,Alumni,15,148,102421,448023202,30845030,478868232
2014-02-17,LG1,Others(HKUST),16,222,86445,72484078,19472321,91956399
2014-02-17,LG1,Non-HKUST,29,126,106065,1167336707,451109373,1618446080
2014-02-17,LG1,Total,2849,23319,22014089,266634112301,63782658471,330416770772
2014-02-17,LG3,Staff,177,429,188910,9907234733,515028052,10422262785
2014-02-17,LG3,TPG,299,1575,1905677,27731990120,6553179235,34285169355
2014-02-17,LG3,RPG,285,787,730610,19097259087,5719790282,24817049369
2014-02-17,LG3,UG,1952,5228,3593037,65987262119,6867650318,72854912437
2014-02-17,LG3,Alumni,11,32,88950,2376314018,127792224,2504106242
2014-02-17,LG3,Others(HKUST),10,28,8298,21133094,6881045,28014139
2014-02-17,LG3,Non-HKUST,22,128,135080,3055695854,248646098,3304341952
2014-02-17,LG3,Total,2756,8207,6650562,128176889025,20038967254,148215856279
2014-02-17,LG4,Staff,114,493,636115,4424474063,1262368834,5686842897
2014-02-17,LG4,TPG,323,3201,4814807,115527436575,19068543652,134595980227
2014-02-17,LG4,RPG,226,1063,1509854,28266254278,6260193092,34526447370
2014-02-17,LG4,UG,1450,5737,6085017,80144196518,15310205432,95454401950
2014-02-17,LG4,Alumni,6,113,145377,3354006417,2862617757,6216624174
2014-02-17,LG4,Others(HKUST),9,175,268114,19294762833,1044709801,20339472634
2014-02-17,LG4,Non-HKUST,24,128,175255,6085102434,709788787,6794891221
2014-02-17,LG4,Total,2152,10910,13634539,257096233118,46518427355,303614660473
2014-02-17,All-Floors,Staff,354,2628,2225296,25226334701,5044355537,30270690238
2014-02-17,All-Floors,TPG,610,11868,12949748,270959059519,59276743103,330235802622
2014-02-17,All-Floors,RPG,509,4470,4721423,89362754673,35817067182,125179821855
2014-02-17,All-Floors,UG,3988,38116,32224080,525595744672,105523368053,631119112725
2014-02-17,All-Floors,Alumni,27,384,460963,10129836386,3297477361,13427313747
2014-02-17,All-Floors,Others(HKUST),28,628,531571,21068148705,1456717145,22524865850
2014-02-17,All-Floors,Non-HKUST,54,492,509094,11894872466,1533720098,13428592564
2014-02-17,All-Floors,Total,5570,58586,53622175,954236751122,211949448479,1166186199601
2014-02-18,1,Staff,65,455,477633,1732576654,252742594,1985319248
2014-02-18,1,TPG,61,560,907862,56055888982,5128819776,61184708758
2014-02-18,1,RPG,23,92,110700,1992724654,309508798,2302233452
2014-02-18,1,UG,405,2580,3124334,105455141861,12628372090,118083513951
2014-02-18,1,Alumni,5,57,86754,1258397811,89552705,1347950516
2014-02-18,1,Others(HKUST),5,20,48857,532461452,90501339,622962791
2014-02-18,1,Non-HKUST,3,8,5756,1186486540,29400962,1215887502
2014-02-18,1,Total,567,3772,4761896,168213677954,18528898264,186742576218
2014-02-18,G,Staff,124,720,468416,4201268421,1154510569,5355778990
2014-02-18,G,TPG,304,1578,1103024,23299311502,3387049941,26686361443
2014-02-18,G,RPG,148,829,756406,11370800119,2513732521,13884532640
2014-02-18,G,UG,1576,7159,4480441,81647204784,16206465127,97853669911
2014-02-18,G,Alumni,5,20,15447,89891917,10220895,100112812
2014-02-18,G,Others(HKUST),10,91,67896,196201713,48530763,244732476
2014-02-18,G,Non-HKUST,15,67,44840,2835675369,112847509,2948522878
2014-02-18,G,Total,2182,10464,6936470,123640353825,23433357325,147073711150
2014-02-18,LG1,Staff,109,532,435084,2422762144,641506669,3064268813
2014-02-18,LG1,TPG,453,4644,4848430,64789999373,13639992375,78429991748
2014-02-18,LG1,RPG,193,1093,1214623,11173663288,4767547230,15941210518
2014-02-18,LG1,UG,2087,15726,16234702,173940519999,37464785967,211405305966
2014-02-18,LG1,Alumni,12,67,68181,150617126,27588884,178206010
2014-02-18,LG1,Others(HKUST),11,119,44897,4854349,1126962,5981311
2014-02-18,LG1,Non-HKUST,22,120,109052,3068026581,190666322,3258692903
2014-02-18,LG1,Total,2887,22301,22954969,255550442860,56733214409,312283657269
2014-02-18,LG3,Staff,174,323,161015,583928151,53821887,637750038
2014-02-18,LG3,TPG,355,1807,1989340,33153445001,13850299364,47003744365
2014-02-18,LG3,RPG,272,716,625306,47084448366,5244403964,52328852330
2014-02-18,LG3,UG,2094,5457,3550502,62016562852,7888450362,69905013214
2014-02-18,LG3,Alumni,12,49,86211,4311430141,165120062,4476550203
2014-02-18,LG3,Others(HKUST),6,29,14467,5642443,1167771,6810214
2014-02-18,LG3,Non-HKUST,20,93,124808,5289481247,262408911,5551890158
2014-02-18,LG3,Total,2933,8474,6551649,152444938201,27465672321,179910610522
2014-02-18,LG4,Staff,138,440,537749,1345758231,149957825,1495716056
2014-02-18,LG4,TPG,333,3746,5231655,93087043309,52763503064,145850546373
2014-02-18,LG4,RPG,209,1302,1644091,16598084899,5076704296,21674789195
2014-02-18,LG4,UG,1543,5411,5520950,94581621977,14831607836,109413229813
2014-02-18,LG4,Alumni,11,71,85286,3155111278,397338471,3552449749
2014-02-18,LG4,Others(HKUST),11,107,238788,18773606987,2356859692,21130466679
2014-02-18,LG4,Non-HKUST,21,103,116715,805264381,3706103581,4511367962
2014-02-18,LG4,Total,2266,11180,13375234,228346491062,79282074765,307628565827
2014-02-18,All-Floors,Staff,379,2470,2079897,10286293601,2252539544,12538833145
2014-02-18,All-Floors,TPG,656,12335,14080311,270385688167,88769664520,359155352687
2014-02-18,All-Floors,RPG,509,4032,4351126,88219721326,17911896809,106131618135
2014-02-18,All-Floors,UG,4154,36333,32910929,517641051473,89019681382,606660732855
2014-02-18,All-Floors,Alumni,21,264,341879,8965448273,689821017,9655269290
2014-02-18,All-Floors,Others(HKUST),20,366,414905,19512766944,2498186527,22010953471
2014-02-18,All-Floors,Non-HKUST,49,391,401171,13184934118,4301427285,17486361403
2014-02-18,All-Floors,Total,5788,56191,54580218,928195903902,205443217084,1133639120986
2014-02-19,1,Staff,61,581,464163,1572582811,490982246,2063565057
2014-02-19,1,TPG,52,588,682531,67897539066,25569289382,93466828448
2014-02-19,1,RPG,12,26,49156,225929350,90519428,316448778
2014-02-19,1,UG,421,2656,3264571,105731823460,17956447317,123688270777
2014-02-19,1,Alumni,5,35,63587,8681729880,292060632,8973790512
2014-02-19,1,Others(HKUST),4,42,53635,1654898372,86202394,1741100766
2014-02-19,1,Non-HKUST,2,3,6455,107809,56421,164230
2014-02-19,1,Total,557,3931,4584098,185764610748,44485557820,230250168568
2014-02-19,G,Staff,92,633,455807,3656862941,1819833609,5476696550
2014-02-19,G,TPG,328,1788,1112963,30184703423,6530773035,36715476458
2014-02-19,G,RPG,146,741,574846,7390858587,1088162896,8479021483
2014-02-19,G,UG,1424,6405,4074839,81900161099,19370757411,101270918510
2014-02-19,G,Alumni,11,43,36857,939462390,38689591,978151981
2014-02-19,G,Others(HKUST),12,99,81734,2141667183,128247316,2269914499
2014-02-19,G,Non-HKUST,12,38,21112,428953903,26769113,455723016
2014-02-19,G,Total,2025,9747,6358158,126642669526,29003232971,155645902497
2014-02-19,LG1,Staff,96,474,379329,942612610,94687373,1037299983
2014-02-19,LG1,TPG,437,4541,4543055,54989093970,9475786212,64464880182
2014-02-19,LG1,RPG,189,1324,1275634,16790694607,8933488885,25724183492
2014-02-19,LG1,UG,2126,16401,16495076,202497929864,30569773710,233067703574
2014-02-19,LG1,Alumni,17,141,100212,381395173,28105697,409500870
2014-02-19,LG1,Others(HKUST),16,151,77136,187337168,39172076,226509244
2014-02-19,LG1,Non-HKUST,23,110,131951,1244497062,76951498,1321448560
2014-02-19,LG1,Total,2904,23142,23002393,277033560454,49217965451,326251525905
2014-02-19,LG3,Staff,147,347,124136,659129946,60263289,719393235
2014-02-19,LG3,TPG,311,1599,1728169,40725844047,6951826809,47677670856
2014-02-19,LG3,RPG,245,720,756560,17361803069,4711468938,22073272007
2014-02-19,LG3,UG,2018,5189,3324764,37657132783,5902591550,43559724333
2014-02-19,LG3,Alumni,14,133,256980,8842649249,955744800,9798394049
2014-02-19,LG3,Others(HKUST),16,46,20905,65672831,10662787,76335618
2014-02-19,LG3,Non-HKUST,10,59,81051,1292348804,70716219,1363065023
2014-02-19,LG3,Total,2761,8093,6292565,106604580729,18663274392,125267855121
2014-02-19,LG4,Staff,133,482,616168,2261496269,525739449,2787235718
2014-02-19,LG4,TPG,336,3810,5441794,94121615632,25568192899,119689808531
2014-02-19,LG4,RPG,194,1116,1500861,28540791749,7362865343,35903657092
2014-02-19,LG4,UG,1460,6178,6400864,114721916917,19069415273,133791332190
2014-02-19,LG4,Alumni,12,89,211214,2076071426,1312405627,3388477053
2014-02-19,LG4,Others(HKUST),14,164,263837,13279927162,3222947238,16502874400
2014-02-19,LG4,Non-HKUST,11,47,68179,1338764712,251169271,1589933983
2014-02-19,LG4,Total,2160,11886,14502917,256340583867,57312735100,313653318967
2014-02-19,All-Floors,Staff,327,2517,2039603,9092684577,2991505966,12084190543
2014-02-19,All-Floors,TPG,640,12326,13508512,287918796138,74095868337,362014664475
2014-02-19,All-Floors,RPG,477,3927,4157057,70310077362,22186505490,92496582852
2014-02-19,All-Floors,UG,4084,36829,33560114,542508964123,92868985261,635377949384
2014-02-19,All-Floors,Alumni,29,441,668850,20921308118,2627006347,23548314465
2014-02-19,All-Floors,Others(HKUST),33,502,497247,17329502716,3487231811,20816734527
2014-02-19,All-Floors,Non-HKUST,40,257,308748,4304672290,425662522,4730334812
2014-02-19,All-Floors,Total,5630,56799,54740131,952386005324,198682765734,1151068771058
2014-02-20,1,Staff,48,485,493445,3623998079,502315115,4126313194
2014-02-20,1,TPG,34,375,573871,40020186894,6121214590,46141401484
2014-02-20,1,RPG,17,48,79645,3085968823,192768102,3278736925
2014-02-20,1,UG,399,2306,2893799,68090859233,12960257230,81051116463
2014-02-20,1,Alumni,4,46,39000,941553744,57779895,999333639
2014-02-20,1,Others(HKUST),4,11,23672,509251791,537289498,1046541289
2014-02-20,1,Non-HKUST,8,16,20155,232614132,35363510,267977642
2014-02-20,1,Total,514,3287,4123587,116504432696,20406987940,136911420636
2014-02-20,G,Staff,103,530,417247,3577410126,5286325423,8863735549
2014-02-20,G,TPG,259,1128,903880,15389213812,4119866507,19509080319
2014-02-20,G,RPG,142,688,571367,9840305533,1618969582,11459275115
2014-02-20,G,UG,1254,5441,3825503,89389589298,24444789540,113834378838
2014-02-20,G,Alumni,17,85,89658,3073960252,143092449,3217052701
2014-02-20,G,Others(HKUST),10,64,121955,269959804,44498334,314458138
2014-02-20,G,Non-HKUST,11,40,23796,1009018753,71782306,1080801059
2014-02-20,G,Total,1796,7976,5953406,122549457578,35729324141,158278781719
2014-02-20,LG1,Staff,88,430,422480,1996498631,217534750,2214033381
2014-02-20,LG1,TPG,351,2864,3102033,45435104254,18797882748,64232987002
2014-02-20,LG1,RPG,143,990,1152361,27776489073,4714660954,32491150027
2014-02-20,LG1,UG,1924,13541,15955907,207617868978,43541122313,251158991291
2014-02-20,LG1,Alumni,15,125,67387,244517482,19476261,263993743
2014-02-20,LG1,Others(HKUST),9,104,27966,13084438,2582078,15666516
2014-02-20,LG1,Non-HKUST,15,35,48400,652792360,52529463,705321823
2014-02-20,LG1,Total,2545,18089,20776534,283736355216,67345788567,351082143783
2014-02-20,LG3,Staff,110,185,121468,5755594659,209334276,5964928935
2014-02-20,LG3,TPG,244,1146,1630803,30625756113,15155723371,45781479484
2014-02-20,LG3,RPG,191,589,814947,10868312181,6606817985,17475130166
2014-02-20,LG3,UG,1411,3348,2734726,37674526452,4560248056,42234774508
2014-02-20,LG3,Alumni,9,117,213534,30674160031,1105570320,31779730351
2014-02-20,LG3,Others(HKUST),11,31,24273,99840559,42833584,142674143
2014-02-20,LG3,Non-HKUST,6,15,33629,179156140,13945894,193102034
2014-02-20,LG3,Total,1982,5431,5573380,115877346135,27694473486,143571819621
2014-02-20,LG4,Staff,95,288,363170,3156270478,223450207,3379720685
2014-02-20,LG4,TPG,246,2055,3619198,104977548323,20256676774,125234225097
2014-02-20,LG4,RPG,154,678,1255484,9110502859,1848279916,10958782775
2014-02-20,LG4,UG,1110,3900,4667566,58007830380,13927683998,71935514378
2014-02-20,LG4,Alumni,13,93,150718,2513757658,232398437,2746156095
2014-02-20,LG4,Others(HKUST),9,102,206161,10841933581,2484857365,13326790946
2014-02-20,LG4,Non-HKUST,11,35,29259,28885739,8215137,37100876
2014-02-20,LG4,Total,1638,7151,10291556,188636729018,38981561834,227618290852
2014-02-20,All-Floors,Staff,283,1918,1817810,18109771973,6438959771,24548731744
2014-02-20,All-Floors,TPG,570,7568,9829785,236447809396,64451363990,300899173386
2014-02-20,All-Floors,RPG,418,2993,3873804,60681578469,14981496539,75663075008
2014-02-20,All-Floors,UG,3578,28536,30077501,460780674341,99434101137,560214775478
2014-02-20,All-Floors,Alumni,29,466,560297,37447949167,1558317362,39006266529
2014-02-20,All-Floors,Others(HKUST),23,312,404027,11734070173,3112060859,14846131032
2014-02-20,All-Floors,Non-HKUST,35,141,155239,2102467124,181836310,2284303434
2014-02-20,All-Floors,Total,4936,41934,46718463,827304320643,190158135968,1017462456611
2014-02-21,1,Staff,55,432,639639,1474883203,513479346,1988362549
2014-02-21,1,TPG,40,330,529993,24022983179,7067441799,31090424978
2014-02-21,1,RPG,14,54,96704,3431323239,369974741,3801297980
2014-02-21,1,UG,371,2117,2839650,110759935047,15172983947,125932918994
2014-02-21,1,Alumni,4,59,54195,777760280,166810693,944570973
2014-02-21,1,Others(HKUST),3,46,52036,3323383802,149302924,3472686726
2014-02-21,1,Non-HKUST,3,7,8391,123571915,17204766,140776681
2014-02-21,1,Total,490,3045,4220608,143913840665,23457198216,167371038881
2014-02-21,G,Staff,108,669,615301,8670695373,1055167526,9725862899
2014-02-21,G,TPG,265,1370,974219,15451857478,3055802449,18507659927
2014-02-21,G,RPG,123,607,519252,13239835089,1996291986,15236127075
2014-02-21,G,UG,1221,5914,3808995,78678351512,16395723350,95074074862
2014-02-21,G,Alumni,15,47,30081,983676808,58437615,1042114423
2014-02-21,G,Others(HKUST),8,93,118813,705896686,204057871,909954557
2014-02-21,G,Non-HKUST,10,19,12005,1957031,1150881,3107912
2014-02-21,G,Total,1750,8719,6078666,117732269977,22766631678,140498901655
2014-02-21,LG1,Staff,88,475,368306,2218694930,309178593,2527873523
2014-02-21,LG1,TPG,382,3734,4186501,61012921507,11096417326,72109338833
2014-02-21,LG1,RPG,156,914,978681,14187144587,4564194710,18751339297
2014-02-21,LG1,UG,1699,11749,12906318,166069772706,22867570833,188937343539
2014-02-21,LG1,Alumni,18,114,139301,454161423,115551623,569713046
2014-02-21,LG1,Others(HKUST),17,177,111962,91612196,18310597,109922793
2014-02-21,LG1,Non-HKUST,11,77,45087,6821716997,302339561,7124056558
2014-02-21,LG1,Total,2371,17240,18736156,250856024346,39273563243,290129587589
2014-02-21,LG3,Staff,147,315,70520,1812352397,159651341,1972003738
2014-02-21,LG3,TPG,241,1270,1705209,40720189299,8258794529,48978983828
2014-02-21,LG3,RPG,203,604,589981,14959014084,9252580239,24211594323
2014-02-21,LG3,UG,1449,3561,2709144,38977628054,4571755459,43549383513
2014-02-21,LG3,Alumni,11,127,212390,6582474019,1195276027,7777750046
2014-02-21,LG3,Others(HKUST),12,27,27662,150781139,18976632,169757771
2014-02-21,LG3,Non-HKUST,12,46,35261,177364,77877,255241
2014-02-21,LG3,Total,2075,5950,5350167,103202616356,23457112104,126659728460
2014-02-21,LG4,Staff,101,379,372510,2550930095,1027617468,3578547563
2014-02-21,LG4,TPG,244,2439,3953318,120417134533,35039220260,155456354793
2014-02-21,LG4,RPG,150,829,1175802,19487334636,5552945940,25040280576
2014-02-21,LG4,UG,1080,3973,3881724,43965387951,8584641317,52550029268
2014-02-21,LG4,Alumni,14,130,172636,2061167195,442387062,2503554257
2014-02-21,LG4,Others(HKUST),10,205,291696,24515958299,2247331334,26763289633
2014-02-21,LG4,Non-HKUST,6,19,74516,238115379,80565266,318680645
2014-02-21,LG4,Total,1605,7974,9922202,213236028088,52974708647,266210736735
2014-02-21,All-Floors,Staff,321,2270,2066276,16727555998,3065094274,19792650272
2014-02-21,All-Floors,TPG,557,9143,11349240,261625085996,64517676363,326142762359
2014-02-21,All-Floors,RPG,400,3008,3360420,65304651635,21735987616,87040639251
2014-02-21,All-Floors,UG,3389,27314,26145831,438451075270,67592674906,506043750176
2014-02-21,All-Floors,Alumni,31,477,608603,10859239725,1978463020,12837702745
2014-02-21,All-Floors,Others(HKUST),26,548,602169,28787632122,2637979358,31425611480
2014-02-21,All-Floors,Non-HKUST,29,168,175260,7185538686,401338351,7586877037
2014-02-21,All-Floors,Total,4753,42928,44307799,828940779432,161929213888,990869993320
2014-02-22,1,Staff,13,81,98141,88500352,70523811,159024163
2014-02-22,1,TPG,31,173,247573,8797196335,1247028647,10044224982
2014-02-22,1,RPG,9,11,2631,170781285,12138567,182919852
2014-02-22,1,UG,69,392,614780,42644035930,5533729497,48177765427
2014-02-22,1,Alumni,7,37,38750,481265126,41561561,522826687
2014-02-22,1,Others(HKUST),0,0,0,0,0,0
2014-02-22,1,Non-HKUST,4,27,47998,1068516900,135916623,1204433523
2014-02-22,1,Total,133,721,1049873,53250295928,7040898706,60291194634
2014-02-22,G,Staff,26,225,101777,368022095,73957613,441979708
2014-02-22,G,TPG,198,935,726492,12006917783,2852538185,14859455968
2014-02-22,G,RPG,74,342,273864,5181301992,1270320750,6451622742
2014-02-22,G,UG,274,1413,1269814,31082288286,6488334677,37570622963
2014-02-22,G,Alumni,19,92,65636,500084384,39362051,539446435
2014-02-22,G,Others(HKUST),6,32,80617,4999899251,186216176,5186115427
2014-02-22,G,Non-HKUST,13,20,11325,314980124,94331363,409311487
2014-02-22,G,Total,610,3059,2529525,54453493915,11005060815,65458554730
2014-02-22,LG1,Staff,33,205,188764,2614607485,368207969,2982815454
2014-02-22,LG1,TPG,382,4614,5500217,173051747417,27949208619,201000956036
2014-02-22,LG1,RPG,130,1271,1575171,58682025400,40556096431,99238121831
2014-02-22,LG1,UG,653,7055,10255215,123121108153,24894578901,148015687054
2014-02-22,LG1,Alumni,25,174,375719,815175253,83742348,898917601
2014-02-22,LG1,Others(HKUST),9,130,41987,27341191,15082564,42423755
2014-02-22,LG1,Non-HKUST,21,84,99397,1407757319,88789788,1496547107
2014-02-22,LG1,Total,1253,13533,18036470,359719762218,93955706620,453675468838
2014-02-22,LG3,Staff,36,91,44300,700216713,170608596,870825309
2014-02-22,LG3,TPG,221,742,749306,11007383901,1230089388,12237473289
2014-02-22,LG3,RPG,125,405,548384,16633911410,4186513165,20820424575
2014-02-22,LG3,UG,387,1058,877310,17558261998,5833285836,23391547834
2014-02-22,LG3,Alumni,19,69,140855,625302869,62011234,687314103
2014-02-22,LG3,Others(HKUST),13,32,33636,161290735,14947355,176238090
2014-02-22,LG3,Non-HKUST,21,33,31836,60815640,8896737,69712377
2014-02-22,LG3,Total,822,2430,2425627,46747183266,11506352311,58253535577
2014-02-22,LG4,Staff,24,150,257664,5382884199,490665798,5873549997
2014-02-22,LG4,TPG,188,1404,2236824,78271137704,9064648158,87335785862
2014-02-22,LG4,RPG,89,398,585235,7140803823,3598382625,10739186448
2014-02-22,LG4,UG,269,1339,2032821,20536718297,5683118762,26219837059
2014-02-22,LG4,Alumni,24,172,305469,4304883934,363756415,4668640349
2014-02-22,LG4,Others(HKUST),4,112,287902,13650663132,2388057619,16038720751
2014-02-22,LG4,Non-HKUST,21,64,116512,84434606,25189673,109624279
2014-02-22,LG4,Total,619,3639,5822427,129371525695,21613819050,150985344745
2014-02-22,All-Floors,Staff,84,752,690646,9154230844,1173963787,10328194631
2014-02-22,All-Floors,TPG,528,7868,9460412,283134383140,42343512997,325477896137
2014-02-22,All-Floors,RPG,273,2427,2985285,87808823910,49623451538,137432275448
2014-02-22,All-Floors,UG,956,11257,15049940,234942412664,48433047673,283375460337
2014-02-22,All-Floors,Alumni,51,544,926429,6726711566,590433609,7317145175
2014-02-22,All-Floors,Others(HKUST),22,306,444142,18839194309,2604303714,21443498023
2014-02-22,All-Floors,Non-HKUST,47,228,307068,2936504589,353124184,3289628773
2014-02-22,All-Floors,Total,1961,23382,29863922,643542261022,145121837502,788664098524
2014-02-23,1,Staff,8,32,62727,4689223815,125495891,4814719706
2014-02-23,1,TPG,23,157,310565,10849132250,3779754048,14628886298
2014-02-23,1,RPG,11,22,38169,1439097152,732666540,2171763692
2014-02-23,1,UG,78,562,877354,33921773025,4531812288,38453585313
2014-02-23,1,Alumni,9,47,40758,14179607599,28900255306,43079862905
2014-02-23,1,Others(HKUST),0,0,0,0,0,0
2014-02-23,1,Non-HKUST,2,71,54540,2901443138,386958838,3288401976
2014-02-23,1,Total,131,891,1384113,67980276979,38456942911,106437219890
2014-02-23,G,Staff,27,228,195894,6227491361,15454579055,21682070416
2014-02-23,G,TPG,117,619,584451,12153983739,2694570665,14848554404
2014-02-23,G,RPG,97,549,582936,22725261619,8870478995,31595740614
2014-02-23,G,UG,318,2014,1629595,63830749344,9668330497,73499079841
2014-02-23,G,Alumni,34,222,171425,8688143350,606076252,9294219602
2014-02-23,G,Others(HKUST),5,16,47778,70689335,12386088,83075423
2014-02-23,G,Non-HKUST,13,75,35596,443092368,73293587,516385955
2014-02-23,G,Total,611,3723,3247675,114139411116,37379715139,151519126255
2014-02-23,LG1,Staff,26,218,259878,4191264558,345022066,4536286624
2014-02-23,LG1,TPG,240,3657,4614472,234733948134,18685231439,253419179573
2014-02-23,LG1,RPG,151,1462,1947523,28340679794,8933982443,37274662237
2014-02-23,LG1,UG,708,8561,10945621,173757632968,28465027347,202222660315
2014-02-23,LG1,Alumni,34,242,251202,1208320291,258293549,1466613840
2014-02-23,LG1,Others(HKUST),5,137,40676,3576231343,680797769,4257029112
2014-02-23,LG1,Non-HKUST,23,136,185856,2814513705,781557542,3596071247
2014-02-23,LG1,Total,1187,14413,18245228,448622590793,58149912155,506772502948
2014-02-23,LG3,Staff,35,134,138167,4691883965,264283696,4956167661
2014-02-23,LG3,TPG,150,723,907896,15477433179,3235184142,18712617321
2014-02-23,LG3,RPG,146,418,417585,7911416206,1315043364,9226459570
2014-02-23,LG3,UG,453,1329,1255355,9957949719,1294842581,11252792300
2014-02-23,LG3,Alumni,24,102,164426,2488026794,495370712,2983397506
2014-02-23,LG3,Others(HKUST),7,30,43599,1309595538,248438307,1558033845
2014-02-23,LG3,Non-HKUST,14,32,19311,2955694231,88937013,3044631244
2014-02-23,LG3,Total,829,2768,2946339,44791999632,6942099815,51734099447
2014-02-23,LG4,Staff,28,108,115752,1564728209,3040980697,4605708906
2014-02-23,LG4,TPG,129,1283,1968614,69241533122,13123803443,82365336565
2014-02-23,LG4,RPG,100,750,999667,10012730689,3209704004,13222434693
2014-02-23,LG4,UG,279,1753,2431787,40431803399,12440556828,52872360227
2014-02-23,LG4,Alumni,29,279,565405,7512349085,3802693940,11315043025
2014-02-23,LG4,Others(HKUST),6,49,166222,10586811823,1220666453,11807478276
2014-02-23,LG4,Non-HKUST,16,65,114428,562950970,158406612,721357582
2014-02-23,LG4,Total,587,4287,6361875,139912907297,36996811977,176909719274
2014-02-23,All-Floors,Staff,77,720,772418,21364591908,19230361405,40594953313
2014-02-23,All-Floors,TPG,315,6439,8385998,342456030424,41518543737,383974574161
2014-02-23,All-Floors,RPG,296,3201,3985880,70429185460,23061875346,93491060806
2014-02-23,All-Floors,UG,1023,14219,17139712,321899908455,56400569541,378300477996
2014-02-23,All-Floors,Alumni,64,892,1193216,34076447119,34062689759,68139136878
2014-02-23,All-Floors,Others(HKUST),15,232,298275,15543328039,2162288617,17705616656
2014-02-23,All-Floors,Non-HKUST,41,379,409731,9677694412,1489153592,11166848004
2014-02-23,All-Floors,Total,1831,26082,32185230,815447185817,177925481997,993372667814
2014-02-24,1,Staff,56,467,554678,10100998254,391151263,10492149517
2014-02-24,1,TPG,58,401,640340,30282359561,2778434624,33060794185
2014-02-24,1,RPG,18,46,76544,2831665577,187329959,3018995536
2014-02-24,1,UG,516,3478,4423507,216180463890,34208959209,250389423099
2014-02-24,1,Alumni,5,159,131472,2623828745,195953620,2819782365
2014-02-24,1,Others(HKUST),7,25,78035,6971729423,487487982,7459217405
2014-02-24,1,Non-HKUST,3,24,37807,502019219,28002873,530022092
2014-02-24,1,Total,663,4600,5942383,269493064669,38277319530,307770384199
2014-02-24,G,Staff,116,665,538023,4154769115,1531728910,5686498025
2014-02-24,G,TPG,341,2074,1259411,150381644165,7369141002,157750785167
2014-02-24,G,RPG,167,738,451428,7677369361,3075643385,10753012746
2014-02-24,G,UG,1673,8457,4477348,88341886647,34281065492,122622952139
2014-02-24,G,Alumni,19,135,91655,7649889110,560589105,8210478215
2014-02-24,G,Others(HKUST),14,102,177763,879037835,331745677,1210783512
2014-02-24,G,Non-HKUST,16,40,48339,1476584270,90269523,1566853793
2014-02-24,G,Total,2346,12211,7043967,260561180503,47240183094,307801363597
2014-02-24,LG1,Staff,102,440,329821,2716560084,302246231,3018806315
2014-02-24,LG1,TPG,444,4598,4429668,52213983156,41681927527,93895910683
2014-02-24,LG1,RPG,202,1560,1492625,25359576445,7464328247,32823904692
2014-02-24,LG1,UG,2158,16816,16044233,186402755488,35398324662,221801080150
2014-02-24,LG1,Alumni,18,147,108026,940929699,107946879,1048876578
2014-02-24,LG1,Others(HKUST),16,177,54579,22331208,5613971,27945179
2014-02-24,LG1,Non-HKUST,21,71,94972,576857504,151020092,727877596
2014-02-24,LG1,Total,2961,23809,22553924,268232993584,85111407609,353344401193
2014-02-24,LG3,Staff,183,383,155677,2002959220,126620212,2129579432
2014-02-24,LG3,TPG,311,1534,2031440,26746541495,10707744766,37454286261
2014-02-24,LG3,RPG,256,866,975447,9922129815,2355113061,12277242876
2014-02-24,LG3,UG,1865,5425,3892685,54960931101,15076953701,70037884802
2014-02-24,LG3,Alumni,12,77,134067,2379653134,690078216,3069731350
2014-02-24,LG3,Others(HKUST),11,25,31475,66426535,11282167,77708702
2014-02-24,LG3,Non-HKUST,16,117,165998,3716410391,478656401,4195066792
2014-02-24,LG3,Total,2654,8427,7386789,99795051691,29446448524,129241500215
2014-02-24,LG4,Staff,113,356,385962,1909819946,236569064,2146389010
2014-02-24,LG4,TPG,317,3721,5356860,170466451190,26762010592,197228461782
2014-02-24,LG4,RPG,235,1255,1884480,31221747199,6149318003,37371065202
2014-02-24,LG4,UG,1455,6703,7099184,134268614975,24630601482,158899216457
2014-02-24,LG4,Alumni,9,71,58316,872691901,42448085,915139986
2014-02-24,LG4,Others(HKUST),12,163,214509,23943875392,1950495462,25894370854
2014-02-24,LG4,Non-HKUST,10,57,40394,107390002,96097288,203487290
2014-02-24,LG4,Total,2151,12326,15039705,362790590605,59867539976,422658130581
2014-02-24,All-Floors,Staff,360,2311,1964161,20885106619,2588315680,23473422299
2014-02-24,All-Floors,TPG,616,12328,13717719,430090979567,89299258511,519390238078
2014-02-24,All-Floors,RPG,495,4465,4880524,77012488397,19231732655,96244221052
2014-02-24,All-Floors,UG,4025,40879,35936957,680154652101,143595904546,823750556647
2014-02-24,All-Floors,Alumni,29,589,523536,14466992589,1597015905,16064008494
2014-02-24,All-Floors,Others(HKUST),36,492,556361,31883400393,2786625259,34670025652
2014-02-24,All-Floors,Non-HKUST,38,309,387510,6379261386,844046177,7223307563
2014-02-24,All-Floors,Total,5599,61373,57966768,1260872881052,259942898733,1520815779785
2014-02-25,1,Staff,59,489,492510,5784261212,499743842,6284005054
2014-02-25,1,TPG,57,774,1111073,69039636914,13934050458,82973687372
2014-02-25,1,RPG,24,148,243028,23673836010,3086422087,26760258097
2014-02-25,1,UG,550,3598,4979977,156315247706,20435646455,176750894161
2014-02-25,1,Alumni,6,65,60426,2607655105,80325152,2687980257
2014-02-25,1,Others(HKUST),4,12,8768,550490054,89639133,640129187
2014-02-25,1,Non-HKUST,4,31,67350,10258298064,248833961,10507132025
2014-02-25,1,Total,704,5117,6963132,268229425065,38374661088,306604086153
2014-02-25,G,Staff,104,633,579718,7167179256,928405180,8095584436
2014-02-25,G,TPG,318,1725,1061530,19610814368,6079485123,25690299491
2014-02-25,G,RPG,165,730,448978,5412490798,1067841896,6480332694
2014-02-25,G,UG,1553,8204,4496768,98835973434,16740686365,115576659799
2014-02-25,G,Alumni,12,98,62743,455137321,65428600,520565921
2014-02-25,G,Others(HKUST),9,89,154777,3147665668,732678419,3880344087
2014-02-25,G,Non-HKUST,11,34,7114,38163238,4276838,42440076
2014-02-25,G,Total,2172,11513,6811628,134667424083,25618802421,160286226504
2014-02-25,LG1,Staff,101,365,321105,4162513718,333629008,4496142726
2014-02-25,LG1,TPG,445,4806,4844992,115871375886,29452127679,145323503565
2014-02-25,LG1,RPG,180,1562,1475045,19478276857,6796222159,26274499016
2014-02-25,LG1,UG,2237,18287,17764859,204867828243,78223818225,283091646468
2014-02-25,LG1,Alumni,20,78,92220,252083354,12980436,265063790
2014-02-25,LG1,Others(HKUST),6,119,22813,6540679,1040009,7580688
2014-02-25,LG1,Non-HKUST,30,165,100274,3963591982,435122931,4398714913
2014-02-25,LG1,Total,3019,25382,24621308,348602210719,115254940447,463857151166
2014-02-25,LG3,Staff,164,289,80312,1539560698,70684420,1610245118
2014-02-25,LG3,TPG,332,1597,1800923,42285351071,5699454828,47984805899
2014-02-25,LG3,RPG,248,788,935365,9695791395,4690677828,14386469223
2014-02-25,LG3,UG,2097,5931,4152068,48133293204,16379506363,64512799567
2014-02-25,LG3,Alumni,12,85,189994,5476661116,619808345,6096469461
2014-02-25,LG3,Others(HKUST),12,35,6033,12986938,2578866,15565804
2014-02-25,LG3,Non-HKUST,13,110,163803,1128860216,187621458,1316481674
2014-02-25,LG3,Total,2878,8835,7328498,108272504638,27650332108,135922836746
2014-02-25,LG4,Staff,120,354,470559,2382888157,303344212,2686232369
2014-02-25,LG4,TPG,360,4574,6516877,145781569156,23342821017,169124390173
2014-02-25,LG4,RPG,207,1152,1645937,24125285107,9258627980,33383913087
2014-02-25,LG4,UG,1615,7050,7598512,99698166389,28546116432,128244282821
2014-02-25,LG4,Alumni,10,106,129089,2106957434,831956863,2938914297
2014-02-25,LG4,Others(HKUST),9,93,138451,12726750640,474886679,13201637319
2014-02-25,LG4,Non-HKUST,15,114,152163,3109970447,1883574417,4993544864
2014-02-25,LG4,Total,2336,13443,16651588,289931587330,64641327600,354572914930
2014-02-25,All-Floors,Staff,351,2130,1944204,21036403041,2135806662,23172209703
2014-02-25,All-Floors,TPG,649,13476,15335395,392588747395,78507939105,471096686500
2014-02-25,All-Floors,RPG,479,4380,4748353,82385680167,24899791950,107285472117
2014-02-25,All-Floors,UG,4324,43070,38992184,607850508976,160325773840,768176282816
2014-02-25,All-Floors,Alumni,29,432,534472,10898494330,1610499396,12508993726
2014-02-25,All-Floors,Others(HKUST),24,348,330842,16444433979,1300823106,17745257085
2014-02-25,All-Floors,Non-HKUST,41,454,490704,18498883947,2759429605,21258313552
2014-02-25,All-Floors,Total,5897,64290,62376154,1149703151835,271540063664,1421243215499
2014-02-26,1,Staff,59,397,470834,1474489280,307962067,1782451347
2014-02-26,1,TPG,59,525,828810,47668881578,8463593762,56132475340
2014-02-26,1,RPG,19,72,131287,1372970141,208545823,1581515964
2014-02-26,1,UG,485,2724,3789360,139896232932,21233459902,161129692834
2014-02-26,1,Alumni,8,114,127645,2730929321,220198690,2951128011
2014-02-26,1,Others(HKUST),2,13,28007,751230457,66623924,817854381
2014-02-26,1,Non-HKUST,5,79,47741,32257314249,772443003,33029757252
2014-02-26,1,Total,637,3924,5423684,226152047958,31272827171,257424875129
2014-02-26,G,Staff,101,585,534144,5706667211,1135070098,6841737309
2014-02-26,G,TPG,303,1733,1003610,17756872008,5612863043,23369735051
2014-02-26,G,RPG,127,598,449930,14272147698,4889277305,19161425003
2014-02-26,G,UG,1503,7346,5144946,112739217956,16222795841,128962013797
2014-02-26,G,Alumni,21,93,102902,649962736,106455177,756417913
2014-02-26,G,Others(HKUST),9,62,113188,991858741,195242546,1187101287
2014-02-26,G,Non-HKUST,15,52,51623,13491135112,321128845,13812263957
2014-02-26,G,Total,2079,10469,7400343,165607861462,28482832855,194090694317
2014-02-26,LG1,Staff,106,507,336206,3827779041,294330982,4122110023
2014-02-26,LG1,TPG,439,4918,4933437,70202460161,13726439943,83928900104
2014-02-26,LG1,RPG,166,1355,1308868,45776907992,22259253759,68036161751
2014-02-26,LG1,UG,2147,16743,16057378,137181336794,56081205348,193262542142
2014-02-26,LG1,Alumni,14,70,30948,40521590,6907495,47429085
2014-02-26,LG1,Others(HKUST),11,75,46096,965983,1090562,2056545
2014-02-26,LG1,Non-HKUST,29,76,95443,2082390814,134695606,2217086420
2014-02-26,LG1,Total,2912,23744,22808376,259112362375,92503923695,351616286070
2014-02-26,LG3,Staff,142,342,98927,2801789695,160297342,2962087037
2014-02-26,LG3,TPG,339,1639,1853368,51381688260,9681584060,61063272320
2014-02-26,LG3,RPG,280,769,708652,23585082426,2544454405,26129536831
2014-02-26,LG3,UG,2082,5733,3941330,47334022306,9537736607,56871758913
2014-02-26,LG3,Alumni,12,108,88434,466700593,43933685,510634278
2014-02-26,LG3,Others(HKUST),11,28,35391,808325338,98544290,906869628
2014-02-26,LG3,Non-HKUST,15,45,50309,117221575,73016658,190238233
2014-02-26,LG3,Total,2881,8664,6776411,126494830193,22139567047,148634397240
2014-02-26,LG4,Staff,111,398,481878,4297301082,1535468585,5832769667
2014-02-26,LG4,TPG,336,3885,5702809,71728466662,21785534185,93514000847
2014-02-26,LG4,RPG,197,1282,2001023,27199705053,28073846516,55273551569
2014-02-26,LG4,UG,1602,7074,7544654,116471194837,17824163003,134295357840
2014-02-26,LG4,Alumni,17,141,251761,1398102806,139015025,1537117831
2014-02-26,LG4,Others(HKUST),13,132,203336,10811825573,884251552,11696077125
2014-02-26,LG4,Non-HKUST,25,167,202008,418142059,74976601,493118660
2014-02-26,LG4,Total,2301,13079,16387469,232324738072,70317255467,302641993539
2014-02-26,All-Floors,Staff,329,2229,1921989,18108026309,3433129074,21541155383
2014-02-26,All-Floors,TPG,627,12700,14322034,258738368669,59270014993,318008383662
2014-02-26,All-Floors,RPG,481,4076,4599760,112206813310,57975377808,170182191118
2014-02-26,All-Floors,UG,4187,39620,36477668,553622004825,120899360701,674521365526
2014-02-26,All-Floors,Alumni,34,526,601690,5286217046,516510072,5802727118
2014-02-26,All-Floors,Others(HKUST),28,310,426018,13364206092,1245752874,14609958966
2014-02-26,All-Floors,Non-HKUST,52,419,447124,48366203809,1376260713,49742464522
2014-02-26,All-Floors,Total,5738,59880,58796283,1009691840060,244716406235,1254408246295
2014-02-27,1,Staff,50,470,551779,2510374050,349046036,2859420086
2014-02-27,1,TPG,57,520,823871,49782143039,5376122382,55158265421
2014-02-27,1,RPG,24,77,139070,1701197199,289611004,1990808203
2014-02-27,1,UG,500,3218,4327228,114390987829,23935222140,138326209969
2014-02-27,1,Alumni,6,77,104545,2698289130,217697723,2915986853
2014-02-27,1,Others(HKUST),5,38,129758,626928310,351987862,978916172
2014-02-27,1,Non-HKUST,2,7,6587,1056532,629082,1685614
2014-02-27,1,Total,644,4407,6082838,171710976089,30520316229,202231292318
2014-02-27,G,Staff,111,696,537356,6704660441,654966652,7359627093
2014-02-27,G,TPG,302,1521,1012427,20378276745,1516250074,21894526819
2014-02-27,G,RPG,127,572,566231,6550735687,1305086262,7855821949
2014-02-27,G,UG,1514,6988,4842866,74938105894,11579995508,86518101402
2014-02-27,G,Alumni,11,49,33709,508768538,52991774,561760312
2014-02-27,G,Others(HKUST),10,58,157568,289834922,200001247,489836169
2014-02-27,G,Non-HKUST,8,25,7688,11502019,2827391,14329410
2014-02-27,G,Total,2083,9909,7157845,109381884246,15312118908,124694003154
2014-02-27,LG1,Staff,111,505,488185,2472939675,1041338356,3514278031
2014-02-27,LG1,TPG,435,4682,4390286,100558828040,23785832677,124344660717
2014-02-27,LG1,RPG,167,1646,1723275,67467464408,14008078497,81475542905
2014-02-27,LG1,UG,2266,17831,18685329,245889423403,47315294057,293204717460
2014-02-27,LG1,Alumni,16,62,45873,546536272,19295386,565831658
2014-02-27,LG1,Others(HKUST),16,117,38734,314674349,43740733,358415082
2014-02-27,LG1,Non-HKUST,24,62,51530,431975139,64484397,496459536
2014-02-27,LG1,Total,3035,24905,25423212,417681841286,86278064103,503959905389
2014-02-27,LG3,Staff,146,319,125451,2754638725,242014484,2996653209
2014-02-27,LG3,TPG,289,1264,1488442,47576434249,35636834447,83213268696
2014-02-27,LG3,RPG,195,733,832145,20879727559,2073539271,22953266830
2014-02-27,LG3,UG,1682,4633,3621472,60509133734,9664055526,70173189260
2014-02-27,LG3,Alumni,12,81,84596,771665030,66880309,838545339
2014-02-27,LG3,Others(HKUST),11,24,30858,177811331,32937482,210748813
2014-02-27,LG3,Non-HKUST,18,89,154171,1757306636,264993591,2022300227
2014-02-27,LG3,Total,2353,7143,6337135,134426717264,47981255110,182407972374
2014-02-27,LG4,Staff,117,361,426972,3925927021,1459441211,5385368232
2014-02-27,LG4,TPG,320,3279,5270379,125808341419,27442441997,153250783416
2014-02-27,LG4,RPG,179,866,1169807,29928147464,2403631678,32331779142
2014-02-27,LG4,UG,1498,7069,8735369,125937607118,28450445016,154388052134
2014-02-27,LG4,Alumni,13,96,174265,6175506088,1782057843,7957563931
2014-02-27,LG4,Others(HKUST),11,132,204545,6100086757,342723095,6442809852
2014-02-27,LG4,Non-HKUST,16,66,53670,633669152,35895217,669564369
2014-02-27,LG4,Total,2154,11869,16035007,298509285019,61916636057,360425921076
2014-02-27,All-Floors,Staff,329,2351,2129743,18368539912,3746806739,22115346651
2014-02-27,All-Floors,TPG,623,11266,12985405,344104023492,93757481577,437861505069
2014-02-27,All-Floors,RPG,435,3894,4430528,126527272317,20079946712,146607219029
2014-02-27,All-Floors,UG,4047,39739,40212264,621665257978,120945012247,742610270225
2014-02-27,All-Floors,Alumni,30,365,442988,10700765058,2138923035,12839688093
2014-02-27,All-Floors,Others(HKUST),29,369,561463,7509335669,971390419,8480726088
2014-02-27,All-Floors,Non-HKUST,38,249,273646,2835509478,368829678,3204339156
2014-02-27,All-Floors,Total,5531,58233,61036037,1131710703904,242008390407,1373719094311
2014-02-28,1,Staff,52,464,624525,4886760018,391606020,5278366038
2014-02-28,1,TPG,51,460,640179,25492530523,8005183504,33497714027
2014-02-28,1,RPG,20,47,75262,479504262,301733175,781237437
2014-02-28,1,UG,408,2434,3438837,133837613168,14429140472,148266753640
2014-02-28,1,Alumni,6,84,100687,2427575984,117900450,2545476434
2014-02-28,1,Others(HKUST),7,22,32347,637219054,116540625,753759679
2014-02-28,1,Non-HKUST,1,2,6112,438925563,85265814,524191377
2014-02-28,1,Total,545,3513,4917949,168200128572,23447370060,191647498632
2014-02-28,G,Staff,109,796,653171,8771234718,985481992,9756716710
2014-02-28,G,TPG,262,1613,1048961,21002497336,4641853632,25644350968
2014-02-28,G,RPG,120,660,530377,11303152144,4526391728,15829543872
2014-02-28,G,UG,1311,6456,3766946,87800342889,19346697211,107147040100
2014-02-28,G,Alumni,11,37,40320,118343373,16703717,135047090
2014-02-28,G,Others(HKUST),12,47,107932,964402125,283307067,1247709192
2014-02-28,G,Non-HKUST,3,13,21223,94358689,63388251,157746940
2014-02-28,G,Total,1828,9622,6168930,130054331274,29863823598,159918154872
2014-02-28,LG1,Staff,102,496,387916,8547599213,655073788,9202673001
2014-02-28,LG1,TPG,392,4282,4424098,119540842222,20835724300,140376566522
2014-02-28,LG1,RPG,164,1225,1499256,26637654554,8933730857,35571385411
2014-02-28,LG1,UG,1971,14912,16257160,166725082583,42559775771,209284858354
2014-02-28,LG1,Alumni,16,103,73119,823480066,29827807,853307873
2014-02-28,LG1,Others(HKUST),8,93,37452,11562660,3051282,14613942
2014-02-28,LG1,Non-HKUST,10,29,28943,564158032,33258131,597416163
2014-02-28,LG1,Total,2663,21140,22707944,322850379330,73050441936,395900821266
2014-02-28,LG3,Staff,122,242,70358,1061161023,51298296,1112459319
2014-02-28,LG3,TPG,255,1151,1419342,29727950352,6620079728,36348030080
2014-02-28,LG3,RPG,222,702,798501,20276533415,4877738816,25154272231
2014-02-28,LG3,UG,1662,4269,3134941,56380100269,9759929777,66140030046
2014-02-28,LG3,Alumni,10,40,58591,1464420315,91388930,1555809245
2014-02-28,LG3,Others(HKUST),11,37,51648,14106029,8707000,22813029
2014-02-28,LG3,Non-HKUST,8,19,20152,141048,85141,226189
2014-02-28,LG3,Total,2290,6460,5553533,108924412451,21409227688,130333640139
2014-02-28,LG4,Staff,102,399,389420,6137847109,963371092,7101218201
2014-02-28,LG4,TPG,271,3441,5276475,116594759216,49504364792,166099124008
2014-02-28,LG4,RPG,155,840,1148365,33646112385,2879300827,36525413212
2014-02-28,LG4,UG,1212,4801,5348413,123748256805,37021555419,160769812224
2014-02-28,LG4,Alumni,12,208,257498,1174844954,8033482776,9208327730
2014-02-28,LG4,Others(HKUST),9,110,128376,4058241545,209582268,4267823813
2014-02-28,LG4,Non-HKUST,11,50,62631,1471822272,8458702234,9930524506
2014-02-28,LG4,Total,1772,9849,12611178,286831884286,107070359408,393902243694
2014-02-28,All-Floors,Staff,309,2397,2125390,29404602081,3046831188,32451433269
2014-02-28,All-Floors,TPG,549,10947,12809055,312358579649,89607205956,401965785605
2014-02-28,All-Floors,RPG,410,3474,4051761,92342956760,21518895403,113861852163
2014-02-28,All-Floors,UG,3708,32872,31946297,568491395714,123117098650,691608494364
2014-02-28,All-Floors,Alumni,27,472,530215,6008664692,8289303680,14297968372
2014-02-28,All-Floors,Others(HKUST),27,309,357755,5685531413,621188242,6306719655
2014-02-28,All-Floors,Non-HKUST,25,113,139061,2569405604,8640699571,11210105175
2014-02-28,All-Floors,Total,5055,50584,51959534,1016861135913,254841222690,1271702358603