Date,Floor,User-Group,User-Count,WiFi-Conn,Duration-Sec,Traffic-In-Byte,Traffic-Out-Byte,Traffic-Both-Byte
2015-04-01,1,Staff,47,581,825057,1390296056,129016827,1519312883
2015-04-01,1,TPG,88,1163,1633648,14980317610,1212472959,16192790569
2015-04-01,1,RPG,13,64,75375,39203348,5527427,44730775
2015-04-01,1,UG,444,3270,3358441,28256415236,1833276145,30089691381
2015-04-01,1,Alumni,2,19,24858,351050126,192289063,543339189
2015-04-01,1,Others(HKUST),5,17,3898,0,0,0
2015-04-01,1,Non-HKUST,8,65,34116,225667,137522,363189
2015-04-01,1,Total,607,5179,5955393,45017508043,3372719943,48390227986
2015-04-01,G,Staff,84,430,362242,684561665,107030105,791591770
2015-04-01,G,TPG,231,1193,1214424,1637242532,1100021355,2737263887
2015-04-01,G,RPG,70,385,334235,428111253,118575374,546686627
2015-04-01,G,UG,1084,4583,3071520,3105688181,196598512,3302286693
2015-04-01,G,Alumni,9,27,10301,0,0,0
2015-04-01,G,Others(HKUST),10,51,175918,0,0,0
2015-04-01,G,Non-HKUST,12,36,28858,0,0,0
2015-04-01,G,Total,1500,6705,5197498,5855603631,1522225346,7377828977
2015-04-01,LG1,Staff,69,302,217326,6699893,2757440,9457333
2015-04-01,LG1,TPG,351,3849,4115203,51320137397,5769590096,57089727493
2015-04-01,LG1,RPG,127,812,1014697,6036337568,458061354,6494398922
2015-04-01,LG1,UG,1729,12972,11633737,42226200256,7994157088,50220357344
2015-04-01,LG1,Alumni,9,41,64312,18430,7306,25736
2015-04-01,LG1,Others(HKUST),9,112,229198,1633531221,49151913,1682683134
2015-04-01,LG1,Non-HKUST,26,114,98102,557109268,176941538,734050806
2015-04-01,LG1,Total,2320,18202,17372575,101780034033,14450666735,116230700768
2015-04-01,LG3,Staff,43,144,149806,183907881,11401750,195309631
2015-04-01,LG3,TPG,179,1255,1658451,5887392962,1321426355,7208819317
2015-04-01,LG3,RPG,66,440,560747,720248060,149456788,869704848
2015-04-01,LG3,UG,579,2359,1779996,4986577328,482641648,5469218976
2015-04-01,LG3,Alumni,7,76,81867,648849092,39610952,688460044
2015-04-01,LG3,Others(HKUST),3,16,19717,0,0,0
2015-04-01,LG3,Non-HKUST,12,28,33668,0,0,0
2015-04-01,LG3,Total,889,4318,4284252,12426975323,2004537493,14431512816
2015-04-01,LG4,Staff,77,224,147485,51402,23223,74625
2015-04-01,LG4,TPG,216,2179,2776216,31202049490,3185621985,34387671475
2015-04-01,LG4,RPG,68,400,525544,1597258166,523121632,2120379798
2015-04-01,LG4,UG,832,3734,3512903,59764805484,3565474678,63330280162
2015-04-01,LG4,Alumni,9,84,129378,62727020,14257806,76984826
2015-04-01,LG4,Others(HKUST),10,183,229632,7817953,645282,8463235
2015-04-01,LG4,Non-HKUST,16,96,113516,1775533,734139,2509672
2015-04-01,LG4,Total,1228,6900,7434674,92636485048,7289878745,99926363793
2015-04-01,All-Floors,Staff,209,1681,1701916,2265516897,250229345,2515746242
2015-04-01,All-Floors,TPG,586,9639,11397942,105027139991,12589132750,117616272741
2015-04-01,All-Floors,RPG,232,2101,2510598,8821158395,1254742575,10075900970
2015-04-01,All-Floors,UG,2955,26918,23356597,138339686485,14072148071,152411834556
2015-04-01,All-Floors,Alumni,20,247,310716,1062644668,246165127,1308809795
2015-04-01,All-Floors,Others(HKUST),20,379,658363,1641349174,49797195,1691146369
2015-04-01,All-Floors,Non-HKUST,50,339,308260,559110468,177813199,736923667
2015-04-01,All-Floors,Total,4072,41304,40244392,257716606078,28640028262,286356634340
2015-04-02,1,Staff,49,586,856048,2925682479,164631433,3090313912
2015-04-02,1,TPG,105,1645,2690885,38852698488,6353448120,45206146608
2015-04-02,1,RPG,30,203,377155,948136811,146875667,1095012478
2015-04-02,1,UG,411,3022,4064494,28660730798,11099122031,39759852829
2015-04-02,1,Alumni,3,11,21872,3446545,1230550,4677095
2015-04-02,1,Others(HKUST),4,111,131396,135767217,20836898,156604115
2015-04-02,1,Non-HKUST,7,48,60986,2309660061,200964860,2510624921
2015-04-02,1,Total,609,5626,8202836,73836122399,17987109559,91823231958
2015-04-02,G,Staff,98,552,499845,650936804,48787369,699724173
2015-04-02,G,TPG,288,1763,1721694,2128633145,143313878,2271947023
2015-04-02,G,RPG,111,413,359130,17464060,2030313,19494373
2015-04-02,G,UG,1089,4727,3978562,1646593510,171656279,1818249789
2015-04-02,G,Alumni,12,75,26570,0,0,0
2015-04-02,G,Others(HKUST),8,42,197751,0,0,0
2015-04-02,G,Non-HKUST,12,48,50500,2187791,1134847,3322638
2015-04-02,G,Total,1618,7620,6834052,4445815310,366922686,4812737996
2015-04-02,LG1,Staff,90,492,515710,877123769,104157275,981281044
2015-04-02,LG1,TPG,348,4281,5181589,18159397375,4783314738,22942712113
2015-04-02,LG1,RPG,137,920,1217909,3360143659,567800981,3927944640
2015-04-02,LG1,UG,1682,13850,15284274,51434322095,6251582396,57685904491
2015-04-02,LG1,Alumni,10,52,83123,127901400,16187405,144088805
2015-04-02,LG1,Others(HKUST),11,137,360312,62517440,9249553,71766993
2015-04-02,LG1,Non-HKUST,18,90,83563,124736832,6810136,131546968
2015-04-02,LG1,Total,2296,19822,22726480,74146142570,11739102484,85885245054
2015-04-02,LG3,Staff,56,166,170779,3102561,1404306,4506867
2015-04-02,LG3,TPG,158,1168,1547519,3998199808,235117606,4233317414
2015-04-02,LG3,RPG,83,558,799678,1128023510,211572151,1339595661
2015-04-02,LG3,UG,645,2786,2796564,12207450385,1282297461,13489747846
2015-04-02,LG3,Alumni,6,49,47764,255791060,32368330,288159390
2015-04-02,LG3,Others(HKUST),6,17,13224,0,0,0
2015-04-02,LG3,Non-HKUST,5,53,106047,210973614,7945986,218919600
2015-04-02,LG3,Total,959,4797,5481575,17803540938,1770705840,19574246778
2015-04-02,LG4,Staff,71,261,169462,36518112,11836336,48354448
2015-04-02,LG4,TPG,205,1729,2788151,38381661947,3773449236,42155111183
2015-04-02,LG4,RPG,109,611,706133,3081292438,1406379914,4487672352
2015-04-02,LG4,UG,877,4254,4252752,13993479536,1676333184,15669812720
2015-04-02,LG4,Alumni,6,102,173700,24764459,623093,25387552
2015-04-02,LG4,Others(HKUST),5,188,232272,116351626,24983010,141334636
2015-04-02,LG4,Non-HKUST,9,37,74532,67872520,30209662,98082182
2015-04-02,LG4,Total,1282,7182,8397002,55701940638,6923814435,62625755073
2015-04-02,All-Floors,Staff,242,2057,2211844,4493363725,330816719,4824180444
2015-04-02,All-Floors,TPG,533,10586,13929838,101520590763,15288643578,116809234341
2015-04-02,All-Floors,RPG,304,2705,3460005,8535060478,2334659026,10869719504
2015-04-02,All-Floors,UG,2841,28639,30376646,107942576324,20480991351,128423567675
2015-04-02,All-Floors,Alumni,19,289,353029,411903464,50409378,462312842
2015-04-02,All-Floors,Others(HKUST),17,495,934955,314636283,55069461,369705744
2015-04-02,All-Floors,Non-HKUST,38,276,375628,2715430818,247065491,2962496309
2015-04-02,All-Floors,Total,3994,45047,51641945,225933561855,38787655004,264721216859
2015-04-03,1,Staff,6,60,203197,3379715,2277124,5656839
2015-04-03,1,TPG,5,20,31773,97334,50953,148287
2015-04-03,1,RPG,3,4,17141,31901464,83332646,115234110
2015-04-03,1,UG,26,86,134752,5588360126,203608029,5791968155
2015-04-03,1,Alumni,1,1,479,0,0,0
2015-04-03,1,Others(HKUST),2,4,73922,0,0,0
2015-04-03,1,Non-HKUST,1,1,118,0,0,0
2015-04-03,1,Total,44,176,461382,5623738639,289268752,5913007391
2015-04-03,G,Staff,13,42,47883,0,0,0
2015-04-03,G,TPG,37,143,141732,98754,46603,145357
2015-04-03,G,RPG,26,97,110405,0,0,0
2015-04-03,G,UG,86,272,319260,18910450,2414096,21324546
2015-04-03,G,Alumni,10,26,45853,0,0,0
2015-04-03,G,Others(HKUST),4,11,100571,207361284,5232064,212593348
2015-04-03,G,Non-HKUST,7,13,23865,0,0,0
2015-04-03,G,Total,183,604,789569,226370488,7692763,234063251
2015-04-03,LG1,Staff,24,160,267708,464830044,29256508,494086552
2015-04-03,LG1,TPG,175,2213,3942010,16884461010,11149193364,28033654374
2015-04-03,LG1,RPG,79,784,1556677,3876309243,675938159,4552247402
2015-04-03,LG1,UG,544,5311,9978062,17276806687,922115402,18198922089
2015-04-03,LG1,Alumni,17,173,301163,63021645,5000636,68022281
2015-04-03,LG1,Others(HKUST),5,134,506862,41708222,2279592,43987814
2015-04-03,LG1,Non-HKUST,22,214,229502,56142722,2630736,58773458
2015-04-03,LG1,Total,866,8989,16781984,38663279573,12786414397,51449693970
2015-04-03,LG3,Staff,7,12,22319,0,0,0
2015-04-03,LG3,TPG,60,125,197661,0,0,0
2015-04-03,LG3,RPG,25,64,87406,4464906,336705,4801611
2015-04-03,LG3,UG,132,248,217658,1470488540,67497222,1537985762
2015-04-03,LG3,Alumni,2,10,27253,0,0,0
2015-04-03,LG3,Others(HKUST),3,4,595,0,0,0
2015-04-03,LG3,Non-HKUST,8,15,23046,0,0,0
2015-04-03,LG3,Total,237,478,575938,1474953446,67833927,1542787373
2015-04-03,LG4,Staff,12,55,49947,145010336,3853987,148864323
2015-04-03,LG4,TPG,37,108,116640,0,0,0
2015-04-03,LG4,RPG,32,40,15950,0,0,0
2015-04-03,LG4,UG,151,311,222188,2438393,1768824,4207217
2015-04-03,LG4,Alumni,4,7,12966,0,0,0
2015-04-03,LG4,Others(HKUST),2,62,220910,30749930,4301526,35051456
2015-04-03,LG4,Non-HKUST,8,14,33341,28071361,1315368,29386729
2015-04-03,LG4,Total,246,597,671942,206270020,11239705,217509725
2015-04-03,All-Floors,Staff,45,329,591054,613220095,35387619,648607714
2015-04-03,All-Floors,TPG,201,2609,4429816,16884657098,11149290920,28033948018
2015-04-03,All-Floors,RPG,113,989,1787579,3912675613,759607510,4672283123
2015-04-03,All-Floors,UG,688,6228,10871920,24357004196,1197403573,25554407769
2015-04-03,All-Floors,Alumni,23,217,387714,63021645,5000636,68022281
2015-04-03,All-Floors,Others(HKUST),10,215,902860,279819436,11813182,291632618
2015-04-03,All-Floors,Non-HKUST,28,257,309872,84214083,3946104,88160187
2015-04-03,All-Floors,Total,1108,10844,19280815,46194612166,13162449544,59357061710
2015-04-04,1,Staff,6,68,197181,2823072,1888842,4711914
2015-04-04,1,TPG,5,32,32867,3285216902,65201887,3350418789
2015-04-04,1,RPG,6,8,12590,0,0,0
2015-04-04,1,UG,20,75,115689,194469986,57575458,252045444
2015-04-04,1,Alumni,1,1,0,0,0,0
2015-04-04,1,Others(HKUST),1,2,82560,0,0,0
2015-04-04,1,Non-HKUST,1,1,9362,26076515,15138307,41214822
2015-04-04,1,Total,40,187,450249,3508586475,139804494,3648390969
2015-04-04,G,Staff,13,55,69489,23077,29011,52088
2015-04-04,G,TPG,49,146,156791,0,0,0
2015-04-04,G,RPG,22,52,42392,0,0,0
2015-04-04,G,UG,57,143,136816,51133,23403,74536
2015-04-04,G,Alumni,13,25,11512,0,0,0
2015-04-04,G,Others(HKUST),4,5,102478,0,0,0
2015-04-04,G,Non-HKUST,4,15,26271,0,0,0
2015-04-04,G,Total,162,441,545749,74210,52414,126624
2015-04-04,LG1,Staff,18,110,220755,0,0,0
2015-04-04,LG1,TPG,180,2720,5345441,23144073600,4001379747,27145453347
2015-04-04,LG1,RPG,82,719,1435140,197821489,31870903,229692392
2015-04-04,LG1,UG,314,3363,5916527,3597469899,428494760,4025964659
2015-04-04,LG1,Alumni,18,249,398232,0,0,0
2015-04-04,LG1,Others(HKUST),5,173,603032,65873178,3299586,69172764
2015-04-04,LG1,Non-HKUST,17,163,200947,161775286,21130814,182906100
2015-04-04,LG1,Total,634,7497,14120074,27167013452,4486175810,31653189262
2015-04-04,LG3,Staff,11,15,720,0,0,0
2015-04-04,LG3,TPG,58,179,168093,133119418,4692100,137811518
2015-04-04,LG3,RPG,30,82,122194,1815862022,477583173,2293445195
2015-04-04,LG3,UG,93,192,197487,10572879,4453505,15026384
2015-04-04,LG3,Alumni,5,5,839,0,0,0
2015-04-04,LG3,Others(HKUST),2,6,20155,0,0,0
2015-04-04,LG3,Non-HKUST,4,7,10803,0,0,0
2015-04-04,LG3,Total,203,486,520291,1959554319,486728778,2446283097
2015-04-04,LG4,Staff,16,33,18491,51187,37103,88290
2015-04-04,LG4,TPG,39,86,67903,0,0,0
2015-04-04,LG4,RPG,32,61,51724,0,0,0
2015-04-04,LG4,UG,83,213,256701,309492,42860,352352
2015-04-04,LG4,Alumni,6,16,27358,0,0,0
2015-04-04,LG4,Others(HKUST),2,47,194592,89232811,10092676,99325487
2015-04-04,LG4,Non-HKUST,6,23,15735,0,0,0
2015-04-04,LG4,Total,184,479,632504,89593490,10172639,99766129
2015-04-04,All-Floors,Staff,46,281,506636,2897336,1954956,4852292
2015-04-04,All-Floors,TPG,207,3163,5771095,26562409920,4071273734,30633683654
2015-04-04,All-Floors,RPG,122,922,1664040,2013683511,509454076,2523137587
2015-04-04,All-Floors,UG,400,3986,6623220,3802873389,490589986,4293463375
2015-04-04,All-Floors,Alumni,28,296,437941,0,0,0
2015-04-04,All-Floors,Others(HKUST),8,233,1002817,155105989,13392262,168498251
2015-04-04,All-Floors,Non-HKUST,22,209,263118,187851801,36269121,224120922
2015-04-04,All-Floors,Total,833,9090,16268867,32724821946,5122934135,37847756081
2015-04-05,1,Staff,3,9,102728,0,0,0
2015-04-05,1,TPG,1,1,0,0,0,0
2015-04-05,1,RPG,4,7,6470,0,0,0
2015-04-05,1,UG,5,5,0,0,0,0
2015-04-05,1,Alumni,0,0,0,0,0,0
2015-04-05,1,Others(HKUST),1,18,40577,0,0,0
2015-04-05,1,Non-HKUST,1,1,3837,0,0,0
2015-04-05,1,Total,15,41,153612,0,0,0
2015-04-05,G,Staff,4,9,237,0,0,0
2015-04-05,G,TPG,18,38,12249,0,0,0
2015-04-05,G,RPG,5,5,472,0,0,0
2015-04-05,G,UG,11,17,3605,0,0,0
2015-04-05,G,Alumni,0,0,0,0,0,0
2015-04-05,G,Others(HKUST),1,1,86399,0,0,0
2015-04-05,G,Non-HKUST,1,1,0,0,0,0
2015-04-05,G,Total,40,71,102962,0,0,0
2015-04-05,LG1,Staff,17,243,386894,1131510128,48727055,1180237183
2015-04-05,LG1,TPG,160,3006,5176633,11853520649,4695590001,16549110650
2015-04-05,LG1,RPG,74,899,1480336,2952932808,2280234879,5233167687
2015-04-05,LG1,UG,297,3914,6298038,7653351634,1428712484,9082064118
2015-04-05,LG1,Alumni,9,209,261532,0,0,0
2015-04-05,LG1,Others(HKUST),8,174,496698,13815361,684941,14500302
2015-04-05,LG1,Non-HKUST,12,143,215211,384058956,10209627,394268583
2015-04-05,LG1,Total,577,8588,14315342,23989189536,8464158987,32453348523
2015-04-05,LG3,Staff,14,24,3600,29501,19286,48787
2015-04-05,LG3,TPG,51,120,51390,18514061,1185906,19699967
2015-04-05,LG3,RPG,32,48,28410,633505257,19342303,652847560
2015-04-05,LG3,UG,98,153,99416,279047100,48997737,328044837
2015-04-05,LG3,Alumni,3,8,5879,0,0,0
2015-04-05,LG3,Others(HKUST),3,11,2510,32931,24215,57146
2015-04-05,LG3,Non-HKUST,3,5,589,0,0,0
2015-04-05,LG3,Total,204,369,191794,931128850,69569447,1000698297
2015-04-05,LG4,Staff,10,12,4550,0,0,0
2015-04-05,LG4,TPG,26,42,12984,18500659,1165744,19666403
2015-04-05,LG4,RPG,30,34,2655,1396460,2975199,4371659
2015-04-05,LG4,UG,84,136,27567,0,0,0
2015-04-05,LG4,Alumni,0,0,0,0,0,0
2015-04-05,LG4,Others(HKUST),2,67,159977,0,0,0
2015-04-05,LG4,Non-HKUST,1,1,0,0,0,0
2015-04-05,LG4,Total,153,292,207733,19897119,4140943,24038062
2015-04-05,All-Floors,Staff,39,297,498009,1131539629,48746341,1180285970
2015-04-05,All-Floors,TPG,169,3207,5253256,11890535369,4697941651,16588477020
2015-04-05,All-Floors,RPG,114,993,1518343,3587834525,2302552381,5890386906
2015-04-05,All-Floors,UG,365,4225,6428626,7932398734,1477710221,9410108955
2015-04-05,All-Floors,Alumni,9,217,267411,0,0,0
2015-04-05,All-Floors,Others(HKUST),9,271,786161,13848292,709156,14557448
2015-04-05,All-Floors,Non-HKUST,14,151,219637,384058956,10209627,394268583
2015-04-05,All-Floors,Total,719,9361,14971443,24940215505,8537869377,33478084882
2015-04-06,1,Staff,4,7,88570,0,0,0
2015-04-06,1,TPG,0,0,0,0,0,0
2015-04-06,1,RPG,5,6,1794,0,0,0
2015-04-06,1,UG,5,5,836,0,0,0
2015-04-06,1,Alumni,0,0,0,0,0,0
2015-04-06,1,Others(HKUST),1,14,9476,0,0,0
2015-04-06,1,Non-HKUST,0,0,0,0,0,0
2015-04-06,1,Total,15,32,100676,0,0,0
2015-04-06,G,Staff,4,11,2885,0,0,0
2015-04-06,G,TPG,26,37,20013,100148839,3629234,103778073
2015-04-06,G,RPG,6,9,7569,0,0,0
2015-04-06,G,UG,23,48,21945,0,0,0
2015-04-06,G,Alumni,1,1,0,0,0,0
2015-04-06,G,Others(HKUST),2,2,86514,0,0,0
2015-04-06,G,Non-HKUST,0,0,0,0,0,0
2015-04-06,G,Total,62,108,138926,100148839,3629234,103778073
2015-04-06,LG1,Staff,24,207,278718,50101662,63676132,113777794
2015-04-06,LG1,TPG,198,3834,6814028,25387037721,6113516451,31500554172
2015-04-06,LG1,RPG,93,1158,2183064,2534731470,2488007581,5022739051
2015-04-06,LG1,UG,440,6291,9365987,51895836207,4252873982,56148710189
2015-04-06,LG1,Alumni,4,100,126610,0,0,0
2015-04-06,LG1,Others(HKUST),6,138,473886,660847313,468172685,1129019998
2015-04-06,LG1,Non-HKUST,14,186,198790,1607133,1195738,2802871
2015-04-06,LG1,Total,779,11914,19441083,80530161506,13387442569,93917604075
2015-04-06,LG3,Staff,9,12,1564,0,0,0
2015-04-06,LG3,TPG,84,166,84813,45872,24400,70272
2015-04-06,LG3,RPG,35,50,20029,573775520,45514540,619290060
2015-04-06,LG3,UG,139,246,104582,34215237,4091081,38306318
2015-04-06,LG3,Alumni,0,0,0,0,0,0
2015-04-06,LG3,Others(HKUST),5,19,6357,0,0,0
2015-04-06,LG3,Non-HKUST,2,2,0,0,0,0
2015-04-06,LG3,Total,274,495,217345,608036629,49630021,657666650
2015-04-06,LG4,Staff,25,31,34825,0,0,0
2015-04-06,LG4,TPG,38,62,12950,103627812,4739158,108366970
2015-04-06,LG4,RPG,44,45,3715,161367,59415,220782
2015-04-06,LG4,UG,141,201,25790,162116313,6032432,168148745
2015-04-06,LG4,Alumni,3,10,6130,0,0,0
2015-04-06,LG4,Others(HKUST),3,124,217695,0,0,0
2015-04-06,LG4,Non-HKUST,7,11,2881,1566788,542396,2109184
2015-04-06,LG4,Total,261,484,303986,267472280,11373401,278845681
2015-04-06,All-Floors,Staff,53,268,406562,50101662,63676132,113777794
2015-04-06,All-Floors,TPG,209,4099,6931804,25590860244,6121909243,31712769487
2015-04-06,All-Floors,RPG,139,1268,2216171,3108668357,2533581536,5642249893
2015-04-06,All-Floors,UG,540,6791,9519140,52092167757,4262997495,56355165252
2015-04-06,All-Floors,Alumni,8,111,132740,0,0,0
2015-04-06,All-Floors,Others(HKUST),10,297,793928,660847313,468172685,1129019998
2015-04-06,All-Floors,Non-HKUST,21,199,201671,3173921,1738134,4912055
2015-04-06,All-Floors,Total,980,13033,20202016,81505819254,13452075225,94957894479
2015-04-07,1,Staff,10,52,147731,27415445,1184810,28600255
2015-04-07,1,TPG,24,237,339351,21896572,79860820,101757392
2015-04-07,1,RPG,12,82,84315,32169426345,7870863372,40040289717
2015-04-07,1,UG,66,573,919729,3737779265,342193136,4079972401
2015-04-07,1,Alumni,3,71,77141,114707998,17071043,131779041
2015-04-07,1,Others(HKUST),2,24,21440,0,0,0
2015-04-07,1,Non-HKUST,5,26,62716,7904633,1141913,9046546
2015-04-07,1,Total,122,1065,1652423,36079130258,8312315094,44391445352
2015-04-07,G,Staff,23,156,188397,76763246,3317468,80080714
2015-04-07,G,TPG,92,470,618293,477905794,318689046,796594840
2015-04-07,G,RPG,51,179,186831,2232517284,427246113,2659763397
2015-04-07,G,UG,189,752,852222,445977220,57462490,503439710
2015-04-07,G,Alumni,17,46,25326,2002401,506869,2509270
2015-04-07,G,Others(HKUST),6,27,149517,0,0,0
2015-04-07,G,Non-HKUST,12,61,47128,185405,2512599,2698004
2015-04-07,G,Total,390,1691,2067714,3235351350,809734585,4045085935
2015-04-07,LG1,Staff,30,255,309624,0,0,0
2015-04-07,LG1,TPG,238,4324,7080149,22762873223,12295583147,35058456370
2015-04-07,LG1,RPG,114,1717,2572537,5163758207,1409872048,6573630255
2015-04-07,LG1,UG,635,9332,12807665,47323257406,9562085296,56885342702
2015-04-07,LG1,Alumni,24,298,262159,11767984,2203111,13971095
2015-04-07,LG1,Others(HKUST),8,491,668411,16826959,8417818,25244777
2015-04-07,LG1,Non-HKUST,20,196,208399,4965128205,378462939,5343591144
2015-04-07,LG1,Total,1069,16613,23908944,80243611984,23656624359,103900236343
2015-04-07,LG3,Staff,22,61,50556,10966178,473924,11440102
2015-04-07,LG3,TPG,118,677,979439,418083700,43097895,461181595
2015-04-07,LG3,RPG,62,212,227398,391232,131474,522706
2015-04-07,LG3,UG,230,851,858489,964073306,80328896,1044402202
2015-04-07,LG3,Alumni,12,90,88332,12014406,3041214,15055620
2015-04-07,LG3,Others(HKUST),7,29,24620,0,0,0
2015-04-07,LG3,Non-HKUST,9,30,56752,491297,5278784,5770081
2015-04-07,LG3,Total,460,1950,2285586,1406020119,132352187,1538372306
2015-04-07,LG4,Staff,22,72,61811,713361203,3002351401,3715712604
2015-04-07,LG4,TPG,75,606,801180,3667193034,1024063133,4691256167
2015-04-07,LG4,RPG,63,257,267199,8600956,1256746,9857702
2015-04-07,LG4,UG,193,818,1039062,12761178305,572306920,13333485225
2015-04-07,LG4,Alumni,15,134,311709,132501138,6885246,139386384
2015-04-07,LG4,Others(HKUST),4,110,206486,0,0,0
2015-04-07,LG4,Non-HKUST,7,17,42032,41899,17277,59176
2015-04-07,LG4,Total,379,2014,2729479,17282876535,4606880723,21889757258
2015-04-07,All-Floors,Staff,80,596,758119,828506072,3007327603,3835833675
2015-04-07,All-Floors,TPG,277,6314,9818412,27347952323,13761294041,41109246364
2015-04-07,All-Floors,RPG,192,2447,3338280,39574694024,9709369753,49284063777
2015-04-07,All-Floors,UG,821,12326,16477167,65232265502,10614376738,75846642240
2015-04-07,All-Floors,Alumni,41,639,764667,272993927,29707483,302701410
2015-04-07,All-Floors,Others(HKUST),12,681,1070474,16826959,8417818,25244777
2015-04-07,All-Floors,Non-HKUST,32,330,417027,4973751439,387413512,5361164951
2015-04-07,All-Floors,Total,1455,23333,32644146,138246990246,37517906948,175764897194
2015-04-08,1,Staff,59,590,862743,2257667451,114360661,2372028112
2015-04-08,1,TPG,39,387,723082,7593862909,2514551051,10108413960
2015-04-08,1,RPG,16,148,305776,5975782272,622331177,6598113449
2015-04-08,1,UG,219,2658,4114933,31174294159,3326558078,34500852237
2015-04-08,1,Alumni,2,7,30804,0,0,0
2015-04-08,1,Others(HKUST),4,30,23429,0,0,0
2015-04-08,1,Non-HKUST,9,54,103885,103519906,8392159,111912065
2015-04-08,1,Total,348,3874,6164652,47105126697,6586193126,53691319823
2015-04-08,G,Staff,117,565,671279,315561785,175106231,490668016
2015-04-08,G,TPG,187,937,1214981,461386260,63008873,524395133
2015-04-08,G,RPG,122,473,432328,4365214092,378747730,4743961822
2015-04-08,G,UG,454,2560,2889721,9306956540,376626172,9683582712
2015-04-08,G,Alumni,12,48,31846,594837,370098,964935
2015-04-08,G,Others(HKUST),8,20,142207,133966,151852,285818
2015-04-08,G,Non-HKUST,13,44,26257,0,0,0
2015-04-08,G,Total,913,4647,5408619,14449847480,994010956,15443858436
2015-04-08,LG1,Staff,85,384,390841,783668451,275205345,1058873796
2015-04-08,LG1,TPG,295,4037,5533412,64430362636,2056119236,66486481872
2015-04-08,LG1,RPG,144,1125,1598072,13960065692,3023027253,16983092945
2015-04-08,LG1,UG,943,11394,15562498,98752537741,14486840424,113239378165
2015-04-08,LG1,Alumni,10,124,173853,0,0,0
2015-04-08,LG1,Others(HKUST),10,128,465476,0,0,0
2015-04-08,LG1,Non-HKUST,23,100,71430,119886,160347,280233
2015-04-08,LG1,Total,1510,17292,23795582,177926754406,19841352605,197768107011
2015-04-08,LG3,Staff,77,291,315241,4521276601,415447675,4936724276
2015-04-08,LG3,TPG,144,1139,1935943,27361416966,1430967709,28792384675
2015-04-08,LG3,RPG,105,865,1194196,6580602157,1202163901,7782766058
2015-04-08,LG3,UG,377,1814,2030158,5196527510,566584822,5763112332
2015-04-08,LG3,Alumni,11,23,23765,0,0,0
2015-04-08,LG3,Others(HKUST),6,17,20386,0,0,0
2015-04-08,LG3,Non-HKUST,17,99,152356,881931,535670,1417601
2015-04-08,LG3,Total,737,4248,5672045,43660705165,3615699777,47276404942
2015-04-08,LG4,Staff,90,319,287708,3054041778,4408767126,7462808904
2015-04-08,LG4,TPG,132,1163,2142767,124126359876,3316235679,127442595555
2015-04-08,LG4,RPG,105,496,671852,7605026326,324479719,7929506045
2015-04-08,LG4,UG,326,2529,3452458,15176046599,1817029013,16993075612
2015-04-08,LG4,Alumni,13,118,158876,198031279,21874278,219905557
2015-04-08,LG4,Others(HKUST),6,158,240909,2180209,417072,2597281
2015-04-08,LG4,Non-HKUST,12,38,44207,12132579,1012496,13145075
2015-04-08,LG4,Total,684,4821,6998777,150173818646,9889815383,160063634029
2015-04-08,All-Floors,Staff,254,2149,2527812,10932216066,5388887038,16321103104
2015-04-08,All-Floors,TPG,400,7663,11550185,223973388647,9380882548,233354271195
2015-04-08,All-Floors,RPG,297,3107,4202224,38486690539,5550749780,44037440319
2015-04-08,All-Floors,UG,1330,20955,28049768,159606362549,20573638509,180180001058
2015-04-08,All-Floors,Alumni,24,320,419144,198626116,22244376,220870492
2015-04-08,All-Floors,Others(HKUST),19,353,892407,2314175,568924,2883099
2015-04-08,All-Floors,Non-HKUST,50,335,398135,116654302,10100672,126754974
2015-04-08,All-Floors,Total,2374,34882,48039675,433316252394,40927071847,474243324241
2015-04-09,1,Staff,67,677,880156,6922021682,358465626,7280487308
2015-04-09,1,TPG,86,1518,1886900,50935857574,18058394474,68994252048
2015-04-09,1,RPG,29,212,343035,2688370120,624348976,3312719096
2015-04-09,1,UG,620,6650,7899289,122420485889,13641931126,136062417015
2015-04-09,1,Alumni,2,18,26183,34296374,3740207,38036581
2015-04-09,1,Others(HKUST),7,103,139597,691400759,44815960,736216719
2015-04-09,1,Non-HKUST,9,34,43253,67079508,4646702,71726210
2015-04-09,1,Total,820,9212,11218413,183759511906,32736343071,216495854977
2015-04-09,G,Staff,110,593,471360,32998581,17861705,50860286
2015-04-09,G,TPG,252,1555,1338923,3474283672,556663212,4030946884
2015-04-09,G,RPG,113,430,399403,1807102606,98463911,1905566517
2015-04-09,G,UG,1481,7858,5951585,7016425289,1877935899,8894361188
2015-04-09,G,Alumni,11,27,5281,4506,842,5348
2015-04-09,G,Others(HKUST),12,104,190354,6416076,667230,7083306
2015-04-09,G,Non-HKUST,17,59,44638,187797904,24807507,212605411
2015-04-09,G,Total,1996,10626,8401544,12525028634,2576400306,15101428940
2015-04-09,LG1,Staff,89,550,361160,1211659505,3634603955,4846263460
2015-04-09,LG1,TPG,353,4437,5314276,56174091666,2781121037,58955212703
2015-04-09,LG1,RPG,160,1465,1669717,5917141681,1002845599,6919987280
2015-04-09,LG1,UG,2184,24062,22249144,87100595581,24044303430,111144899011
2015-04-09,LG1,Alumni,15,157,192031,3678899,709238,4388137
2015-04-09,LG1,Others(HKUST),13,245,502482,0,0,0
2015-04-09,LG1,Non-HKUST,24,71,60320,56608760,3158873,59767633
2015-04-09,LG1,Total,2838,30987,30349130,150463776092,31466742132,181930518224
2015-04-09,LG3,Staff,64,243,152098,233100919,21191132,254292051
2015-04-09,LG3,TPG,182,1342,1267446,18730945796,2064786124,20795731920
2015-04-09,LG3,RPG,108,846,1005922,2125160621,2416569138,4541729759
2015-04-09,LG3,UG,1007,5646,5154754,22735738399,6761395475,29497133874
2015-04-09,LG3,Alumni,12,89,120743,122914981,161133983,284048964
2015-04-09,LG3,Others(HKUST),3,9,625,0,0,0
2015-04-09,LG3,Non-HKUST,19,80,93839,1144121115,268582941,1412704056
2015-04-09,LG3,Total,1395,8255,7795427,45091981831,11693658793,56785640624
2015-04-09,LG4,Staff,95,436,384485,498160096,709035733,1207195829
2015-04-09,LG4,TPG,201,2539,3494101,22137450746,4313171041,26450621787
2015-04-09,LG4,RPG,133,781,990727,8283374918,3339066117,11622441035
2015-04-09,LG4,UG,1276,10180,10747366,60445356917,11108463205,71553820122
2015-04-09,LG4,Alumni,9,168,223709,20221909825,674621383,20896531208
2015-04-09,LG4,Others(HKUST),9,209,211456,17317318,3213186,20530504
2015-04-09,LG4,Non-HKUST,23,118,143389,566014033,68552412,634566445
2015-04-09,LG4,Total,1746,14431,16195233,112169583853,20216123077,132385706930
2015-04-09,All-Floors,Staff,252,2499,2249259,8897940783,4741158151,13639098934
2015-04-09,All-Floors,TPG,519,11391,13301646,151452629454,27774135888,179226765342
2015-04-09,All-Floors,RPG,338,3734,4408804,20821149946,7481293741,28302443687
2015-04-09,All-Floors,UG,3536,54396,52002138,299718602075,57434029135,357152631210
2015-04-09,All-Floors,Alumni,26,459,567947,20382804585,840205653,21223010238
2015-04-09,All-Floors,Others(HKUST),20,670,1044514,715134153,48696376,763830529
2015-04-09,All-Floors,Non-HKUST,57,362,385439,2021621320,369748435,2391369755
2015-04-09,All-Floors,Total,4748,73511,73959747,504009882316,98689267379,602699149695
2015-04-10,1,Staff,57,621,812006,9252028068,357063110,9609091178
2015-04-10,1,TPG,84,1470,2177058,30590165814,2294117417,32884283231
2015-04-10,1,RPG,22,199,402120,2643648516,484283373,3127931889
2015-04-10,1,UG,505,4818,5916026,314087506532,14054783270,328142289802
2015-04-10,1,Alumni,4,35,42690,1397164,653699,2050863
2015-04-10,1,Others(HKUST),5,55,205420,352852434,29423526,382275960
2015-04-10,1,Non-HKUST,8,26,54114,158500599,8302799,166803398
2015-04-10,1,Total,685,7224,9609434,357086099127,17228627194,374314726321
2015-04-10,G,Staff,107,583,560801,646677129,179087621,825764750
2015-04-10,G,TPG,275,1519,1511630,822901370,148079731,970981101
2015-04-10,G,RPG,117,499,431153,1638035624,92896908,1730932532
2015-04-10,G,UG,1194,5672,4683858,11125432086,752131243,11877563329
2015-04-10,G,Alumni,5,48,33867,6559,4860,11419
2015-04-10,G,Others(HKUST),13,94,232242,208840250,14401805,223242055
2015-04-10,G,Non-HKUST,21,72,38163,94044227,4441648,98485875
2015-04-10,G,Total,1732,8487,7491714,14535937245,1191043816,15726981061
2015-04-10,LG1,Staff,75,356,265622,1250049561,937330733,2187380294
2015-04-10,LG1,TPG,367,6085,7988624,113564583661,20445247911,134009831572
2015-04-10,LG1,RPG,147,1148,1452464,9651673169,540917458,10192590627
2015-04-10,LG1,UG,1973,18296,18885908,106688756467,36483327258,143172083725
2015-04-10,LG1,Alumni,11,62,144984,2117746762,58069145,2175815907
2015-04-10,LG1,Others(HKUST),12,191,486307,14051921,9053052,23104973
2015-04-10,LG1,Non-HKUST,34,168,137085,63708344,15727600,79435944
2015-04-10,LG1,Total,2619,26306,29360994,233350569885,58489673157,291840243042
2015-04-10,LG3,Staff,68,258,276634,1192968007,187636067,1380604074
2015-04-10,LG3,TPG,202,1491,2114101,22666893886,4800704748,27467598634
2015-04-10,LG3,RPG,79,526,717692,4307044892,1710201345,6017246237
2015-04-10,LG3,UG,791,3774,3697651,33461689450,2119759129,35581448579
2015-04-10,LG3,Alumni,6,30,47356,792188632,37581939,829770571
2015-04-10,LG3,Others(HKUST),5,67,71184,2381674156,199173968,2580848124
2015-04-10,LG3,Non-HKUST,19,126,115769,683797157,65661506,749458663
2015-04-10,LG3,Total,1170,6272,7040387,65486256180,9120718702,74606974882
2015-04-10,LG4,Staff,80,302,235454,110264888,15005074,125269962
2015-04-10,LG4,TPG,213,2197,3141294,28754827687,2604391311,31359218998
2015-04-10,LG4,RPG,113,604,733552,1153626165,486482941,1640109106
2015-04-10,LG4,UG,1025,6316,7130933,25941417195,9085490789,35026907984
2015-04-10,LG4,Alumni,10,120,183782,2796062221,193640974,2989703195
2015-04-10,LG4,Others(HKUST),6,129,214413,1844702595,57993306,1902695901
2015-04-10,LG4,Non-HKUST,17,132,137184,22592791,4791522,27384313
2015-04-10,LG4,Total,1464,9800,11776612,60623493542,12447795917,73071289459
2015-04-10,All-Floors,Staff,231,2120,2150517,12451987653,1676122605,14128110258
2015-04-10,All-Floors,TPG,559,12762,16932707,196399372418,30292541118,226691913536
2015-04-10,All-Floors,RPG,294,2976,3736981,19394028366,3314782025,22708810391
2015-04-10,All-Floors,UG,3191,38876,40314376,491304801730,62495491689,553800293419
2015-04-10,All-Floors,Alumni,25,295,452679,5707401338,289950617,5997351955
2015-04-10,All-Floors,Others(HKUST),20,536,1209566,4802121356,310045657,5112167013
2015-04-10,All-Floors,Non-HKUST,65,524,482315,1022643118,98925075,1121568193
2015-04-10,All-Floors,Total,4385,58089,65279141,731082355979,98477858786,829560214765
2015-04-11,1,Staff,12,93,208041,1375993415,114993155,1490986570
2015-04-11,1,TPG,67,640,1233080,3492805215,585864534,4078669749
2015-04-11,1,RPG,15,68,168786,4099331062,251843022,4351174084
2015-04-11,1,UG,158,1609,3014357,33196835424,1989392856,35186228280
2015-04-11,1,Alumni,8,55,106433,249986698,66539831,316526529
2015-04-11,1,Others(HKUST),4,46,180750,383666004,45911025,429577029
2015-04-11,1,Non-HKUST,4,11,17053,130066791,1188748431,1318815222
2015-04-11,1,Total,268,2522,4928500,42928684609,4243292854,47171977463
2015-04-11,G,Staff,29,181,130845,0,0,0
2015-04-11,G,TPG,230,1021,1349114,577687944,46085673,623773617
2015-04-11,G,RPG,77,323,404749,4375248469,158979650,4534228119
2015-04-11,G,UG,386,1918,2746671,1770352308,89392431,1859744739
2015-04-11,G,Alumni,22,85,134877,1107737412,48336398,1156073810
2015-04-11,G,Others(HKUST),8,22,162857,0,0,0
2015-04-11,G,Non-HKUST,26,84,95813,324651256,3557340179,3881991435
2015-04-11,G,Total,778,3634,5024926,8155677389,3900134331,12055811720
2015-04-11,LG1,Staff,35,211,277031,31624829,89701510,121326339
2015-04-11,LG1,TPG,405,4775,7521597,34892019515,7516339021,42408358536
2015-04-11,LG1,RPG,119,950,1475218,1728822994,449218634,2178041628
2015-04-11,LG1,UG,857,9318,15255311,39188859571,4050876304,43239735875
2015-04-11,LG1,Alumni,21,162,242935,4643482284,201395889,4844878173
2015-04-11,LG1,Others(HKUST),11,236,593360,91111464,14763410,105874874
2015-04-11,LG1,Non-HKUST,25,77,123962,81620388,40603627,122224015
2015-04-11,LG1,Total,1473,15729,25489414,80657541045,12362898395,93020439440
2015-04-11,LG3,Staff,21,83,102709,1038418749,48647473,1087066222
2015-04-11,LG3,TPG,182,1114,1559296,15158052779,527459027,15685511806
2015-04-11,LG3,RPG,76,566,851789,177629211,229737722,407366933
2015-04-11,LG3,UG,325,1267,1742416,12901323776,210930035,13112253811
2015-04-11,LG3,Alumni,21,145,222742,1031889574,44756037,1076645611
2015-04-11,LG3,Others(HKUST),6,15,24636,0,0,0
2015-04-11,LG3,Non-HKUST,15,82,160016,0,0,0
2015-04-11,LG3,Total,646,3272,4663604,30307314089,1061530294,31368844383
2015-04-11,LG4,Staff,23,114,140153,76306700,33026625,109333325
2015-04-11,LG4,TPG,152,1346,2108789,10262092863,880592157,11142685020
2015-04-11,LG4,RPG,78,569,948782,1652900205,119049241,1771949446
2015-04-11,LG4,UG,346,2223,3604808,7040932686,642852989,7683785675
2015-04-11,LG4,Alumni,24,269,446155,2402929305,177814083,2580743388
2015-04-11,LG4,Others(HKUST),7,142,345405,912814194,39389006,952203200
2015-04-11,LG4,Non-HKUST,20,160,219922,123961962,1188890553,1312852515
2015-04-11,LG4,Total,650,4823,7814014,22471937915,3081614654,25553552569
2015-04-11,All-Floors,Staff,77,682,858779,2522343693,286368763,2808712456
2015-04-11,All-Floors,TPG,537,8896,13771876,64382658316,9556340412,73938998728
2015-04-11,All-Floors,RPG,224,2476,3849324,12033931941,1208828269,13242760210
2015-04-11,All-Floors,UG,1236,16335,26363563,94098303765,6983444615,101081748380
2015-04-11,All-Floors,Alumni,53,716,1153142,9436025273,538842238,9974867511
2015-04-11,All-Floors,Others(HKUST),18,461,1307008,1387591662,100063441,1487655103
2015-04-11,All-Floors,Non-HKUST,46,414,616766,660300397,5975582790,6635883187
2015-04-11,All-Floors,Total,2191,29980,47920458,184521155047,24649470528,209170625575
2015-04-12,1,Staff,12,101,215232,157695914,81503508,239199422
2015-04-12,1,TPG,74,1174,2199316,25676686358,8543407774,34220094132
2015-04-12,1,RPG,19,125,197814,678520648,104068455,782589103
2015-04-12,1,UG,166,2118,3205238,54634764624,8956523864,63591288488
2015-04-12,1,Alumni,5,45,66842,882889285,505235163,1388124448
2015-04-12,1,Others(HKUST),4,51,155330,1021705605,308309094,1330014699
2015-04-12,1,Non-HKUST,4,16,26529,0,0,0
2015-04-12,1,Total,284,3630,6066301,83052262434,18499047858,101551310292
2015-04-12,G,Staff,31,191,142742,39117101,1369314,40486415
2015-04-12,G,TPG,202,1080,1372542,590651887,272357643,863009530
2015-04-12,G,RPG,87,345,413801,186014758,28787036,214801794
2015-04-12,G,UG,416,2068,2425755,2543098699,661951538,3205050237
2015-04-12,G,Alumni,35,134,63041,93495859,16747913,110243772
2015-04-12,G,Others(HKUST),7,20,135992,0,0,0
2015-04-12,G,Non-HKUST,14,36,24018,0,0,0
2015-04-12,G,Total,792,3874,4577891,3452378304,981213444,4433591748
2015-04-12,LG1,Staff,34,110,145171,734554798,316935187,1051489985
2015-04-12,LG1,TPG,363,6285,8766670,56198441929,18466509247,74664951176
2015-04-12,LG1,RPG,118,1050,1531906,9615994940,5331103467,14947098407
2015-04-12,LG1,UG,973,12519,16972553,51364932764,16363447053,67728379817
2015-04-12,LG1,Alumni,31,234,262907,29022966,2100714,31123680
2015-04-12,LG1,Others(HKUST),10,210,527798,0,0,0
2015-04-12,LG1,Non-HKUST,24,190,184954,507955164,76037676,583992840
2015-04-12,LG1,Total,1553,20598,28391959,118450902561,40556133344,159007035905
2015-04-12,LG3,Staff,21,95,96208,24899,22806,47705
2015-04-12,LG3,TPG,164,1006,1609668,1278840147,1108871938,2387712085
2015-04-12,LG3,RPG,82,614,798665,357168,303175,660343
2015-04-12,LG3,UG,389,1731,2026494,334705297,166194370,500899667
2015-04-12,LG3,Alumni,32,254,402369,6675688,784912,7460600
2015-04-12,LG3,Others(HKUST),6,37,23459,391784668,46716764,438501432
2015-04-12,LG3,Non-HKUST,14,93,110456,627865063,125937363,753802426
2015-04-12,LG3,Total,708,3830,5067319,2640252930,1448831328,4089084258
2015-04-12,LG4,Staff,34,172,139472,734493490,317105067,1051598557
2015-04-12,LG4,TPG,167,1747,2721095,6900290617,2370486121,9270776738
2015-04-12,LG4,RPG,95,578,824682,4071470052,774849868,4846319920
2015-04-12,LG4,UG,413,2478,3294592,18373708133,3068466685,21442174818
2015-04-12,LG4,Alumni,30,410,653963,2923787806,173020647,3096808453
2015-04-12,LG4,Others(HKUST),9,105,255223,642239633,45438695,687678328
2015-04-12,LG4,Non-HKUST,29,168,284723,893657568,81891423,975548991
2015-04-12,LG4,Total,777,5658,8173750,34539647299,6831258506,41370905805
2015-04-12,All-Floors,Staff,82,669,738825,1665886202,716935882,2382822084
2015-04-12,All-Floors,TPG,465,11292,16669291,90644910938,30761632723,121406543661
2015-04-12,All-Floors,RPG,231,2712,3766868,14552357566,6239112001,20791469567
2015-04-12,All-Floors,UG,1337,20914,27924632,127251209517,29216583510,156467793027
2015-04-12,All-Floors,Alumni,65,1077,1449122,3935871604,697889349,4633760953
2015-04-12,All-Floors,Others(HKUST),18,423,1097802,2055729906,400464553,2456194459
2015-04-12,All-Floors,Non-HKUST,52,503,630680,2029477795,283866462,2313344257
2015-04-12,All-Floors,Total,2250,37590,52277220,242135443528,68316484480,310451928008
2015-04-13,1,Staff,55,794,1042968,1433610908,356997502,1790608410
2015-04-13,1,TPG,108,2065,2594495,46921971737,3802375783,50724347520
2015-04-13,1,RPG,33,301,369879,4359369837,344498525,4703868362
2015-04-13,1,UG,615,6730,6566074,120994349212,17707782753,138702131965
2015-04-13,1,Alumni,2,15,4616,161698,48234,209932
2015-04-13,1,Others(HKUST),4,59,136067,1097634052,84469469,1182103521
2015-04-13,1,Non-HKUST,8,41,33600,13982370,4399867,18382237
2015-04-13,1,Total,825,10005,10747699,174821079814,22300572133,197121651947
2015-04-13,G,Staff,108,753,622987,555816680,477319033,1033135713
2015-04-13,G,TPG,339,2327,1720910,2276858593,521446456,2798305049
2015-04-13,G,RPG,132,634,514179,2921081989,573204591,3494286580
2015-04-13,G,UG,1477,8933,5770010,13964753194,2783580607,16748333801
2015-04-13,G,Alumni,12,43,22395,234214,86069,320283
2015-04-13,G,Others(HKUST),14,101,176977,0,0,0
2015-04-13,G,Non-HKUST,22,96,64239,0,0,0
2015-04-13,G,Total,2104,12887,8891697,19718744670,4355636756,24074381426
2015-04-13,LG1,Staff,70,437,231155,1478304069,636606708,2114910777
2015-04-13,LG1,TPG,456,7257,6622706,56179037310,29463744877,85642782187
2015-04-13,LG1,RPG,166,1680,1427293,11841549582,3827257162,15668806744
2015-04-13,LG1,UG,2433,26973,23932613,117191188062,29525710395,146716898457
2015-04-13,LG1,Alumni,16,135,120273,59236372,2130777,61367149
2015-04-13,LG1,Others(HKUST),22,405,560754,1127905,797667,1925572
2015-04-13,LG1,Non-HKUST,30,161,116236,3524208550,137891868,3662100418
2015-04-13,LG1,Total,3193,37048,33011030,190274651850,63594139454,253868791304
2015-04-13,LG3,Staff,66,254,125007,284521254,43783830,328305084
2015-04-13,LG3,TPG,238,2371,2092529,11988732170,1530387726,13519119896
2015-04-13,LG3,RPG,118,1120,1004150,3029421447,209131445,3238552892
2015-04-13,LG3,UG,1024,5368,4325894,38668500704,15875157407,54543658111
2015-04-13,LG3,Alumni,9,44,75409,620030247,95475869,715506116
2015-04-13,LG3,Others(HKUST),10,64,36136,1921913,705515,2627428
2015-04-13,LG3,Non-HKUST,16,97,116621,2288560444,176113492,2464673936
2015-04-13,LG3,Total,1481,9318,7775746,56881688179,17930755284,74812443463
2015-04-13,LG4,Staff,116,546,276645,1489969299,439737048,1929706347
2015-04-13,LG4,TPG,265,3888,4346381,57980809590,9781877757,67762687347
2015-04-13,LG4,RPG,160,1120,1117320,7284383056,515524634,7799907690
2015-04-13,LG4,UG,1332,9452,8189065,62464756311,8413467570,70878223881
2015-04-13,LG4,Alumni,12,190,253806,966114605,206331886,1172446491
2015-04-13,LG4,Others(HKUST),8,211,256551,22321055696,706707393,23027763089
2015-04-13,LG4,Non-HKUST,24,174,210692,467639220,114154478,581793698
2015-04-13,LG4,Total,1917,15581,14650460,152974727777,20177800766,173152528543
2015-04-13,All-Floors,Staff,256,2784,2298762,5242222210,1954444121,7196666331
2015-04-13,All-Floors,TPG,672,17908,17377021,175347409400,45099832599,220447241999
2015-04-13,All-Floors,RPG,370,4855,4432821,29435805911,5469616357,34905422268
2015-04-13,All-Floors,UG,3747,57456,48783656,353283547483,74305698732,427589246215
2015-04-13,All-Floors,Alumni,27,427,476499,1645777136,304072835,1949849971
2015-04-13,All-Floors,Others(HKUST),31,840,1166485,23421739566,792680044,24214419610
2015-04-13,All-Floors,Non-HKUST,59,569,541388,6294390584,432559705,6726950289
2015-04-13,All-Floors,Total,5162,84839,75076632,594670892290,128358904393,723029796683
2015-04-14,1,Staff,63,838,1066675,3217463537,310325604,3527789141
2015-04-14,1,TPG,111,1925,2644357,40311462120,35270160733,75581622853
2015-04-14,1,RPG,27,260,277435,13185180007,1323122896,14508302903
2015-04-14,1,UG,605,5906,6008520,104268216431,18372545992,122640762423
2015-04-14,1,Alumni,6,21,25770,0,0,0
2015-04-14,1,Others(HKUST),4,87,150781,352454021,28102115,380556136
2015-04-14,1,Non-HKUST,11,127,114409,1524797114,283659584,1808456698
2015-04-14,1,Total,827,9164,10287947,162859573230,55587916924,218447490154
2015-04-14,G,Staff,106,728,575309,1453907328,81284798,1535192126
2015-04-14,G,TPG,310,2325,1848417,12676032661,12446124817,25122157478
2015-04-14,G,RPG,138,764,585190,2877495108,166435132,3043930240
2015-04-14,G,UG,1442,8095,5747353,10571080253,1730094883,12301175136
2015-04-14,G,Alumni,14,53,37247,14939064,6480972,21420036
2015-04-14,G,Others(HKUST),14,191,321906,807151384,113027522,920178906
2015-04-14,G,Non-HKUST,19,53,27734,0,0,0
2015-04-14,G,Total,2043,12209,9143156,28400605798,14543448124,42944053922
2015-04-14,LG1,Staff,86,441,283150,1145399602,72286927,1217686529
2015-04-14,LG1,TPG,512,7655,8314090,120365981733,33890858820,154256840553
2015-04-14,LG1,RPG,194,1492,1535571,16668622692,3837369866,20505992558
2015-04-14,LG1,UG,2483,24775,22613683,342030738373,31689876716,373720615089
2015-04-14,LG1,Alumni,15,227,246246,2073956837,436724999,2510681836
2015-04-14,LG1,Others(HKUST),12,304,525708,135078202,28965026,164043228
2015-04-14,LG1,Non-HKUST,31,153,118666,586519026,118096371,704615397
2015-04-14,LG1,Total,3333,35047,33637114,483006296465,70074178725,553080475190
2015-04-14,LG3,Staff,80,291,134055,76166617,4269380,80435997
2015-04-14,LG3,TPG,241,2295,2399410,29874972867,9187730168,39062703035
2015-04-14,LG3,RPG,98,775,875656,8803268531,1887626305,10690894836
2015-04-14,LG3,UG,979,5747,4557162,28561870249,11262830814,39824701063
2015-04-14,LG3,Alumni,9,42,43060,0,0,0
2015-04-14,LG3,Others(HKUST),8,86,57670,136049183,11523741,147572924
2015-04-14,LG3,Non-HKUST,10,48,65546,304302105,16040516,320342621
2015-04-14,LG3,Total,1425,9284,8132559,67756629552,22370020924,90126650476
2015-04-14,LG4,Staff,139,567,402440,796421462,45486142,841907604
2015-04-14,LG4,TPG,281,3913,4222653,134031289444,23516861361,157548150805
2015-04-14,LG4,RPG,156,1293,1511798,11494260183,687932848,12182193031
2015-04-14,LG4,UG,1425,10031,7925955,47162822368,9018316794,56181139162
2015-04-14,LG4,Alumni,18,234,318422,8916392,4116828,13033220
2015-04-14,LG4,Others(HKUST),11,262,288014,3639197204,1250821959,4890019163
2015-04-14,LG4,Non-HKUST,19,94,57382,97028665,4856005,101884670
2015-04-14,LG4,Total,2049,16394,14726664,197229935718,34528391937,231758327655
2015-04-14,All-Floors,Staff,298,2865,2461629,6689358546,513652851,7203011397
2015-04-14,All-Floors,TPG,698,18113,19428927,337259738825,114311735899,451571474724
2015-04-14,All-Floors,RPG,374,4584,4785650,53028826521,7902487047,60931313568
2015-04-14,All-Floors,UG,3862,54554,46852673,532594727674,72073665199,604668392873
2015-04-14,All-Floors,Alumni,35,577,670745,2097812293,447322799,2545135092
2015-04-14,All-Floors,Others(HKUST),24,930,1344079,5069929994,1432440363,6502370357
2015-04-14,All-Floors,Non-HKUST,57,475,383737,2512646910,422652476,2935299386
2015-04-14,All-Floors,Total,5348,82098,75927440,939253040763,197103956634,1136356997397
2015-04-15,1,Staff,67,860,1134847,9597848384,651939342,10249787726
2015-04-15,1,TPG,118,2149,2777204,53561644605,14692973158,68254617763
2015-04-15,1,RPG,26,266,361056,1414694293,173424953,1588119246
2015-04-15,1,UG,519,4592,5579484,71327820725,6139648746,77467469471
2015-04-15,1,Alumni,3,37,44578,43494637,4192632,47687269
2015-04-15,1,Others(HKUST),5,55,153615,0,0,0
2015-04-15,1,Non-HKUST,7,30,58254,0,0,0
2015-04-15,1,Total,745,7989,10109038,135945502644,21662178831,157607681475
2015-04-15,G,Staff,107,532,463927,4870915914,185665313,5056581227
2015-04-15,G,TPG,375,2439,2232732,1757534288,376660552,2134194840
2015-04-15,G,RPG,116,467,430977,525039990,50994414,576034404
2015-04-15,G,UG,1306,6808,4825993,7010587138,672734476,7683321614
2015-04-15,G,Alumni,16,80,93979,151286471,14454661,165741132
2015-04-15,G,Others(HKUST),12,52,199926,0,0,0
2015-04-15,G,Non-HKUST,23,61,61057,0,0,0
2015-04-15,G,Total,1955,10439,8308591,14315363801,1300509416,15615873217
2015-04-15,LG1,Staff,106,441,394921,3417508940,138995701,3556504641
2015-04-15,LG1,TPG,495,6339,7010432,132598899113,20283429825,152882328938
2015-04-15,LG1,RPG,185,1148,1229283,21818143088,2823108028,24641251116
2015-04-15,LG1,UG,2404,22078,22857510,139009040277,28431484069,167440524346
2015-04-15,LG1,Alumni,18,146,187963,548569303,320577440,869146743
2015-04-15,LG1,Others(HKUST),14,157,549879,1100668993,202984509,1303653502
2015-04-15,LG1,Non-HKUST,35,153,179617,229353687,23606279,252959966
2015-04-15,LG1,Total,3257,30462,32409605,298722183401,52224185851,350946369252
2015-04-15,LG3,Staff,75,242,192588,280859325,10046031,290905356
2015-04-15,LG3,TPG,227,1944,2161861,5237267055,7263830043,12501097098
2015-04-15,LG3,RPG,112,900,1147907,7220719332,2282854560,9503573892
2015-04-15,LG3,UG,940,4894,4212114,13059069855,811390301,13870460156
2015-04-15,LG3,Alumni,8,16,7343,0,0,0
2015-04-15,LG3,Others(HKUST),8,21,14085,0,0,0
2015-04-15,LG3,Non-HKUST,18,175,157554,177479796,35101286,212581082
2015-04-15,LG3,Total,1388,8192,7893452,25975395363,10403222221,36378617584
2015-04-15,LG4,Staff,112,532,409831,2714263806,93586393,2807850199
2015-04-15,LG4,TPG,274,3464,4657627,28209250298,10308707849,38517958147
2015-04-15,LG4,RPG,124,821,1028892,13787925640,1419308858,15207234498
2015-04-15,LG4,UG,1261,7836,7623344,16262527495,1980530245,18243057740
2015-04-15,LG4,Alumni,18,356,481979,355075248,41261727,396336975
2015-04-15,LG4,Others(HKUST),13,120,174816,13280111579,3978428828,17258540407
2015-04-15,LG4,Non-HKUST,14,113,115065,66709912,13805011,80514923
2015-04-15,LG4,Total,1816,13242,14491554,74675863978,17835628911,92511492889
2015-04-15,All-Floors,Staff,283,2607,2596114,20881396369,1080232780,21961629149
2015-04-15,All-Floors,TPG,734,16335,18839856,221364595359,52925601427,274290196786
2015-04-15,All-Floors,RPG,351,3602,4198115,44766522343,6749690813,51516213156
2015-04-15,All-Floors,UG,3819,46208,45098445,246669045490,38035787837,284704833327
2015-04-15,All-Floors,Alumni,36,635,815842,1098425659,380486460,1478912119
2015-04-15,All-Floors,Others(HKUST),31,405,1092321,14380780572,4181413337,18562193909
2015-04-15,All-Floors,Non-HKUST,64,532,571547,473543395,72512576,546055971
2015-04-15,All-Floors,Total,5318,70324,73212240,549634309187,103425725230,653060034417
2015-04-16,1,Staff,54,890,1222589,3955054257,502043224,4457097481
2015-04-16,1,TPG,128,2488,3024995,30900742510,23288973959,54189716469
2015-04-16,1,RPG,29,225,314186,1435296757,358402926,1793699683
2015-04-16,1,UG,513,5142,5478170,52999141859,17847060189,70846202048
2015-04-16,1,Alumni,4,14,3343,1423728644,62064975,1485793619
2015-04-16,1,Others(HKUST),4,70,134524,107083160,23758596,130841756
2015-04-16,1,Non-HKUST,10,51,46324,234472684,16353102,250825786
2015-04-16,1,Total,742,8880,10224131,91055519871,42098656971,133154176842
2015-04-16,G,Staff,103,645,630407,1174019455,113454749,1287474204
2015-04-16,G,TPG,351,2757,2482998,19421626066,1405795041,20827421107
2015-04-16,G,RPG,138,650,656557,4684043846,528359787,5212403633
2015-04-16,G,UG,1378,7067,4819852,37660916812,6354505179,44015421991
2015-04-16,G,Alumni,13,80,59807,0,0,0
2015-04-16,G,Others(HKUST),11,76,242235,30485482,17248476,47733958
2015-04-16,G,Non-HKUST,25,67,60014,329222150,22649937,351872087
2015-04-16,G,Total,2019,11342,8951870,63300313811,8442013169,71742326980
2015-04-16,LG1,Staff,115,541,473415,5126212478,714840235,5841052713
2015-04-16,LG1,TPG,489,6945,7532251,63649344808,10419287647,74068632455
2015-04-16,LG1,RPG,168,1431,1654782,12891139567,3225947712,16117087279
2015-04-16,LG1,UG,2385,21566,21761590,145121937121,39295613943,184417551064
2015-04-16,LG1,Alumni,14,115,128742,534120,50711,584831
2015-04-16,LG1,Others(HKUST),17,232,566016,2886122648,232615879,3118738527
2015-04-16,LG1,Non-HKUST,30,151,109842,24775146,1884582,26659728
2015-04-16,LG1,Total,3218,30981,32226638,229700065888,53890240709,283590306597
2015-04-16,LG3,Staff,71,240,206100,241721111,40146705,281867816
2015-04-16,LG3,TPG,186,1808,1843720,9771356448,1825454617,11596811065
2015-04-16,LG3,RPG,86,674,666767,1653443875,119177702,1772621577
2015-04-16,LG3,UG,958,4848,3942155,17711226240,3883990089,21595216329
2015-04-16,LG3,Alumni,8,51,69805,0,0,0
2015-04-16,LG3,Others(HKUST),6,24,20670,900186,407132,1307318
2015-04-16,LG3,Non-HKUST,22,217,202072,183022297,16241874,199264171
2015-04-16,LG3,Total,1337,7862,6951289,29561670157,5885418119,35447088276
2015-04-16,LG4,Staff,91,468,483464,5520744676,2075962756,7596707432
2015-04-16,LG4,TPG,283,3645,4810301,29942234224,12321098512,42263332736
2015-04-16,LG4,RPG,138,965,1125968,3028185468,204569356,3232754824
2015-04-16,LG4,UG,1305,7828,7290233,44969383051,19838087056,64807470107
2015-04-16,LG4,Alumni,20,210,322241,1232477692,168479264,1400956956
2015-04-16,LG4,Others(HKUST),6,189,221992,19338615575,4413246942,23751862517
2015-04-16,LG4,Non-HKUST,24,255,239304,290946444,162416410,453362854
2015-04-16,LG4,Total,1867,13560,14493503,104322587130,39183860296,143506447426
2015-04-16,All-Floors,Staff,267,2784,3015975,16017751977,3446447669,19464199646
2015-04-16,All-Floors,TPG,697,17643,19694265,153685304056,49260609776,202945913832
2015-04-16,All-Floors,RPG,349,3945,4418260,23692109513,4436457483,28128566996
2015-04-16,All-Floors,UG,3751,46451,43292000,298462605083,87219256456,385681861539
2015-04-16,All-Floors,Alumni,36,470,583938,2656740456,230594950,2887335406
2015-04-16,All-Floors,Others(HKUST),25,591,1185437,22363207051,4687277025,27050484076
2015-04-16,All-Floors,Non-HKUST,63,741,657556,1062438721,219545905,1281984626
2015-04-16,All-Floors,Total,5188,72625,72847431,517940156857,149500189264,667440346121
2015-04-17,1,Staff,68,824,1156416,3095543265,324242055,3419785320
2015-04-17,1,TPG,97,1676,2396382,121782629932,34545347919,156327977851
2015-04-17,1,RPG,20,96,105332,1735422163,389323035,2124745198
2015-04-17,1,UG,400,3683,4338195,9621783650,1508137073,11129920723
2015-04-17,1,Alumni,5,13,11703,2091689,338966,2430655
2015-04-17,1,Others(HKUST),4,49,148595,87518,63585,151103
2015-04-17,1,Non-HKUST,7,24,24589,443482365,25723451,469205816
2015-04-17,1,Total,601,6365,8181212,136681040582,36793176084,173474216666
2015-04-17,G,Staff,121,728,539630,580826088,55970508,636796596
2015-04-17,G,TPG,287,1852,1949177,19089429633,2906669574,21996099207
2015-04-17,G,RPG,120,579,523386,2377256348,127579232,2504835580
2015-04-17,G,UG,1057,4756,3939754,14597005200,1343919800,15940925000
2015-04-17,G,Alumni,16,80,62907,197146580,9665384,206811964
2015-04-17,G,Others(HKUST),7,63,178332,0,0,0
2015-04-17,G,Non-HKUST,23,67,45810,448364850,29580846,477945696
2015-04-17,G,Total,1631,8125,7238996,37290028699,4473385344,41763414043
2015-04-17,LG1,Staff,110,496,329258,3574963906,383738075,3958701981
2015-04-17,LG1,TPG,438,5681,7185993,98912605543,34587499563,133500105106
2015-04-17,LG1,RPG,178,1336,1293550,16585166169,1725428587,18310594756
2015-04-17,LG1,UG,1925,15951,17449454,105493122257,31273945463,136767067720
2015-04-17,LG1,Alumni,15,129,209297,20929223,1492837,22422060
2015-04-17,LG1,Others(HKUST),10,191,557396,9976140950,675379782,10651520732
2015-04-17,LG1,Non-HKUST,32,121,79529,478161415,45624348,523785763
2015-04-17,LG1,Total,2708,23905,27104477,235041089463,68693108655,303734198118
2015-04-17,LG3,Staff,79,251,197162,1527236,1330036,2857272
2015-04-17,LG3,TPG,194,1584,1947369,8510907804,532336019,9043243823
2015-04-17,LG3,RPG,95,671,605414,5573788150,308420471,5882208621
2015-04-17,LG3,UG,686,3277,3414748,17500356314,3397868689,20898225003
2015-04-17,LG3,Alumni,8,33,77527,0,0,0
2015-04-17,LG3,Others(HKUST),5,17,19861,0,0,0
2015-04-17,LG3,Non-HKUST,17,148,175743,1499763773,80133199,1579896972
2015-04-17,LG3,Total,1084,5981,6437824,33086343277,4320088414,37406431691
2015-04-17,LG4,Staff,83,370,228470,1044113984,524232706,1568346690
2015-04-17,LG4,TPG,206,2652,3532729,32473528616,13975686047,46449214663
2015-04-17,LG4,RPG,125,669,782466,13908968900,1092854794,15001823694
2015-04-17,LG4,UG,895,5304,5505068,27600711381,2764723976,30365435357
2015-04-17,LG4,Alumni,11,193,221789,2254575589,130470743,2385046332
2015-04-17,LG4,Others(HKUST),6,143,151462,0,0,0
2015-04-17,LG4,Non-HKUST,20,146,150939,1296318896,1761453202,3057772098
2015-04-17,LG4,Total,1346,9477,10572923,78578217366,20249421468,98827638834
2015-04-17,All-Floors,Staff,277,2669,2450936,8296974479,1289513380,9586487859
2015-04-17,All-Floors,TPG,614,13445,17011650,280769101528,86547539122,367316640650
2015-04-17,All-Floors,RPG,342,3351,3310148,40180601730,3643606119,43824207849
2015-04-17,All-Floors,UG,3039,32971,34647219,174812978802,40288595001,215101573803
2015-04-17,All-Floors,Alumni,26,448,583223,2474743081,141967930,2616711011
2015-04-17,All-Floors,Others(HKUST),16,463,1055646,9976228468,675443367,10651671835
2015-04-17,All-Floors,Non-HKUST,60,506,476610,4166091299,1942515046,6108606345
2015-04-17,All-Floors,Total,4374,53853,59535432,520676719387,134529179965,655205899352
2015-04-18,1,Staff,17,180,411419,650566608,27179829,677746437
2015-04-18,1,TPG,55,506,1048264,8349768458,671839249,9021607707
2015-04-18,1,RPG,17,160,289139,12876637852,1813045991,14689683843
2015-04-18,1,UG,148,1312,2782986,29399062829,1705942100,31105004929
2015-04-18,1,Alumni,8,90,171659,468353203,124015599,592368802
2015-04-18,1,Others(HKUST),3,34,127069,251436,169191,420627
2015-04-18,1,Non-HKUST,6,33,48489,174612442,20120058,194732500
2015-04-18,1,Total,254,2315,4879025,51919252828,4362312017,56281564845
2015-04-18,G,Staff,40,183,198975,131488576,8032038,139520614
2015-04-18,G,TPG,204,1173,1664702,4251155443,436524454,4687679897
2015-04-18,G,RPG,70,277,369482,4671383751,176940236,4848323987
2015-04-18,G,UG,314,1730,1898453,1242944723,71374507,1314319230
2015-04-18,G,Alumni,29,73,59605,34614678,2515308,37129986
2015-04-18,G,Others(HKUST),8,91,210423,134295754,8619300,142915054
2015-04-18,G,Non-HKUST,15,40,25862,87306221,10060029,97366250
2015-04-18,G,Total,680,3567,4427502,10553189146,714065872,11267255018
2015-04-18,LG1,Staff,46,257,285985,42679144,3978392,46657536
2015-04-18,LG1,TPG,407,4792,8615202,102306238705,25278831846,127585070551
2015-04-18,LG1,RPG,113,914,1610187,4339748640,1633220443,5972969083
2015-04-18,LG1,UG,882,7529,11402826,60731387680,14529287471,75260675151
2015-04-18,LG1,Alumni,28,180,219679,356105280,49261238,405366518
2015-04-18,LG1,Others(HKUST),13,183,596890,113684937,18730163,132415100
2015-04-18,LG1,Non-HKUST,33,139,266545,268237083,62556162,330793245
2015-04-18,LG1,Total,1522,13994,22997314,168158081469,41575865715,209733947184
2015-04-18,LG3,Staff,26,123,170241,955069966,63424156,1018494122
2015-04-18,LG3,TPG,141,986,1526951,6762981825,793710783,7556692608
2015-04-18,LG3,RPG,66,438,636765,912695536,71939563,984635099
2015-04-18,LG3,UG,257,1218,1395863,763904553,239283146,1003187699
2015-04-18,LG3,Alumni,28,205,268787,175723849,10523087,186246936
2015-04-18,LG3,Others(HKUST),10,18,23269,0,0,0
2015-04-18,LG3,Non-HKUST,11,109,149589,160892634,76275246,237167880
2015-04-18,LG3,Total,539,3097,4171465,9731268363,1255155981,10986424344
2015-04-18,LG4,Staff,28,110,144205,234717793,33739769,268457562
2015-04-18,LG4,TPG,147,1390,2283458,16194331753,1816248212,18010579965
2015-04-18,LG4,RPG,78,441,624217,3042123990,942723709,3984847699
2015-04-18,LG4,UG,280,1286,1791195,2395217118,222500043,2617717161
2015-04-18,LG4,Alumni,28,359,473362,1670643063,58367151,1729010214
2015-04-18,LG4,Others(HKUST),4,158,263796,5217094,519378,5736472
2015-04-18,LG4,Non-HKUST,21,166,207190,1109151679,40120650,1149272329
2015-04-18,LG4,Total,586,3910,5787423,24651402490,3114218912,27765621402
2015-04-18,All-Floors,Staff,102,853,1210825,2014522087,136354184,2150876271
2015-04-18,All-Floors,TPG,545,8847,15138577,137864476184,28997154544,166861630728
2015-04-18,All-Floors,RPG,216,2230,3529790,25842589769,4637869942,30480459711
2015-04-18,All-Floors,UG,1212,13075,19271323,94532516903,16768387267,111300904170
2015-04-18,All-Floors,Alumni,60,907,1193092,2705440073,244682383,2950122456
2015-04-18,All-Floors,Others(HKUST),25,484,1221447,253449221,28038032,281487253
2015-04-18,All-Floors,Non-HKUST,52,487,697675,1800200059,209132145,2009332204
2015-04-18,All-Floors,Total,2212,26883,42262729,265013194296,51021618497,316034812793
2015-04-19,1,Staff,13,244,460340,74495106,189264135,263759241
2015-04-19,1,TPG,67,1126,1819724,12511854411,756900724,13268755135
2015-04-19,1,RPG,27,266,310247,2934697071,370372262,3305069333
2015-04-19,1,UG,173,2015,3199216,26546713143,4421927413,30968640556
2015-04-19,1,Alumni,9,98,112813,28414342,6738348,35152690
2015-04-19,1,Others(HKUST),2,49,145058,1036299,657648,1693947
2015-04-19,1,Non-HKUST,6,32,79880,504408695,4284266941,4788675636
2015-04-19,1,Total,297,3830,6127278,42601619067,10030127471,52631746538
2015-04-19,G,Staff,32,248,266860,3288434606,108920858,3397355464
2015-04-19,G,TPG,213,1450,1872906,6830211716,348029766,7178241482
2015-04-19,G,RPG,89,404,412623,3653473940,544260080,4197734020
2015-04-19,G,UG,396,2063,2106583,15502100991,1250713637,16752814628
2015-04-19,G,Alumni,25,176,182490,602943881,253592667,856536548
2015-04-19,G,Others(HKUST),5,53,149059,4968,1967,6935
2015-04-19,G,Non-HKUST,16,70,123970,156799872,21931848,178731720
2015-04-19,G,Total,776,4464,5114491,30033969974,2527450823,32561420797
2015-04-19,LG1,Staff,39,178,283163,4466859093,131275365,4598134458
2015-04-19,LG1,TPG,393,6146,9242198,46572746601,25116206212,71688952813
2015-04-19,LG1,RPG,160,1305,1964996,7713754125,1768024672,9481778797
2015-04-19,LG1,UG,1013,11856,16767021,48727574955,16729444840,65457019795
2015-04-19,LG1,Alumni,31,180,204636,1058462415,58932183,1117394598
2015-04-19,LG1,Others(HKUST),12,324,790602,3066768937,412025927,3478794864
2015-04-19,LG1,Non-HKUST,36,212,260913,710242337,4304193112,5014435449
2015-04-19,LG1,Total,1684,20201,29513529,112316408463,48520102311,160836510774
2015-04-19,LG3,Staff,28,85,152624,192426802,11673557,204100359
2015-04-19,LG3,TPG,156,1260,1609965,8362506936,985889422,9348396358
2015-04-19,LG3,RPG,87,486,620326,7102324420,2540384623,9642709043
2015-04-19,LG3,UG,345,1754,1788844,4820872428,270280531,5091152959
2015-04-19,LG3,Alumni,28,170,318417,540502303,51079099,591581402
2015-04-19,LG3,Others(HKUST),5,22,21555,0,0,0
2015-04-19,LG3,Non-HKUST,24,193,393656,361916138,42277336,404193474
2015-04-19,LG3,Total,673,3970,4905387,21380549027,3901584568,25282133595
2015-04-19,LG4,Staff,26,110,142346,1885360,321908,2207268
2015-04-19,LG4,TPG,147,1752,2662520,1826862344,156409794,1983272138
2015-04-19,LG4,RPG,102,1001,1079333,10392057283,3293879976,13685937259
2015-04-19,LG4,UG,383,2579,3357395,6521519619,1880668214,8402187833
2015-04-19,LG4,Alumni,32,384,446690,1806718569,83621100,1890339669
2015-04-19,LG4,Others(HKUST),6,115,287650,0,0,0
2015-04-19,LG4,Non-HKUST,26,205,271522,1883749816,93098147,1976847963
2015-04-19,LG4,Total,722,6146,8247456,22432792991,5507999139,27940792130
2015-04-19,All-Floors,Staff,86,865,1305333,8024100967,441455823,8465556790
2015-04-19,All-Floors,TPG,481,11734,17207313,76104182008,27363435918,103467617926
2015-04-19,All-Floors,RPG,263,3462,4387525,31796306839,8516921613,40313228452
2015-04-19,All-Floors,UG,1309,20267,27219059,102118781136,24553034635,126671815771
2015-04-19,All-Floors,Alumni,59,1008,1265046,4037041510,453963397,4491004907
2015-04-19,All-Floors,Others(HKUST),14,563,1393924,3067810204,412685542,3480495746
2015-04-19,All-Floors,Non-HKUST,61,712,1129941,3617116858,8745767384,12362884242
2015-04-19,All-Floors,Total,2273,38611,53908141,228765339522,70487264312,299252603834
2015-04-20,1,Staff,73,979,1429574,6921002736,409487182,7330489918
2015-04-20,1,TPG,129,2511,3115607,58914611864,9680020475,68594632339
2015-04-20,1,RPG,29,342,385105,4322242118,633613204,4955855322
2015-04-20,1,UG,557,6880,7272800,82109680054,12031206198,94140886252
2015-04-20,1,Alumni,2,17,23956,1478973,374451,1853424
2015-04-20,1,Others(HKUST),8,63,158166,1864849712,76146544,1940996256
2015-04-20,1,Non-HKUST,6,49,32650,591093112,41183700,632276812
2015-04-20,1,Total,804,10841,12417858,154724958569,22872031754,177596990323
2015-04-20,G,Staff,134,860,662246,942090393,85469949,1027560342
2015-04-20,G,TPG,370,2504,1871063,2662808808,1263202457,3926011265
2015-04-20,G,RPG,125,630,406371,724388564,28692844,753081408
2015-04-20,G,UG,1559,8461,5185020,4367872914,4277708626,8645581540
2015-04-20,G,Alumni,7,16,4688,0,0,0
2015-04-20,G,Others(HKUST),19,108,171188,12727745,10997357,23725102
2015-04-20,G,Non-HKUST,21,128,148756,37949403,3087300,41036703
2015-04-20,G,Total,2235,12707,8449332,8747837827,5669158533,14416996360
2015-04-20,LG1,Staff,114,533,409240,2332818401,373833209,2706651610
2015-04-20,LG1,TPG,509,7479,7420021,47895533994,11320028543,59215562537
2015-04-20,LG1,RPG,168,1566,1551711,12328559423,2483010075,14811569498
2015-04-20,LG1,UG,2542,26864,24278719,134766270813,32539454483,167305725296
2015-04-20,LG1,Alumni,13,125,126239,778415248,45613482,824028730
2015-04-20,LG1,Others(HKUST),11,174,514941,25190828,18691364,43882192
2015-04-20,LG1,Non-HKUST,49,236,196732,677668351,21945367,699613718
2015-04-20,LG1,Total,3406,36977,34497603,198804457058,46802576523,245607033581
2015-04-20,LG3,Staff,92,358,217112,119276932,6772790,126049722
2015-04-20,LG3,TPG,224,2474,2510438,22412948756,2154406867,24567355623
2015-04-20,LG3,RPG,99,843,934882,4671668260,555222375,5226890635
2015-04-20,LG3,UG,1052,5370,4028465,19416346053,5422120566,24838466619
2015-04-20,LG3,Alumni,8,36,38775,0,0,0
2015-04-20,LG3,Others(HKUST),10,32,14535,565674,278458,844132
2015-04-20,LG3,Non-HKUST,22,178,236171,54417516,5217280,59634796
2015-04-20,LG3,Total,1507,9291,7980378,46675223191,8144018336,54819241527
2015-04-20,LG4,Staff,97,505,486954,6534502004,4229831071,10764333075
2015-04-20,LG4,TPG,279,4482,4872362,16679512540,4436881279,21116393819
2015-04-20,LG4,RPG,147,1023,1015157,6543146253,1149586100,7692732353
2015-04-20,LG4,UG,1356,10161,8574841,35997882563,2912500841,38910383404
2015-04-20,LG4,Alumni,13,191,213958,992371954,18548660688,19541032642
2015-04-20,LG4,Others(HKUST),10,218,225032,981715768,29467107,1011182875
2015-04-20,LG4,Non-HKUST,20,159,163598,30492163,4665217,35157380
2015-04-20,LG4,Total,1922,16739,15551902,67759623245,31311592303,99071215548
2015-04-20,All-Floors,Staff,308,3235,3205126,16849690466,5105394201,21955084667
2015-04-20,All-Floors,TPG,709,19450,19789491,148565415962,28854539621,177419955583
2015-04-20,All-Floors,RPG,341,4404,4293226,28590004618,4850124598,33440129216
2015-04-20,All-Floors,UG,3950,57736,49339845,276658052397,57182990714,333841043111
2015-04-20,All-Floors,Alumni,24,385,407616,1772266175,18594648621,20366914796
2015-04-20,All-Floors,Others(HKUST),25,595,1083862,2885049727,135580830,3020630557
2015-04-20,All-Floors,Non-HKUST,74,750,777907,1391620545,76098864,1467719409
2015-04-20,All-Floors,Total,5431,86555,78897073,476712099890,114799377449,591511477339
2015-04-21,1,Staff,69,1008,1431679,6333605673,415809418,6749415091
2015-04-21,1,TPG,161,3184,3877501,54915501288,8992097078,63907598366
2015-04-21,1,RPG,34,331,349621,1229336177,591346407,1820682584
2015-04-21,1,UG,588,6066,6481511,61463131438,7124558439,68587689877
2015-04-21,1,Alumni,5,24,28876,22986927,2521503,25508430
2015-04-21,1,Others(HKUST),4,40,122360,32167655,26350237,58517892
2015-04-21,1,Non-HKUST,9,71,97584,52745772,28746828,81492600
2015-04-21,1,Total,870,10724,12389132,124049474930,17181429910,141230904840
2015-04-21,G,Staff,118,724,638696,187014853,40183778,227198631
2015-04-21,G,TPG,363,2671,2147658,8980789773,705668307,9686458080
2015-04-21,G,RPG,125,624,562390,7337144028,563391645,7900535673
2015-04-21,G,UG,1482,8054,5647338,22685328703,3249729420,25935058123
2015-04-21,G,Alumni,11,57,31161,0,0,0
2015-04-21,G,Others(HKUST),12,136,222783,499696539,331489018,831185557
2015-04-21,G,Non-HKUST,25,94,92347,1374477659,123710299,1498187958
2015-04-21,G,Total,2136,12360,9342373,41064451555,5014172467,46078624022
2015-04-21,LG1,Staff,99,420,333931,2202415090,93616041,2296031131
2015-04-21,LG1,TPG,476,6894,7627291,101587420040,17486718363,119074138403
2015-04-21,LG1,RPG,171,1460,1833888,10130741466,1235762114,11366503580
2015-04-21,LG1,UG,2405,23610,23140680,125836754633,17379669447,143216424080
2015-04-21,LG1,Alumni,13,77,129583,2655820,1383490,4039310
2015-04-21,LG1,Others(HKUST),13,182,541147,5369202,4767332,10136534
2015-04-21,LG1,Non-HKUST,44,206,218630,30063,24224,54287
2015-04-21,LG1,Total,3221,32849,33825150,239765386314,36201941011,275967327325
2015-04-21,LG3,Staff,71,264,94419,1181754,632557,1814311
2015-04-21,LG3,TPG,220,2362,2584387,9472875223,1241374822,10714250045
2015-04-21,LG3,RPG,118,795,1049800,6008738618,1868283825,7877022443
2015-04-21,LG3,UG,935,4811,4052209,23469792196,2947748442,26417540638
2015-04-21,LG3,Alumni,9,61,83595,17286,4992,22278
2015-04-21,LG3,Others(HKUST),9,35,26723,0,0,0
2015-04-21,LG3,Non-HKUST,14,154,189200,20181797,10527841,30709638
2015-04-21,LG3,Total,1376,8482,8080333,38972786874,6068572479,45041359353
2015-04-21,LG4,Staff,97,420,338429,3383553720,1163335273,4546888993
2015-04-21,LG4,TPG,262,3669,4127635,8485442649,811518745,9296961394
2015-04-21,LG4,RPG,133,1235,1294825,33231892572,1926150876,35158043448
2015-04-21,LG4,UG,1337,10007,8928443,55703089674,3040058359,58743148033
2015-04-21,LG4,Alumni,12,204,284712,656983321,64240542,721223863
2015-04-21,LG4,Others(HKUST),8,196,235080,305172,141419,446591
2015-04-21,LG4,Non-HKUST,24,147,213975,0,0,0
2015-04-21,LG4,Total,1873,15878,15423099,101461267108,7005445214,108466712322
2015-04-21,All-Floors,Staff,289,2836,2837154,12107771090,1713577067,13821348157
2015-04-21,All-Floors,TPG,712,18780,20364472,183442028973,29237377315,212679406288
2015-04-21,All-Floors,RPG,342,4445,5090524,57937852861,6184934867,64122787728
2015-04-21,All-Floors,UG,3789,52548,48250181,289158096644,33741764107,322899860751
2015-04-21,All-Floors,Alumni,26,423,557927,682643354,68150527,750793881
2015-04-21,All-Floors,Others(HKUST),23,589,1148093,537538568,362748006,900286574
2015-04-21,All-Floors,Non-HKUST,78,672,811736,1447435291,163009192,1610444483
2015-04-21,All-Floors,Total,5259,80293,79060087,545313366781,71471561081,616784927862
2015-04-22,1,Staff,63,869,1126759,8377745448,613941268,8991686716
2015-04-22,1,TPG,141,3347,3378723,51008737782,7158516042,58167253824
2015-04-22,1,RPG,23,321,420245,9129976810,3414979377,12544956187
2015-04-22,1,UG,578,5887,6346706,102524770687,27055924600,129580695287
2015-04-22,1,Alumni,3,17,25012,19942,31625,51567
2015-04-22,1,Others(HKUST),7,93,150944,113730472,91498240,205228712
2015-04-22,1,Non-HKUST,15,73,70006,19047697,5946070,24993767
2015-04-22,1,Total,830,10607,11518395,171174028838,38340837222,209514866060
2015-04-22,G,Staff,104,657,554100,1747510186,74279628,1821789814
2015-04-22,G,TPG,358,2108,1603663,1439590511,450599774,1890190285
2015-04-22,G,RPG,126,628,414509,1673740825,227617198,1901358023
2015-04-22,G,UG,1460,7782,5107266,22690008241,2233618154,24923626395
2015-04-22,G,Alumni,10,74,46791,25528021,5991550,31519571
2015-04-22,G,Others(HKUST),13,35,133883,50128508,42653237,92781745
2015-04-22,G,Non-HKUST,22,73,45808,723161,590453,1313614
2015-04-22,G,Total,2093,11357,7906020,27627229453,3035349994,30662579447
2015-04-22,LG1,Staff,94,436,439415,9404713643,246986411,9651700054
2015-04-22,LG1,TPG,475,7029,7251339,70110796250,8404495027,78515291277
2015-04-22,LG1,RPG,162,1374,1666893,12293581045,747855591,13041436636
2015-04-22,LG1,UG,2415,25291,23924198,127484166389,15947273542,143431439931
2015-04-22,LG1,Alumni,17,149,144819,2394859692,83853578,2478713270
2015-04-22,LG1,Others(HKUST),12,185,491801,5997833,5259234,11257067
2015-04-22,LG1,Non-HKUST,34,201,178322,16659614,4779742,21439356
2015-04-22,LG1,Total,3209,34665,34096787,221710774466,25440503125,247151277591
2015-04-22,LG3,Staff,77,360,260637,36653384,9619802,46273186
2015-04-22,LG3,TPG,246,2182,2204234,18387940360,1313021757,19700962117
2015-04-22,LG3,RPG,106,996,927342,4721588421,1691603892,6413192313
2015-04-22,LG3,UG,937,4952,3727172,27700298346,2355238207,30055536553
2015-04-22,LG3,Alumni,11,68,77001,712268422,189741394,902009816
2015-04-22,LG3,Others(HKUST),7,103,64987,38133189,4106291,42239480
2015-04-22,LG3,Non-HKUST,15,215,197392,58208488,8555042,66763530
2015-04-22,LG3,Total,1399,8876,7458765,51655090610,5571886385,57226976995
2015-04-22,LG4,Staff,85,544,401250,495651044,772669117,1268320161
2015-04-22,LG4,TPG,302,4115,4311846,29591692954,15485800703,45077493657
2015-04-22,LG4,RPG,148,1161,1183737,4059337498,376549424,4435886922
2015-04-22,LG4,UG,1316,9483,8112331,48307965034,5934725647,54242690681
2015-04-22,LG4,Alumni,12,203,265713,82953707,19112844,102066551
2015-04-22,LG4,Others(HKUST),8,258,222468,9257795,937711,10195506
2015-04-22,LG4,Non-HKUST,31,215,158255,17119,13588,30707
2015-04-22,LG4,Total,1902,15979,14655600,82546875151,22589809034,105136684185
2015-04-22,All-Floors,Staff,268,2866,2782161,20062273705,1717496226,21779769931
2015-04-22,All-Floors,TPG,728,18781,18749805,170538757857,32812433303,203351191160
2015-04-22,All-Floors,RPG,338,4480,4612726,31878224599,6458605482,38336830081
2015-04-22,All-Floors,UG,3873,53395,47217673,328707208697,53526780150,382233988847
2015-04-22,All-Floors,Alumni,32,511,559336,3215629784,298730991,3514360775
2015-04-22,All-Floors,Others(HKUST),23,674,1064083,217247797,144454713,361702510
2015-04-22,All-Floors,Non-HKUST,74,777,649783,94656079,19884895,114540974
2015-04-22,All-Floors,Total,5336,81484,75635567,554713998518,94978385760,649692384278
2015-04-23,1,Staff,60,809,1129831,18243629111,780417450,19024046561
2015-04-23,1,TPG,124,2308,3308601,47653832748,6498504868,54152337616
2015-04-23,1,RPG,28,294,477547,4001958747,700959008,4702917755
2015-04-23,1,UG,514,5112,5882404,59830765642,9210191963,69040957605
2015-04-23,1,Alumni,3,28,40223,898454,237402,1135856
2015-04-23,1,Others(HKUST),9,70,140611,21256375,17198233,38454608
2015-04-23,1,Non-HKUST,3,31,62415,3390693306,171172143,3561865449
2015-04-23,1,Total,741,8652,11041632,133143034383,17378681067,150521715450
2015-04-23,G,Staff,125,771,709339,1839252629,68242952,1907495581
2015-04-23,G,TPG,314,2082,1665781,7151091638,594578953,7745670591
2015-04-23,G,RPG,124,434,319322,860333337,371782323,1232115660
2015-04-23,G,UG,1353,7220,5375516,31886128488,10826650278,42712778766
2015-04-23,G,Alumni,11,48,35932,454745590,40952397,495697987
2015-04-23,G,Others(HKUST),11,143,208447,144172571,118883292,263055863
2015-04-23,G,Non-HKUST,12,58,71250,6014804,4002042,10016846
2015-04-23,G,Total,1950,10756,8385587,42341739057,12025092237,54366831294
2015-04-23,LG1,Staff,98,413,403026,18895008030,510232590,19405240620
2015-04-23,LG1,TPG,448,6662,7413659,78832504005,8183574313,87016078318
2015-04-23,LG1,RPG,176,1292,1476524,11387768948,1576180815,12963949763
2015-04-23,LG1,UG,2317,23799,23498129,172013637523,34074564287,206088201810
2015-04-23,LG1,Alumni,14,114,131042,20138565,2933712,23072277
2015-04-23,LG1,Others(HKUST),13,333,597677,25475431,17230535,42705966
2015-04-23,LG1,Non-HKUST,36,177,182450,984188468,50315990,1034504458
2015-04-23,LG1,Total,3102,32790,33702507,282158720970,44415032242,326573753212
2015-04-23,LG3,Staff,57,345,209640,39435893,9065930,48501823
2015-04-23,LG3,TPG,194,1834,1871143,20078013719,1103500059,21181513778
2015-04-23,LG3,RPG,114,824,817359,19390825400,7027280414,26418105814
2015-04-23,LG3,UG,897,4620,3819686,17316561180,1890208266,19206769446
2015-04-23,LG3,Alumni,6,36,51550,3177168,1316850,4494018
2015-04-23,LG3,Others(HKUST),11,59,40976,0,0,0
2015-04-23,LG3,Non-HKUST,14,150,179232,1469123185,74611969,1543735154
2015-04-23,LG3,Total,1293,7868,6989586,58297136545,10105983488,68403120033
2015-04-23,LG4,Staff,117,584,411980,204373982,1555048697,1759422679
2015-04-23,LG4,TPG,263,3964,4193861,13926554900,4985308307,18911863207
2015-04-23,LG4,RPG,183,1486,1373495,7237958534,666292873,7904251407
2015-04-23,LG4,UG,1340,8948,7700410,34315171701,8339284256,42654455957
2015-04-23,LG4,Alumni,19,268,261579,1142709096,74762857,1217471953
2015-04-23,LG4,Others(HKUST),11,244,277507,4510887963,1153714451,5664602414
2015-04-23,LG4,Non-HKUST,25,171,217237,17926270,2402184,20328454
2015-04-23,LG4,Total,1958,15665,14436069,61355582446,16776813625,78132396071
2015-04-23,All-Floors,Staff,273,2922,2863816,39221699645,2923007619,42144707264
2015-04-23,All-Floors,TPG,657,16850,18453045,167641997010,21365466500,189007463510
2015-04-23,All-Floors,RPG,368,4330,4464247,42878844966,10342495433,53221340399
2015-04-23,All-Floors,UG,3692,49699,46276145,315362264534,64340899050,379703163584
2015-04-23,All-Floors,Alumni,30,494,520326,1621668873,120203218,1741872091
2015-04-23,All-Floors,Others(HKUST),26,849,1265218,4701792340,1307026511,6008818851
2015-04-23,All-Floors,Non-HKUST,59,587,712584,5867946033,302504328,6170450361
2015-04-23,All-Floors,Total,5105,75731,74555381,577296213401,100701602659,677997816060
2015-04-24,1,Staff,43,431,840546,6353676037,200037191,6553713228
2015-04-24,1,TPG,114,2421,3572914,118412848338,19893126418,138305974756
2015-04-24,1,RPG,25,333,506983,3141026656,1440478247,4581504903
2015-04-24,1,UG,392,3627,4340656,24037304348,3733289452,27770593800
2015-04-24,1,Alumni,2,11,23796,0,11815320,11815320
2015-04-24,1,Others(HKUST),3,34,119408,0,0,0
2015-04-24,1,Non-HKUST,9,53,86137,0,0,0
2015-04-24,1,Total,588,6910,9490440,151944855379,25278746628,177223602007
2015-04-24,G,Staff,83,395,308913,1143804254,87981461,1231785715
2015-04-24,G,TPG,317,2163,2182168,3243526731,1601630688,4845157419
2015-04-24,G,RPG,104,477,334282,712752772,76871882,789624654
2015-04-24,G,UG,1178,6589,5112361,12523244317,1110059552,13633303869
2015-04-24,G,Alumni,8,42,27308,76522748,5539426,82062174
2015-04-24,G,Others(HKUST),10,69,252872,12527586,10659829,23187415
2015-04-24,G,Non-HKUST,31,89,63644,952413397,109040284,1061453681
2015-04-24,G,Total,1731,9824,8281548,18664791805,3001783122,21666574927
2015-04-24,LG1,Staff,84,421,516331,3767733669,640555181,4408288850
2015-04-24,LG1,TPG,440,5581,6797837,56516834586,18674641572,75191476158
2015-04-24,LG1,RPG,162,1330,1451547,15883239397,1937173519,17820412916
2015-04-24,LG1,UG,2102,19528,20787912,86856337338,15331953906,102188291244
2015-04-24,LG1,Alumni,15,93,124496,193038882,15022590,208061472
2015-04-24,LG1,Others(HKUST),10,227,603051,30566995,14413885,44980880
2015-04-24,LG1,Non-HKUST,34,249,233668,308410546,17829823,326240369
2015-04-24,LG1,Total,2847,27429,30514842,163556161413,36631590476,200187751889
2015-04-24,LG3,Staff,61,273,207812,200587601,6256814,206844415
2015-04-24,LG3,TPG,201,1594,2082271,3605482414,1202191633,4807674047
2015-04-24,LG3,RPG,73,548,760786,422516411,124497041,547013452
2015-04-24,LG3,UG,738,3382,3354051,5501770351,222318638,5724088989
2015-04-24,LG3,Alumni,7,29,41003,156590797,9553749,166144546
2015-04-24,LG3,Others(HKUST),5,16,5866,0,0,0
2015-04-24,LG3,Non-HKUST,18,138,281506,140256740,10858635,151115375
2015-04-24,LG3,Total,1103,5980,6733295,10027204314,1575676510,11602880824
2015-04-24,LG4,Staff,95,341,388420,922998541,98920609,1021919150
2015-04-24,LG4,TPG,233,2773,4204023,23611762842,3378953833,26990716675
2015-04-24,LG4,RPG,116,616,911584,2110280972,237942921,2348223893
2015-04-24,LG4,UG,1000,5714,6274474,36709813346,2136620799,38846434145
2015-04-24,LG4,Alumni,14,287,435220,1564773398,124479690,1689253088
2015-04-24,LG4,Others(HKUST),9,184,213788,4886919841,1173278899,6060198740
2015-04-24,LG4,Non-HKUST,19,115,192349,0,0,0
2015-04-24,LG4,Total,1486,10030,12619858,69806548940,7150196751,76956745691
2015-04-24,All-Floors,Staff,241,1861,2262022,12388800102,1033751256,13422551358
2015-04-24,All-Floors,TPG,639,14532,18839213,205390454911,44750544144,250140999055
2015-04-24,All-Floors,RPG,303,3304,3965182,22269816208,3816963610,26086779818
2015-04-24,All-Floors,UG,3266,38840,39869454,165628469700,22534242347,188162712047
2015-04-24,All-Floors,Alumni,28,462,651823,1990925825,166410775,2157336600
2015-04-24,All-Floors,Others(HKUST),20,530,1194985,4930014422,1198352613,6128367035
2015-04-24,All-Floors,Non-HKUST,68,644,857304,1401080683,137728742,1538809425
2015-04-24,All-Floors,Total,4565,60173,67639983,413999561851,73637993487,487637555338
2015-04-25,1,Staff,17,141,396664,910887876,38720661,949608537
2015-04-25,1,TPG,91,1319,2440635,27667603434,2846274070,30513877504
2015-04-25,1,RPG,18,164,306317,7819440083,2384496659,10203936742
2015-04-25,1,UG,152,1465,2454184,27249508032,1548693111,28798201143
2015-04-25,1,Alumni,5,90,106690,64208267,15072836,79281103
2015-04-25,1,Others(HKUST),3,28,114666,10748,3628,14376
2015-04-25,1,Non-HKUST,4,10,35805,0,0,0
2015-04-25,1,Total,290,3217,5854961,63711658440,6833260965,70544919405
2015-04-25,G,Staff,46,233,285331,555914533,26505170,582419703
2015-04-25,G,TPG,233,1238,1493847,6697609443,344717944,7042327387
2015-04-25,G,RPG,84,411,565124,689659849,2904459442,3594119291
2015-04-25,G,UG,378,1984,1966610,3778925670,735656281,4514581951
2015-04-25,G,Alumni,25,98,70044,2082001378,110021727,2192023105
2015-04-25,G,Others(HKUST),7,21,136928,37582758,31979487,69562245
2015-04-25,G,Non-HKUST,14,37,27377,0,0,0
2015-04-25,G,Total,787,4022,4545261,13841693631,4153340051,17995033682
2015-04-25,LG1,Staff,38,121,215855,984037763,55607789,1039645552
2015-04-25,LG1,TPG,442,5021,8517482,59924300986,4802542679,64726843665
2015-04-25,LG1,RPG,126,1085,1755734,6886157341,509445379,7395602720
2015-04-25,LG1,UG,877,8756,13375431,103355745624,9218545440,112574291064
2015-04-25,LG1,Alumni,25,138,201237,265824554,483182722,749007276
2015-04-25,LG1,Others(HKUST),9,153,471895,14353142,5247210,19600352
2015-04-25,LG1,Non-HKUST,30,197,365473,17000294,5795314,22795608
2015-04-25,LG1,Total,1547,15471,24903107,171447419704,15080366533,186527786237
2015-04-25,LG3,Staff,20,61,72157,56713,18439,75152
2015-04-25,LG3,TPG,184,1375,1941183,4936713058,374253221,5310966279
2015-04-25,LG3,RPG,68,520,725596,5650226654,846445995,6496672649
2015-04-25,LG3,UG,269,1077,1508493,17510061312,1979037262,19489098574
2015-04-25,LG3,Alumni,17,138,169352,400472392,694646828,1095119220
2015-04-25,LG3,Others(HKUST),4,37,70978,0,0,0
2015-04-25,LG3,Non-HKUST,16,204,252871,2021722,902358,2924080
2015-04-25,LG3,Total,578,3412,4740630,28499551851,3895304103,32394855954
2015-04-25,LG4,Staff,32,157,200283,2434193054,6488323968,8922517022
2015-04-25,LG4,TPG,180,1547,2604856,1956864495,133070122,2089934617
2015-04-25,LG4,RPG,93,446,684329,10053179828,658653576,10711833404
2015-04-25,LG4,UG,327,1893,2515578,6578115141,8412431777,14990546918
2015-04-25,LG4,Alumni,27,233,426047,213106541,26600377,239706918
2015-04-25,LG4,Others(HKUST),4,135,272542,343963296,611633917,955597213
2015-04-25,LG4,Non-HKUST,24,127,218981,478629727,34706799,513336526
2015-04-25,LG4,Total,687,4538,6922616,22058052082,16365420536,38423472618
2015-04-25,All-Floors,Staff,99,713,1170290,4885089939,6609176027,11494265966
2015-04-25,All-Floors,TPG,599,10500,16998003,101183091416,8500858036,109683949452
2015-04-25,All-Floors,RPG,232,2626,4037100,31098663755,7303501051,38402164806
2015-04-25,All-Floors,UG,1232,15175,21820296,158472355779,21894363871,180366719650
2015-04-25,All-Floors,Alumni,61,697,973370,3025613132,1329524490,4355137622
2015-04-25,All-Floors,Others(HKUST),12,374,1067009,395909944,648864242,1044774186
2015-04-25,All-Floors,Non-HKUST,56,575,900507,497651743,41404471,539056214
2015-04-25,All-Floors,Total,2291,30660,46966575,299558375708,46327692188,345886067896
2015-04-26,1,Staff,12,115,337615,59184459,5667863,64852322
2015-04-26,1,TPG,82,1316,2322496,55056571565,5383663414,60440234979
2015-04-26,1,RPG,19,287,344515,1584639251,204988094,1789627345
2015-04-26,1,UG,159,1721,2874480,27746583717,7984692129,35731275846
2015-04-26,1,Alumni,9,115,216775,1764600621,88549663,1853150284
2015-04-26,1,Others(HKUST),6,44,158946,0,0,0
2015-04-26,1,Non-HKUST,6,35,57368,0,0,0
2015-04-26,1,Total,293,3633,6312195,86211579613,13667561163,99879140776
2015-04-26,G,Staff,34,136,148924,221600,262380,483980
2015-04-26,G,TPG,204,1451,1695055,14395033896,1071852131,15466886027
2015-04-26,G,RPG,73,327,165629,4511171,585853,5097024
2015-04-26,G,UG,411,2385,2520391,5784820385,248684760,6033505145
2015-04-26,G,Alumni,30,153,97926,7217287,2584758,9802045
2015-04-26,G,Others(HKUST),8,44,161369,175605307,37310866,212916173
2015-04-26,G,Non-HKUST,17,58,74005,233194016,13553434,246747450
2015-04-26,G,Total,777,4554,4863299,20600603662,1374834182,21975437844
2015-04-26,LG1,Staff,33,206,271703,3669453254,52877278,3722330532
2015-04-26,LG1,TPG,434,7309,10915280,44635227082,13984443262,58619670344
2015-04-26,LG1,RPG,154,1283,1752416,7508269052,1258821448,8767090500
2015-04-26,LG1,UG,1063,12688,17039454,54893441245,5965418420,60858859665
2015-04-26,LG1,Alumni,28,243,310548,1648217935,135301543,1783519478
2015-04-26,LG1,Others(HKUST),8,153,504699,325625233,72181923,397807156
2015-04-26,LG1,Non-HKUST,27,169,181052,1394220940,131695366,1525916306
2015-04-26,LG1,Total,1747,22051,30975152,114074454741,21600739240,135675193981
2015-04-26,LG3,Staff,22,39,17390,196977,75212,272189
2015-04-26,LG3,TPG,195,1621,2177080,1097328419,300760643,1398089062
2015-04-26,LG3,RPG,70,629,563008,1450014356,548562722,1998577078
2015-04-26,LG3,UG,363,1702,1843539,1278368126,212238537,1490606663
2015-04-26,LG3,Alumni,22,200,276127,57942052,9021014,66963066
2015-04-26,LG3,Others(HKUST),5,28,54406,0,0,0
2015-04-26,LG3,Non-HKUST,17,168,311982,581601,546096,1127697
2015-04-26,LG3,Total,694,4387,5243532,3884431531,1071204224,4955635755
2015-04-26,LG4,Staff,31,157,220957,0,0,0
2015-04-26,LG4,TPG,203,2223,2924922,3484855013,201814781,3686669794
2015-04-26,LG4,RPG,109,754,1191674,19240878944,1171792802,20412671746
2015-04-26,LG4,UG,385,2480,2924351,16633532217,1151300447,17784832664
2015-04-26,LG4,Alumni,24,300,369382,732698,281958,1014656
2015-04-26,LG4,Others(HKUST),4,89,214691,343494673,611174317,954668990
2015-04-26,LG4,Non-HKUST,20,107,171867,28062447,6547887,34610334
2015-04-26,LG4,Total,776,6110,8017844,39731555992,3142912192,42874468184
2015-04-26,All-Floors,Staff,83,653,996589,3729056290,58882733,3787939023
2015-04-26,All-Floors,TPG,511,13920,20034833,118669015975,20942534231,139611550206
2015-04-26,All-Floors,RPG,247,3280,4017242,29788312774,3184750919,32973063693
2015-04-26,All-Floors,UG,1383,20976,27202215,106336745690,15562334293,121899079983
2015-04-26,All-Floors,Alumni,60,1011,1270758,3478710593,235738936,3714449529
2015-04-26,All-Floors,Others(HKUST),14,358,1094111,844725213,720667106,1565392319
2015-04-26,All-Floors,Non-HKUST,55,537,796274,1656059004,152342783,1808401787
2015-04-26,All-Floors,Total,2353,40735,55412022,264502625539,40857251001,305359876540
2015-04-27,1,Staff,71,947,1221346,6439481038,730318237,7169799275
2015-04-27,1,TPG,139,2820,3791341,52486789144,10622037464,63108826608
2015-04-27,1,RPG,38,376,490098,434919578,23766914,458686492
2015-04-27,1,UG,575,6677,6042871,22029753949,5777717614,27807471563
2015-04-27,1,Alumni,5,82,66618,0,0,0
2015-04-27,1,Others(HKUST),5,85,186557,37145246,28998085,66143331
2015-04-27,1,Non-HKUST,5,28,38129,0,0,0
2015-04-27,1,Total,838,11015,11836960,81428088955,17182838314,98610927269
2015-04-27,G,Staff,110,834,726409,107287202,62256121,169543323
2015-04-27,G,TPG,383,2746,1917739,51956706272,3305451130,55262157402
2015-04-27,G,RPG,145,742,474655,1078351771,339016856,1417368627
2015-04-27,G,UG,1596,10150,5857320,12350164197,3825346023,16175510220
2015-04-27,G,Alumni,8,41,31849,823090,552296,1375386
2015-04-27,G,Others(HKUST),10,72,156797,34190765,3521631,37712396
2015-04-27,G,Non-HKUST,22,78,29110,107611036,7025538,114636574
2015-04-27,G,Total,2274,14663,9193879,65635134333,7543169595,73178303928
2015-04-27,LG1,Staff,99,410,279763,278287565,177936597,456224162
2015-04-27,LG1,TPG,525,8590,8156987,57683249704,31673773646,89357023350
2015-04-27,LG1,RPG,192,1923,1735146,10772708832,8583071891,19355780723
2015-04-27,LG1,UG,2598,28129,23771195,77614617755,48848408607,126463026362
2015-04-27,LG1,Alumni,15,120,125782,325161604,11640408,336802012
2015-04-27,LG1,Others(HKUST),13,296,502992,102603976,9891076,112495052
2015-04-27,LG1,Non-HKUST,38,266,174625,1126642170,114128092,1240770262
2015-04-27,LG1,Total,3480,39734,34746490,147903271606,89418850317,237322121923
2015-04-27,LG3,Staff,73,329,190276,0,0,0
2015-04-27,LG3,TPG,271,2563,2702989,20677175123,6787496130,27464671253
2015-04-27,LG3,RPG,107,1057,998332,3517947681,512661806,4030609487
2015-04-27,LG3,UG,1002,5764,4229778,25746212959,1329261161,27075474120
2015-04-27,LG3,Alumni,3,8,3345,0,0,0
2015-04-27,LG3,Others(HKUST),8,54,48222,36732620,4384970,41117590
2015-04-27,LG3,Non-HKUST,22,225,262695,768810772,173636422,942447194
2015-04-27,LG3,Total,1486,10000,8435637,50746879155,8807440489,59554319644
2015-04-27,LG4,Staff,110,459,321555,16928191,4707770,21635961
2015-04-27,LG4,TPG,331,4820,5243174,92253948708,29258822059,121512770767
2015-04-27,LG4,RPG,147,1266,1249889,8675690373,708800843,9384491216
2015-04-27,LG4,UG,1593,11672,9670436,48459057531,3262046194,51721103725
2015-04-27,LG4,Alumni,9,204,253377,25892131,6512840,32404971
2015-04-27,LG4,Others(HKUST),10,166,178187,413774814,1231583409,1645358223
2015-04-27,LG4,Non-HKUST,27,180,162135,168769907,12984436,181754343
2015-04-27,LG4,Total,2227,18767,17078753,150014061655,34485457551,184499519206
2015-04-27,All-Floors,Staff,270,2979,2739349,6841983996,975218725,7817202721
2015-04-27,All-Floors,TPG,719,21539,21812230,275057868951,81647580429,356705449380
2015-04-27,All-Floors,RPG,367,5364,4948120,24479618235,10167318310,34646936545
2015-04-27,All-Floors,UG,4020,62392,49571600,186199806391,63042779599,249242585990
2015-04-27,All-Floors,Alumni,24,455,480971,351876825,18705544,370582369
2015-04-27,All-Floors,Others(HKUST),28,673,1072755,624447421,1278379171,1902826592
2015-04-27,All-Floors,Non-HKUST,71,777,666694,2171833885,307774488,2479608373
2015-04-27,All-Floors,Total,5499,94179,81291719,495727435704,157437756266,653165191970
2015-04-28,1,Staff,64,903,1131109,5309788377,469808551,5779596928
2015-04-28,1,TPG,137,3036,3449625,38984893269,8121604323,47106497592
2015-04-28,1,RPG,31,319,470734,10923137286,683255851,11606393137
2015-04-28,1,UG,554,5901,6615652,42942209922,4836783930,47778993852
2015-04-28,1,Alumni,4,39,52288,43009208,12026853,55036061
2015-04-28,1,Others(HKUST),6,50,170735,2698848,657552,3356400
2015-04-28,1,Non-HKUST,10,116,137200,1012316595,53259467,1065576062
2015-04-28,1,Total,806,10364,12027343,99218053505,14177396527,113395450032
2015-04-28,G,Staff,105,691,551307,607655422,72364668,680020090
2015-04-28,G,TPG,318,2275,1995504,8472035234,1980378644,10452413878
2015-04-28,G,RPG,128,749,618620,7603031915,16765590693,24368622608
2015-04-28,G,UG,1448,8654,5878089,11522139817,3138785379,14660925196
2015-04-28,G,Alumni,12,32,7349,71088,58520,129608
2015-04-28,G,Others(HKUST),14,182,255949,818494124,44422097,862916221
2015-04-28,G,Non-HKUST,22,98,77954,244055159,10630522,254685681
2015-04-28,G,Total,2047,12681,9384772,29267482759,22012230523,51279713282
2015-04-28,LG1,Staff,88,380,361976,1405761904,61173144,1466935048
2015-04-28,LG1,TPG,482,6754,7183581,58141054097,18554098154,76695152251
2015-04-28,LG1,RPG,152,1363,1697055,25916309528,8731179302,34647488830
2015-04-28,LG1,UG,2483,24815,24189467,218042497816,43374016684,261416514500
2015-04-28,LG1,Alumni,17,191,197980,2987652750,96416195,3084068945
2015-04-28,LG1,Others(HKUST),11,132,502213,109900396,10435487,120335883
2015-04-28,LG1,Non-HKUST,28,131,108244,846833006,45174935,892007941
2015-04-28,LG1,Total,3261,33766,34240516,307450009497,70872493901,378322503398
2015-04-28,LG3,Staff,77,286,202868,1664480267,73762834,1738243101
2015-04-28,LG3,TPG,231,2137,2592177,4731570979,1492495550,6224066529
2015-04-28,LG3,RPG,96,761,1007753,3818254085,483412817,4301666902
2015-04-28,LG3,UG,1038,5162,4367158,22066403222,1171535673,23237938895
2015-04-28,LG3,Alumni,13,112,113442,768950127,127558210,896508337
2015-04-28,LG3,Others(HKUST),10,26,39189,0,0,0
2015-04-28,LG3,Non-HKUST,19,187,270686,545404174,215973613,761377787
2015-04-28,LG3,Total,1484,8671,8593273,33595062854,3564738697,37159801551
2015-04-28,LG4,Staff,94,376,360725,7867442421,215094367,8082536788
2015-04-28,LG4,TPG,275,3589,4648809,26627458320,4511712662,31139170982
2015-04-28,LG4,RPG,143,877,1055151,3087664322,2478180675,5565844997
2015-04-28,LG4,UG,1587,10184,9100894,41522176557,5177954905,46700131462
2015-04-28,LG4,Alumni,16,169,233399,85197832,7710250,92908082
2015-04-28,LG4,Others(HKUST),13,145,155080,0,0,0
2015-04-28,LG4,Non-HKUST,22,139,177803,659436236,97112657,756548893
2015-04-28,LG4,Total,2150,15479,15731861,79849375688,12487765516,92337141204
2015-04-28,All-Floors,Staff,274,2636,2607985,16855128391,892203564,17747331955
2015-04-28,All-Floors,TPG,695,17791,19869696,136957011899,34660289333,171617301232
2015-04-28,All-Floors,RPG,336,4069,4849313,51348397136,29141619338,80490016474
2015-04-28,All-Floors,UG,3930,54716,50151260,336095427334,57699076571,393794503905
2015-04-28,All-Floors,Alumni,29,543,604458,3884881005,243770028,4128651033
2015-04-28,All-Floors,Others(HKUST),31,535,1123166,931093368,55515136,986608504
2015-04-28,All-Floors,Non-HKUST,69,671,771887,3308045170,422151194,3730196364
2015-04-28,All-Floors,Total,5364,80961,79977765,549379984303,123114625164,672494609467
2015-04-29,1,Staff,67,846,1197818,835209088,214396745,1049605833
2015-04-29,1,TPG,148,2425,3462000,31045743806,6163695063,37209438869
2015-04-29,1,RPG,27,253,315291,1131289008,121456565,1252745573
2015-04-29,1,UG,491,4673,5702779,59644965301,8364234926,68009200227
2015-04-29,1,Alumni,2,16,16351,0,0,0
2015-04-29,1,Others(HKUST),5,36,214690,4109712718,140545696,4250258414
2015-04-29,1,Non-HKUST,8,62,134261,2277665087,423986785,2701651872
2015-04-29,1,Total,748,8311,11043190,99044585008,15428315780,114472900788
2015-04-29,G,Staff,116,721,657163,12760176,2342808,15102984
2015-04-29,G,TPG,362,2605,2196994,4302216082,867882658,5170098740
2015-04-29,G,RPG,105,410,271577,485156979,42921003,528077982
2015-04-29,G,UG,1309,7213,5162091,9573990624,2802382765,12376373389
2015-04-29,G,Alumni,11,42,16325,82504176,13134827,95639003
2015-04-29,G,Others(HKUST),10,176,239864,1092518056,82164636,1174682692
2015-04-29,G,Non-HKUST,21,92,93250,42959731,8953563,51913294
2015-04-29,G,Total,1934,11259,8637264,15592105824,3819782260,19411888084
2015-04-29,LG1,Staff,104,462,331438,728135961,2523638239,3251774200
2015-04-29,LG1,TPG,493,7051,7441328,47808073402,17779659814,65587733216
2015-04-29,LG1,RPG,178,1304,1672821,6955316677,3243658885,10198975562
2015-04-29,LG1,UG,2347,21495,21727616,127924349292,38480992075,166405341367
2015-04-29,LG1,Alumni,12,106,106324,916029330,60705266,976734596
2015-04-29,LG1,Others(HKUST),11,77,497565,1782580700,134957841,1917538541
2015-04-29,LG1,Non-HKUST,43,242,259315,0,0,0
2015-04-29,LG1,Total,3188,30737,32036407,186114485362,62223612120,248338097482
2015-04-29,LG3,Staff,86,352,330288,1649216991,191281761,1840498752
2015-04-29,LG3,TPG,241,2201,2526482,2849730977,502335834,3352066811
2015-04-29,LG3,RPG,107,1036,1154724,838817121,707942354,1546759475
2015-04-29,LG3,UG,1000,4255,3727196,13461718560,1185651076,14647369636
2015-04-29,LG3,Alumni,5,22,20570,0,0,0
2015-04-29,LG3,Others(HKUST),7,58,54925,0,0,0
2015-04-29,LG3,Non-HKUST,23,214,249223,1213055,922512,2135567
2015-04-29,LG3,Total,1469,8138,8063408,18800696704,2588133537,21388830241
2015-04-29,LG4,Staff,113,344,265160,374844418,168488846,543333264
2015-04-29,LG4,TPG,322,4222,4639492,27001445622,9412970558,36414416180
2015-04-29,LG4,RPG,154,937,1120409,3938778712,421503480,4360282192
2015-04-29,LG4,UG,1385,8351,7806325,34495749913,4878006484,39373756397
2015-04-29,LG4,Alumni,9,101,169935,77994651,16884157,94878808
2015-04-29,LG4,Others(HKUST),15,147,177302,0,0,0
2015-04-29,LG4,Non-HKUST,30,156,196666,0,0,0
2015-04-29,LG4,Total,2028,14258,14375289,65888813316,14897853525,80786666841
2015-04-29,All-Floors,Staff,303,2725,2781867,3600166634,3100148399,6700315033
2015-04-29,All-Floors,TPG,737,18504,20266296,113007209889,34726543927,147733753816
2015-04-29,All-Floors,RPG,351,3940,4534822,13349358497,4537482287,17886840784
2015-04-29,All-Floors,UG,3862,45987,44126007,245100773690,55711267326,300812041016
2015-04-29,All-Floors,Alumni,26,287,329505,1076528157,90724250,1167252407
2015-04-29,All-Floors,Others(HKUST),28,494,1184346,6984811474,357668173,7342479647
2015-04-29,All-Floors,Non-HKUST,77,766,932715,2321837873,433862860,2755700733
2015-04-29,All-Floors,Total,5384,72703,74155558,385440686214,98957697222,484398383436
2015-04-30,1,Staff,50,648,1086637,406326071,261458967,667785038
2015-04-30,1,TPG,135,2161,3298748,11982544910,1659932118,13642477028
2015-04-30,1,RPG,27,275,406689,62295225,11177440,73472665
2015-04-30,1,UG,475,4063,4876206,38093116800,3794648089,41887764889
2015-04-30,1,Alumni,4,39,33061,865075,233364,1098439
2015-04-30,1,Others(HKUST),7,66,277614,5409778393,316054599,5725832992
2015-04-30,1,Non-HKUST,8,49,63222,818800177,40556373,859356550
2015-04-30,1,Total,706,7301,10042177,56773726651,6084060950,62857787601
2015-04-30,G,Staff,113,628,641323,142085718,10080306,152166024
2015-04-30,G,TPG,337,2114,1754419,1864058923,113656495,1977715418
2015-04-30,G,RPG,128,576,507690,2350874,266822,2617696
2015-04-30,G,UG,1356,6955,5040899,13012029804,1215050000,14227079804
2015-04-30,G,Alumni,11,27,23533,0,0,0
2015-04-30,G,Others(HKUST),8,19,126236,0,0,0
2015-04-30,G,Non-HKUST,18,57,45985,0,0,0
2015-04-30,G,Total,1971,10376,8140085,15020525319,1339053623,16359578942
2015-04-30,LG1,Staff,97,575,473865,314158457,185444993,499603450
2015-04-30,LG1,TPG,478,7247,7834456,28214813128,30730480642,58945293770
2015-04-30,LG1,RPG,139,1265,1628529,11980953528,11424026467,23404979995
2015-04-30,LG1,UG,2244,20450,19772274,98792141536,12762772598,111554914134
2015-04-30,LG1,Alumni,16,84,117228,580196999,23375096,603572095
2015-04-30,LG1,Others(HKUST),7,85,467347,91174976,28259284,119434260
2015-04-30,LG1,Non-HKUST,42,199,195603,334837426,12626562,347463988
2015-04-30,LG1,Total,3023,29905,30489302,140308276050,55166985642,195475261692
2015-04-30,LG3,Staff,77,318,269792,26295374,5937515,32232889
2015-04-30,LG3,TPG,230,1972,2170811,2405470522,683454252,3088924774
2015-04-30,LG3,RPG,100,657,799823,4242111713,7495817855,11737929568
2015-04-30,LG3,UG,1002,4317,3521545,7380008576,917446935,8297455511
2015-04-30,LG3,Alumni,10,41,58941,240812797,36984621,277797418
2015-04-30,LG3,Others(HKUST),5,84,123560,0,0,0
2015-04-30,LG3,Non-HKUST,27,196,237036,225743970,17511233,243255203
2015-04-30,LG3,Total,1451,7585,7181508,14520442952,9157152411,23677595363
2015-04-30,LG4,Staff,118,426,275906,36951863,42627298,79579161
2015-04-30,LG4,TPG,296,3964,4504591,30224685070,4943873005,35168558075
2015-04-30,LG4,RPG,149,701,710009,45077251,9586963,54664214
2015-04-30,LG4,UG,1444,8093,6615377,13784214556,1281556394,15065770950
2015-04-30,LG4,Alumni,15,247,328551,5510482102,201724300,5712206402
2015-04-30,LG4,Others(HKUST),13,169,176781,934,840,1774
2015-04-30,LG4,Non-HKUST,24,152,159688,496314710,16769734,513084444
2015-04-30,LG4,Total,2059,13752,12770903,50097726486,6496138534,56593865020
2015-04-30,All-Floors,Staff,286,2595,2747523,925817483,505549079,1431366562
2015-04-30,All-Floors,TPG,695,17458,19563025,74691572553,38131396512,112822969065
2015-04-30,All-Floors,RPG,330,3474,4052740,16332788591,18940875547,35273664138
2015-04-30,All-Floors,UG,3706,43878,39826301,171061511272,19971474016,191032985288
2015-04-30,All-Floors,Alumni,29,438,561314,6332356973,262317381,6594674354
2015-04-30,All-Floors,Others(HKUST),24,423,1171538,5500954303,344314723,5845269026
2015-04-30,All-Floors,Non-HKUST,71,653,701534,1875696283,87463902,1963160185
2015-04-30,All-Floors,Total,5141,68919,68623975,276720697458,78243391160,354964088618