Date,Floor,User-Group,User-Count,WiFi-Conn,Duration-Sec,Traffic-In-Byte,Traffic-Out-Byte,Traffic-Both-Byte
2015-05-01,1,Staff,6,116,267756,79641668,4849134,84490802
2015-05-01,1,TPG,0,0,0,0,0,0
2015-05-01,1,RPG,2,2,245,0,0,0
2015-05-01,1,UG,6,6,481,0,0,0
2015-05-01,1,Alumni,0,0,0,0,0,0
2015-05-01,1,Others(HKUST),2,13,143960,936803552,118072639,1054876191
2015-05-01,1,Non-HKUST,0,0,0,0,0,0
2015-05-01,1,Total,16,137,412442,1016445220,122921773,1139366993
2015-05-01,G,Staff,2,4,8888,0,0,0
2015-05-01,G,TPG,7,28,7418,13976,36960,50936
2015-05-01,G,RPG,11,15,12136,32879612,26496300,59375912
2015-05-01,G,UG,15,21,4819,0,0,0
2015-05-01,G,Alumni,0,0,0,0,0,0
2015-05-01,G,Others(HKUST),1,2,86155,5541510,5332834,10874344
2015-05-01,G,Non-HKUST,1,1,0,0,0,0
2015-05-01,G,Total,37,71,119416,38435098,31866094,70301192
2015-05-01,LG1,Staff,29,125,244914,575791517,36000376,611791893
2015-05-01,LG1,TPG,366,7217,12875705,46299070610,44717352398,91016423008
2015-05-01,LG1,RPG,108,1086,1770659,5531818433,1269708461,6801526894
2015-05-01,LG1,UG,933,9531,14870084,395304837879,38204182849,433509020728
2015-05-01,LG1,Alumni,8,139,142907,99468985,8226278,107695263
2015-05-01,LG1,Others(HKUST),5,79,471314,0,0,0
2015-05-01,LG1,Non-HKUST,13,64,98911,90355289,5300087,95655376
2015-05-01,LG1,Total,1462,18241,30474494,447901342713,84240770449,532142113162
2015-05-01,LG3,Staff,11,18,5169,0,0,0
2015-05-01,LG3,TPG,84,181,85831,2849137817,936790300,3785928117
2015-05-01,LG3,RPG,28,50,39304,10120,5620,15740
2015-05-01,LG3,UG,220,327,143444,103211366,1933905886,2037117252
2015-05-01,LG3,Alumni,5,7,1684,5850068,483376,6333444
2015-05-01,LG3,Others(HKUST),3,40,68535,0,0,0
2015-05-01,LG3,Non-HKUST,1,2,236,0,0,0
2015-05-01,LG3,Total,352,625,344203,2958209371,2871185182,5829394553
2015-05-01,LG4,Staff,23,24,2379,5468,1882,7350
2015-05-01,LG4,TPG,77,91,6568,0,0,0
2015-05-01,LG4,RPG,68,84,7682,509381,106060,615441
2015-05-01,LG4,UG,347,534,190379,92435890,35903193,128339083
2015-05-01,LG4,Alumni,3,5,0,0,0,0
2015-05-01,LG4,Others(HKUST),2,76,152195,0,0,0
2015-05-01,LG4,Non-HKUST,7,8,2633,103877150,7505187,111382337
2015-05-01,LG4,Total,527,822,361836,196827889,43516322,240344211
2015-05-01,All-Floors,Staff,61,287,529106,655438653,40851392,696290045
2015-05-01,All-Floors,TPG,378,7517,12975522,49148222403,45654179658,94802402061
2015-05-01,All-Floors,RPG,172,1237,1830026,5565217546,1296316441,6861533987
2015-05-01,All-Floors,UG,1191,10419,15209207,395500485135,40173991928,435674477063
2015-05-01,All-Floors,Alumni,13,151,144591,105319053,8709654,114028707
2015-05-01,All-Floors,Others(HKUST),8,210,922159,942345062,123405473,1065750535
2015-05-01,All-Floors,Non-HKUST,21,75,101780,194232439,12805274,207037713
2015-05-01,All-Floors,Total,1844,19896,31712391,452111260291,87310259820,539421520111
2015-05-02,1,Staff,13,139,344518,5337249,4205739,9542988
2015-05-02,1,TPG,106,1347,2703288,38276870598,2936207002,41213077600
2015-05-02,1,RPG,17,101,201597,487283086,216704847,703987933
2015-05-02,1,UG,168,1641,2956259,25803294571,2363963360,28167257931
2015-05-02,1,Alumni,5,99,127739,14101682,3644106,17745788
2015-05-02,1,Others(HKUST),4,34,202376,1004224586,126750909,1130975495
2015-05-02,1,Non-HKUST,6,33,61547,32759823,1549805,34309628
2015-05-02,1,Total,319,3394,6597324,65623871595,5653025768,71276897363
2015-05-02,G,Staff,41,245,230361,11812751,1671889,13484640
2015-05-02,G,TPG,303,1908,1915798,1484834104,150197687,1635031791
2015-05-02,G,RPG,78,371,365951,31870444,10715583,42586027
2015-05-02,G,UG,452,2184,2181004,836291386,112389313,948680699
2015-05-02,G,Alumni,29,198,134959,912165,131955,1044120
2015-05-02,G,Others(HKUST),6,104,162445,5541510,5332834,10874344
2015-05-02,G,Non-HKUST,27,133,144718,32981649,1645653,34627302
2015-05-02,G,Total,936,5143,5135236,2404244009,282084914,2686328923
2015-05-02,LG1,Staff,33,258,291391,1018393563,104245530,1122639093
2015-05-02,LG1,TPG,473,7170,10197648,75132747464,8561099105,83693846569
2015-05-02,LG1,RPG,112,1102,1690095,3333795402,676296442,4010091844
2015-05-02,LG1,UG,928,10402,14718228,67622098452,15475537613,83097636065
2015-05-02,LG1,Alumni,32,230,261503,42179617,3401544,45581161
2015-05-02,LG1,Others(HKUST),10,101,481918,174604236,8775858,183380094
2015-05-02,LG1,Non-HKUST,29,158,236505,791021877,25245502,816267379
2015-05-02,LG1,Total,1617,19421,27877288,148114840611,24854601594,172969442205
2015-05-02,LG3,Staff,36,110,138852,1246703159,42780996,1289484155
2015-05-02,LG3,TPG,177,1568,2412826,4524495046,1617219327,6141714373
2015-05-02,LG3,RPG,68,539,702716,157288158,9503328,166791486
2015-05-02,LG3,UG,360,1785,2103047,8708997879,339442963,9048440842
2015-05-02,LG3,Alumni,23,115,159224,166824089,12615494,179439583
2015-05-02,LG3,Others(HKUST),9,101,158481,38698,26822,65520
2015-05-02,LG3,Non-HKUST,16,87,137162,2460042,1057397,3517439
2015-05-02,LG3,Total,689,4305,5812308,14806807071,2022646327,16829453398
2015-05-02,LG4,Staff,30,146,146371,0,0,0
2015-05-02,LG4,TPG,240,1874,2695180,9619576105,1393565262,11013141367
2015-05-02,LG4,RPG,103,589,668105,69215953,6412693,75628646
2015-05-02,LG4,UG,457,3012,3751590,3758975364,378451634,4137426998
2015-05-02,LG4,Alumni,36,417,642585,1737710880,55819102,1793529982
2015-05-02,LG4,Others(HKUST),3,127,299833,0,0,0
2015-05-02,LG4,Non-HKUST,25,283,413217,272905785,18327361,291233146
2015-05-02,LG4,Total,894,6448,8616881,15458384087,1852576052,17310960139
2015-05-02,All-Floors,Staff,103,898,1151493,2282246722,152904154,2435150876
2015-05-02,All-Floors,TPG,650,13867,19924740,129038523317,14658288383,143696811700
2015-05-02,All-Floors,RPG,225,2702,3628464,4079453043,919632893,4999085936
2015-05-02,All-Floors,UG,1363,19024,25710128,106729657652,18669784883,125399442535
2015-05-02,All-Floors,Alumni,67,1059,1326010,1961728433,75612201,2037340634
2015-05-02,All-Floors,Others(HKUST),14,467,1305053,1184409030,140886423,1325295453
2015-05-02,All-Floors,Non-HKUST,61,694,993149,1132129176,47825718,1179954894
2015-05-02,All-Floors,Total,2483,38711,54039037,246408147373,34664934655,281073082028
2015-05-03,1,Staff,15,106,346822,1746569,1411646,3158215
2015-05-03,1,TPG,106,1606,2970138,53800748731,6310991521,60111740252
2015-05-03,1,RPG,22,278,308793,15500578702,777333688,16277912390
2015-05-03,1,UG,209,2187,3505539,11620973374,1603947260,13224920634
2015-05-03,1,Alumni,4,151,139132,5839351741,101163591,5940515332
2015-05-03,1,Others(HKUST),3,34,99875,984250695,125986294,1110236989
2015-05-03,1,Non-HKUST,8,44,73264,0,0,0
2015-05-03,1,Total,367,4406,7443563,87747649812,8920834000,96668483812
2015-05-03,G,Staff,36,239,124101,106434450,5726283,112160733
2015-05-03,G,TPG,297,2078,1844750,3390901524,282515014,3673416538
2015-05-03,G,RPG,110,611,509183,15306555284,1047972844,16354528128
2015-05-03,G,UG,504,3040,2776076,15778918234,3182536591,18961454825
2015-05-03,G,Alumni,34,156,116618,0,0,0
2015-05-03,G,Others(HKUST),7,45,138977,32083681,27140214,59223895
2015-05-03,G,Non-HKUST,17,43,38756,0,0,0
2015-05-03,G,Total,1005,6212,5548461,34614893173,4545890946,39160784119
2015-05-03,LG1,Staff,34,298,339967,10516041683,303332859,10819374542
2015-05-03,LG1,TPG,508,8713,11383231,66237449205,19810993135,86048442340
2015-05-03,LG1,RPG,147,1425,1883085,21213338236,1407567505,22620905741
2015-05-03,LG1,UG,1143,15280,18135047,121708842994,20235844651,141944687645
2015-05-03,LG1,Alumni,33,256,174191,22558675376,1362222700,23920898076
2015-05-03,LG1,Others(HKUST),4,99,484537,67667800,18880018,86547818
2015-05-03,LG1,Non-HKUST,42,251,311336,3652321011,181683733,3834004744
2015-05-03,LG1,Total,1911,26322,32711394,245954336305,43320524601,289274860906
2015-05-03,LG3,Staff,21,63,53446,997867,178986,1176853
2015-05-03,LG3,TPG,238,1992,2644899,30543884513,1998737468,32542621981
2015-05-03,LG3,RPG,86,753,841649,2867060511,828264676,3695325187
2015-05-03,LG3,UG,453,2494,2542623,4566157029,2633030532,7199187561
2015-05-03,LG3,Alumni,32,348,311784,75783748,32301825,108085573
2015-05-03,LG3,Others(HKUST),5,81,134460,6489869,2778854,9268723
2015-05-03,LG3,Non-HKUST,18,124,124934,0,0,0
2015-05-03,LG3,Total,853,5855,6653795,38060373537,5495292341,43555665878
2015-05-03,LG4,Staff,29,199,244317,29404,11810,41214
2015-05-03,LG4,TPG,262,3002,4322069,9998049709,911666427,10909716136
2015-05-03,LG4,RPG,138,1076,1119031,103100627,16840022,119940649
2015-05-03,LG4,UG,601,4471,5097320,4792688762,4811123306,9603812068
2015-05-03,LG4,Alumni,32,584,677444,859525117,164268012,1023793129
2015-05-03,LG4,Others(HKUST),5,153,285903,341659198,32882708,374541906
2015-05-03,LG4,Non-HKUST,29,263,326693,710924235,59290999,770215234
2015-05-03,LG4,Total,1096,9748,12072777,16805977052,5996083284,22802060336
2015-05-03,All-Floors,Staff,88,905,1108653,10625249973,310661584,10935911557
2015-05-03,All-Floors,TPG,632,17391,23165087,163971033682,29314903565,193285937247
2015-05-03,All-Floors,RPG,285,4143,4661741,54990633360,4077978735,59068612095
2015-05-03,All-Floors,UG,1540,27472,32056605,158467580393,32466482340,190934062733
2015-05-03,All-Floors,Alumni,67,1495,1419169,29333335982,1659956128,30993292110
2015-05-03,All-Floors,Others(HKUST),12,412,1143752,1432151243,207668088,1639819331
2015-05-03,All-Floors,Non-HKUST,65,725,874983,4363245246,240974732,4604219978
2015-05-03,All-Floors,Total,2689,52543,64429990,423183229879,68278625172,491461855051
2015-05-04,1,Staff,60,987,1100491,6206414586,327117823,6533532409
2015-05-04,1,TPG,145,3358,3787441,75113795350,24055557627,99169352977
2015-05-04,1,RPG,31,441,523680,4141255498,1974709041,6115964539
2015-05-04,1,UG,609,6822,6567568,107600917820,14724335550,122325253370
2015-05-04,1,Alumni,3,59,63997,555622047,59063120,614685167
2015-05-04,1,Others(HKUST),7,77,99338,44629245,9632162,54261407
2015-05-04,1,Non-HKUST,11,101,108620,542093755,37717610,579811365
2015-05-04,1,Total,866,11845,12251135,194204728301,41188132933,235392861234
2015-05-04,G,Staff,139,882,579907,427304220,70199055,497503275
2015-05-04,G,TPG,382,2823,1879327,19488234332,2511322859,21999557191
2015-05-04,G,RPG,130,553,335174,1752163592,126615060,1878778652
2015-05-04,G,UG,1644,10154,6145833,35180123706,3936744418,39116868124
2015-05-04,G,Alumni,11,56,41013,839679877,94126140,933806017
2015-05-04,G,Others(HKUST),13,133,168097,18133778,7205576,25339354
2015-05-04,G,Non-HKUST,27,167,133081,132102128,46307052,178409180
2015-05-04,G,Total,2346,14768,9282432,57837741633,6792520160,64630261793
2015-05-04,LG1,Staff,112,537,451360,800991897,413501248,1214493145
2015-05-04,LG1,TPG,561,10319,9595137,72522548927,33213415421,105735964348
2015-05-04,LG1,RPG,180,1574,1542029,8622931335,1502133275,10125064610
2015-05-04,LG1,UG,2618,28117,23343906,92237596337,25522480470,117760076807
2015-05-04,LG1,Alumni,12,68,120350,358923468,30173582,389097050
2015-05-04,LG1,Others(HKUST),9,71,408737,10525021,7591491,18116512
2015-05-04,LG1,Non-HKUST,49,212,177004,1359970800,137793733,1497764533
2015-05-04,LG1,Total,3541,40898,35638523,175913487785,60827089220,236740577005
2015-05-04,LG3,Staff,81,348,250219,1562143761,102946075,1665089836
2015-05-04,LG3,TPG,275,2968,2676491,35067995215,5931363591,40999358806
2015-05-04,LG3,RPG,111,1240,1299865,4785649642,808459133,5594108775
2015-05-04,LG3,UG,1034,5823,4130515,30504412953,3347794673,33852207626
2015-05-04,LG3,Alumni,3,34,22808,7457,5077,12534
2015-05-04,LG3,Others(HKUST),7,33,43614,0,0,0
2015-05-04,LG3,Non-HKUST,21,78,43788,633550796,102424576,735975372
2015-05-04,LG3,Total,1532,10524,8467300,72553759824,10292993125,82846752949
2015-05-04,LG4,Staff,136,501,305122,453054990,83921788,536976778
2015-05-04,LG4,TPG,348,5191,4948258,98273680208,7671369954,105945050162
2015-05-04,LG4,RPG,172,873,695232,6551143472,337145757,6888289229
2015-05-04,LG4,UG,1691,13494,10883439,117618172176,16078921359,133697093535
2015-05-04,LG4,Alumni,10,221,157560,1376595452,358532977,1735128429
2015-05-04,LG4,Others(HKUST),11,164,125250,173750081,8081787,181831868
2015-05-04,LG4,Non-HKUST,27,129,126954,355878729,24574266,380452995
2015-05-04,LG4,Total,2395,20573,17241815,224802275108,24562547888,249364822996
2015-05-04,All-Floors,Staff,328,3255,2687099,9449909454,997685989,10447595443
2015-05-04,All-Floors,TPG,769,24659,22886654,300466254032,73383029452,373849283484
2015-05-04,All-Floors,RPG,362,4681,4395980,25853143539,4749062266,30602205805
2015-05-04,All-Floors,UG,4040,64410,51071261,383141222992,63610276470,446751499462
2015-05-04,All-Floors,Alumni,20,438,405728,3130828301,541900896,3672729197
2015-05-04,All-Floors,Others(HKUST),24,478,845036,247038125,32511016,279549141
2015-05-04,All-Floors,Non-HKUST,78,687,589447,3023596208,348817237,3372413445
2015-05-04,All-Floors,Total,5621,98608,82881205,725311992651,143663283326,868975275977
2015-05-05,1,Staff,66,1056,1175350,6799098854,5571456438,12370555292
2015-05-05,1,TPG,171,3871,4257389,83420121531,15027703541,98447825072
2015-05-05,1,RPG,37,411,548509,13725328508,1846066759,15571395267
2015-05-05,1,UG,549,6282,6801523,71412225449,11259677744,82671903193
2015-05-05,1,Alumni,4,18,15981,13492774,5464080,18956854
2015-05-05,1,Others(HKUST),8,139,182881,177622984,62143013,239765997
2015-05-05,1,Non-HKUST,9,65,55920,775847892,50293862,826141754
2015-05-05,1,Total,844,11842,13037553,176323737992,33822805437,210146543429
2015-05-05,G,Staff,109,736,475049,2069103930,1733425099,3802529029
2015-05-05,G,TPG,410,3281,2053466,6483070445,1285472588,7768543033
2015-05-05,G,RPG,130,633,477308,20203528,5972374,26175902
2015-05-05,G,UG,1471,9327,6058250,20040496412,4292517316,24333013728
2015-05-05,G,Alumni,7,44,17118,355122,3847594,4202716
2015-05-05,G,Others(HKUST),13,134,198934,25191578,19094489,44286067
2015-05-05,G,Non-HKUST,21,78,40855,5030526,18472579,23503105
2015-05-05,G,Total,2161,14233,9320980,28643451541,7358802039,36002253580
2015-05-05,LG1,Staff,85,381,300165,132581101,712786771,845367872
2015-05-05,LG1,TPG,541,9208,9198628,81614039144,59298454485,140912493629
2015-05-05,LG1,RPG,182,1571,1598618,2243771590,5533728444,7777500034
2015-05-05,LG1,UG,2517,28145,25744593,177422086229,40559112148,217981198377
2015-05-05,LG1,Alumni,9,111,132680,449148010,76807943,525955953
2015-05-05,LG1,Others(HKUST),10,171,510928,30154606,8936030,39090636
2015-05-05,LG1,Non-HKUST,37,176,144085,5469292521,276551350,5745843871
2015-05-05,LG1,Total,3381,39763,37629697,267361073201,106466377171,373827450372
2015-05-05,LG3,Staff,60,241,191307,1991139506,113717191,2104856697
2015-05-05,LG3,TPG,260,2700,2788943,25306671529,1677394371,26984065900
2015-05-05,LG3,RPG,105,1018,1241774,15584868767,7144101845,22728970612
2015-05-05,LG3,UG,989,5653,4526300,54340147425,4661659535,59001806960
2015-05-05,LG3,Alumni,5,38,37661,137470948,12037220,149508168
2015-05-05,LG3,Others(HKUST),6,59,78623,645542,499460,1145002
2015-05-05,LG3,Non-HKUST,21,92,95355,41453587,9223183,50676770
2015-05-05,LG3,Total,1446,9801,8959963,97402397304,13618632805,111021030109
2015-05-05,LG4,Staff,113,538,487043,2103635098,237275279,2340910377
2015-05-05,LG4,TPG,335,5389,5966559,62901598910,19663922031,82565520941
2015-05-05,LG4,RPG,191,1323,1127613,3363743371,209974826,3573718197
2015-05-05,LG4,UG,1594,12699,10971650,49732406378,7201590444,56933996822
2015-05-05,LG4,Alumni,11,114,98633,100497446,16704821,117202267
2015-05-05,LG4,Others(HKUST),6,159,168877,96474,69735,166209
2015-05-05,LG4,Non-HKUST,25,195,197305,1187072134,137682783,1324754917
2015-05-05,LG4,Total,2275,20417,19017680,119389049811,27467219919,146856269730
2015-05-05,All-Floors,Staff,280,2952,2628914,13095558489,8368660778,21464219267
2015-05-05,All-Floors,TPG,785,24449,24264985,259725501559,96952947016,356678448575
2015-05-05,All-Floors,RPG,386,4956,4993822,34937915764,14739844248,49677760012
2015-05-05,All-Floors,UG,3897,62106,54102316,372947361893,67974557187,440921919080
2015-05-05,All-Floors,Alumni,23,325,302073,700964300,114861658,815825958
2015-05-05,All-Floors,Others(HKUST),21,662,1140243,233711184,90742727,324453911
2015-05-05,All-Floors,Non-HKUST,70,606,533520,7478696660,492223757,7970920417
2015-05-05,All-Floors,Total,5462,96056,87965873,689119709849,188733837371,877853547220
2015-05-06,1,Staff,70,849,978961,7919257633,461676243,8380933876
2015-05-06,1,TPG,158,2766,3475240,60769626253,13680633806,74450260059
2015-05-06,1,RPG,32,451,477469,1415002905,321247246,1736250151
2015-05-06,1,UG,563,6327,6334916,82830287147,15013081476,97843368623
2015-05-06,1,Alumni,3,15,24770,54204890,6429206,60634096
2015-05-06,1,Others(HKUST),7,112,169680,10067331828,612130462,10679462290
2015-05-06,1,Non-HKUST,13,119,146873,477561514,31164119,508725633
2015-05-06,1,Total,846,10639,11607909,163533272170,30126362558,193659634728
2015-05-06,G,Staff,110,661,535662,1474083738,58650009,1532733747
2015-05-06,G,TPG,367,2452,1830633,31096407425,2041944036,33138351461
2015-05-06,G,RPG,127,557,369272,5464943333,898178417,6363121750
2015-05-06,G,UG,1509,8658,5741733,26771957505,3274156286,30046113791
2015-05-06,G,Alumni,12,72,42418,48142408,8542975,56685383
2015-05-06,G,Others(HKUST),18,124,159585,41956935,31803465,73760400
2015-05-06,G,Non-HKUST,17,66,31318,37579976,3495781,41075757
2015-05-06,G,Total,2160,12590,8710621,64935071320,6316770969,71251842289
2015-05-06,LG1,Staff,99,520,380235,7490197087,898437101,8388634188
2015-05-06,LG1,TPG,533,8291,8892709,189591792901,28335938000,217927730901
2015-05-06,LG1,RPG,169,1568,1739870,30011213621,1885378525,31896592146
2015-05-06,LG1,UG,2412,26040,24508841,318764240333,39659520413,358423760746
2015-05-06,LG1,Alumni,10,124,110487,459464912,74349801,533814713
2015-05-06,LG1,Others(HKUST),10,118,487903,26948887,20818608,47767495
2015-05-06,LG1,Non-HKUST,35,204,166903,176977170,13928906,190906076
2015-05-06,LG1,Total,3268,36865,36286948,546520834911,70888371354,617409206265
2015-05-06,LG3,Staff,75,330,252909,2250432049,132515444,2382947493
2015-05-06,LG3,TPG,247,1812,1877537,78433033941,14007618302,92440652243
2015-05-06,LG3,RPG,118,1142,1249366,6630009394,4152447811,10782457205
2015-05-06,LG3,UG,915,5415,4306574,35503839497,2918686411,38422525908
2015-05-06,LG3,Alumni,10,50,24594,6391632,1575687,7967319
2015-05-06,LG3,Others(HKUST),7,63,98181,166653309,41603706,208257015
2015-05-06,LG3,Non-HKUST,14,131,206348,37299341,2380464,39679805
2015-05-06,LG3,Total,1386,8943,8015509,123027659163,21256827825,144284486988
2015-05-06,LG4,Staff,111,501,357676,6061269714,2139707571,8200977285
2015-05-06,LG4,TPG,311,4718,5252854,48289686568,5395585116,53685271684
2015-05-06,LG4,RPG,143,1046,957668,4344017536,995609484,5339627020
2015-05-06,LG4,UG,1420,10563,9657863,55599174261,8758355628,64357529889
2015-05-06,LG4,Alumni,8,173,174043,563686466,103763393,667449859
2015-05-06,LG4,Others(HKUST),12,139,162418,128096292,28923800,157020092
2015-05-06,LG4,Non-HKUST,24,206,235568,2491909143,545935639,3037844782
2015-05-06,LG4,Total,2029,17346,16798090,117477839980,17967880631,135445720611
2015-05-06,All-Floors,Staff,275,2861,2505443,25195240221,3690986368,28886226589
2015-05-06,All-Floors,TPG,775,20039,21328973,408180547088,63461719260,471642266348
2015-05-06,All-Floors,RPG,363,4764,4793645,47865186789,8252861483,56118048272
2015-05-06,All-Floors,UG,3808,57003,50549927,519469498743,69623800214,589093298957
2015-05-06,All-Floors,Alumni,25,434,376312,1131890308,194661062,1326551370
2015-05-06,All-Floors,Others(HKUST),30,556,1077767,10430987251,735280041,11166267292
2015-05-06,All-Floors,Non-HKUST,67,726,787010,3221327144,596904909,3818232053
2015-05-06,All-Floors,Total,5343,86383,81419077,1015494677544,146556213337,1162050890881
2015-05-07,1,Staff,68,707,1092227,5624653352,538375684,6163029036
2015-05-07,1,TPG,142,2382,3405122,24140732693,2951404781,27092137474
2015-05-07,1,RPG,28,333,463275,4526590177,946948500,5473538677
2015-05-07,1,UG,571,5906,6573784,57181392394,6537625818,63719018212
2015-05-07,1,Alumni,4,50,26507,39186463,4181113,43367576
2015-05-07,1,Others(HKUST),6,71,152706,13645586103,379955330,14025541433
2015-05-07,1,Non-HKUST,7,52,59756,613164682,117112382,730277064
2015-05-07,1,Total,826,9501,11773377,105771305864,11475603608,117246909472
2015-05-07,G,Staff,116,658,547709,4236940669,350754992,4587695661
2015-05-07,G,TPG,361,2243,1624608,34413237754,1574776333,35988014087
2015-05-07,G,RPG,117,476,316619,294733467,29279563,324013030
2015-05-07,G,UG,1523,8069,5888007,14304689279,1444732380,15749421659
2015-05-07,G,Alumni,9,56,61800,4175226,1091607,5266833
2015-05-07,G,Others(HKUST),11,124,180876,25174161,19082079,44256240
2015-05-07,G,Non-HKUST,10,44,42241,492465705,20445502,512911207
2015-05-07,G,Total,2147,11670,8661860,53771416261,3440162456,57211578717
2015-05-07,LG1,Staff,92,493,452129,2388353886,152377036,2540730922
2015-05-07,LG1,TPG,508,7624,9595003,85368666206,20669639192,106038305398
2015-05-07,LG1,RPG,162,1279,1438300,14430055823,16154189324,30584245147
2015-05-07,LG1,UG,2276,21730,23218914,166996587569,29384927366,196381514935
2015-05-07,LG1,Alumni,15,103,161420,5362002,608143,5970145
2015-05-07,LG1,Others(HKUST),9,89,450328,12674891,11341864,24016755
2015-05-07,LG1,Non-HKUST,31,136,182325,511686108,40835812,552521920
2015-05-07,LG1,Total,3093,31454,35498419,269713386485,66413918737,336127305222
2015-05-07,LG3,Staff,85,314,263528,1489362530,112183699,1601546229
2015-05-07,LG3,TPG,257,2367,2766143,17172488860,8862817883,26035306743
2015-05-07,LG3,RPG,113,939,1213272,1402258101,168883419,1571141520
2015-05-07,LG3,UG,958,5129,4409073,29114621734,5450311892,34564933626
2015-05-07,LG3,Alumni,10,49,59353,0,0,0
2015-05-07,LG3,Others(HKUST),9,64,84806,136396,77491,213887
2015-05-07,LG3,Non-HKUST,11,85,80223,0,0,0
2015-05-07,LG3,Total,1443,8947,8876398,49178867621,14594274384,63773142005
2015-05-07,LG4,Staff,105,491,353989,1440985991,1851478282,3292464273
2015-05-07,LG4,TPG,266,3592,4829002,19663276299,6307870033,25971146332
2015-05-07,LG4,RPG,156,954,1054750,25067982603,5453138233,30521120836
2015-05-07,LG4,UG,1356,9650,10385185,55969359238,5083261513,61052620751
2015-05-07,LG4,Alumni,13,153,133209,11376117,2035528,13411645
2015-05-07,LG4,Others(HKUST),12,178,284555,544219,611598,1155817
2015-05-07,LG4,Non-HKUST,15,126,182116,1382079071,100746879,1482825950
2015-05-07,LG4,Total,1923,15144,17222806,103535603538,18799142066,122334745604
2015-05-07,All-Floors,Staff,284,2663,2709582,15180296428,3005169693,18185466121
2015-05-07,All-Floors,TPG,711,18208,22219878,180758401812,40366508222,221124910034
2015-05-07,All-Floors,RPG,341,3981,4486216,45721620171,22752439039,68474059210
2015-05-07,All-Floors,UG,3656,50484,50474963,323566650214,47900858969,371467509183
2015-05-07,All-Floors,Alumni,26,411,442289,60099808,7916391,68016199
2015-05-07,All-Floors,Others(HKUST),26,526,1153271,13684115770,411068362,14095184132
2015-05-07,All-Floors,Non-HKUST,50,443,546661,2999395566,279140575,3278536141
2015-05-07,All-Floors,Total,5094,76716,82032860,581970579769,114723101251,696693681020
2015-05-08,1,Staff,60,617,808282,5365139297,403336164,5768475461
2015-05-08,1,TPG,136,2090,2780735,58497215107,8511070842,67008285949
2015-05-08,1,RPG,27,392,388905,8356605651,1331095018,9687700669
2015-05-08,1,UG,432,4290,4462982,70361278821,5609783236,75971062057
2015-05-08,1,Alumni,3,18,15593,5809182,1080328,6889510
2015-05-08,1,Others(HKUST),4,84,167769,14327026419,417375997,14744402416
2015-05-08,1,Non-HKUST,5,64,74216,796989550,59840564,856830114
2015-05-08,1,Total,667,7555,8698482,157710064027,16333582149,174043646176
2015-05-08,G,Staff,107,569,583002,1554385488,438556389,1992941877
2015-05-08,G,TPG,311,1971,1874098,5020075668,634586434,5654662102
2015-05-08,G,RPG,109,460,405418,960665754,80620862,1041286616
2015-05-08,G,UG,1273,6139,4570379,18143812137,2696585164,20840397301
2015-05-08,G,Alumni,10,44,17829,2578501,320379,2898880
2015-05-08,G,Others(HKUST),12,65,164007,3495641,8041850,11537491
2015-05-08,G,Non-HKUST,17,46,12926,87908,90692,178600
2015-05-08,G,Total,1839,9294,7627659,25685101097,3858801770,29543902867
2015-05-08,LG1,Staff,92,449,377836,2370146698,196106072,2566252770
2015-05-08,LG1,TPG,454,6787,8575153,148747882229,35323416775,184071299004
2015-05-08,LG1,RPG,157,1454,1983859,28211506109,18173363313,46384869422
2015-05-08,LG1,UG,2008,17488,19299547,100798856723,13775197894,114574054617
2015-05-08,LG1,Alumni,12,111,152148,112330421,39692447,152022868
2015-05-08,LG1,Others(HKUST),9,63,484503,26188773,21992982,48181755
2015-05-08,LG1,Non-HKUST,42,216,180768,874304214,19210999,893515213
2015-05-08,LG1,Total,2774,26568,31053814,281141215167,67548980482,348690195649
2015-05-08,LG3,Staff,80,317,301856,725061451,44417589,769479040
2015-05-08,LG3,TPG,232,1790,2421046,15930431109,1523205126,17453636235
2015-05-08,LG3,RPG,106,830,1101185,2376436185,188784077,2565220262
2015-05-08,LG3,UG,727,3239,2969862,21022088745,1684061874,22706150619
2015-05-08,LG3,Alumni,6,53,55031,18822989,15324996,34147985
2015-05-08,LG3,Others(HKUST),4,49,80835,136396,77491,213887
2015-05-08,LG3,Non-HKUST,22,141,160138,536645556,32525364,569170920
2015-05-08,LG3,Total,1177,6419,7089953,40609622431,3488396517,44098018948
2015-05-08,LG4,Staff,98,363,322062,125406839,37691095,163097934
2015-05-08,LG4,TPG,236,2767,4109439,25328571731,2760809263,28089380994
2015-05-08,LG4,RPG,143,809,908748,1533675787,377391271,1911067058
2015-05-08,LG4,UG,977,5622,6183082,23317798834,1473630099,24791428933
2015-05-08,LG4,Alumni,14,155,188858,246721108,24560921,271282029
2015-05-08,LG4,Others(HKUST),7,186,249280,3298788,562058,3860846
2015-05-08,LG4,Non-HKUST,29,159,156440,8684878,40191304,48876182
2015-05-08,LG4,Total,1504,10061,12117909,50564157965,4714836011,55278993976
2015-05-08,All-Floors,Staff,270,2315,2393038,10140139773,1120107309,11260247082
2015-05-08,All-Floors,TPG,658,15405,19760471,253524175844,48753088440,302277264284
2015-05-08,All-Floors,RPG,338,3945,4788115,41438889486,20151254541,61590144027
2015-05-08,All-Floors,UG,3213,36778,37485852,233643835260,25239258267,258883093527
2015-05-08,All-Floors,Alumni,23,381,429459,386262201,80979071,467241272
2015-05-08,All-Floors,Others(HKUST),18,447,1146394,14360146017,448050378,14808196395
2015-05-08,All-Floors,Non-HKUST,67,626,584488,2216712106,151858923,2368571029
2015-05-08,All-Floors,Total,4587,59897,66587817,555710160687,95944596929,651654757616
2015-05-09,1,Staff,12,73,182598,250652492,40643062,291295554
2015-05-09,1,TPG,107,1501,2398581,25742028013,8790792930,34532820943
2015-05-09,1,RPG,24,127,275725,1415814208,146651378,1562465586
2015-05-09,1,UG,145,1675,2875046,33523532967,3216342159,36739875126
2015-05-09,1,Alumni,5,87,112422,642269489,52041649,694311138
2015-05-09,1,Others(HKUST),5,65,173873,80650433,6872487,87522920
2015-05-09,1,Non-HKUST,6,82,132680,404336689,63484634,467821323
2015-05-09,1,Total,304,3610,6150925,62059284291,12316828299,74376112590
2015-05-09,G,Staff,36,222,324946,303642289,65084486,368726775
2015-05-09,G,TPG,276,1497,1603181,16649186726,964451048,17613637774
2015-05-09,G,RPG,83,457,383830,918432141,48164311,966596452
2015-05-09,G,UG,343,1547,1780817,954157967,67160518,1021318485
2015-05-09,G,Alumni,21,63,81998,324752394,30334366,355086760
2015-05-09,G,Others(HKUST),5,43,143959,135563,22042,157605
2015-05-09,G,Non-HKUST,13,25,14056,329108933,10607869,339716802
2015-05-09,G,Total,777,3854,4332787,19479416013,1185824640,20665240653
2015-05-09,LG1,Staff,34,130,147230,7882919223,1971122778,9854042001
2015-05-09,LG1,TPG,436,6281,9723040,70669255498,11539008340,82208263838
2015-05-09,LG1,RPG,119,1019,1781245,23195504726,3958729656,27154234382
2015-05-09,LG1,UG,757,8011,11958960,64226304976,10858803518,75085108494
2015-05-09,LG1,Alumni,19,181,246549,139880705,19499867,159380572
2015-05-09,LG1,Others(HKUST),8,105,523528,27738011,23278408,51016419
2015-05-09,LG1,Non-HKUST,19,137,166272,534734662,27643404,562378066
2015-05-09,LG1,Total,1392,15864,24546824,166676337801,28398085971,195074423772
2015-05-09,LG3,Staff,23,98,125062,120505276,16199911,136705187
2015-05-09,LG3,TPG,176,1143,1796842,1890919421,186766909,2077686330
2015-05-09,LG3,RPG,78,509,644911,79039919,26702162,105742081
2015-05-09,LG3,UG,251,1124,1342052,6742325906,625495675,7367821581
2015-05-09,LG3,Alumni,15,148,195626,27818822,3856749,31675571
2015-05-09,LG3,Others(HKUST),5,59,120002,1262157140,18369911130,19632068270
2015-05-09,LG3,Non-HKUST,12,92,204275,771890780,24586526,796477306
2015-05-09,LG3,Total,560,3173,4428770,10894657264,19253519062,30148176326
2015-05-09,LG4,Staff,25,87,123396,536973568,26665258,563638826
2015-05-09,LG4,TPG,162,1421,2390414,10499241814,2956331130,13455572944
2015-05-09,LG4,RPG,97,451,709376,17968753573,2464560037,20433313610
2015-05-09,LG4,UG,262,1701,2552465,17416099887,3297633664,20713733551
2015-05-09,LG4,Alumni,19,203,396741,1431553504,82675073,1514228577
2015-05-09,LG4,Others(HKUST),4,115,289408,169741,58498,228239
2015-05-09,LG4,Non-HKUST,19,146,283972,658894708,25145218,684039926
2015-05-09,LG4,Total,588,4124,6745772,48511686795,8853068878,57364755673
2015-05-09,All-Floors,Staff,80,610,903232,9094692848,2119715495,11214408343
2015-05-09,All-Floors,TPG,604,11843,17912058,125450631472,24437350357,149887981829
2015-05-09,All-Floors,RPG,227,2563,3795087,43577544567,6644807544,50222352111
2015-05-09,All-Floors,UG,1089,14058,20509340,122862421703,18065435534,140927857237
2015-05-09,All-Floors,Alumni,47,682,1033336,2566274914,188407704,2754682618
2015-05-09,All-Floors,Others(HKUST),16,387,1250770,1370850888,18400142565,19770993453
2015-05-09,All-Floors,Non-HKUST,44,482,801255,2698965772,151467651,2850433423
2015-05-09,All-Floors,Total,2107,30625,46205078,307621382164,70007326850,377628709014
2015-05-10,1,Staff,10,57,169415,8047072,12523042,20570114
2015-05-10,1,TPG,77,1086,1882084,24600005537,4958663202,29558668739
2015-05-10,1,RPG,24,271,569596,3695097537,543640683,4238738220
2015-05-10,1,UG,151,1731,3398684,19069716453,6803877753,25873594206
2015-05-10,1,Alumni,4,51,103928,69297926,7532981,76830907
2015-05-10,1,Others(HKUST),5,71,149150,0,0,0
2015-05-10,1,Non-HKUST,6,118,165080,2569325525,80143757,2649469282
2015-05-10,1,Total,277,3385,6437937,50011490050,12406381418,62417871468
2015-05-10,G,Staff,30,204,207326,4261204,1279729,5540933
2015-05-10,G,TPG,212,1319,1444817,3709270406,223643619,3932914025
2015-05-10,G,RPG,80,364,298391,2077309294,202951896,2280261190
2015-05-10,G,UG,321,1787,2001537,3505699050,448979068,3954678118
2015-05-10,G,Alumni,26,102,39979,1077034584,43213677,1120248261
2015-05-10,G,Others(HKUST),8,55,159738,0,0,0
2015-05-10,G,Non-HKUST,16,72,35170,1231,847,2078
2015-05-10,G,Total,693,3903,4186958,10373575769,920068836,11293644605
2015-05-10,LG1,Staff,29,162,158499,222428274,34043586,256471860
2015-05-10,LG1,TPG,420,7359,10534498,94027512431,30131685139,124159197570
2015-05-10,LG1,RPG,126,1105,1636729,8522782145,771712070,9294494215
2015-05-10,LG1,UG,719,9637,12998275,59165739566,13268840814,72434580380
2015-05-10,LG1,Alumni,21,194,286101,1081632554,74056581,1155689135
2015-05-10,LG1,Others(HKUST),5,100,511731,26919800,22274333,49194133
2015-05-10,LG1,Non-HKUST,20,153,196307,292201543,15086123,307287666
2015-05-10,LG1,Total,1340,18710,26322140,163339216313,44317698646,207656914959
2015-05-10,LG3,Staff,25,63,20664,459682,3385923,3845605
2015-05-10,LG3,TPG,197,1316,1693046,7221301164,451568758,7672869922
2015-05-10,LG3,RPG,75,540,594452,1548204516,143932992,1692137508
2015-05-10,LG3,UG,309,1571,1724955,4439919147,974132459,5414051606
2015-05-10,LG3,Alumni,20,116,187205,191630754,13607340,205238094
2015-05-10,LG3,Others(HKUST),5,49,71149,0,0,0
2015-05-10,LG3,Non-HKUST,11,166,203387,2104134,515652,2619786
2015-05-10,LG3,Total,642,3821,4494858,13403619397,1587143124,14990762521
2015-05-10,LG4,Staff,28,95,95131,474228,15521500,15995728
2015-05-10,LG4,TPG,196,2560,3654031,18481353657,2763255009,21244608666
2015-05-10,LG4,RPG,97,574,852215,4164755296,197744901,4362500197
2015-05-10,LG4,UG,285,1676,2418848,6157868294,739969226,6897837520
2015-05-10,LG4,Alumni,24,282,403086,3171385266,110171179,3281556445
2015-05-10,LG4,Others(HKUST),3,79,213171,359962,677096,1037058
2015-05-10,LG4,Non-HKUST,17,98,109319,240074045,10273171,250347216
2015-05-10,LG4,Total,650,5364,7745801,32216270748,3837612082,36053882830
2015-05-10,All-Floors,Staff,75,581,651035,235670460,66753780,302424240
2015-05-10,All-Floors,TPG,516,13640,19208476,148039443195,38528815727,186568258922
2015-05-10,All-Floors,RPG,231,2854,3951383,20008148788,1859982542,21868131330
2015-05-10,All-Floors,UG,991,16402,22542299,92338942510,22235799320,114574741830
2015-05-10,All-Floors,Alumni,53,745,1020299,5590981084,248581758,5839562842
2015-05-10,All-Floors,Others(HKUST),13,354,1104939,27279762,22951429,50231191
2015-05-10,All-Floors,Non-HKUST,32,607,709263,3103706478,106019550,3209726028
2015-05-10,All-Floors,Total,1911,35183,49187694,269344172277,63068904106,332413076383
2015-05-11,1,Staff,65,614,883498,8971261382,432734859,9403996241
2015-05-11,1,TPG,146,2608,3651056,40495926312,14433385562,54929311874
2015-05-11,1,RPG,39,311,440009,6397850104,796427345,7194277449
2015-05-11,1,UG,375,4924,6581465,64505037008,12919640887,77424677895
2015-05-11,1,Alumni,1,7,2541,0,0,0
2015-05-11,1,Others(HKUST),5,86,147793,496047,268147,764194
2015-05-11,1,Non-HKUST,4,35,44296,0,0,0
2015-05-11,1,Total,635,8585,11750658,120370570853,28582456800,148953027653
2015-05-11,G,Staff,119,687,594997,2329554136,58542642,2388096778
2015-05-11,G,TPG,363,2314,1971419,4368909687,940557671,5309467358
2015-05-11,G,RPG,162,512,298685,570786492,29548187,600334679
2015-05-11,G,UG,902,5064,4608404,7894596967,642668089,8537265056
2015-05-11,G,Alumni,8,46,39632,0,0,0
2015-05-11,G,Others(HKUST),13,109,112727,8636970,5786020,14422990
2015-05-11,G,Non-HKUST,12,56,51999,0,0,0
2015-05-11,G,Total,1579,8788,7677863,15172484252,1677102609,16849586861
2015-05-11,LG1,Staff,80,437,388619,54605264,7058496,61663760
2015-05-11,LG1,TPG,503,7900,9269471,110547500157,62308160036,172855660193
2015-05-11,LG1,RPG,186,1693,2118808,11881190406,1230260522,13111450928
2015-05-11,LG1,UG,1367,16302,18452563,65543840719,9286266422,74830107141
2015-05-11,LG1,Alumni,16,102,153135,692189260,41485500,733674760
2015-05-11,LG1,Others(HKUST),10,120,497286,9492852029,676088194,10168940223
2015-05-11,LG1,Non-HKUST,20,160,81109,79135750,118277372,197413122
2015-05-11,LG1,Total,2182,26714,30960991,198291313585,73667596542,271958910127
2015-05-11,LG3,Staff,74,240,166615,4042084529,976449354,5018533883
2015-05-11,LG3,TPG,269,2378,2703209,8440200745,743784925,9183985670
2015-05-11,LG3,RPG,141,939,1027820,6511477515,951289910,7462767425
2015-05-11,LG3,UG,595,4005,3880946,8145851566,384680909,8530532475
2015-05-11,LG3,Alumni,8,78,48502,0,0,0
2015-05-11,LG3,Others(HKUST),6,65,97394,9461990342,649615390,10111605732
2015-05-11,LG3,Non-HKUST,17,161,187005,154318330,17195448,171513778
2015-05-11,LG3,Total,1110,7866,8111491,36755923027,3723015936,40478938963
2015-05-11,LG4,Staff,99,341,239776,2105882484,5713485942,7819368426
2015-05-11,LG4,TPG,298,4276,6250487,27823159261,5812018653,33635177914
2015-05-11,LG4,RPG,152,1068,1360311,3076044311,179308340,3255352651
2015-05-11,LG4,UG,744,7806,10110999,58836954471,5549024686,64385979157
2015-05-11,LG4,Alumni,11,144,156046,203769626,15583391,219353017
2015-05-11,LG4,Others(HKUST),11,137,208053,0,0,0
2015-05-11,LG4,Non-HKUST,14,109,189125,36245989,40335164,76581153
2015-05-11,LG4,Total,1329,13881,18514797,92082056142,17309756176,109391812318
2015-05-11,All-Floors,Staff,267,2319,2273505,17503387795,7188271293,24691659088
2015-05-11,All-Floors,TPG,678,19476,23845642,191675696162,84237906847,275913603009
2015-05-11,All-Floors,RPG,382,4523,5245633,28437348828,3186834304,31624183132
2015-05-11,All-Floors,UG,2043,38101,43634377,204926280731,28782280993,233708561724
2015-05-11,All-Floors,Alumni,25,377,399856,895958886,57068891,953027777
2015-05-11,All-Floors,Others(HKUST),27,517,1063253,18963975388,1331757751,20295733139
2015-05-11,All-Floors,Non-HKUST,39,521,553534,269700069,175807984,445508053
2015-05-11,All-Floors,Total,3461,65834,77015800,462672347859,124959928063,587632275922
2015-05-12,1,Staff,63,747,1055978,1887042801,327506891,2214549692
2015-05-12,1,TPG,146,2731,3831541,77116705899,19859732702,96976438601
2015-05-12,1,RPG,28,365,397403,445398582,29257468,474656050
2015-05-12,1,UG,415,5875,7954484,77059114260,8042998353,85102112613
2015-05-12,1,Alumni,1,4,9408,0,0,0
2015-05-12,1,Others(HKUST),8,104,107507,21122089,3154326,24276415
2015-05-12,1,Non-HKUST,7,49,54668,6662894,2762522,9425416
2015-05-12,1,Total,668,9875,13410989,156536046525,28265412262,184801458787
2015-05-12,G,Staff,134,641,618098,224655449,20712572,245368021
2015-05-12,G,TPG,362,2257,2022457,5950086535,9060142013,15010228548
2015-05-12,G,RPG,151,550,513711,575336812,17452587,592789399
2015-05-12,G,UG,889,5128,4835020,17158603142,1987953851,19146556993
2015-05-12,G,Alumni,11,62,130188,0,0,0
2015-05-12,G,Others(HKUST),12,193,211408,18116684,7321905,25438589
2015-05-12,G,Non-HKUST,13,40,9928,0,0,0
2015-05-12,G,Total,1572,8871,8340810,23926798622,11093582928,35020381550
2015-05-12,LG1,Staff,98,490,365658,2093619212,27596881489,29690500701
2015-05-12,LG1,TPG,514,8424,10416897,80400438991,35882223098,116282662089
2015-05-12,LG1,RPG,184,1657,1671995,5117508805,795709051,5913217856
2015-05-12,LG1,UG,1522,18171,20343569,117193925196,16686004924,133879930120
2015-05-12,LG1,Alumni,14,100,119108,651686974,63973375,715660349
2015-05-12,LG1,Others(HKUST),10,135,548811,21204538,16791033,37995571
2015-05-12,LG1,Non-HKUST,17,93,156977,211732259,53011219,264743478
2015-05-12,LG1,Total,2359,29070,33623015,205690115975,81094594189,286784710164
2015-05-12,LG3,Staff,76,307,293553,164945609,1785942990,1950888599
2015-05-12,LG3,TPG,268,2261,3012795,16857698026,3055152883,19912850909
2015-05-12,LG3,RPG,134,847,950885,6568128610,2463883773,9032012383
2015-05-12,LG3,UG,651,4393,4600559,14408944180,2312718867,16721663047
2015-05-12,LG3,Alumni,2,6,0,0,0,0
2015-05-12,LG3,Others(HKUST),9,54,113192,383976139,12083319,396059458
2015-05-12,LG3,Non-HKUST,13,194,232067,3028023,1983362,5011385
2015-05-12,LG3,Total,1153,8062,9203051,38386720587,9631765194,48018485781
2015-05-12,LG4,Staff,94,391,339065,229333462,33463102,262796564
2015-05-12,LG4,TPG,296,4487,6713138,19973307536,15747862142,35721169678
2015-05-12,LG4,RPG,168,1269,1590149,8317379313,735663938,9053043251
2015-05-12,LG4,UG,854,10410,13749731,53450927765,3553734150,57004661915
2015-05-12,LG4,Alumni,7,52,96605,1156709161,30888635,1187597796
2015-05-12,LG4,Others(HKUST),10,188,159824,72719718,6133989,78853707
2015-05-12,LG4,Non-HKUST,16,91,107334,204648,111095,315743
2015-05-12,LG4,Total,1445,16888,22755846,83200581603,20107857051,103308438654
2015-05-12,All-Floors,Staff,266,2576,2672352,4599596533,29764507044,34364103577
2015-05-12,All-Floors,TPG,687,20160,25996828,200298236987,83605112838,283903349825
2015-05-12,All-Floors,RPG,356,4688,5124143,21023752122,4041966817,25065718939
2015-05-12,All-Floors,UG,2173,43977,51483363,279271514543,32583410145,311854924688
2015-05-12,All-Floors,Alumni,21,224,355309,1808396135,94862010,1903258145
2015-05-12,All-Floors,Others(HKUST),25,674,1140742,517139168,45484572,562623740
2015-05-12,All-Floors,Non-HKUST,42,467,560974,221627824,57868198,279496022
2015-05-12,All-Floors,Total,3570,72766,87333711,507740263312,150193211624,657933474936
2015-05-13,1,Staff,73,783,992601,82488685421,1942496868,84431182289
2015-05-13,1,TPG,148,2446,3926276,72556559297,11842187217,84398746514
2015-05-13,1,RPG,37,385,465857,2893615505,736371447,3629986952
2015-05-13,1,UG,432,5838,8006273,67607603862,9530947113,77138550975
2015-05-13,1,Alumni,4,54,56750,7076222,1047678,8123900
2015-05-13,1,Others(HKUST),9,97,156223,5850073214,171667249,6021740463
2015-05-13,1,Non-HKUST,11,80,101008,611602058,104888304,716490362
2015-05-13,1,Total,714,9683,13704988,232015215579,24329605876,256344821455
2015-05-13,G,Staff,152,801,668087,1360906334,51812391,1412718725
2015-05-13,G,TPG,376,2238,2089447,5392253362,1201176123,6593429485
2015-05-13,G,RPG,139,611,642316,897090107,48245447,945335554
2015-05-13,G,UG,919,5024,4802359,5062319466,1613581512,6675900978
2015-05-13,G,Alumni,12,55,38134,42386,66056,108442
2015-05-13,G,Others(HKUST),20,102,190656,34577920,23161475,57739395
2015-05-13,G,Non-HKUST,10,50,37561,22144,43635,65779
2015-05-13,G,Total,1628,8881,8468560,12747211719,2938086639,15685298358
2015-05-13,LG1,Staff,100,598,476187,273469676,33583704,307053380
2015-05-13,LG1,TPG,534,8244,10640085,59634712378,17827961615,77462673993
2015-05-13,LG1,RPG,177,1657,2066369,6005167636,2508732591,8513900227
2015-05-13,LG1,UG,1501,17592,22177500,69957431704,8988019369,78945451073
2015-05-13,LG1,Alumni,11,136,176526,96453886,21464342,117918228
2015-05-13,LG1,Others(HKUST),16,140,550469,1248646010,53623849,1302269859
2015-05-13,LG1,Non-HKUST,30,128,209459,999096545,61951840,1061048385
2015-05-13,LG1,Total,2369,28495,36296595,138214977835,29495337310,167710315145
2015-05-13,LG3,Staff,67,222,78530,262225360,42535018,304760378
2015-05-13,LG3,TPG,303,3244,3917379,14145090936,1312431790,15457522726
2015-05-13,LG3,RPG,123,909,1181751,6395548479,874470889,7270019368
2015-05-13,LG3,UG,600,3654,4345742,19070153461,1312612169,20382765630
2015-05-13,LG3,Alumni,9,27,15506,0,0,0
2015-05-13,LG3,Others(HKUST),10,33,85476,764495392,23799416,788294808
2015-05-13,LG3,Non-HKUST,13,102,151819,910290,828078,1738368
2015-05-13,LG3,Total,1125,8191,9776203,40638423918,3566677360,44205101278
2015-05-13,LG4,Staff,100,471,375274,249161529,14526528,263688057
2015-05-13,LG4,TPG,321,5128,7714904,60525687816,8253378546,68779066362
2015-05-13,LG4,RPG,141,973,1267381,2575136481,347519485,2922655966
2015-05-13,LG4,UG,932,10377,15173402,69152851980,6414904029,75567756009
2015-05-13,LG4,Alumni,8,109,132208,53372420,8510834,61883254
2015-05-13,LG4,Others(HKUST),11,161,196945,7516308,674164,8190472
2015-05-13,LG4,Non-HKUST,16,136,227614,1473504381,84396272,1557900653
2015-05-13,LG4,Total,1529,17355,25087728,134037230915,15123909858,149161140773
2015-05-13,All-Floors,Staff,292,2875,2590679,84634448320,2084954509,86719402829
2015-05-13,All-Floors,TPG,714,21300,28288091,212254303789,40437135291,252691439080
2015-05-13,All-Floors,RPG,357,4535,5623674,18766558208,4515339859,23281898067
2015-05-13,All-Floors,UG,2190,42485,54505276,230850360473,27860064192,258710424665
2015-05-13,All-Floors,Alumni,24,381,419124,156944914,31088910,188033824
2015-05-13,All-Floors,Others(HKUST),32,533,1179769,7905308844,272926153,8178234997
2015-05-13,All-Floors,Non-HKUST,48,496,727461,3085135418,252108129,3337243547
2015-05-13,All-Floors,Total,3657,72605,93334074,557653059966,75453617043,633106677009
2015-05-14,1,Staff,66,689,1081323,2071945182,254676556,2326621738
2015-05-14,1,TPG,148,2416,4621179,62940172421,26335883036,89276055457
2015-05-14,1,RPG,33,305,420919,3109225411,280592817,3389818228
2015-05-14,1,UG,423,4928,8476024,57665455521,3109663757,60775119278
2015-05-14,1,Alumni,4,29,44488,21496402,913017,22409419
2015-05-14,1,Others(HKUST),8,111,200628,5590577046,167009666,5757586712
2015-05-14,1,Non-HKUST,5,26,32660,86128497,6194431,92322928
2015-05-14,1,Total,687,8504,14877221,131485000480,30154933280,161639933760
2015-05-14,G,Staff,110,573,559031,428248614,32234609,460483223
2015-05-14,G,TPG,337,1726,1820680,2765487569,224869019,2990356588
2015-05-14,G,RPG,134,609,595208,3634230216,197111670,3831341886
2015-05-14,G,UG,933,4920,5245058,11034092896,1920244988,12954337884
2015-05-14,G,Alumni,12,33,12144,0,0,0
2015-05-14,G,Others(HKUST),12,89,274127,561225,542010,1103235
2015-05-14,G,Non-HKUST,11,26,40268,162610320,59264100,221874420
2015-05-14,G,Total,1549,7976,8546516,18025230840,2434266396,20459497236
2015-05-14,LG1,Staff,80,288,341966,112794212,8241072,121035284
2015-05-14,LG1,TPG,495,7533,9501309,81291928591,17028973687,98320902278
2015-05-14,LG1,RPG,183,1793,1985825,21971487436,764820203,22736307639
2015-05-14,LG1,UG,1495,18642,23039223,104070958602,10155167323,114226125925
2015-05-14,LG1,Alumni,8,91,180810,0,0,0
2015-05-14,LG1,Others(HKUST),12,107,561856,22849152,18346096,41195248
2015-05-14,LG1,Non-HKUST,29,174,257741,39744968,5899347,45644315
2015-05-14,LG1,Total,2302,28628,35868730,207509762961,27981447728,235491210689
2015-05-14,LG3,Staff,68,186,158128,683944284,41509920,725454204
2015-05-14,LG3,TPG,263,2586,3315889,2099948134,2048066046,4148014180
2015-05-14,LG3,RPG,125,872,1204950,4300170147,259512626,4559682773
2015-05-14,LG3,UG,644,4151,4690630,41440887143,3009671679,44450558822
2015-05-14,LG3,Alumni,5,24,13794,0,0,0
2015-05-14,LG3,Others(HKUST),4,46,44409,0,0,0
2015-05-14,LG3,Non-HKUST,19,151,245189,555336120,53053895,608390015
2015-05-14,LG3,Total,1128,8016,9672989,49080285828,5411814166,54492099994
2015-05-14,LG4,Staff,89,359,349170,9081167349,3864585162,12945752511
2015-05-14,LG4,TPG,312,4451,6877522,23141819549,3324851582,26466671131
2015-05-14,LG4,RPG,146,1112,1425441,4425824170,285352424,4711176594
2015-05-14,LG4,UG,890,10630,14856217,40538547635,4561231608,45099779243
2015-05-14,LG4,Alumni,6,128,149099,2327170566,105511305,2432681871
2015-05-14,LG4,Others(HKUST),12,184,202318,5124507,8555108,13679615
2015-05-14,LG4,Non-HKUST,26,245,417286,2552465208,217739173,2770204381
2015-05-14,LG4,Total,1481,17109,24277053,82072118984,12367826362,94439945346
2015-05-14,All-Floors,Staff,253,2095,2489618,12378099641,4201247319,16579346960
2015-05-14,All-Floors,TPG,710,18712,26136579,172239356264,48962643370,221201999634
2015-05-14,All-Floors,RPG,339,4691,5632343,37440937380,1787389740,39228327120
2015-05-14,All-Floors,UG,2209,43271,56307152,254749941797,22755979355,277505921152
2015-05-14,All-Floors,Alumni,18,305,400335,2348666968,106424322,2455091290
2015-05-14,All-Floors,Others(HKUST),26,537,1283338,5619111930,194452880,5813564810
2015-05-14,All-Floors,Non-HKUST,58,622,993144,3396285113,342150946,3738436059
2015-05-14,All-Floors,Total,3613,70233,93242509,488172399093,78350287932,566522687025
2015-05-15,1,Staff,59,413,1238047,36345752,281810969,318156721
2015-05-15,1,TPG,112,1330,4033535,6792559605,15147706412,21940266017
2015-05-15,1,RPG,26,232,591911,477064067,3106638482,3583702549
2015-05-15,1,UG,358,3050,8453631,3953524014,37934494243,41888018257
2015-05-15,1,Alumni,2,10,10131,0,0,0
2015-05-15,1,Others(HKUST),8,65,212857,342965,371770,714735
2015-05-15,1,Non-HKUST,6,12,63428,1399103963,1152656236,2551760199
2015-05-15,1,Total,571,5112,14603540,12658940366,57623678112,70282618478
2015-05-15,G,Staff,84,303,636743,200138,670672,870810
2015-05-15,G,TPG,244,1070,2200329,351351127,4396229545,4747580672
2015-05-15,G,RPG,84,292,754126,82650833,1527185249,1609836082
2015-05-15,G,UG,673,2584,5157755,6712373159,12476815109,19189188268
2015-05-15,G,Alumni,11,39,57023,0,0,0
2015-05-15,G,Others(HKUST),9,77,95131,7658455,61562451,69220906
2015-05-15,G,Non-HKUST,17,35,76028,0,0,0
2015-05-15,G,Total,1122,4400,8977135,7154233712,18462463026,25616696738
2015-05-15,LG1,Staff,62,189,356332,660658172,1749962263,2410620435
2015-05-15,LG1,TPG,427,4593,10227037,7498056330,7817562016,15315618346
2015-05-15,LG1,RPG,138,977,1840439,186326110,2982189353,3168515463
2015-05-15,LG1,UG,1259,10179,23334973,4721242943,41263108517,45984351460
2015-05-15,LG1,Alumni,13,95,227083,0,0,0
2015-05-15,LG1,Others(HKUST),13,103,370705,273255,303490,576745
2015-05-15,LG1,Non-HKUST,17,61,166427,7483946,229536755,237020701
2015-05-15,LG1,Total,1929,16197,36522996,13074040756,54042662394,67116703150
2015-05-15,LG3,Staff,45,89,136808,46505013,440070889,486575902
2015-05-15,LG3,TPG,207,1553,3451765,2050460945,20530317307,22580778252
2015-05-15,LG3,RPG,95,597,1306260,135220300,2793848094,2929068394
2015-05-15,LG3,UG,448,2356,5567191,883716414,11870637188,12754353602
2015-05-15,LG3,Alumni,8,41,64504,12392940,457371,12850311
2015-05-15,LG3,Others(HKUST),4,10,25520,0,0,0
2015-05-15,LG3,Non-HKUST,14,97,209653,0,0,0
2015-05-15,LG3,Total,821,4743,10761701,3128295612,35635330849,38763626461
2015-05-15,LG4,Staff,64,167,308378,6246380,55557060,61803440
2015-05-15,LG4,TPG,248,3062,7975570,1702488316,19113985802,20816474118
2015-05-15,LG4,RPG,101,623,1503574,662238500,3052047152,3714285652
2015-05-15,LG4,UG,679,6180,14207328,4283348899,28511601769,32794950668
2015-05-15,LG4,Alumni,8,155,320495,434086,1707919,2142005
2015-05-15,LG4,Others(HKUST),11,102,206879,1367699,27391778,28759477
2015-05-15,LG4,Non-HKUST,20,131,449970,10298116,27582330,37880446
2015-05-15,LG4,Total,1131,10420,24972194,6666421996,50789873810,57456295806
2015-05-15,All-Floors,Staff,193,1161,2676308,749955455,2528071853,3278027308
2015-05-15,All-Floors,TPG,650,11608,27888236,18394916323,67005801082,85400717405
2015-05-15,All-Floors,RPG,272,2721,5996310,1543499810,13461908330,15005408140
2015-05-15,All-Floors,UG,2012,24349,56720878,20554205429,132056656826,152610862255
2015-05-15,All-Floors,Alumni,25,340,679236,12827026,2165290,14992316
2015-05-15,All-Floors,Others(HKUST),21,357,911092,9642374,89629489,99271863
2015-05-15,All-Floors,Non-HKUST,46,336,965506,1416886025,1409775321,2826661346
2015-05-15,All-Floors,Total,3219,40872,95837566,42681932442,216554008191,259235940633
2015-05-16,1,Staff,15,85,267004,1662992,24058921,25721913
2015-05-16,1,TPG,114,1364,4240518,14710459532,28902626549,43613086081
2015-05-16,1,RPG,20,124,401108,952213453,949606738,1901820191
2015-05-16,1,UG,220,2407,7128296,8375277259,35108663807,43483941066
2015-05-16,1,Alumni,6,51,100165,113464063,3069051836,3182515899
2015-05-16,1,Others(HKUST),4,64,186750,5915413,87239590,93155003
2015-05-16,1,Non-HKUST,5,24,91115,7860971,18980882,26841853
2015-05-16,1,Total,384,4119,12414956,24166853683,68160228323,92327082006
2015-05-16,G,Staff,33,132,383591,1698283,28510215,30208498
2015-05-16,G,TPG,277,1223,2545325,400680013,5498409118,5899089131
2015-05-16,G,RPG,69,243,671652,231417966,2215331339,2446749305
2015-05-16,G,UG,442,1744,3880562,3537109569,6281479683,9818589252
2015-05-16,G,Alumni,23,56,71637,0,0,0
2015-05-16,G,Others(HKUST),8,58,133649,0,0,0
2015-05-16,G,Non-HKUST,7,31,73026,0,0,0
2015-05-16,G,Total,859,3487,7759442,4170905831,14023730355,18194636186
2015-05-16,LG1,Staff,27,78,144202,0,0,0
2015-05-16,LG1,TPG,464,4745,12030882,9192158440,96278398732,105470557172
2015-05-16,LG1,RPG,116,884,1993975,1594305946,12106589941,13700895887
2015-05-16,LG1,UG,909,8920,20358135,13365107018,48142613972,61507720990
2015-05-16,LG1,Alumni,19,156,286856,58536155,377339202,435875357
2015-05-16,LG1,Others(HKUST),7,76,174821,28780,47291,76071
2015-05-16,LG1,Non-HKUST,24,140,212809,653126,1816855,2469981
2015-05-16,LG1,Total,1566,14999,35201680,24210789465,156906805993,181117595458
2015-05-16,LG3,Staff,17,56,99286,317953,7844040,8161993
2015-05-16,LG3,TPG,200,1491,3520318,487546293,1827740650,2315286943
2015-05-16,LG3,RPG,59,446,1119680,239013280,1087063847,1326077127
2015-05-16,LG3,UG,304,1745,4287667,420597059,8451720037,8872317096
2015-05-16,LG3,Alumni,12,58,192035,23350,38969,62319
2015-05-16,LG3,Others(HKUST),3,17,48855,366861187,2487993889,2854855076
2015-05-16,LG3,Non-HKUST,15,84,189911,19764693,254029362,273794055
2015-05-16,LG3,Total,610,3897,9457752,1534123815,14116430794,15650554609
2015-05-16,LG4,Staff,17,46,121621,43700,100812,144512
2015-05-16,LG4,TPG,254,2879,8094033,1944934014,6860844033,8805778047
2015-05-16,LG4,RPG,74,384,1033673,216400501,1672466883,1888867384
2015-05-16,LG4,UG,421,3787,10438709,4987766790,18333113190,23320879980
2015-05-16,LG4,Alumni,20,256,529220,11973503,23222908,35196411
2015-05-16,LG4,Others(HKUST),9,131,363730,953794,3987481,4941275
2015-05-16,LG4,Non-HKUST,18,103,271359,0,0,0
2015-05-16,LG4,Total,813,7586,20852345,7162072302,26893735307,34055807609
2015-05-16,All-Floors,Staff,69,397,1015704,3722928,60513988,64236916
2015-05-16,All-Floors,TPG,698,11702,30431076,26735778292,139368019082,166103797374
2015-05-16,All-Floors,RPG,221,2081,5220088,3233351146,18031058748,21264409894
2015-05-16,All-Floors,UG,1370,18603,46093369,30685857695,116317590689,147003448384
2015-05-16,All-Floors,Alumni,44,577,1179913,183997071,3469652915,3653649986
2015-05-16,All-Floors,Others(HKUST),16,346,907805,373759174,2579268251,2953027425
2015-05-16,All-Floors,Non-HKUST,48,382,838220,28278790,274827099,303105889
2015-05-16,All-Floors,Total,2466,34088,85686175,61244745096,280100930772,341345675868
2015-05-17,1,Staff,8,85,248317,6340291,9011602,15351893
2015-05-17,1,TPG,113,1300,4245088,9367095723,13677560383,23044656106
2015-05-17,1,RPG,22,171,442718,261811527,740960116,1002771643
2015-05-17,1,UG,272,2774,8308082,2808455672,18002890911,20811346583
2015-05-17,1,Alumni,1,26,79780,0,0,0
2015-05-17,1,Others(HKUST),3,45,135771,86737,146045,232782
2015-05-17,1,Non-HKUST,7,25,100511,26955419,401409934,428365353
2015-05-17,1,Total,426,4426,13560267,12470745369,32831978991,45302724360
2015-05-17,G,Staff,20,90,186123,54561,74083,128644
2015-05-17,G,TPG,228,1004,2603819,43505520,722629992,766135512
2015-05-17,G,RPG,66,244,466955,888363562,365344621,1253708183
2015-05-17,G,UG,484,2127,5621828,1270345231,7939676372,9210021603
2015-05-17,G,Alumni,16,46,112266,2413548,22972142,25385690
2015-05-17,G,Others(HKUST),7,20,87076,2625,6393,9018
2015-05-17,G,Non-HKUST,11,32,40558,10347,24495,34842
2015-05-17,G,Total,832,3563,9118625,2204695394,9050728098,11255423492
2015-05-17,LG1,Staff,17,67,143198,478589,11926944,12405533
2015-05-17,LG1,TPG,440,4792,11724144,5701383397,43976211858,49677595255
2015-05-17,LG1,RPG,121,911,2055928,920488689,4764919711,5685408400
2015-05-17,LG1,UG,1121,9515,23606205,9691254613,55127005810,64818260423
2015-05-17,LG1,Alumni,15,85,199676,54795489,3967935390,4022730879
2015-05-17,LG1,Others(HKUST),8,77,275931,1256596,9755462,11012058
2015-05-17,LG1,Non-HKUST,32,128,276104,37186579,456181289,493367868
2015-05-17,LG1,Total,1754,15575,38281186,16406843952,108313936464,124720780416
2015-05-17,LG3,Staff,6,45,79364,0,0,0
2015-05-17,LG3,TPG,199,1397,3507642,524141733,2161205497,2685347230
2015-05-17,LG3,RPG,70,349,1105426,674282575,2756286621,3430569196
2015-05-17,LG3,UG,412,2175,5068152,2334910952,19176004942,21510915894
2015-05-17,LG3,Alumni,15,83,177499,0,0,0
2015-05-17,LG3,Others(HKUST),1,1,1216,0,0,0
2015-05-17,LG3,Non-HKUST,17,136,248032,16487219,131501038,147988257
2015-05-17,LG3,Total,720,4186,10187331,3549822479,24224998098,27774820577
2015-05-17,LG4,Staff,16,67,165323,454350,3149835,3604185
2015-05-17,LG4,TPG,268,3028,9232511,6402683919,15387271340,21789955259
2015-05-17,LG4,RPG,73,461,1188359,93454939,1627940785,1721395724
2015-05-17,LG4,UG,621,5040,14699188,3520402767,16557430784,20077833551
2015-05-17,LG4,Alumni,22,161,401148,7746360,97716518,105462878
2015-05-17,LG4,Others(HKUST),5,51,183431,17489,16763,34252
2015-05-17,LG4,Non-HKUST,21,153,463822,10157097,247635775,257792872
2015-05-17,LG4,Total,1026,8961,26333782,10034916921,33921161800,43956078721
2015-05-17,All-Floors,Staff,47,354,822325,7327791,24162464,31490255
2015-05-17,All-Floors,TPG,632,11521,31313204,22038810292,75924879070,97963689362
2015-05-17,All-Floors,RPG,225,2136,5259386,2838401292,10255451854,13093853146
2015-05-17,All-Floors,UG,1639,21631,57303455,19625369235,116803008819,136428378054
2015-05-17,All-Floors,Alumni,38,401,970369,64955397,4088624050,4153579447
2015-05-17,All-Floors,Others(HKUST),15,194,683425,1363447,9924663,11288110
2015-05-17,All-Floors,Non-HKUST,56,474,1129027,90796661,1236752531,1327549192
2015-05-17,All-Floors,Total,2652,36711,97481191,44667024115,208342803451,253009827566
2015-05-18,1,Staff,61,411,1074231,44379175,480078964,524458139
2015-05-18,1,TPG,154,1730,4787349,7436606139,45666601556,53103207695
2015-05-18,1,RPG,31,179,513459,364721238,3772480637,4137201875
2015-05-18,1,UG,462,3761,10092528,10192400462,89326942439,99519342901
2015-05-18,1,Alumni,5,11,43801,36771,89228,125999
2015-05-18,1,Others(HKUST),7,59,162357,150666039,1980959723,2131625762
2015-05-18,1,Non-HKUST,11,36,115019,4205539,21265279,25470818
2015-05-18,1,Total,731,6187,16788744,18193015363,141248417826,159441433189
2015-05-18,G,Staff,91,365,647913,8249627,81766989,90016616
2015-05-18,G,TPG,314,1450,3126815,1803260248,12487944857,14291205105
2015-05-18,G,RPG,89,339,675904,192453777,2238484788,2430938565
2015-05-18,G,UG,1050,3859,7410455,953463670,6043192034,6996655704
2015-05-18,G,Alumni,7,26,40248,0,0,0
2015-05-18,G,Others(HKUST),12,82,162672,0,0,0
2015-05-18,G,Non-HKUST,6,8,11976,0,0,0
2015-05-18,G,Total,1569,6129,12075983,2957427322,20851388668,23808815990
2015-05-18,LG1,Staff,80,234,379903,20892748,609209507,630102255
2015-05-18,LG1,TPG,495,4274,9553457,13362198070,37011196053,50373394123
2015-05-18,LG1,RPG,147,895,1896683,740259516,10131444411,10871703927
2015-05-18,LG1,UG,1786,13373,28271385,6674595227,67091139772,73765734999
2015-05-18,LG1,Alumni,16,97,220986,125752548,2680145793,2805898341
2015-05-18,LG1,Others(HKUST),9,67,322460,13319450,29120786,42440236
2015-05-18,LG1,Non-HKUST,25,83,209029,123122231,3986817522,4109939753
2015-05-18,LG1,Total,2558,19023,40853903,21060139790,121539073844,142599213634
2015-05-18,LG3,Staff,48,102,167120,4423742,128152571,132576313
2015-05-18,LG3,TPG,280,2006,4565597,731811917,5377512747,6109324664
2015-05-18,LG3,RPG,110,699,1633865,427572373,2956916826,3384489199
2015-05-18,LG3,UG,759,3228,6481908,1235935097,16216903710,17452838807
2015-05-18,LG3,Alumni,6,25,69115,0,0,0
2015-05-18,LG3,Others(HKUST),6,13,26839,36885718,91824515,128710233
2015-05-18,LG3,Non-HKUST,15,94,152697,288166567,652679987,940846554
2015-05-18,LG3,Total,1224,6167,13097141,2724795414,25423990356,28148785770
2015-05-18,LG4,Staff,65,220,398994,1065430,17486614,18552044
2015-05-18,LG4,TPG,351,3821,10068543,6196624956,27916882377,34113507333
2015-05-18,LG4,RPG,103,765,1834187,583658665,7529346152,8113004817
2015-05-18,LG4,UG,1165,8826,20356607,3756525371,35412491082,39169016453
2015-05-18,LG4,Alumni,13,94,294076,36354039,829307733,865661772
2015-05-18,LG4,Others(HKUST),8,120,238558,2255464,27819583,30075047
2015-05-18,LG4,Non-HKUST,31,108,238193,9196099,188969189,198165288
2015-05-18,LG4,Total,1736,13954,33429158,10585680024,71922302730,82507982754
2015-05-18,All-Floors,Staff,217,1332,2668161,79010722,1316694645,1395705367
2015-05-18,All-Floors,TPG,795,13281,32101761,29530501330,128460137590,157990638920
2015-05-18,All-Floors,RPG,304,2877,6554098,2308665569,26628672814,28937338383
2015-05-18,All-Floors,UG,2979,33047,72612883,22812919827,214090669037,236903588864
2015-05-18,All-Floors,Alumni,28,253,668226,162143358,3509542754,3671686112
2015-05-18,All-Floors,Others(HKUST),21,341,912886,203126671,2129724607,2332851278
2015-05-18,All-Floors,Non-HKUST,64,329,726914,424690436,4849731977,5274422413
2015-05-18,All-Floors,Total,4408,51460,116244929,55521057913,380985173424,436506231337
2015-05-19,1,Staff,56,403,1088700,26623468,397663926,424287394
2015-05-19,1,TPG,145,1803,4859146,9039516010,46052809337,55092325347
2015-05-19,1,RPG,25,196,508073,563508140,3900811333,4464319473
2015-05-19,1,UG,480,4304,11489067,5850000668,87503357445,93353358113
2015-05-19,1,Alumni,4,26,55752,219979111,1431031492,1651010603
2015-05-19,1,Others(HKUST),5,49,134349,63657679,5700747,69358426
2015-05-19,1,Non-HKUST,10,36,114335,23092785,291628653,314721438
2015-05-19,1,Total,725,6817,18249422,15786377861,139583002933,155369380794
2015-05-19,G,Staff,86,346,710367,77207497,136268992,213476489
2015-05-19,G,TPG,288,1512,3019936,4218233462,7883904095,12102137557
2015-05-19,G,RPG,103,394,745300,72119478,1205352785,1277472263
2015-05-19,G,UG,957,3594,6769452,1513258656,14972572498,16485831154
2015-05-19,G,Alumni,10,27,21780,8681,19093,27774
2015-05-19,G,Others(HKUST),12,47,69211,6463,6418,12881
2015-05-19,G,Non-HKUST,14,31,34755,0,0,0
2015-05-19,G,Total,1470,5951,11370801,5880834237,24198123881,30078958118
2015-05-19,LG1,Staff,73,209,433960,214856366,6572187208,6787043574
2015-05-19,LG1,TPG,519,4957,10498804,7408944240,56775132726,64184076966
2015-05-19,LG1,RPG,158,966,2348431,861994619,8662173977,9524168596
2015-05-19,LG1,UG,1734,13562,29509514,11753122250,142931766810,154684889060
2015-05-19,LG1,Alumni,12,70,222468,70172014,2909550816,2979722830
2015-05-19,LG1,Others(HKUST),9,102,306947,7735697,8896962,16632659
2015-05-19,LG1,Non-HKUST,31,99,241243,7831391,105421976,113253367
2015-05-19,LG1,Total,2536,19965,43561367,20324656577,217965130475,238289787052
2015-05-19,LG3,Staff,47,133,170165,1941270,6122185,8063455
2015-05-19,LG3,TPG,264,1722,4309265,719811880,5602030024,6321841904
2015-05-19,LG3,RPG,109,560,1220764,1095760848,29375107854,30470868702
2015-05-19,LG3,UG,757,3502,7755610,837562732,13992700931,14830263663
2015-05-19,LG3,Alumni,6,36,94040,1667744,9704269,11372013
2015-05-19,LG3,Others(HKUST),10,27,70654,204287036,2081993270,2286280306
2015-05-19,LG3,Non-HKUST,9,39,70099,138446,83740,222186
2015-05-19,LG3,Total,1202,6019,13690597,2861169956,51067742273,53928912229
2015-05-19,LG4,Staff,73,185,351699,3210003,22275073,25485076
2015-05-19,LG4,TPG,329,3671,10726621,10093151651,21644791494,31737943145
2015-05-19,LG4,RPG,111,744,1785790,91009784,2112486372,2203496156
2015-05-19,LG4,UG,1091,10085,24821294,3023260913,31777160280,34800421193
2015-05-19,LG4,Alumni,6,73,166999,46231,83033,129264
2015-05-19,LG4,Others(HKUST),5,104,204184,45614979,218403604,264018583
2015-05-19,LG4,Non-HKUST,20,119,216089,1723449,4662613,6386062
2015-05-19,LG4,Total,1635,14981,38272676,13258017010,55779862469,69037879479
2015-05-19,All-Floors,Staff,219,1276,2754891,323838604,7134517384,7458355988
2015-05-19,All-Floors,TPG,758,13665,33413772,31479657243,137958667676,169438324919
2015-05-19,All-Floors,RPG,321,2860,6608358,2684392869,45255932321,47940325190
2015-05-19,All-Floors,UG,2848,35047,80344937,22977205219,291177557964,314154763183
2015-05-19,All-Floors,Alumni,23,232,561039,291873781,4350388703,4642262484
2015-05-19,All-Floors,Others(HKUST),21,329,785345,321301854,2315001001,2636302855
2015-05-19,All-Floors,Non-HKUST,56,324,676521,32786071,401796982,434583053
2015-05-19,All-Floors,Total,4246,53733,125144863,58111055641,488593862031,546704917672
2015-05-20,1,Staff,63,428,1109957,1410527813,467010731,1877538544
2015-05-20,1,TPG,138,1542,4266103,3118065339,18537735804,21655801143
2015-05-20,1,RPG,21,112,249562,810487105,3361417538,4171904643
2015-05-20,1,UG,499,4437,11989348,9106611321,70689734209,79796345530
2015-05-20,1,Alumni,4,12,10802,563752,10051369,10615121
2015-05-20,1,Others(HKUST),5,17,76538,3633976,10451013,14084989
2015-05-20,1,Non-HKUST,9,35,78310,146672857,309101018,455773875
2015-05-20,1,Total,739,6583,17780620,14596562163,93385501682,107982063845
2015-05-20,G,Staff,87,325,762628,28762819,38149975,66912794
2015-05-20,G,TPG,313,1528,2759737,3419955797,5174023720,8593979517
2015-05-20,G,RPG,94,352,759420,1126715568,1249257773,2375973341
2015-05-20,G,UG,943,3534,6855253,1713169705,17554996317,19268166022
2015-05-20,G,Alumni,10,28,60095,5923230,76328889,82252119
2015-05-20,G,Others(HKUST),10,57,84260,2125127,31788051,33913178
2015-05-20,G,Non-HKUST,8,18,18713,0,0,0
2015-05-20,G,Total,1465,5842,11300106,6296652246,24124544725,30421196971
2015-05-20,LG1,Staff,82,232,398153,27600856,432278811,459879667
2015-05-20,LG1,TPG,517,4725,10240672,6692574906,35578812796,42271387702
2015-05-20,LG1,RPG,140,971,2119693,1173024545,12753934194,13926958739
2015-05-20,LG1,UG,1741,13822,31818925,24926465605,118224132315,143150597920
2015-05-20,LG1,Alumni,11,67,151635,0,0,0
2015-05-20,LG1,Others(HKUST),10,52,237069,0,0,0
2015-05-20,LG1,Non-HKUST,24,87,205910,5323677,52608880,57932557
2015-05-20,LG1,Total,2525,19956,45172057,32824989589,167041766996,199866756585
2015-05-20,LG3,Staff,66,157,224526,2804032093,3980608108,6784640201
2015-05-20,LG3,TPG,246,1616,4195613,1972800829,10310629937,12283430766
2015-05-20,LG3,RPG,92,429,982847,208748613,2176378933,2385127546
2015-05-20,LG3,UG,769,3393,7136871,6618259686,16024302162,22642561848
2015-05-20,LG3,Alumni,9,62,178600,5040034,39271682,44311716
2015-05-20,LG3,Others(HKUST),4,19,41588,44268,76337,120605
2015-05-20,LG3,Non-HKUST,16,124,352256,27911507,525343698,553255205
2015-05-20,LG3,Total,1202,5800,13112301,11636837030,33056610857,44693447887
2015-05-20,LG4,Staff,70,209,333283,7220739,155640751,162861490
2015-05-20,LG4,TPG,368,3710,10978331,1713701514,17393552766,19107254280
2015-05-20,LG4,RPG,121,687,1970109,967632858,4831152108,5798784966
2015-05-20,LG4,UG,1144,8631,22595460,3714552420,28906101272,32620653692
2015-05-20,LG4,Alumni,5,53,142034,0,0,0
2015-05-20,LG4,Others(HKUST),7,102,194572,211109708,3725591547,3936701255
2015-05-20,LG4,Non-HKUST,23,110,470355,125565,1351495,1477060
2015-05-20,LG4,Total,1738,13502,36684144,6614342804,55013389939,61627732743
2015-05-20,All-Floors,Staff,249,1351,2828547,4278144320,5073688376,9351832696
2015-05-20,All-Floors,TPG,788,13121,32440456,16917098385,86994755023,103911853408
2015-05-20,All-Floors,RPG,294,2551,6081631,4286608689,24372140546,28658749235
2015-05-20,All-Floors,UG,2942,33817,80395857,46079058737,251399266275,297478325012
2015-05-20,All-Floors,Alumni,21,222,543166,11527016,125651940,137178956
2015-05-20,All-Floors,Others(HKUST),22,247,634027,216913079,3767906948,3984820027
2015-05-20,All-Floors,Non-HKUST,58,374,1125544,180033606,888405091,1068438697
2015-05-20,All-Floors,Total,4374,51683,124049228,71969383832,372621814199,444591198031
2015-05-21,1,Staff,55,390,1047036,153463410,820435979,973899389
2015-05-21,1,TPG,149,1775,5328276,8147969470,25666804349,33814773819
2015-05-21,1,RPG,19,82,222062,142971095,2968111305,3111082400
2015-05-21,1,UG,405,3749,10289438,12315952921,75532210075,87848162996
2015-05-21,1,Alumni,5,29,141130,1581987,17284815,18866802
2015-05-21,1,Others(HKUST),5,16,80874,74292092,41818279,116110371
2015-05-21,1,Non-HKUST,6,17,39655,109984368,1559521108,1669505476
2015-05-21,1,Total,644,6058,17148471,20946215343,106606185910,127552401253
2015-05-21,G,Staff,80,299,751027,16922959,344744766,361667725
2015-05-21,G,TPG,297,1290,2704358,3730127833,9702844669,13432972502
2015-05-21,G,RPG,85,272,480455,34044875,282734524,316779399
2015-05-21,G,UG,841,3270,6264496,1365729420,14143300611,15509030031
2015-05-21,G,Alumni,7,17,23177,0,0,0
2015-05-21,G,Others(HKUST),14,79,177544,3500772,36168234,39669006
2015-05-21,G,Non-HKUST,9,19,16207,11860,35814,47674
2015-05-21,G,Total,1333,5246,10417264,5150337719,24509828618,29660166337
2015-05-21,LG1,Staff,62,173,276299,1722629,25765265,27487894
2015-05-21,LG1,TPG,457,4259,9509525,13747097889,27515011216,41262109105
2015-05-21,LG1,RPG,104,629,1659671,259320892,1971645535,2230966427
2015-05-21,LG1,UG,1679,13176,28910364,7161375106,77102388976,84263764082
2015-05-21,LG1,Alumni,9,82,178549,1173523,9420046,10593569
2015-05-21,LG1,Others(HKUST),9,63,196263,382846,667631,1050477
2015-05-21,LG1,Non-HKUST,29,94,199558,0,0,0
2015-05-21,LG1,Total,2349,18476,40930229,21171072885,106624898669,127795971554
2015-05-21,LG3,Staff,66,168,239224,7008392,21967463,28975855
2015-05-21,LG3,TPG,214,1380,3502722,8176859663,37465129810,45641989473
2015-05-21,LG3,RPG,87,382,829090,405090967,1854924277,2260015244
2015-05-21,LG3,UG,741,3390,7242987,2591008985,14550721384,17141730369
2015-05-21,LG3,Alumni,5,24,92279,142819073,3054687712,3197506785
2015-05-21,LG3,Others(HKUST),5,27,78602,0,0,0
2015-05-21,LG3,Non-HKUST,16,85,194407,122910,241228,364138
2015-05-21,LG3,Total,1134,5456,12179311,11322909990,56947671874,68270581864
2015-05-21,LG4,Staff,66,206,386793,2796610,38280742,41077352
2015-05-21,LG4,TPG,292,3051,9002857,1412962285,12300443045,13713405330
2015-05-21,LG4,RPG,100,493,1149797,347831411,2891529410,3239360821
2015-05-21,LG4,UG,1000,7701,19808791,3295415655,24396971118,27692386773
2015-05-21,LG4,Alumni,7,66,110031,51825726,203040947,254866673
2015-05-21,LG4,Others(HKUST),7,77,182183,11661374,304048743,315710117
2015-05-21,LG4,Non-HKUST,13,78,247273,1546623,2779012,4325635
2015-05-21,LG4,Total,1485,11672,30887725,5124039684,40137093017,45261132701
2015-05-21,All-Floors,Staff,207,1236,2700379,181914000,1251194215,1433108215
2015-05-21,All-Floors,TPG,718,11755,30047738,35215017140,112650233089,147865250229
2015-05-21,All-Floors,RPG,257,1858,4341075,1189259240,9968945051,11158204291
2015-05-21,All-Floors,UG,2742,31286,72516076,26729482087,205725592164,232455074251
2015-05-21,All-Floors,Alumni,19,218,545166,197400309,3284433520,3481833829
2015-05-21,All-Floors,Others(HKUST),24,262,715466,89837084,382702887,472539971
2015-05-21,All-Floors,Non-HKUST,53,293,697100,111665761,1562577162,1674242923
2015-05-21,All-Floors,Total,4020,46908,111563000,63714575621,334825678088,398540253709
2015-05-22,1,Staff,50,348,1009162,234481164,5737946787,5972427951
2015-05-22,1,TPG,139,1647,4918732,11117690206,43121474381,54239164587
2015-05-22,1,RPG,17,118,319010,180186807,2786489672,2966676479
2015-05-22,1,UG,361,3182,9242270,4972446491,54101783869,59074230360
2015-05-22,1,Alumni,3,32,141616,33574221,702739302,736313523
2015-05-22,1,Others(HKUST),6,32,60885,4525939,11756206,16282145
2015-05-22,1,Non-HKUST,6,11,36817,2138100271,2270342145,4408442416
2015-05-22,1,Total,582,5370,15728492,18681005099,108732532362,127413537461
2015-05-22,G,Staff,83,290,686492,1819568,11783705,13603273
2015-05-22,G,TPG,304,1346,2874288,443877737,6790744171,7234621908
2015-05-22,G,RPG,76,351,611711,302930374,266978934,569909308
2015-05-22,G,UG,803,3062,6284012,932820564,6756051704,7688872268
2015-05-22,G,Alumni,9,24,46556,3021698,30992385,34014083
2015-05-22,G,Others(HKUST),9,81,161111,2754526,11393354,14147880
2015-05-22,G,Non-HKUST,11,24,58325,0,0,0
2015-05-22,G,Total,1295,5178,10722495,1687224467,13867944253,15555168720
2015-05-22,LG1,Staff,51,167,229307,79795372,283961864,363757236
2015-05-22,LG1,TPG,501,4923,10651836,8490960502,21582076737,30073037239
2015-05-22,LG1,RPG,117,682,1415217,131004135,2380023414,2511027549
2015-05-22,LG1,UG,1538,12425,26175365,16215555385,74457806559,90673361944
2015-05-22,LG1,Alumni,10,114,197176,1640405,17656156,19296561
2015-05-22,LG1,Others(HKUST),10,28,183763,3209420,21596982,24806402
2015-05-22,LG1,Non-HKUST,22,70,116091,13340540,135592140,148932680
2015-05-22,LG1,Total,2249,18409,38968755,24935505759,98878713852,123814219611
2015-05-22,LG3,Staff,57,137,238077,2150255,20969710,23119965
2015-05-22,LG3,TPG,216,1449,3575493,1148499112,3081607848,4230106960
2015-05-22,LG3,RPG,58,297,750431,562373640,6690495943,7252869583
2015-05-22,LG3,UG,638,2748,5597040,2858337265,10806451307,13664788572
2015-05-22,LG3,Alumni,8,18,53801,593498,5637453,6230951
2015-05-22,LG3,Others(HKUST),6,22,77957,415333,4667733,5083066
2015-05-22,LG3,Non-HKUST,8,33,58450,2156,5113,7269
2015-05-22,LG3,Total,991,4704,10351249,4572371259,20609835107,25182206366
2015-05-22,LG4,Staff,56,150,323620,26876992,296858203,323735195
2015-05-22,LG4,TPG,279,3083,8530291,1656835548,11639868964,13296704512
2015-05-22,LG4,RPG,77,354,833091,897453737,1200650351,2098104088
2015-05-22,LG4,UG,919,7767,18073381,3019205616,24770143773,27789349389
2015-05-22,LG4,Alumni,7,30,116584,2260165,38380533,40640698
2015-05-22,LG4,Others(HKUST),9,102,305276,3244250,4337770,7582020
2015-05-22,LG4,Non-HKUST,20,144,341644,7322928,70862093,78185021
2015-05-22,LG4,Total,1367,11630,28523887,5613199236,38021101687,43634300923
2015-05-22,All-Floors,Staff,204,1092,2486658,345123351,6351520269,6696643620
2015-05-22,All-Floors,TPG,734,12448,30550640,22857863105,86215772101,109073635206
2015-05-22,All-Floors,RPG,240,1802,3929460,2073948693,13324638314,15398587007
2015-05-22,All-Floors,UG,2589,29184,65372068,27998365321,170892237212,198890602533
2015-05-22,All-Floors,Alumni,20,218,555733,41089987,795405829,836495816
2015-05-22,All-Floors,Others(HKUST),25,265,788992,14149468,53752045,67901513
2015-05-22,All-Floors,Non-HKUST,44,282,611327,2158765895,2476801491,4635567386
2015-05-22,All-Floors,Total,3856,45291,104294878,55489305820,280110127261,335599433081
2015-05-23,1,Staff,12,86,237523,2217682,6345207,8562889
2015-05-23,1,TPG,135,1523,3939214,7101554717,50766344926,57867899643
2015-05-23,1,RPG,17,122,315224,35593130,535630320,571223450
2015-05-23,1,UG,274,2445,6055757,1838076675,15769006867,17607083542
2015-05-23,1,Alumni,5,65,181518,36024910,445979767,482004677
2015-05-23,1,Others(HKUST),3,20,38091,0,0,0
2015-05-23,1,Non-HKUST,6,11,23188,5210961,12956381,18167342
2015-05-23,1,Total,452,4272,10790515,9018678075,67536263468,76554941543
2015-05-23,G,Staff,21,92,159635,1565112,6126427,7691539
2015-05-23,G,TPG,238,1128,1908677,45441263,750465869,795907132
2015-05-23,G,RPG,56,203,438528,619350400,1437732892,2057083292
2015-05-23,G,UG,662,2564,4456204,881119686,10317542982,11198662668
2015-05-23,G,Alumni,15,31,28535,104871,72248,177119
2015-05-23,G,Others(HKUST),10,48,81569,41875,59969,101844
2015-05-23,G,Non-HKUST,12,32,60500,0,0,0
2015-05-23,G,Total,1014,4098,7133648,1547623207,12512000387,14059623594
2015-05-23,LG1,Staff,25,139,283905,1504398,684882,2189280
2015-05-23,LG1,TPG,410,4642,9272876,3451968701,13483508759,16935477460
2015-05-23,LG1,RPG,81,708,1459987,258193633,4312661458,4570855091
2015-05-23,LG1,UG,1249,10224,20733855,5985540929,50167576386,56153117315
2015-05-23,LG1,Alumni,13,101,205338,31399801,114492412,145892213
2015-05-23,LG1,Others(HKUST),5,55,237019,1151053,1344437,2495490
2015-05-23,LG1,Non-HKUST,16,95,130554,101702,271782,373484
2015-05-23,LG1,Total,1799,15964,32323534,9729860217,68080540116,77810400333
2015-05-23,LG3,Staff,28,79,114879,741831848,8631128076,9372959924
2015-05-23,LG3,TPG,158,922,1913675,653634946,1199380595,1853015541
2015-05-23,LG3,RPG,50,287,585245,677132515,6662953688,7340086203
2015-05-23,LG3,UG,468,1979,3894590,2427442866,6981360337,9408803203
2015-05-23,LG3,Alumni,9,78,171975,0,0,0
2015-05-23,LG3,Others(HKUST),6,54,139975,67839,88979,156818
2015-05-23,LG3,Non-HKUST,6,69,167987,2971509,11369813,14341322
2015-05-23,LG3,Total,725,3468,6988326,4503081523,23486281488,27989363011
2015-05-23,LG4,Staff,21,72,145499,14024931,166196284,180221215
2015-05-23,LG4,TPG,187,1956,4560410,973701042,8550141914,9523842956
2015-05-23,LG4,RPG,50,395,762700,129804671,48126472,177931143
2015-05-23,LG4,UG,585,4579,9141200,1235032473,12032338612,13267371085
2015-05-23,LG4,Alumni,19,193,354806,697494,5155735,5853229
2015-05-23,LG4,Others(HKUST),7,105,278206,12727042,37533732,50260774
2015-05-23,LG4,Non-HKUST,12,46,91010,0,0,0
2015-05-23,LG4,Total,881,7346,15333831,2365987653,20839492749,23205480402
2015-05-23,All-Floors,Staff,72,468,941441,761143971,8810480876,9571624847
2015-05-23,All-Floors,TPG,619,10171,21594852,12226300669,74749842063,86976142732
2015-05-23,All-Floors,RPG,171,1715,3561684,1720074349,12997104830,14717179179
2015-05-23,All-Floors,UG,2089,21791,44281606,12367212629,95267825184,107635037813
2015-05-23,All-Floors,Alumni,36,468,942172,68227076,565700162,633927238
2015-05-23,All-Floors,Others(HKUST),19,282,774860,13987809,39027117,53014926
2015-05-23,All-Floors,Non-HKUST,36,253,473239,8284172,24597976,32882148
2015-05-23,All-Floors,Total,3042,35148,72569854,27165230675,192454578208,219619808883
2015-05-24,1,Staff,9,65,158405,5605,6093,11698
2015-05-24,1,TPG,97,1049,3232255,3120968485,27895903450,31016871935
2015-05-24,1,RPG,21,87,306617,321607011,1564989386,1886596397
2015-05-24,1,UG,201,2246,7246390,2873508856,43231902298,46105411154
2015-05-24,1,Alumni,4,67,173029,12859904,453086038,465945942
2015-05-24,1,Others(HKUST),2,22,52639,0,0,0
2015-05-24,1,Non-HKUST,5,18,40117,47757600,1266718502,1314476102
2015-05-24,1,Total,339,3554,11209452,6376707461,74412605767,80789313228
2015-05-24,G,Staff,22,79,191744,93694058,82303876,175997934
2015-05-24,G,TPG,207,965,2491627,93204421,1296524966,1389729387
2015-05-24,G,RPG,60,238,549810,99031370,982743848,1081775218
2015-05-24,G,UG,379,1548,3321083,427279885,3062649177,3489929062
2015-05-24,G,Alumni,27,64,128645,41473494,475056118,516529612
2015-05-24,G,Others(HKUST),7,24,58263,0,0,0
2015-05-24,G,Non-HKUST,11,45,63788,0,0,0
2015-05-24,G,Total,713,2963,6804960,754683228,5899277985,6653961213
2015-05-24,LG1,Staff,21,107,264407,0,0,0
2015-05-24,LG1,TPG,369,4064,10766109,18449917320,41080352091,59530269411
2015-05-24,LG1,RPG,94,618,1517399,551562467,6820666422,7372228889
2015-05-24,LG1,UG,799,7824,18167349,6819787861,32074292302,38894080163
2015-05-24,LG1,Alumni,13,73,161651,34265292,420796950,455062242
2015-05-24,LG1,Others(HKUST),5,76,215108,100985,159955,260940
2015-05-24,LG1,Non-HKUST,20,101,214757,5021,12165,17186
2015-05-24,LG1,Total,1321,12863,31306780,25855638946,80396279885,106251918831
2015-05-24,LG3,Staff,14,63,92041,48840,116032,164872
2015-05-24,LG3,TPG,158,1175,2811752,221327674,3238578825,3459906499
2015-05-24,LG3,RPG,51,267,763266,207754738,3594519587,3802274325
2015-05-24,LG3,UG,270,1251,3233868,639092221,13745130703,14384222924
2015-05-24,LG3,Alumni,19,100,188507,51541,60223,111764
2015-05-24,LG3,Others(HKUST),3,23,72529,52984,89290,142274
2015-05-24,LG3,Non-HKUST,8,93,179735,319138,7652053,7971191
2015-05-24,LG3,Total,523,2972,7341698,1068647136,20586146713,21654793849
2015-05-24,LG4,Staff,16,88,189475,2249683,35210461,37460144
2015-05-24,LG4,TPG,165,1511,4416774,218719421,3007344998,3226064419
2015-05-24,LG4,RPG,60,430,1027643,206351499,3522536351,3728887850
2015-05-24,LG4,UG,368,3037,8292106,852434644,11041997450,11894432094
2015-05-24,LG4,Alumni,22,141,397045,669684566,1765151199,2434835765
2015-05-24,LG4,Others(HKUST),8,74,240744,507986,960250,1468236
2015-05-24,LG4,Non-HKUST,16,145,426273,6086694,87945772,94032466
2015-05-24,LG4,Total,655,5426,14990060,1956034493,19461146481,21417180974
2015-05-24,All-Floors,Staff,54,402,896072,95998186,117636462,213634648
2015-05-24,All-Floors,TPG,545,8764,23718517,22104137321,76518704330,98622841651
2015-05-24,All-Floors,RPG,193,1640,4164735,1386307085,16485455594,17871762679
2015-05-24,All-Floors,UG,1226,15906,40260796,11612103467,103155971930,114768075397
2015-05-24,All-Floors,Alumni,47,445,1048877,758334797,3114150528,3872485325
2015-05-24,All-Floors,Others(HKUST),15,219,639283,661955,1209495,1871450
2015-05-24,All-Floors,Non-HKUST,43,402,924670,54168453,1362328492,1416496945
2015-05-24,All-Floors,Total,2123,27778,71652950,36011711264,200755456831,236767168095
2015-05-25,1,Staff,9,71,224782,99202,87289,186491
2015-05-25,1,TPG,99,1103,3409621,957029455,9228364380,10185393835
2015-05-25,1,RPG,23,130,351322,3965150118,2802577915,6767728033
2015-05-25,1,UG,303,3154,9428830,15648009975,47507205926,63155215901
2015-05-25,1,Alumni,2,21,101492,0,0,0
2015-05-25,1,Others(HKUST),2,31,58723,0,0,0
2015-05-25,1,Non-HKUST,4,13,74596,51975421,587077067,639052488
2015-05-25,1,Total,442,4523,13649366,20622264171,60125312577,80747576748
2015-05-25,G,Staff,30,108,264594,78511,48219,126730
2015-05-25,G,TPG,239,1482,3012389,417971412,4790990699,5208962111
2015-05-25,G,RPG,78,243,466227,33309564,974032489,1007342053
2015-05-25,G,UG,616,2837,5398577,495899664,6864124633,7360024297
2015-05-25,G,Alumni,17,105,270140,22014,53237,75251
2015-05-25,G,Others(HKUST),5,16,69763,812811,4840982,5653793
2015-05-25,G,Non-HKUST,17,51,44371,0,0,0
2015-05-25,G,Total,1002,4842,9526061,948093976,12634090259,13582184235
2015-05-25,LG1,Staff,26,110,152268,1312200,8036693,9348893
2015-05-25,LG1,TPG,410,3924,9414147,1648913865,9666569923,11315483788
2015-05-25,LG1,RPG,105,737,1549184,240270234,3355331974,3595602208
2015-05-25,LG1,UG,1227,11658,25828786,9934563788,67969762827,77904326615
2015-05-25,LG1,Alumni,14,68,113315,168267,598854,767121
2015-05-25,LG1,Others(HKUST),7,122,224262,0,0,0
2015-05-25,LG1,Non-HKUST,33,110,246729,0,0,0
2015-05-25,LG1,Total,1822,16729,37528691,11825228354,81000300271,92825528625
2015-05-25,LG3,Staff,9,50,62774,0,0,0
2015-05-25,LG3,TPG,177,1204,2821972,3059502259,8423802879,11483305138
2015-05-25,LG3,RPG,61,324,875067,91092426,798167549,889259975
2015-05-25,LG3,UG,462,2619,5779846,885260491,10790433149,11675693640
2015-05-25,LG3,Alumni,13,67,128228,38818597,1014145237,1052963834
2015-05-25,LG3,Others(HKUST),4,22,77156,7905,17625,25530
2015-05-25,LG3,Non-HKUST,18,148,371241,89104089,586130940,675235029
2015-05-25,LG3,Total,744,4434,10116284,4163785767,21612697379,25776483146
2015-05-25,LG4,Staff,27,108,240279,2287247564,1368380126,3655627690
2015-05-25,LG4,TPG,253,3145,8653219,4341307247,39490747680,43832054927
2015-05-25,LG4,RPG,96,617,1604584,99156083,812172174,911328257
2015-05-25,LG4,UG,684,7457,17934476,1173797162,21632041072,22805838234
2015-05-25,LG4,Alumni,19,160,323060,3058873,87513999,90572872
2015-05-25,LG4,Others(HKUST),3,46,177499,16043,89827,105870
2015-05-25,LG4,Non-HKUST,25,138,443163,2697892,26988017,29685909
2015-05-25,LG4,Total,1107,11671,29376280,7907280864,63417932895,71325213759
2015-05-25,All-Floors,Staff,66,447,944697,2288737477,1376552327,3665289804
2015-05-25,All-Floors,TPG,602,10858,27311348,10424724238,71600475561,82025199799
2015-05-25,All-Floors,RPG,223,2051,4846384,4428978425,8742282101,13171260526
2015-05-25,All-Floors,UG,1840,27725,64370515,28137531080,154763567607,182901098687
2015-05-25,All-Floors,Alumni,42,421,936235,42067751,1102311327,1144379078
2015-05-25,All-Floors,Others(HKUST),12,237,607403,836759,4948434,5785193
2015-05-25,All-Floors,Non-HKUST,60,460,1180100,143777402,1200196024,1343973426
2015-05-25,All-Floors,Total,2845,42199,100196682,45466653132,238790333381,284256986513
2015-05-26,1,Staff,56,335,906572,121823180,4382994006,4504817186
2015-05-26,1,TPG,109,1353,3731929,13123703801,22474441596,35598145397
2015-05-26,1,RPG,29,163,495975,1466546164,1999646466,3466192630
2015-05-26,1,UG,388,3580,9773142,3835689253,32097650119,35933339372
2015-05-26,1,Alumni,5,23,137611,566076,1426809,1992885
2015-05-26,1,Others(HKUST),5,27,47052,60935456,35085296,96020752
2015-05-26,1,Non-HKUST,2,9,31240,1130406,7321214,8451620
2015-05-26,1,Total,594,5490,15123521,18610394336,60998565506,79608959842
2015-05-26,G,Staff,91,323,625912,1226372,2001227,3227599
2015-05-26,G,TPG,253,1281,2707833,3802549406,9665201444,13467750850
2015-05-26,G,RPG,84,335,652700,226435771,3353114923,3579550694
2015-05-26,G,UG,825,3222,6298995,756806978,14545969922,15302776900
2015-05-26,G,Alumni,9,21,24803,0,0,0
2015-05-26,G,Others(HKUST),7,24,132531,3458139,107426445,110884584
2015-05-26,G,Non-HKUST,5,8,38010,0,0,0
2015-05-26,G,Total,1274,5214,10480784,4790476666,27673713961,32464190627
2015-05-26,LG1,Staff,71,273,443700,36890566,366353604,403244170
2015-05-26,LG1,TPG,391,3464,7650942,6653163115,20836856407,27490019522
2015-05-26,LG1,RPG,112,617,1603763,570643410,7189048844,7759692254
2015-05-26,LG1,UG,1504,12595,27546687,5110315108,70224385322,75334700430
2015-05-26,LG1,Alumni,9,68,182066,0,0,0
2015-05-26,LG1,Others(HKUST),8,156,453037,1198648,1393552,2592200
2015-05-26,LG1,Non-HKUST,22,84,185567,5894932,15820879,21715811
2015-05-26,LG1,Total,2117,17257,38065762,12378105779,98633858608,111011964387
2015-05-26,LG3,Staff,54,141,251691,8630682,181658130,190288812
2015-05-26,LG3,TPG,181,1350,3358652,1471027798,4439092084,5910119882
2015-05-26,LG3,RPG,71,409,1032728,523360361,1757464586,2280824947
2015-05-26,LG3,UG,554,2441,5456708,619150975,13251343528,13870494503
2015-05-26,LG3,Alumni,6,7,6160,0,0,0
2015-05-26,LG3,Others(HKUST),5,30,112141,934431047,43924012,978355059
2015-05-26,LG3,Non-HKUST,8,71,158656,6236754,68139637,74376391
2015-05-26,LG3,Total,879,4449,10376736,3562837617,19741621977,23304459594
2015-05-26,LG4,Staff,50,167,303207,134859,275130,409989
2015-05-26,LG4,TPG,247,2660,7672103,1987364378,35374426501,37361790879
2015-05-26,LG4,RPG,93,439,978915,30367800,312413469,342781269
2015-05-26,LG4,UG,799,6364,17884458,2283183801,23892784731,26175968532
2015-05-26,LG4,Alumni,8,85,181596,0,0,0
2015-05-26,LG4,Others(HKUST),5,76,144928,34273,20063,54336
2015-05-26,LG4,Non-HKUST,19,90,286617,217690456,1529546999,1747237455
2015-05-26,LG4,Total,1221,9881,27451824,4518775567,61109466893,65628242460
2015-05-26,All-Floors,Staff,206,1239,2531082,168705659,4933282097,5101987756
2015-05-26,All-Floors,TPG,613,10108,25121459,27037808498,92790018032,119827826530
2015-05-26,All-Floors,RPG,260,1963,4764081,2817353506,14611688288,17429041794
2015-05-26,All-Floors,UG,2392,28202,66959990,12605146115,154012133622,166617279737
2015-05-26,All-Floors,Alumni,20,204,532236,566076,1426809,1992885
2015-05-26,All-Floors,Others(HKUST),16,313,889689,1000057563,187849368,1187906931
2015-05-26,All-Floors,Non-HKUST,37,262,700090,230952548,1620828729,1851781277
2015-05-26,All-Floors,Total,3544,42291,101498627,43860589965,268157226945,312017816910
2015-05-27,1,Staff,61,387,1071339,138999607,1704637192,1843636799
2015-05-27,1,TPG,98,1127,3129404,6932633330,32836954498,39769587828
2015-05-27,1,RPG,22,151,351288,29256336,420035605,449291941
2015-05-27,1,UG,380,3653,9679013,4630681917,49047914145,53678596062
2015-05-27,1,Alumni,6,59,169495,10873702,340322367,351196069
2015-05-27,1,Others(HKUST),4,28,51355,39871,68722,108593
2015-05-27,1,Non-HKUST,6,20,70116,16359100,368926651,385285751
2015-05-27,1,Total,577,5425,14522010,11758843863,84718859180,96477703043
2015-05-27,G,Staff,99,310,654887,69492,113605,183097
2015-05-27,G,TPG,249,1251,2771416,375033981,4266960759,4641994740
2015-05-27,G,RPG,86,288,592106,142821986,2714087521,2856909507
2015-05-27,G,UG,848,3183,6205807,3474291731,5931983064,9406274795
2015-05-27,G,Alumni,9,25,36255,0,0,0
2015-05-27,G,Others(HKUST),7,28,143784,1205707,1825080,3030787
2015-05-27,G,Non-HKUST,11,30,53394,0,0,0
2015-05-27,G,Total,1309,5115,10457649,3993422897,12914970029,16908392926
2015-05-27,LG1,Staff,72,203,379367,151072,228994,380066
2015-05-27,LG1,TPG,395,3890,9362219,8237066418,10340264195,18577330613
2015-05-27,LG1,RPG,112,603,1421127,4196484282,17978218375,22174702657
2015-05-27,LG1,UG,1454,11705,26438049,11310667694,77075895804,88386563498
2015-05-27,LG1,Alumni,10,81,226869,0,0,0
2015-05-27,LG1,Others(HKUST),7,152,449727,866737,1722818,2589555
2015-05-27,LG1,Non-HKUST,19,60,118478,0,0,0
2015-05-27,LG1,Total,2069,16694,38395836,23745236203,105396330186,129141566389
2015-05-27,LG3,Staff,53,114,171057,11587929,307212101,318800030
2015-05-27,LG3,TPG,171,1039,2454227,5460554241,16990009328,22450563569
2015-05-27,LG3,RPG,81,515,1302664,672790912,3427337810,4100128722
2015-05-27,LG3,UG,545,2563,5794846,1409472087,12905417511,14314889598
2015-05-27,LG3,Alumni,8,21,38838,0,0,0
2015-05-27,LG3,Others(HKUST),3,30,90018,0,0,0
2015-05-27,LG3,Non-HKUST,13,114,274078,843,3494,4337
2015-05-27,LG3,Total,874,4396,10125728,7554406012,33629980244,41184386256
2015-05-27,LG4,Staff,69,252,620851,155155892,1172810671,1327966563
2015-05-27,LG4,TPG,259,2702,7766432,7698528830,12682021316,20380550146
2015-05-27,LG4,RPG,96,574,1494733,251860450,770622130,1022482580
2015-05-27,LG4,UG,848,6934,18268514,1893007739,31521707355,33414715094
2015-05-27,LG4,Alumni,10,79,190390,0,0,0
2015-05-27,LG4,Others(HKUST),3,74,194662,3238408,21813912,25052320
2015-05-27,LG4,Non-HKUST,13,76,203461,36029153,296477430,332506583
2015-05-27,LG4,Total,1298,10691,28739043,10037820472,46465452814,56503273286
2015-05-27,All-Floors,Staff,216,1266,2897501,305963992,3185002563,3490966555
2015-05-27,All-Floors,TPG,623,10009,25483698,28703816800,77116210096,105820026896
2015-05-27,All-Floors,RPG,262,2131,5161918,5293213966,25310301441,30603515407
2015-05-27,All-Floors,UG,2454,28038,66386229,22718121168,176482917879,199201039047
2015-05-27,All-Floors,Alumni,23,265,661847,10873702,340322367,351196069
2015-05-27,All-Floors,Others(HKUST),14,312,929546,5350723,25430532,30781255
2015-05-27,All-Floors,Non-HKUST,42,300,719527,52389096,665407575,717796671
2015-05-27,All-Floors,Total,3634,42321,102240266,57089729447,283125592453,340215321900
2015-05-28,1,Staff,63,362,1155987,77259211,1430723363,1507982574
2015-05-28,1,TPG,88,726,2776987,22230460176,19773375438,42003835614
2015-05-28,1,RPG,24,134,392100,42078907,326586532,368665439
2015-05-28,1,UG,333,2660,8413029,2138979666,20804642900,22943622566
2015-05-28,1,Alumni,4,17,137899,3744170,67182781,70926951
2015-05-28,1,Others(HKUST),4,33,103874,67404264,55557187,122961451
2015-05-28,1,Non-HKUST,4,13,39195,36908038,1299854026,1336762064
2015-05-28,1,Total,520,3945,13019071,24596834432,43757922227,68354756659
2015-05-28,G,Staff,84,356,709808,3791952,9990308,13782260
2015-05-28,G,TPG,256,971,1817646,1268314834,1060085121,2328399955
2015-05-28,G,RPG,91,348,735400,92022135,380636856,472658991
2015-05-28,G,UG,746,2714,5648800,933361854,5512793539,6446155393
2015-05-28,G,Alumni,10,28,63337,0,0,0
2015-05-28,G,Others(HKUST),9,23,110625,31395105,672963146,704358251
2015-05-28,G,Non-HKUST,6,15,13044,58998,708021,767019
2015-05-28,G,Total,1202,4455,9098660,2328944878,7637176991,9966121869
2015-05-28,LG1,Staff,60,172,284696,10179786,97848425,108028211
2015-05-28,LG1,TPG,353,2801,7300013,8574985798,26473660405,35048646203
2015-05-28,LG1,RPG,111,621,1568677,1888523134,3508089826,5396612960
2015-05-28,LG1,UG,1343,10343,25370074,12137174432,65946436576,78083611008
2015-05-28,LG1,Alumni,10,80,233292,334613,658155,992768
2015-05-28,LG1,Others(HKUST),9,144,468750,37119,168352,205471
2015-05-28,LG1,Non-HKUST,14,32,120451,0,0,0
2015-05-28,LG1,Total,1900,14193,35345953,22611234882,96026861739,118638096621
2015-05-28,LG3,Staff,41,124,227628,390653,10983252,11373905
2015-05-28,LG3,TPG,135,718,2088429,523036611,2714911511,3237948122
2015-05-28,LG3,RPG,80,441,1132972,434400215,1591823452,2026223667
2015-05-28,LG3,UG,485,2279,5727661,1270950385,13007670031,14278620416
2015-05-28,LG3,Alumni,7,40,157224,263321461,2073234558,2336556019
2015-05-28,LG3,Others(HKUST),5,24,102496,0,0,0
2015-05-28,LG3,Non-HKUST,10,47,158274,37681354,896543219,934224573
2015-05-28,LG3,Total,763,3673,9594684,2529780679,20295166023,22824946702
2015-05-28,LG4,Staff,59,217,512312,42262940,511423312,553686252
2015-05-28,LG4,TPG,200,1967,5560301,1284936876,2162047175,3446984051
2015-05-28,LG4,RPG,80,458,1220565,252131485,2642412694,2894544179
2015-05-28,LG4,UG,719,5013,14596518,2193722232,23963223437,26156945669
2015-05-28,LG4,Alumni,9,54,182839,13901445,97465562,111367007
2015-05-28,LG4,Others(HKUST),4,71,132927,896150,4699725,5595875
2015-05-28,LG4,Non-HKUST,12,65,104208,50458907,319138658,369597565
2015-05-28,LG4,Total,1083,7845,22309670,3838310035,29700410563,33538720598
2015-05-28,All-Floors,Staff,197,1231,2890431,133884542,2060968660,2194853202
2015-05-28,All-Floors,TPG,573,7183,19543376,33881734295,52184079650,86065813945
2015-05-28,All-Floors,RPG,250,2002,5049714,2709155876,8449549360,11158705236
2015-05-28,All-Floors,UG,2243,23009,59756082,18674188569,129234766483,147908955052
2015-05-28,All-Floors,Alumni,23,219,774591,281301689,2238541056,2519842745
2015-05-28,All-Floors,Others(HKUST),20,295,918672,99732638,733388410,833121048
2015-05-28,All-Floors,Non-HKUST,35,172,435172,125107297,2516243924,2641351221
2015-05-28,All-Floors,Total,3341,34111,89368038,55905104906,197417537543,253322642449
2015-05-29,1,Staff,53,325,1006272,67970702,203523096,271493798
2015-05-29,1,TPG,64,751,2421997,2162736174,25468089680,27630825854
2015-05-29,1,RPG,18,94,361457,711821376,8016455537,8728276913
2015-05-29,1,UG,299,2252,6364587,2597956039,29512517767,32110473806
2015-05-29,1,Alumni,4,46,166102,12028607,210795777,222824384
2015-05-29,1,Others(HKUST),4,46,76248,173964,228769,402733
2015-05-29,1,Non-HKUST,5,13,36981,16576045,540601307,557177352
2015-05-29,1,Total,447,3527,10433644,5569262907,63952211933,69521474840
2015-05-29,G,Staff,82,318,658620,6292369,121217124,127509493
2015-05-29,G,TPG,162,808,1971148,109726912,2449933536,2559660448
2015-05-29,G,RPG,84,317,495250,19610639,641479229,661089868
2015-05-29,G,UG,744,2726,5053395,3651496607,4291145328,7942641935
2015-05-29,G,Alumni,7,8,4888,0,0,0
2015-05-29,G,Others(HKUST),8,16,85232,0,0,0
2015-05-29,G,Non-HKUST,7,18,40075,0,0,0
2015-05-29,G,Total,1094,4211,8308608,3787126527,7503775217,11290901744
2015-05-29,LG1,Staff,59,199,301034,32299572,271674465,303974037
2015-05-29,LG1,TPG,248,2191,5167819,577191012,5581092102,6158283114
2015-05-29,LG1,RPG,102,597,1367123,1523112126,3399718846,4922830972
2015-05-29,LG1,UG,1387,10218,21788510,6283389186,45908057608,52191446794
2015-05-29,LG1,Alumni,10,74,205445,0,0,0
2015-05-29,LG1,Others(HKUST),5,151,340947,126259,109967,236226
2015-05-29,LG1,Non-HKUST,20,62,142892,397,5471,5868
2015-05-29,LG1,Total,1831,13492,29313770,8416118552,55160658459,63576777011
2015-05-29,LG3,Staff,53,185,246519,16661045,381461974,398123019
2015-05-29,LG3,TPG,76,458,1110899,160648238,3197672703,3358320941
2015-05-29,LG3,RPG,59,247,680133,1885285926,3565553245,5450839171
2015-05-29,LG3,UG,459,1838,4225383,5555995695,10015364293,15571359988
2015-05-29,LG3,Alumni,9,45,82297,293596,359293,652889
2015-05-29,LG3,Others(HKUST),2,23,96141,0,0,0
2015-05-29,LG3,Non-HKUST,10,49,132392,116939,197971,314910
2015-05-29,LG3,Total,668,2845,6573764,7619001439,17160609479,24779610918
2015-05-29,LG4,Staff,54,272,561728,14494173,211746947,226241120
2015-05-29,LG4,TPG,104,869,2350944,548110837,2504469011,3052579848
2015-05-29,LG4,RPG,69,398,876761,42726522,155653803,198380325
2015-05-29,LG4,UG,574,3463,8397176,3812910302,11923622559,15736532861
2015-05-29,LG4,Alumni,10,130,287700,70122125,599432800,669554925
2015-05-29,LG4,Others(HKUST),6,93,195067,71044,115975,187019
2015-05-29,LG4,Non-HKUST,12,70,132206,101754892,909162446,1010917338
2015-05-29,LG4,Total,829,5295,12801582,4590189895,16304203541,20894393436
2015-05-29,All-Floors,Staff,190,1299,2774173,137717861,1189623606,1327341467
2015-05-29,All-Floors,TPG,385,5077,13022807,3558413173,39201257032,42759670205
2015-05-29,All-Floors,RPG,222,1653,3780724,4182556589,15778860660,19961417249
2015-05-29,All-Floors,UG,2197,20497,45829051,21901747829,101650707555,123552455384
2015-05-29,All-Floors,Alumni,23,303,746432,82444328,810587870,893032198
2015-05-29,All-Floors,Others(HKUST),17,329,793635,371267,454711,825978
2015-05-29,All-Floors,Non-HKUST,38,212,484546,118448273,1449967195,1568415468
2015-05-29,All-Floors,Total,3072,29370,67431368,29981699320,160081458629,190063157949
2015-05-30,1,Staff,17,73,212300,338815,76581,415396
2015-05-30,1,TPG,65,502,1828474,59487230,1049153091,1108640321
2015-05-30,1,RPG,16,113,328651,832304795,3173423120,4005727915
2015-05-30,1,UG,150,825,2466373,4319387378,14031635988,18351023366
2015-05-30,1,Alumni,8,24,91848,3410609,33555229,36965838
2015-05-30,1,Others(HKUST),2,16,37476,0,0,0
2015-05-30,1,Non-HKUST,1,2,2141,0,0,0
2015-05-30,1,Total,259,1555,4967263,5214928827,18287844009,23502772836
2015-05-30,G,Staff,40,99,192194,875088,18192862,19067950
2015-05-30,G,TPG,136,605,1395246,15135069,67275997,82411066
2015-05-30,G,RPG,61,231,530331,42236929,1210134942,1252371871
2015-05-30,G,UG,441,1252,2583833,189007264,2661348380,2850355644
2015-05-30,G,Alumni,17,68,227283,610387,4181360,4791747
2015-05-30,G,Others(HKUST),10,25,112455,0,0,0
2015-05-30,G,Non-HKUST,7,27,41823,0,0,0
2015-05-30,G,Total,712,2307,5083165,247864737,3961133541,4208998278
2015-05-30,LG1,Staff,28,79,145046,5626681,51441799,57068480
2015-05-30,LG1,TPG,194,1179,2824672,5033219842,6263305952,11296525794
2015-05-30,LG1,RPG,79,445,1094820,332089481,3688796676,4020886157
2015-05-30,LG1,UG,900,5264,11793609,3008070606,11513398652,14521469258
2015-05-30,LG1,Alumni,18,95,160361,100039467,2921772,102961239
2015-05-30,LG1,Others(HKUST),6,89,336766,36804523,60135987,96940510
2015-05-30,LG1,Non-HKUST,15,31,39714,4152078,33427363,37579441
2015-05-30,LG1,Total,1240,7182,16394988,8520002678,21613428201,30133430879
2015-05-30,LG3,Staff,25,71,81096,84351351,97974911,182326262
2015-05-30,LG3,TPG,73,391,1225275,211894052,1602205036,1814099088
2015-05-30,LG3,RPG,49,254,664098,23968543,213775048,237743591
2015-05-30,LG3,UG,226,693,1442307,423259225,754318816,1177578041
2015-05-30,LG3,Alumni,17,67,199273,8435198,69368586,77803784
2015-05-30,LG3,Others(HKUST),4,28,89460,0,0,0
2015-05-30,LG3,Non-HKUST,11,85,204319,10223956,10566441,20790397
2015-05-30,LG3,Total,405,1589,3905828,762132325,2748208838,3510341163
2015-05-30,LG4,Staff,24,153,539251,0,0,0
2015-05-30,LG4,TPG,63,537,1664692,83114124,4398716557,4481830681
2015-05-30,LG4,RPG,42,236,708227,55080290,1175504794,1230585084
2015-05-30,LG4,UG,262,885,2024933,148232341,2065001001,2213233342
2015-05-30,LG4,Alumni,25,182,487318,729836,24083796,24813632
2015-05-30,LG4,Others(HKUST),5,96,248439,162868,1400027,1562895
2015-05-30,LG4,Non-HKUST,10,82,210054,0,0,0
2015-05-30,LG4,Total,431,2171,5882914,287319459,7664706175,7952025634
2015-05-30,All-Floors,Staff,95,475,1169887,91191935,167686153,258878088
2015-05-30,All-Floors,TPG,322,3214,8938359,5402850317,13380656633,18783506950
2015-05-30,All-Floors,RPG,168,1279,3326127,1285680038,9461634580,10747314618
2015-05-30,All-Floors,UG,1438,8919,20311055,8087956814,31025702837,39113659651
2015-05-30,All-Floors,Alumni,55,436,1166083,113225497,134110743,247336240
2015-05-30,All-Floors,Others(HKUST),16,254,824596,36967391,61536014,98503405
2015-05-30,All-Floors,Non-HKUST,27,227,498051,14376034,43993804,58369838
2015-05-30,All-Floors,Total,2121,14804,36234158,15032248026,54275320764,69307568790
2015-05-31,1,Staff,9,84,260809,2508380,90274322,92782702
2015-05-31,1,TPG,42,299,928975,27604935,1618988,29223923
2015-05-31,1,RPG,11,33,156723,0,0,0
2015-05-31,1,UG,16,74,198191,922,4524,5446
2015-05-31,1,Alumni,4,9,30078,0,0,0
2015-05-31,1,Others(HKUST),1,15,33220,0,0,0
2015-05-31,1,Non-HKUST,1,14,23492,0,0,0
2015-05-31,1,Total,84,528,1631488,30114237,91897834,122012071
2015-05-31,G,Staff,19,70,100574,0,0,0
2015-05-31,G,TPG,78,356,608904,58305,85791,144096
2015-05-31,G,RPG,42,98,165926,13854391,394084672,407939063
2015-05-31,G,UG,155,384,590947,21506420,214673641,236180061
2015-05-31,G,Alumni,28,115,185966,0,0,0
2015-05-31,G,Others(HKUST),6,37,64592,0,0,0
2015-05-31,G,Non-HKUST,3,14,22263,0,0,0
2015-05-31,G,Total,331,1074,1739172,35419116,608844104,644263220
2015-05-31,LG1,Staff,16,62,98799,0,0,0
2015-05-31,LG1,TPG,121,709,1815284,5159959443,2914256387,8074215830
2015-05-31,LG1,RPG,43,190,444247,2935640,42038991,44974631
2015-05-31,LG1,UG,227,949,2215906,116044309,1063059468,1179103777
2015-05-31,LG1,Alumni,31,196,319558,0,0,0
2015-05-31,LG1,Others(HKUST),5,64,176543,0,0,0
2015-05-31,LG1,Non-HKUST,9,56,137886,0,0,0
2015-05-31,LG1,Total,452,2226,5208223,5278939392,4019354846,9298294238
2015-05-31,LG3,Staff,13,45,76875,33922700,134745604,168668304
2015-05-31,LG3,TPG,43,189,473400,511767973,1183778270,1695546243
2015-05-31,LG3,RPG,33,221,508241,21333219,81374470,102707689
2015-05-31,LG3,UG,72,207,412400,78359388,300433005,378792393
2015-05-31,LG3,Alumni,15,107,226995,26486406,267834855,294321261
2015-05-31,LG3,Others(HKUST),3,25,77389,0,0,0
2015-05-31,LG3,Non-HKUST,7,37,68956,52389656,810128,53199784
2015-05-31,LG3,Total,186,831,1844256,724259342,1968976332,2693235674
2015-05-31,LG4,Staff,18,102,266697,4033,5750,9783
2015-05-31,LG4,TPG,48,270,701320,754289,2888314,3642603
2015-05-31,LG4,RPG,40,138,334512,3506750,30952068,34458818
2015-05-31,LG4,UG,95,246,355567,151145299,515323046,666468345
2015-05-31,LG4,Alumni,28,145,416682,0,0,0
2015-05-31,LG4,Others(HKUST),3,28,113210,53168,352113,405281
2015-05-31,LG4,Non-HKUST,4,43,62745,9242127,110663237,119905364
2015-05-31,LG4,Total,236,972,2250733,164705666,660184528,824890194
2015-05-31,All-Floors,Staff,56,363,803754,36435113,225025676,261460789
2015-05-31,All-Floors,TPG,224,1823,4527883,5700144945,4102627750,9802772695
2015-05-31,All-Floors,RPG,117,680,1609649,41630000,548450201,590080201
2015-05-31,All-Floors,UG,431,1860,3773011,367056338,2093493684,2460550022
2015-05-31,All-Floors,Alumni,61,572,1179279,26486406,267834855,294321261
2015-05-31,All-Floors,Others(HKUST),11,169,464954,53168,352113,405281
2015-05-31,All-Floors,Non-HKUST,18,164,315342,61631783,111473365,173105148
2015-05-31,All-Floors,Total,918,5631,12673872,6233437753,7349257644,13582695397
