Date,Floor,User-Group,User-Count,WiFi-Conn,Duration-Sec,Traffic-In-Byte,Traffic-Out-Byte,Traffic-Both-Byte
2016-06-01,1,Staff,189,1085,1294465,15171889860,3364598493,18536488353
2016-06-01,1,TPG,73,954,1415928,95992926122,5862065187,101854991309
2016-06-01,1,RPG,199,655,441677,8802173588,1200458557,10002632145
2016-06-01,1,UG,57,293,369044,13505191546,1448818693,14954010239
2016-06-01,1,Alumni,4,96,128426,9227492945,420465281,9647958226
2016-06-01,1,Others(HKUST),18,69,123035,9854040400,406194811,10260235211
2016-06-01,1,Non-HKUST,6,14,5228,86689552,8943147,95632699
2016-06-01,1,Total,546,3166,3777803,152640404013,12711544169,165351948182
2016-06-01,G,Staff,157,1041,890600,16698859135,2113370014,18812229149
2016-06-01,G,TPG,206,1468,1084545,86668191245,10486536381,97154727626
2016-06-01,G,RPG,135,747,788661,79908238162,4741843950,84650082112
2016-06-01,G,UG,279,1075,629264,25883709333,3434276683,29317986016
2016-06-01,G,Alumni,22,193,138710,12092681919,653382612,12746064531
2016-06-01,G,Others(HKUST),13,109,254859,4963676587,927461003,5891137590
2016-06-01,G,Non-HKUST,28,165,92895,9264615793,1303811620,10568427413
2016-06-01,G,Total,840,4798,3879534,235479972174,23660682263,259140654437
2016-06-01,LG1,Staff,108,642,512923,11984071159,1673537942,13657609101
2016-06-01,LG1,TPG,242,3515,3877616,356715089700,71674510845,428389600545
2016-06-01,LG1,RPG,134,1650,1725747,75947187998,4942374796,80889562794
2016-06-01,LG1,UG,305,2777,2898788,175309147674,36806407142,212115554816
2016-06-01,LG1,Alumni,13,183,93964,6572644277,388061537,6960705814
2016-06-01,LG1,Others(HKUST),7,70,502257,2740831055,480366598,3221197653
2016-06-01,LG1,Non-HKUST,16,95,146342,3492541904,405217646,3897759550
2016-06-01,LG1,Total,825,8932,9757637,632761513767,116370476506,749131990273
2016-06-01,LG3,Staff,85,286,246703,17552435217,1805710169,19358145386
2016-06-01,LG3,TPG,120,1010,1510653,79806928657,16944118665,96751047322
2016-06-01,LG3,RPG,90,438,553035,21150861021,1924167328,23075028349
2016-06-01,LG3,UG,162,532,353022,27432005666,1604925402,29036931068
2016-06-01,LG3,Alumni,10,62,167204,11122029836,2211053247,13333083083
2016-06-01,LG3,Others(HKUST),8,21,6660,21823617,10807589,32631206
2016-06-01,LG3,Non-HKUST,6,7,489,4679023,855545,5534568
2016-06-01,LG3,Total,481,2356,2837766,157090763037,24501637945,181592400982
2016-06-01,LG4,Staff,227,844,476401,14081978102,2734576438,16816554540
2016-06-01,LG4,TPG,144,1292,1549099,116400626857,10025613023,126426239880
2016-06-01,LG4,RPG,266,940,861970,31180019008,3911849494,35091868502
2016-06-01,LG4,UG,361,1117,836089,65687793463,4420224044,70108017507
2016-06-01,LG4,Alumni,13,155,130661,13809625119,726660113,14536285232
2016-06-01,LG4,Others(HKUST),22,458,535227,16954980927,3039685911,19994666838
2016-06-01,LG4,Non-HKUST,25,387,342318,6643118786,947636407,7590755193
2016-06-01,LG4,Total,1058,5193,4731765,264758142262,25806245430,290564387692
2016-06-01,All-Floors,Staff,491,3898,3421092,75489233473,11691793056,87181026529
2016-06-01,All-Floors,TPG,350,8239,9437841,735583762581,114992844101,850576606682
2016-06-01,All-Floors,RPG,549,4430,4371090,216988479777,16720694125,233709173902
2016-06-01,All-Floors,UG,761,5794,5086207,307817847682,47714651964,355532499646
2016-06-01,All-Floors,Alumni,30,689,658965,52824474096,4399622790,57224096886
2016-06-01,All-Floors,Others(HKUST),40,727,1422038,34535352586,4864515912,39399868498
2016-06-01,All-Floors,Non-HKUST,51,668,587272,19491645058,2666464365,22158109423
2016-06-01,All-Floors,Total,2272,24445,24984505,1442730795253,203050586313,1645781381566
2016-06-02,1,Staff,201,908,942302,15353226690,2078370070,17431596760
2016-06-02,1,TPG,76,1186,1713541,160024612155,13908218391,173932830546
2016-06-02,1,RPG,197,662,618393,20260236739,1786772538,22047009277
2016-06-02,1,UG,44,224,265405,15866598723,1199339201,17065937924
2016-06-02,1,Alumni,4,67,135567,1055864167,127757443,1183621610
2016-06-02,1,Others(HKUST),17,155,128480,327388494,119945776,447334270
2016-06-02,1,Non-HKUST,26,75,31374,6161222377,385777623,6547000000
2016-06-02,1,Total,565,3277,3835062,219049149345,19606181042,238655330387
2016-06-02,G,Staff,180,1006,718016,9311672208,1119869975,10431542183
2016-06-02,G,TPG,187,1243,1086040,120244441738,16483569625,136728011363
2016-06-02,G,RPG,126,583,611157,37615805553,3169558288,40785363841
2016-06-02,G,UG,231,1011,694111,20592032191,1807795941,22399828132
2016-06-02,G,Alumni,23,131,84538,10519908478,9115765899,19635674377
2016-06-02,G,Others(HKUST),12,192,242205,1467934777,699992072,2167926849
2016-06-02,G,Non-HKUST,40,266,109797,23851384526,1356429743,25207814269
2016-06-02,G,Total,799,4432,3545864,223603179471,33752981543,257356161014
2016-06-02,LG1,Staff,99,535,454612,11933891657,1108209906,13042101563
2016-06-02,LG1,TPG,229,3552,4061211,266523549896,31592988907,298116538803
2016-06-02,LG1,RPG,135,1842,1682104,148623952515,52201692244,200825644759
2016-06-02,LG1,UG,299,2944,2682612,154862040385,16192502165,171054542550
2016-06-02,LG1,Alumni,17,280,159070,6497942512,2733058545,9231001057
2016-06-02,LG1,Others(HKUST),6,193,462937,7710475552,1473440937,9183916489
2016-06-02,LG1,Non-HKUST,36,243,178218,8013457863,9538299423,17551757286
2016-06-02,LG1,Total,821,9589,9680764,604165310380,114840192127,719005502507
2016-06-02,LG3,Staff,114,360,326826,9639537330,805187976,10444725306
2016-06-02,LG3,TPG,118,1056,1393669,134014907883,19015098531,153030006414
2016-06-02,LG3,RPG,105,585,753415,21624182141,2672055200,24296237341
2016-06-02,LG3,UG,197,495,373360,14658576546,1289452963,15948029509
2016-06-02,LG3,Alumni,14,121,156990,30003003525,2359975029,32362978554
2016-06-02,LG3,Others(HKUST),9,24,11211,38865181,5283958,44149139
2016-06-02,LG3,Non-HKUST,9,31,35979,1312298954,431054238,1743353192
2016-06-02,LG3,Total,566,2672,3051450,211291371560,26578107895,237869479455
2016-06-02,LG4,Staff,189,558,337825,17893891099,3161386110,21055277209
2016-06-02,LG4,TPG,126,1273,1311103,71789399061,6054223649,77843622710
2016-06-02,LG4,RPG,243,879,990169,46387283617,6174309722,52561593339
2016-06-02,LG4,UG,366,1104,762962,91487030293,4983516926,96470547219
2016-06-02,LG4,Alumni,14,198,113658,16830036498,1447820163,18277856661
2016-06-02,LG4,Others(HKUST),19,219,305173,11463106721,1609913552,13073020273
2016-06-02,LG4,Non-HKUST,21,78,86441,697724195,73215294,770939489
2016-06-02,LG4,Total,978,4309,3907331,256548471484,23504385416,280052856900
2016-06-02,All-Floors,Staff,504,3367,2779581,64132218984,8273024037,72405243021
2016-06-02,All-Floors,TPG,323,8310,9565564,752596910733,87054099103,839651009836
2016-06-02,All-Floors,RPG,521,4551,4655238,274511460565,66004387992,340515848557
2016-06-02,All-Floors,UG,750,5778,4778450,297466278138,25472607196,322938885334
2016-06-02,All-Floors,Alumni,35,797,649823,64906755180,15784377079,80691132259
2016-06-02,All-Floors,Others(HKUST),40,783,1150006,21007770725,3908576295,24916347020
2016-06-02,All-Floors,Non-HKUST,68,693,441809,40036087915,11784776321,51820864236
2016-06-02,All-Floors,Total,2241,24279,24020471,1514657482240,218281848023,1732939330263
2016-06-03,1,Staff,189,869,997927,8823444618,1980255149,10803699767
2016-06-03,1,TPG,62,1227,1733022,140497698249,12081324970,152579023219
2016-06-03,1,RPG,181,725,664751,24352368896,8462675882,32815044778
2016-06-03,1,UG,49,222,226326,16744562872,927744352,17672307224
2016-06-03,1,Alumni,8,112,115063,1165656818,145067235,1310724053
2016-06-03,1,Others(HKUST),14,118,125222,93938237,208932040,302870277
2016-06-03,1,Non-HKUST,14,32,17064,221452126,16268821,237720947
2016-06-03,1,Total,517,3305,3879375,191899121816,23822268449,215721390265
2016-06-03,G,Staff,174,1014,750587,16794852491,1263143308,18057995799
2016-06-03,G,TPG,185,1215,762765,97259739255,9625647526,106885386781
2016-06-03,G,RPG,141,691,702568,43094785210,3928315119,47023100329
2016-06-03,G,UG,195,1080,850471,52658340838,6659634236,59317975074
2016-06-03,G,Alumni,23,99,76622,2119254427,132329914,2251584341
2016-06-03,G,Others(HKUST),16,120,229533,3927962102,1495879539,5423841641
2016-06-03,G,Non-HKUST,29,162,48494,2213193109,304240421,2517433530
2016-06-03,G,Total,763,4381,3421040,218068127432,23409190063,241477317495
2016-06-03,LG1,Staff,92,517,523335,19652973173,1280483676,20933456849
2016-06-03,LG1,TPG,210,3448,4056395,410290574174,35249579993,445540154167
2016-06-03,LG1,RPG,141,1394,1572424,64321829838,5782414142,70104243980
2016-06-03,LG1,UG,246,2280,2306032,157760352842,24311002990,182071355832
2016-06-03,LG1,Alumni,15,321,263997,11957944232,921857772,12879802004
2016-06-03,LG1,Others(HKUST),6,144,444664,4289864446,958824105,5248688551
2016-06-03,LG1,Non-HKUST,21,95,64391,4823057039,11035263933,15858320972
2016-06-03,LG1,Total,731,8199,9231238,673096595744,79539426611,752636022355
2016-06-03,LG3,Staff,87,317,295889,6177164074,550037519,6727201593
2016-06-03,LG3,TPG,104,894,1260469,118317954312,13500192652,131818146964
2016-06-03,LG3,RPG,106,555,679611,25857653232,2848463594,28706116826
2016-06-03,LG3,UG,151,480,338374,21711936042,2371563548,24083499590
2016-06-03,LG3,Alumni,9,91,174037,11132213907,758246025,11890459932
2016-06-03,LG3,Others(HKUST),10,41,18094,1741709278,83155219,1824864497
2016-06-03,LG3,Non-HKUST,10,20,11465,252671526,16640061,269311587
2016-06-03,LG3,Total,477,2398,2777939,185191302371,20128298618,205319600989
2016-06-03,LG4,Staff,208,618,308574,11887331861,976626190,12863958051
2016-06-03,LG4,TPG,129,821,930501,58296795920,8373449669,66670245589
2016-06-03,LG4,RPG,240,871,716858,54644601794,3213428976,57858030770
2016-06-03,LG4,UG,273,984,745999,75154268272,17989855782,93144124054
2016-06-03,LG4,Alumni,13,146,98139,27996110752,1146607641,29142718393
2016-06-03,LG4,Others(HKUST),16,239,319099,37464096720,2989820375,40453917095
2016-06-03,LG4,Non-HKUST,18,56,70111,984260765,56476741,1040737506
2016-06-03,LG4,Total,897,3735,3189281,266427466084,34746265374,301173731458
2016-06-03,All-Floors,Staff,492,3335,2876312,63335766217,6050545842,69386312059
2016-06-03,All-Floors,TPG,318,7605,8743152,824662761910,78830194810,903492956720
2016-06-03,All-Floors,RPG,523,4236,4336212,212271238970,24235297713,236506536683
2016-06-03,All-Floors,UG,595,5046,4467202,324029460866,52259800908,376289261774
2016-06-03,All-Floors,Alumni,31,769,727858,54371180136,3104108587,57475288723
2016-06-03,All-Floors,Others(HKUST),32,662,1136612,47517570783,5736611278,53254182061
2016-06-03,All-Floors,Non-HKUST,54,365,211525,8494634565,11428889977,19923524542
2016-06-03,All-Floors,Total,2045,22018,22498873,1534682613447,181645449115,1716328062562
2016-06-04,1,Staff,52,249,540273,3176693571,1527608524,4704302095
2016-06-04,1,TPG,35,507,659636,62961118767,3090279912,66051398679
2016-06-04,1,RPG,112,374,443197,22749945044,2804259205,25554204249
2016-06-04,1,UG,28,62,61994,2561208223,153020774,2714228997
2016-06-04,1,Alumni,5,25,58554,8076563157,491560400,8568123557
2016-06-04,1,Others(HKUST),3,84,110118,32844566,4543821,37388387
2016-06-04,1,Non-HKUST,2,7,3111,197463678,14839669,212303347
2016-06-04,1,Total,237,1308,1876883,99755837006,8086112305,107841949311
2016-06-04,G,Staff,65,322,360268,26850181822,1676361097,28526542919
2016-06-04,G,TPG,103,613,551055,206928999853,11285697448,218214697301
2016-06-04,G,RPG,94,301,198647,14986131475,1632415958,16618547433
2016-06-04,G,UG,113,598,564920,22487517352,2501926845,24989444197
2016-06-04,G,Alumni,36,172,158363,14461807628,1098148164,15559955792
2016-06-04,G,Others(HKUST),5,43,205943,2482502605,429507907,2912010512
2016-06-04,G,Non-HKUST,7,27,17085,817239878,34360641,851600519
2016-06-04,G,Total,423,2076,2056281,289014380613,18658418060,307672798673
2016-06-04,LG1,Staff,43,245,308124,9349581163,1261679966,10611261129
2016-06-04,LG1,TPG,140,1438,2177329,169117970425,16469698360,185587668785
2016-06-04,LG1,RPG,89,717,817055,32155572593,4163241076,36318813669
2016-06-04,LG1,UG,158,1372,1483224,146675033386,14071594932,160746628318
2016-06-04,LG1,Alumni,16,125,167270,4610228345,535677797,5145906142
2016-06-04,LG1,Others(HKUST),6,74,411623,8614305567,1386310679,10000616246
2016-06-04,LG1,Non-HKUST,10,49,93660,7275994303,4672332069,11948326372
2016-06-04,LG1,Total,462,4020,5458285,377798685782,42560534879,420359220661
2016-06-04,LG3,Staff,62,200,327290,11957037701,1239917810,13196955511
2016-06-04,LG3,TPG,65,363,573691,55790019254,13340125113,69130144367
2016-06-04,LG3,RPG,81,367,445387,26238599062,1498845435,27737444497
2016-06-04,LG3,UG,111,344,263615,22701009120,1161356864,23862365984
2016-06-04,LG3,Alumni,21,94,114706,794695110,151954055,946649165
2016-06-04,LG3,Others(HKUST),8,10,9833,521685526,83925680,605611206
2016-06-04,LG3,Non-HKUST,6,14,23207,527169083,26438314,553607397
2016-06-04,LG3,Total,354,1392,1757729,118530214856,17502563271,136032778127
2016-06-04,LG4,Staff,63,108,67007,1843514290,134246477,1977760767
2016-06-04,LG4,TPG,81,296,389347,31927152179,3153772935,35080925114
2016-06-04,LG4,RPG,167,521,452847,15956715019,1438499819,17395214838
2016-06-04,LG4,UG,132,568,456692,34906064374,3098745501,38004809875
2016-06-04,LG4,Alumni,26,230,136250,6737152104,842065879,7579217983
2016-06-04,LG4,Others(HKUST),5,129,366527,44211589978,4912546204,49124136182
2016-06-04,LG4,Non-HKUST,8,21,29773,390505130,44178834,434683964
2016-06-04,LG4,Total,482,1873,1898443,135972693074,13624055649,149596748723
2016-06-04,All-Floors,Staff,178,1124,1602962,53177008547,5839813874,59016822421
2016-06-04,All-Floors,TPG,205,3217,4351058,526725260478,47339573768,574064834246
2016-06-04,All-Floors,RPG,353,2280,2357133,112086963193,11537261493,123624224686
2016-06-04,All-Floors,UG,332,2944,2830445,229330832455,20986644916,250317477371
2016-06-04,All-Floors,Alumni,54,646,635143,34680446344,3119406295,37799852639
2016-06-04,All-Floors,Others(HKUST),16,340,1104044,55862928242,6816834291,62679762533
2016-06-04,All-Floors,Non-HKUST,21,118,166836,9208372072,4792149527,14000521599
2016-06-04,All-Floors,Total,1159,10669,13047621,1021071811331,100431684164,1121503495495
2016-06-05,1,Staff,37,177,520772,660607907,1167379442,1827987349
2016-06-05,1,TPG,24,278,333464,27040176464,1986797798,29026974262
2016-06-05,1,RPG,92,333,345889,20599762794,3648555727,24248318521
2016-06-05,1,UG,12,46,77282,27774239858,1660124648,29434364506
2016-06-05,1,Alumni,10,55,117452,3904190796,5125827913,9030018709
2016-06-05,1,Others(HKUST),2,38,66658,33427457,3548342,36975799
2016-06-05,1,Non-HKUST,8,40,38718,205533714,365534497,571068211
2016-06-05,1,Total,185,967,1500235,80217938990,13957768367,94175707357
2016-06-05,G,Staff,34,160,188477,3749274750,520432324,4269707074
2016-06-05,G,TPG,78,381,250222,69411276157,13273926343,82685202500
2016-06-05,G,RPG,55,148,191678,15473277357,1714193532,17187470889
2016-06-05,G,UG,70,343,468350,16808477630,1832583627,18641061257
2016-06-05,G,Alumni,33,105,76305,5055832006,398793793,5454625799
2016-06-05,G,Others(HKUST),3,10,104403,370257415,101991487,472248902
2016-06-05,G,Non-HKUST,13,49,30385,2446674443,193096605,2639771048
2016-06-05,G,Total,286,1196,1309820,113315069758,18035017711,131350087469
2016-06-05,LG1,Staff,26,191,172635,9853912286,1381181612,11235093898
2016-06-05,LG1,TPG,97,814,1226105,161640967001,16758595699,178399562700
2016-06-05,LG1,RPG,54,349,460277,9529558917,1912076556,11441635473
2016-06-05,LG1,UG,88,663,963291,80274561901,5771114675,86045676576
2016-06-05,LG1,Alumni,22,115,158053,8146521527,1420422425,9566943952
2016-06-05,LG1,Others(HKUST),1,4,345596,1488792783,270579631,1759372414
2016-06-05,LG1,Non-HKUST,2,17,26869,1388000128,95051573,1483051701
2016-06-05,LG1,Total,290,2153,3352826,272322314543,27609022171,299931336714
2016-06-05,LG3,Staff,31,127,192428,6097612210,285481121,6383093331
2016-06-05,LG3,TPG,49,257,333839,43844950665,5836479770,49681430435
2016-06-05,LG3,RPG,55,127,160506,4375028515,328432850,4703461365
2016-06-05,LG3,UG,71,165,81020,10352952661,632221458,10985174119
2016-06-05,LG3,Alumni,22,81,117531,7879494615,1510196249,9389690864
2016-06-05,LG3,Others(HKUST),4,7,2643,72173,41698,113871
2016-06-05,LG3,Non-HKUST,6,9,26499,604434116,102276637,706710753
2016-06-05,LG3,Total,238,773,914466,73154544955,8695129783,81849674738
2016-06-05,LG4,Staff,47,135,114953,5455932792,302267695,5758200487
2016-06-05,LG4,TPG,65,296,377746,49540236656,4107240242,53647476898
2016-06-05,LG4,RPG,120,295,229113,17462743643,934836545,18397580188
2016-06-05,LG4,UG,131,360,468636,17500269191,2083183428,19583452619
2016-06-05,LG4,Alumni,20,172,198557,20188366847,1174850461,21363217308
2016-06-05,LG4,Others(HKUST),3,94,262628,18743446910,2779347694,21522794604
2016-06-05,LG4,Non-HKUST,18,63,55714,366650756,34119026,400769782
2016-06-05,LG4,Total,404,1415,1707347,129257646795,11415845091,140673491886
2016-06-05,All-Floors,Staff,111,790,1189265,25817339945,3656742194,29474082139
2016-06-05,All-Floors,TPG,167,2026,2521376,351477606943,41963039852,393440646795
2016-06-05,All-Floors,RPG,273,1252,1387463,67440371226,8538095210,75978466436
2016-06-05,All-Floors,UG,243,1577,2058579,152710501241,11979227836,164689729077
2016-06-05,All-Floors,Alumni,56,528,667898,45174405791,9630090841,54804496632
2016-06-05,All-Floors,Others(HKUST),8,153,781928,20635996738,3155508852,23791505590
2016-06-05,All-Floors,Non-HKUST,37,178,178185,5011293157,790078338,5801371495
2016-06-05,All-Floors,Total,895,6504,8784694,668267515041,79712783123,747980298164
2016-06-06,1,Staff,199,1031,1633393,25785166152,4150510052,29935676204
2016-06-06,1,TPG,48,791,1168330,106306851817,15832818845,122139670662
2016-06-06,1,RPG,192,789,711442,33440493692,2641750564,36082244256
2016-06-06,1,UG,46,252,293849,16449729319,2658403423,19108132742
2016-06-06,1,Alumni,3,33,20939,406035892,42842924,448878816
2016-06-06,1,Others(HKUST),8,49,86185,1571048876,74443886,1645492762
2016-06-06,1,Non-HKUST,2,10,9615,102650405,515868516,618518921
2016-06-06,1,Total,498,2955,3923753,184061976153,25916638210,209978614363
2016-06-06,G,Staff,153,967,1058440,41002615367,3049091080,44051706447
2016-06-06,G,TPG,140,891,779287,100050008843,12991927802,113041936645
2016-06-06,G,RPG,144,477,399883,23257809936,2274175929,25531985865
2016-06-06,G,UG,163,823,722905,22983318620,3125823611,26109142231
2016-06-06,G,Alumni,15,68,73768,8510842235,581456600,9092298835
2016-06-06,G,Others(HKUST),10,51,216210,1690020220,246810118,1936830338
2016-06-06,G,Non-HKUST,16,113,122976,3009511802,834037970,3843549772
2016-06-06,G,Total,641,3390,3373469,200504127023,23103323110,223607450133
2016-06-06,LG1,Staff,90,529,379072,10870452063,1291419616,12161871679
2016-06-06,LG1,TPG,147,2289,2769963,280716655535,29286277903,310002933438
2016-06-06,LG1,RPG,130,1287,1432303,99854075497,9033943851,108888019348
2016-06-06,LG1,UG,201,1552,1732811,78178093607,7564741398,85742835005
2016-06-06,LG1,Alumni,10,62,75247,1282920729,170544340,1453465069
2016-06-06,LG1,Others(HKUST),5,14,353663,5991991179,387656814,6379647993
2016-06-06,LG1,Non-HKUST,11,74,77917,3481489125,231770499,3713259624
2016-06-06,LG1,Total,594,5807,6820976,480375677735,47966354421,528342032156
2016-06-06,LG3,Staff,94,448,445749,16122754082,1148570947,17271325029
2016-06-06,LG3,TPG,79,510,784557,74158207406,8208101351,82366308757
2016-06-06,LG3,RPG,99,563,667641,42946960016,3034702843,45981662859
2016-06-06,LG3,UG,114,345,271946,8217656017,1301556459,9519212476
2016-06-06,LG3,Alumni,9,24,31439,184324008,24353705,208677713
2016-06-06,LG3,Others(HKUST),6,11,6369,104813129,6345451,111158580
2016-06-06,LG3,Non-HKUST,9,46,109642,11050821677,728645137,11779466814
2016-06-06,LG3,Total,410,1947,2317343,152785536335,14452275893,167237812228
2016-06-06,LG4,Staff,190,581,344484,12745318056,772741584,13518059640
2016-06-06,LG4,TPG,96,593,723570,57896910875,6465937489,64362848364
2016-06-06,LG4,RPG,231,782,887012,57448330444,5707834872,63156165316
2016-06-06,LG4,UG,214,649,605903,28994943776,2274661236,31269605012
2016-06-06,LG4,Alumni,10,126,136125,9119704881,481796767,9601501648
2016-06-06,LG4,Others(HKUST),11,189,191007,9035543364,695108439,9730651803
2016-06-06,LG4,Non-HKUST,11,34,36386,3121228799,235509487,3356738286
2016-06-06,LG4,Total,763,2954,2924487,178361980195,16633589874,194995570069
2016-06-06,All-Floors,Staff,475,3556,3861138,106526305720,10412333279,116938638999
2016-06-06,All-Floors,TPG,242,5074,6225707,619128634476,72785063390,691913697866
2016-06-06,All-Floors,RPG,521,3898,4098281,256947669585,22692408059,279640077644
2016-06-06,All-Floors,UG,468,3621,3627414,154823741339,16925186127,171748927466
2016-06-06,All-Floors,Alumni,21,313,337518,19503827745,1300994336,20804822081
2016-06-06,All-Floors,Others(HKUST),26,314,853434,18393416768,1410364708,19803781476
2016-06-06,All-Floors,Non-HKUST,33,277,356536,20765701808,2545831609,23311533417
2016-06-06,All-Floors,Total,1786,17053,19360028,1196089297441,128072181508,1324161478949
2016-06-07,1,Staff,185,932,1343888,15460295614,2709863460,18170159074
2016-06-07,1,TPG,56,916,1309059,86179747192,12077871836,98257619028
2016-06-07,1,RPG,207,690,832686,49099435671,4452576535,53552012206
2016-06-07,1,UG,34,180,270165,7977668838,550097222,8527766060
2016-06-07,1,Alumni,4,57,30938,4424316904,359921742,4784238646
2016-06-07,1,Others(HKUST),9,25,113805,512682929,50754837,563437766
2016-06-07,1,Non-HKUST,4,5,1453,15734136,1412068,17146204
2016-06-07,1,Total,499,2805,3901994,163669881284,20202497700,183872378984
2016-06-07,G,Staff,162,959,989817,30980816885,5563899268,36544716153
2016-06-07,G,TPG,126,790,633354,34926938955,5446247283,40373186238
2016-06-07,G,RPG,146,563,472840,38792596450,2702191884,41494788334
2016-06-07,G,UG,158,814,647557,32009340633,4103982430,36113323063
2016-06-07,G,Alumni,13,49,92617,4600341748,334175710,4934517458
2016-06-07,G,Others(HKUST),8,47,233006,2848785723,557655935,3406441658
2016-06-07,G,Non-HKUST,13,74,47323,3741534246,342674301,4084208547
2016-06-07,G,Total,626,3296,3116514,147900354640,19050826811,166951181451
2016-06-07,LG1,Staff,107,546,372541,24251600950,1940514817,26192115767
2016-06-07,LG1,TPG,135,2384,2435273,210750380143,15008645124,225759025267
2016-06-07,LG1,RPG,139,1481,1349729,56624332404,4888565058,61512897462
2016-06-07,LG1,UG,182,1468,1436691,85673773395,6616854145,92290627540
2016-06-07,LG1,Alumni,9,124,166219,2419062720,358803140,2777865860
2016-06-07,LG1,Others(HKUST),3,64,420886,13488420548,2733499981,16221920529
2016-06-07,LG1,Non-HKUST,7,79,64841,1774403239,107618056,1882021295
2016-06-07,LG1,Total,582,6146,6246180,394981973399,31654500321,426636473720
2016-06-07,LG3,Staff,89,425,453577,9291273730,983289588,10274563318
2016-06-07,LG3,TPG,80,467,588521,47653149599,5615070779,53268220378
2016-06-07,LG3,RPG,95,600,759696,35770541349,2360866809,38131408158
2016-06-07,LG3,UG,133,443,271850,24628835609,2674406132,27303241741
2016-06-07,LG3,Alumni,13,52,54091,2231035657,152568405,2383604062
2016-06-07,LG3,Others(HKUST),5,13,15028,483123365,18056735,501180100
2016-06-07,LG3,Non-HKUST,8,30,98827,5273021088,1031016195,6304037283
2016-06-07,LG3,Total,423,2030,2241590,125330980397,12835274643,138166255040
2016-06-07,LG4,Staff,157,449,315035,16174591522,1952589669,18127181191
2016-06-07,LG4,TPG,83,473,680926,32243564450,5261342548,37504906998
2016-06-07,LG4,RPG,199,817,917182,134306480190,7007683935,141314164125
2016-06-07,LG4,UG,134,610,440239,15192245290,1443951207,16636196497
2016-06-07,LG4,Alumni,6,56,44589,569240404,1224277961,1793518365
2016-06-07,LG4,Others(HKUST),10,170,203194,11462202829,1209985624,12672188453
2016-06-07,LG4,Non-HKUST,8,23,5395,88006991,6823853,94830844
2016-06-07,LG4,Total,597,2598,2606560,210036331676,18106654797,228142986473
2016-06-07,All-Floors,Staff,432,3311,3474858,96158578701,13150156802,109308735503
2016-06-07,All-Floors,TPG,230,5030,5647133,411753780339,43409177570,455162957909
2016-06-07,All-Floors,RPG,509,4151,4332133,314593386064,21411884221,336005270285
2016-06-07,All-Floors,UG,415,3515,3066502,165481863765,15389291136,180871154901
2016-06-07,All-Floors,Alumni,21,338,388454,14243997433,2429746958,16673744391
2016-06-07,All-Floors,Others(HKUST),26,319,985919,28795215394,4569953112,33365168506
2016-06-07,All-Floors,Non-HKUST,26,211,217839,10892699700,1489544473,12382244173
2016-06-07,All-Floors,Total,1659,16875,18112838,1041919521396,101849754272,1143769275668
2016-06-08,1,Staff,55,143,242131,1044355400,1150158866,2194514266
2016-06-08,1,TPG,4,6,1437,252773253,10915098,263688351
2016-06-08,1,RPG,25,45,28072,2324957187,210499717,2535456904
2016-06-08,1,UG,11,29,20576,149009067,18173984,167183051
2016-06-08,1,Alumni,0,0,0,0,0,0
2016-06-08,1,Others(HKUST),5,7,91834,301343887,12161241,313505128
2016-06-08,1,Non-HKUST,0,0,0,0,0,0
2016-06-08,1,Total,100,230,384050,4072438794,1401908906,5474347700
2016-06-08,G,Staff,41,81,82055,263743512,86143389,349886901
2016-06-08,G,TPG,13,44,17883,909739632,46634296,956373928
2016-06-08,G,RPG,9,16,6386,247969484,16980589,264950073
2016-06-08,G,UG,23,54,22489,220965850,39659224,260625074
2016-06-08,G,Alumni,0,0,0,0,0,0
2016-06-08,G,Others(HKUST),2,5,43437,364004482,80937303,444941785
2016-06-08,G,Non-HKUST,0,0,0,0,0,0
2016-06-08,G,Total,88,200,172250,2006422960,270354801,2276777761
2016-06-08,LG1,Staff,20,51,17543,164740395,10091929,174832324
2016-06-08,LG1,TPG,12,30,7644,216576034,14340956,230916990
2016-06-08,LG1,RPG,13,27,11027,292046651,519701369,811748020
2016-06-08,LG1,UG,10,36,18596,457718599,232411012,690129611
2016-06-08,LG1,Alumni,1,2,0,0,0,0
2016-06-08,LG1,Others(HKUST),3,29,202974,6970007958,1431403994,8401411952
2016-06-08,LG1,Non-HKUST,0,0,0,0,0,0
2016-06-08,LG1,Total,59,175,257784,8101089637,2207949260,10309038897
2016-06-08,LG3,Staff,21,41,18475,303026425,30679954,333706379
2016-06-08,LG3,TPG,2,4,1083,2528752,449576,2978328
2016-06-08,LG3,RPG,13,26,20653,149819757,13884683,163704440
2016-06-08,LG3,UG,16,31,12274,338107334,254704162,592811496
2016-06-08,LG3,Alumni,3,7,14852,164828469,53051591,217880060
2016-06-08,LG3,Others(HKUST),0,0,0,0,0,0
2016-06-08,LG3,Non-HKUST,1,1,362,12184620,1751874,13936494
2016-06-08,LG3,Total,56,110,67699,970495357,354521840,1325017197
2016-06-08,LG4,Staff,24,31,13184,182627010,114296101,296923111
2016-06-08,LG4,TPG,4,12,11600,53774876,5886199,59661075
2016-06-08,LG4,RPG,12,18,10639,264247469,16100965,280348434
2016-06-08,LG4,UG,13,47,56920,831455491,77793663,909249154
2016-06-08,LG4,Alumni,0,0,0,0,0,0
2016-06-08,LG4,Others(HKUST),3,31,33788,2273313225,91878536,2365191761
2016-06-08,LG4,Non-HKUST,2,5,2661,10326501,397222,10723723
2016-06-08,LG4,Total,58,144,128792,3615744572,306352686,3922097258
2016-06-08,All-Floors,Staff,122,347,373388,1958492742,1391370239,3349862981
2016-06-08,All-Floors,TPG,24,96,39647,1435392547,78226125,1513618672
2016-06-08,All-Floors,RPG,59,132,76777,3279040548,777167323,4056207871
2016-06-08,All-Floors,UG,60,197,130855,1997256341,622742045,2619998386
2016-06-08,All-Floors,Alumni,4,9,14852,164828469,53051591,217880060
2016-06-08,All-Floors,Others(HKUST),9,72,372033,9908669552,1616381074,11525050626
2016-06-08,All-Floors,Non-HKUST,3,6,3023,22511121,2149096,24660217
2016-06-08,All-Floors,Total,281,859,1010575,18766191320,4541087493,23307278813
2016-06-09,1,Staff,1,1,86399,102108614,5574194,107682808
2016-06-09,1,TPG,0,0,0,0,0,0
2016-06-09,1,RPG,0,0,0,0,0,0
2016-06-09,1,UG,0,0,0,0,0,0
2016-06-09,1,Alumni,0,0,0,0,0,0
2016-06-09,1,Others(HKUST),1,1,86399,149745022,7519341,157264363
2016-06-09,1,Non-HKUST,0,0,0,0,0,0
2016-06-09,1,Total,2,2,172798,251853636,13093535,264947171
2016-06-09,G,Staff,0,0,0,0,0,0
2016-06-09,G,TPG,0,0,0,0,0,0
2016-06-09,G,RPG,0,0,0,0,0,0
2016-06-09,G,UG,0,0,0,0,0,0
2016-06-09,G,Alumni,0,0,0,0,0,0
2016-06-09,G,Others(HKUST),0,0,0,0,0,0
2016-06-09,G,Non-HKUST,0,0,0,0,0,0
2016-06-09,G,Total,0,0,0,0,0,0
2016-06-09,LG1,Staff,0,0,0,0,0,0
2016-06-09,LG1,TPG,0,0,0,0,0,0
2016-06-09,LG1,RPG,0,0,0,0,0,0
2016-06-09,LG1,UG,0,0,0,0,0,0
2016-06-09,LG1,Alumni,0,0,0,0,0,0
2016-06-09,LG1,Others(HKUST),0,0,0,0,0,0
2016-06-09,LG1,Non-HKUST,0,0,0,0,0,0
2016-06-09,LG1,Total,0,0,0,0,0,0
2016-06-09,LG3,Staff,0,0,0,0,0,0
2016-06-09,LG3,TPG,0,0,0,0,0,0
2016-06-09,LG3,RPG,0,0,0,0,0,0
2016-06-09,LG3,UG,0,0,0,0,0,0
2016-06-09,LG3,Alumni,0,0,0,0,0,0
2016-06-09,LG3,Others(HKUST),0,0,0,0,0,0
2016-06-09,LG3,Non-HKUST,0,0,0,0,0,0
2016-06-09,LG3,Total,0,0,0,0,0,0
2016-06-09,LG4,Staff,0,0,0,0,0,0
2016-06-09,LG4,TPG,0,0,0,0,0,0
2016-06-09,LG4,RPG,0,0,0,0,0,0
2016-06-09,LG4,UG,0,0,0,0,0,0
2016-06-09,LG4,Alumni,0,0,0,0,0,0
2016-06-09,LG4,Others(HKUST),0,0,0,0,0,0
2016-06-09,LG4,Non-HKUST,0,0,0,0,0,0
2016-06-09,LG4,Total,0,0,0,0,0,0
2016-06-09,All-Floors,Staff,1,1,86399,102108614,5574194,107682808
2016-06-09,All-Floors,TPG,0,0,0,0,0,0
2016-06-09,All-Floors,RPG,0,0,0,0,0,0
2016-06-09,All-Floors,UG,0,0,0,0,0,0
2016-06-09,All-Floors,Alumni,0,0,0,0,0,0
2016-06-09,All-Floors,Others(HKUST),1,1,86399,149745022,7519341,157264363
2016-06-09,All-Floors,Non-HKUST,0,0,0,0,0,0
2016-06-09,All-Floors,Total,2,2,172798,251853636,13093535,264947171
2016-06-10,1,Staff,2,2,109464,103271263,5929386,109200649
2016-06-10,1,TPG,0,0,0,0,0,0
2016-06-10,1,RPG,0,0,0,0,0,0
2016-06-10,1,UG,0,0,0,0,0,0
2016-06-10,1,Alumni,0,0,0,0,0,0
2016-06-10,1,Others(HKUST),1,1,86399,149745022,7519341,157264363
2016-06-10,1,Non-HKUST,0,0,0,0,0,0
2016-06-10,1,Total,3,3,195863,253016285,13448727,266465012
2016-06-10,G,Staff,0,0,0,0,0,0
2016-06-10,G,TPG,0,0,0,0,0,0
2016-06-10,G,RPG,0,0,0,0,0,0
2016-06-10,G,UG,0,0,0,0,0,0
2016-06-10,G,Alumni,0,0,0,0,0,0
2016-06-10,G,Others(HKUST),1,1,6335,281903462,85191542,367095004
2016-06-10,G,Non-HKUST,0,0,0,0,0,0
2016-06-10,G,Total,1,1,6335,281903462,85191542,367095004
2016-06-10,LG1,Staff,0,0,0,0,0,0
2016-06-10,LG1,TPG,0,0,0,0,0,0
2016-06-10,LG1,RPG,0,0,0,0,0,0
2016-06-10,LG1,UG,0,0,0,0,0,0
2016-06-10,LG1,Alumni,0,0,0,0,0,0
2016-06-10,LG1,Others(HKUST),1,2,16502,340109830,81670414,421780244
2016-06-10,LG1,Non-HKUST,0,0,0,0,0,0
2016-06-10,LG1,Total,1,2,16502,340109830,81670414,421780244
2016-06-10,LG3,Staff,0,0,0,0,0,0
2016-06-10,LG3,TPG,0,0,0,0,0,0
2016-06-10,LG3,RPG,0,0,0,0,0,0
2016-06-10,LG3,UG,0,0,0,0,0,0
2016-06-10,LG3,Alumni,0,0,0,0,0,0
2016-06-10,LG3,Others(HKUST),0,0,0,0,0,0
2016-06-10,LG3,Non-HKUST,0,0,0,0,0,0
2016-06-10,LG3,Total,0,0,0,0,0,0
2016-06-10,LG4,Staff,0,0,0,0,0,0
2016-06-10,LG4,TPG,0,0,0,0,0,0
2016-06-10,LG4,RPG,0,0,0,0,0,0
2016-06-10,LG4,UG,0,0,0,0,0,0
2016-06-10,LG4,Alumni,0,0,0,0,0,0
2016-06-10,LG4,Others(HKUST),1,1,2498,1512717501,56955197,1569672698
2016-06-10,LG4,Non-HKUST,0,0,0,0,0,0
2016-06-10,LG4,Total,1,1,2498,1512717501,56955197,1569672698
2016-06-10,All-Floors,Staff,2,2,109464,103271263,5929386,109200649
2016-06-10,All-Floors,TPG,0,0,0,0,0,0
2016-06-10,All-Floors,RPG,0,0,0,0,0,0
2016-06-10,All-Floors,UG,0,0,0,0,0,0
2016-06-10,All-Floors,Alumni,0,0,0,0,0,0
2016-06-10,All-Floors,Others(HKUST),2,5,111734,2284475815,231336494,2515812309
2016-06-10,All-Floors,Non-HKUST,0,0,0,0,0,0
2016-06-10,All-Floors,Total,4,7,221198,2387747078,237265880,2625012958
2016-06-11,1,Staff,18,45,82325,348986215,64618502,413604717
2016-06-11,1,TPG,8,37,32689,19644302596,717545892,20361848488
2016-06-11,1,RPG,17,38,23468,75816568,8284919,84101487
2016-06-11,1,UG,8,22,14775,869794913,56432234,926227147
2016-06-11,1,Alumni,1,4,1325,1009715,427793,1437508
2016-06-11,1,Others(HKUST),2,2,41081,149827731,7554635,157382366
2016-06-11,1,Non-HKUST,2,11,14534,223872058,14337632,238209690
2016-06-11,1,Total,56,159,210197,21313609796,869201607,22182811403
2016-06-11,G,Staff,9,22,35865,156218824,21162580,177381404
2016-06-11,G,TPG,7,21,16585,359624493,27399138,387023631
2016-06-11,G,RPG,17,31,32850,539013944,44535014,583548958
2016-06-11,G,UG,18,62,44074,2745399589,125418483,2870818072
2016-06-11,G,Alumni,2,3,500,140583,164010,304593
2016-06-11,G,Others(HKUST),4,11,54772,1483577871,445850527,1929428398
2016-06-11,G,Non-HKUST,3,3,0,631893,236986,868879
2016-06-11,G,Total,60,153,184646,5284607197,664766738,5949373935
2016-06-11,LG1,Staff,6,12,3977,44759778,4315794,49075572
2016-06-11,LG1,TPG,21,96,62559,3922274262,167423340,4089697602
2016-06-11,LG1,RPG,18,84,79950,2925113586,228834388,3153947974
2016-06-11,LG1,UG,24,85,81428,2645896260,126270616,2772166876
2016-06-11,LG1,Alumni,2,11,7817,286933781,6237522506,6524456287
2016-06-11,LG1,Others(HKUST),3,42,278581,5725809519,1076752515,6802562034
2016-06-11,LG1,Non-HKUST,0,0,0,0,0,0
2016-06-11,LG1,Total,74,330,514312,15550787186,7841119159,23391906345
2016-06-11,LG3,Staff,12,17,11455,28459785,3171875,31631660
2016-06-11,LG3,TPG,6,22,30135,1805208673,102811754,1908020427
2016-06-11,LG3,RPG,10,53,71167,3861187314,379966880,4241154194
2016-06-11,LG3,UG,10,28,6497,8934239,5219021,14153260
2016-06-11,LG3,Alumni,1,7,4455,17183534,4379989,21563523
2016-06-11,LG3,Others(HKUST),1,1,722,248734,121731,370465
2016-06-11,LG3,Non-HKUST,2,3,583,1289355,161882,1451237
2016-06-11,LG3,Total,42,131,125014,5722511634,495833132,6218344766
2016-06-11,LG4,Staff,6,11,5648,3540936,504650,4045586
2016-06-11,LG4,TPG,8,37,32549,5198225064,225289527,5423514591
2016-06-11,LG4,RPG,19,39,58785,6357230682,266790963,6624021645
2016-06-11,LG4,UG,16,44,51991,523301768,56547832,579849600
2016-06-11,LG4,Alumni,4,11,7811,8964380,2214168,11178548
2016-06-11,LG4,Others(HKUST),4,37,93707,2558135224,177688382,2735823606
2016-06-11,LG4,Non-HKUST,3,6,5402,27170457,3371758,30542215
2016-06-11,LG4,Total,60,185,255893,14676568511,732407280,15408975791
2016-06-11,All-Floors,Staff,42,107,139270,581965538,93773401,675738939
2016-06-11,All-Floors,TPG,36,213,174517,30929635088,1240469651,32170104739
2016-06-11,All-Floors,RPG,57,245,266220,13758362094,928412164,14686774258
2016-06-11,All-Floors,UG,59,241,198765,6793326769,369888186,7163214955
2016-06-11,All-Floors,Alumni,7,36,21908,314231993,6244708466,6558940459
2016-06-11,All-Floors,Others(HKUST),9,93,468863,9917599079,1707967790,11625566869
2016-06-11,All-Floors,Non-HKUST,8,23,20519,252963763,18108258,271072021
2016-06-11,All-Floors,Total,218,958,1290062,62548084324,10603327916,73151412240
2016-06-12,1,Staff,0,0,0,0,0,0
2016-06-12,1,TPG,0,0,0,0,0,0
2016-06-12,1,RPG,0,0,0,0,0,0
2016-06-12,1,UG,0,0,0,0,0,0
2016-06-12,1,Alumni,0,0,0,0,0,0
2016-06-12,1,Others(HKUST),1,1,86262,34027,16955,50982
2016-06-12,1,Non-HKUST,0,0,0,0,0,0
2016-06-12,1,Total,1,1,86262,34027,16955,50982
2016-06-12,G,Staff,0,0,0,0,0,0
2016-06-12,G,TPG,0,0,0,0,0,0
2016-06-12,G,RPG,0,0,0,0,0,0
2016-06-12,G,UG,0,0,0,0,0,0
2016-06-12,G,Alumni,0,0,0,0,0,0
2016-06-12,G,Others(HKUST),0,0,0,0,0,0
2016-06-12,G,Non-HKUST,0,0,0,0,0,0
2016-06-12,G,Total,0,0,0,0,0,0
2016-06-12,LG1,Staff,0,0,0,0,0,0
2016-06-12,LG1,TPG,0,0,0,0,0,0
2016-06-12,LG1,RPG,0,0,0,0,0,0
2016-06-12,LG1,UG,0,0,0,0,0,0
2016-06-12,LG1,Alumni,0,0,0,0,0,0
2016-06-12,LG1,Others(HKUST),1,3,218010,879181287,159761463,1038942750
2016-06-12,LG1,Non-HKUST,0,0,0,0,0,0
2016-06-12,LG1,Total,1,3,218010,879181287,159761463,1038942750
2016-06-12,LG3,Staff,0,0,0,0,0,0
2016-06-12,LG3,TPG,0,0,0,0,0,0
2016-06-12,LG3,RPG,0,0,0,0,0,0
2016-06-12,LG3,UG,0,0,0,0,0,0
2016-06-12,LG3,Alumni,0,0,0,0,0,0
2016-06-12,LG3,Others(HKUST),0,0,0,0,0,0
2016-06-12,LG3,Non-HKUST,0,0,0,0,0,0
2016-06-12,LG3,Total,0,0,0,0,0,0
2016-06-12,LG4,Staff,0,0,0,0,0,0
2016-06-12,LG4,TPG,0,0,0,0,0,0
2016-06-12,LG4,RPG,0,0,0,0,0,0
2016-06-12,LG4,UG,0,0,0,0,0,0
2016-06-12,LG4,Alumni,0,0,0,0,0,0
2016-06-12,LG4,Others(HKUST),0,0,0,0,0,0
2016-06-12,LG4,Non-HKUST,0,0,0,0,0,0
2016-06-12,LG4,Total,0,0,0,0,0,0
2016-06-12,All-Floors,Staff,0,0,0,0,0,0
2016-06-12,All-Floors,TPG,0,0,0,0,0,0
2016-06-12,All-Floors,RPG,0,0,0,0,0,0
2016-06-12,All-Floors,UG,0,0,0,0,0,0
2016-06-12,All-Floors,Alumni,0,0,0,0,0,0
2016-06-12,All-Floors,Others(HKUST),1,4,304272,879215314,159778418,1038993732
2016-06-12,All-Floors,Non-HKUST,0,0,0,0,0,0
2016-06-12,All-Floors,Total,1,4,304272,879215314,159778418,1038993732
2016-06-13,1,Staff,93,232,419541,2759897145,453523775,3213420920
2016-06-13,1,TPG,29,149,241983,16896374445,943840052,17840214497
2016-06-13,1,RPG,83,211,215181,10509727849,552616100,11062343949
2016-06-13,1,UG,18,70,105806,2535646203,245990591,2781636794
2016-06-13,1,Alumni,1,3,2276,20871414,1165371,22036785
2016-06-13,1,Others(HKUST),6,8,88448,2599829,588291,3188120
2016-06-13,1,Non-HKUST,2,8,15848,795814135,34330650,830144785
2016-06-13,1,Total,232,681,1089083,33520931020,2232054830,35752985850
2016-06-13,G,Staff,86,299,323578,5096984918,382970267,5479955185
2016-06-13,G,TPG,66,248,185134,14922018620,1114486150,16036504770
2016-06-13,G,RPG,45,107,131872,11096651678,427607940,11524259618
2016-06-13,G,UG,72,316,241208,13108089406,1172339184,14280428590
2016-06-13,G,Alumni,6,14,13467,40807095,164927389,205734484
2016-06-13,G,Others(HKUST),21,53,97752,954902619,273140560,1228043179
2016-06-13,G,Non-HKUST,27,90,56625,427890705,173108300,600999005
2016-06-13,G,Total,323,1127,1049636,45647345041,3708579790,49355924831
2016-06-13,LG1,Staff,62,179,170045,4605508262,373275571,4978783833
2016-06-13,LG1,TPG,79,541,493476,53751005432,3062230850,56813236282
2016-06-13,LG1,RPG,59,345,413241,22731874540,1505063284,24236937824
2016-06-13,LG1,UG,98,521,505877,34655444595,2238639830,36894084425
2016-06-13,LG1,Alumni,2,12,11042,80716874,7919827,88636701
2016-06-13,LG1,Others(HKUST),4,35,270798,2657387474,636363107,3293750581
2016-06-13,LG1,Non-HKUST,5,53,48539,111289951,11790678,123080629
2016-06-13,LG1,Total,309,1686,1913018,118593227128,7835283147,126428510275
2016-06-13,LG3,Staff,40,92,141285,2761231754,227101336,2988333090
2016-06-13,LG3,TPG,36,147,199839,8239561130,527765457,8767326587
2016-06-13,LG3,RPG,44,166,284625,33970039649,1766587156,35736626805
2016-06-13,LG3,UG,42,104,94439,3838003564,659827421,4497830985
2016-06-13,LG3,Alumni,6,10,16091,73168855,8684257,81853112
2016-06-13,LG3,Others(HKUST),2,2,477,37953100,3254731,41207831
2016-06-13,LG3,Non-HKUST,8,23,31163,2708523097,104283753,2812806850
2016-06-13,LG3,Total,178,544,767919,51628481149,3297504111,54925985260
2016-06-13,LG4,Staff,104,212,108882,964297753,74441926,1038739679
2016-06-13,LG4,TPG,39,146,222690,18542427012,1635842406,20178269418
2016-06-13,LG4,RPG,65,158,139002,5089600133,483293310,5572893443
2016-06-13,LG4,UG,68,160,97448,5984936971,3556764636,9541701607
2016-06-13,LG4,Alumni,6,54,22138,220373460,180152110,400525570
2016-06-13,LG4,Others(HKUST),12,51,84426,4158920796,510685270,4669606066
2016-06-13,LG4,Non-HKUST,31,213,156539,1113960448,66742312,1180702760
2016-06-13,LG4,Total,325,994,831125,36074516573,6507921970,42582438543
2016-06-13,All-Floors,Staff,263,1014,1163331,16187919832,1511312875,17699232707
2016-06-13,All-Floors,TPG,153,1231,1343122,112351386639,7284164915,119635551554
2016-06-13,All-Floors,RPG,222,987,1183921,83397893849,4735167790,88133061639
2016-06-13,All-Floors,UG,218,1171,1044778,60122120739,7873561662,67995682401
2016-06-13,All-Floors,Alumni,10,93,65014,435937698,362848954,798786652
2016-06-13,All-Floors,Others(HKUST),32,149,541901,7811763818,1424031959,9235795777
2016-06-13,All-Floors,Non-HKUST,47,387,308714,5157478336,390255693,5547734029
2016-06-13,All-Floors,Total,945,5032,5650781,285464500911,23581343848,309045844759
2016-06-14,1,Staff,90,262,661636,11210761088,669072208,11879833296
2016-06-14,1,TPG,35,300,565840,47426687144,3308604118,50735291262
2016-06-14,1,RPG,99,311,317648,10912825460,1170283347,12083108807
2016-06-14,1,UG,15,35,95396,1162281596,367779997,1530061593
2016-06-14,1,Alumni,3,19,23239,5781776569,330583145,6112359714
2016-06-14,1,Others(HKUST),7,27,171792,991206295,90870273,1082076568
2016-06-14,1,Non-HKUST,2,12,20005,2338368477,150522499,2488890976
2016-06-14,1,Total,251,966,1855556,79823906629,6087715587,85911622216
2016-06-14,G,Staff,89,311,362122,17029673067,1821712051,18851385118
2016-06-14,G,TPG,114,516,552329,51734375179,8636466439,60370841618
2016-06-14,G,RPG,68,327,318472,26595054098,2145493033,28740547131
2016-06-14,G,UG,82,282,359893,20966511868,1992464250,22958976118
2016-06-14,G,Alumni,11,30,10904,1701726105,1521574092,3223300197
2016-06-14,G,Others(HKUST),10,35,106693,1663347142,389369044,2052716186
2016-06-14,G,Non-HKUST,18,56,47420,2914194518,248673053,3162867571
2016-06-14,G,Total,392,1557,1757833,122604881977,16755751962,139360633939
2016-06-14,LG1,Staff,37,124,199582,2297219026,1911147977,4208367003
2016-06-14,LG1,TPG,120,1384,1742193,186834072941,27835523786,214669596727
2016-06-14,LG1,RPG,76,489,693494,23410878164,1803140543,25214018707
2016-06-14,LG1,UG,90,531,703845,38853795413,3022230426,41876025839
2016-06-14,LG1,Alumni,5,39,83416,1205422488,93231238,1298653726
2016-06-14,LG1,Others(HKUST),4,36,195097,1933239837,549171634,2482411471
2016-06-14,LG1,Non-HKUST,9,37,54036,2743900599,195938734,2939839333
2016-06-14,LG1,Total,341,2640,3671663,257278528468,35410384338,292688912806
2016-06-14,LG3,Staff,42,116,146602,3052083426,281700490,3333783916
2016-06-14,LG3,TPG,46,182,402842,52025191084,12970336480,64995527564
2016-06-14,LG3,RPG,50,183,293943,8170182987,1017407358,9187590345
2016-06-14,LG3,UG,77,154,122920,7092794808,502725817,7595520625
2016-06-14,LG3,Alumni,6,20,32451,12210351418,639436937,12849788355
2016-06-14,LG3,Others(HKUST),3,7,2739,2320852,1373118,3693970
2016-06-14,LG3,Non-HKUST,6,13,2604,339029327,19042758,358072085
2016-06-14,LG3,Total,230,675,1004101,82891953902,15432022958,98323976860
2016-06-14,LG4,Staff,51,167,148554,1249437063,304167528,1553604591
2016-06-14,LG4,TPG,56,284,443055,81525127040,4937477959,86462604999
2016-06-14,LG4,RPG,131,355,450670,38739608573,2030729490,40770338063
2016-06-14,LG4,UG,107,292,198353,5451689708,416688489,5868378197
2016-06-14,LG4,Alumni,11,69,120106,1459692232,1815239926,3274932158
2016-06-14,LG4,Others(HKUST),10,74,165926,8309396648,1868425162,10177821810
2016-06-14,LG4,Non-HKUST,28,102,126061,1210091922,86397935,1296489857
2016-06-14,LG4,Total,394,1343,1652725,137945043186,11459126489,149404169675
2016-06-14,All-Floors,Staff,200,980,1518496,34839173670,4987800254,39826973924
2016-06-14,All-Floors,TPG,212,2666,3706259,419545453388,57688408782,477233862170
2016-06-14,All-Floors,RPG,312,1665,2074227,107828549282,8167053771,115995603053
2016-06-14,All-Floors,UG,269,1294,1480407,73527073393,6301888979,79828962372
2016-06-14,All-Floors,Alumni,20,177,270116,22358968812,4400065338,26759034150
2016-06-14,All-Floors,Others(HKUST),21,179,642247,12899510774,2899209231,15798720005
2016-06-14,All-Floors,Non-HKUST,39,220,250126,9545584843,700574979,10246159822
2016-06-14,All-Floors,Total,1073,7181,9941878,680544314162,85145001334,765689315496
2016-06-15,1,Staff,175,939,1607365,34084594932,1772332092,35856927024
2016-06-15,1,TPG,41,921,830490,78515788496,8243002749,86758791245
2016-06-15,1,RPG,202,782,710869,54759250882,4345302790,59104553672
2016-06-15,1,UG,47,307,404204,12818706023,910859095,13729565118
2016-06-15,1,Alumni,4,11,27390,1692139856,84760640,1776900496
2016-06-15,1,Others(HKUST),13,45,215270,104553177,7168657,111721834
2016-06-15,1,Non-HKUST,4,35,47895,966701645,68505603,1035207248
2016-06-15,1,Total,486,3040,3843483,182941735011,15431931626,198373666637
2016-06-15,G,Staff,148,952,837821,34127178830,2145361308,36272540138
2016-06-15,G,TPG,128,763,611800,66095414413,7080069717,73175484130
2016-06-15,G,RPG,151,615,659616,50279516223,4498496993,54778013216
2016-06-15,G,UG,170,984,889789,43701620998,19707021882,63408642880
2016-06-15,G,Alumni,14,75,68197,16011232628,739714853,16750947481
2016-06-15,G,Others(HKUST),9,44,115480,1980334698,421914942,2402249640
2016-06-15,G,Non-HKUST,19,142,123234,11370304224,553676275,11923980499
2016-06-15,G,Total,639,3575,3305937,223565602014,35146255970,258711857984
2016-06-15,LG1,Staff,90,515,476608,49305166806,2707826145,52012992951
2016-06-15,LG1,TPG,131,2367,2262266,295838131013,24500497780,320338628793
2016-06-15,LG1,RPG,137,1374,1457385,78943304771,6335006719,85278311490
2016-06-15,LG1,UG,179,1696,1308826,104765223651,11806998751,116572222402
2016-06-15,LG1,Alumni,11,113,103184,3972595612,217945287,4190540899
2016-06-15,LG1,Others(HKUST),9,232,601736,5384087228,2388578417,7772665645
2016-06-15,LG1,Non-HKUST,6,20,18080,81806693,9306340,91113033
2016-06-15,LG1,Total,563,6317,6228085,538290315774,47966159439,586256475213
2016-06-15,LG3,Staff,103,366,307956,9719267378,772916652,10492184030
2016-06-15,LG3,TPG,70,364,502365,104253679834,7664044376,111917724210
2016-06-15,LG3,RPG,116,603,732689,77272758796,3676876426,80949635222
2016-06-15,LG3,UG,184,677,487396,31847145405,2267153943,34114299348
2016-06-15,LG3,Alumni,8,27,45875,18873298481,603468487,19476766968
2016-06-15,LG3,Others(HKUST),11,31,12107,195986218,16629837,212616055
2016-06-15,LG3,Non-HKUST,7,56,30597,440919698,53830782,494750480
2016-06-15,LG3,Total,499,2124,2118985,242603055810,15054920503,257657976313
2016-06-15,LG4,Staff,162,473,232517,6888237977,426748605,7314986582
2016-06-15,LG4,TPG,97,733,857636,43922065895,3925048492,47847114387
2016-06-15,LG4,RPG,236,838,848732,52398853963,3114002812,55512856775
2016-06-15,LG4,UG,192,659,533728,27705307910,3158165504,30863473414
2016-06-15,LG4,Alumni,10,67,86420,3179540520,239517467,3419057987
2016-06-15,LG4,Others(HKUST),20,192,324631,12336662771,2600099087,14936761858
2016-06-15,LG4,Non-HKUST,19,50,59079,1037568626,54215634,1091784260
2016-06-15,LG4,Total,736,3012,2942743,147468237662,13517797601,160986035263
2016-06-15,All-Floors,Staff,443,3245,3462267,134124445923,7825184802,141949630725
2016-06-15,All-Floors,TPG,224,5148,5064557,588625079651,51412663114,640037742765
2016-06-15,All-Floors,RPG,556,4212,4409291,313653684635,21969685740,335623370375
2016-06-15,All-Floors,UG,473,4323,3623943,220838003987,37850199175,258688203162
2016-06-15,All-Floors,Alumni,22,293,331066,43728807097,1885406734,45614213831
2016-06-15,All-Floors,Others(HKUST),38,544,1269224,20001624092,5434390940,25436015032
2016-06-15,All-Floors,Non-HKUST,36,303,278885,13897300886,739534634,14636835520
2016-06-15,All-Floors,Total,1792,18068,18439233,1334868946271,127117065139,1461986011410
2016-06-16,1,Staff,187,877,1008722,35675432650,2288398357,37963831007
2016-06-16,1,TPG,48,679,861072,61169095029,3829793340,64998888369
2016-06-16,1,RPG,205,921,1014665,56761115815,4433614950,61194730765
2016-06-16,1,UG,42,211,253463,12372010500,1711448200,14083458700
2016-06-16,1,Alumni,3,20,25775,2306377329,125683044,2432060373
2016-06-16,1,Others(HKUST),14,124,141358,982896341,85061939,1067958280
2016-06-16,1,Non-HKUST,3,8,12413,1586639,829165,2415804
2016-06-16,1,Total,502,2840,3317468,169268514303,12474828995,181743343298
2016-06-16,G,Staff,145,777,616954,9680725577,1140163926,10820889503
2016-06-16,G,TPG,130,725,640828,49225105458,7055980938,56281086396
2016-06-16,G,RPG,140,680,573030,52459566084,3504382120,55963948204
2016-06-16,G,UG,175,799,812377,44371329784,3782461659,48153791443
2016-06-16,G,Alumni,11,39,24743,17242083882,805513407,18047597289
2016-06-16,G,Others(HKUST),12,56,158633,1248532810,398455346,1646988156
2016-06-16,G,Non-HKUST,14,86,107522,4318118717,736871300,5054990017
2016-06-16,G,Total,627,3162,2934087,178545462312,17423828696,195969291008
2016-06-16,LG1,Staff,128,1289,978674,21169766126,1749398089,22919164215
2016-06-16,LG1,TPG,129,1793,1956972,212603782639,17942693241,230546475880
2016-06-16,LG1,RPG,120,1079,1201022,82600288693,7089665479,89689954172
2016-06-16,LG1,UG,198,2302,2125729,152570229728,26430132900,179000362628
2016-06-16,LG1,Alumni,7,60,95421,4316727137,448821171,4765548308
2016-06-16,LG1,Others(HKUST),5,155,479763,1459731571,155077254,1614808825
2016-06-16,LG1,Non-HKUST,8,33,18272,3654358486,342377245,3996735731
2016-06-16,LG1,Total,595,6711,6855853,478374884380,54158165379,532533049759
2016-06-16,LG3,Staff,113,380,379377,9162782658,808561614,9971344272
2016-06-16,LG3,TPG,70,493,569044,184001078287,21126844156,205127922443
2016-06-16,LG3,RPG,87,488,646265,23750279529,2550520288,26300799817
2016-06-16,LG3,UG,162,461,376624,19753031751,3037847151,22790878902
2016-06-16,LG3,Alumni,8,38,95468,15378848797,924887474,16303736271
2016-06-16,LG3,Others(HKUST),14,29,22304,46733554,8093080,54826634
2016-06-16,LG3,Non-HKUST,6,6,241,49572847,17088020,66660867
2016-06-16,LG3,Total,460,1895,2089323,252142327423,28473841783,280616169206
2016-06-16,LG4,Staff,183,455,204084,3761487981,1602499167,5363987148
2016-06-16,LG4,TPG,77,603,839907,119418936314,5214531784,124633468098
2016-06-16,LG4,RPG,197,658,687186,14294708585,1197136394,15491844979
2016-06-16,LG4,UG,227,638,502408,12936349542,974657144,13911006686
2016-06-16,LG4,Alumni,6,104,85583,4483666410,896439301,5380105711
2016-06-16,LG4,Others(HKUST),17,211,285909,15265525326,2489999291,17755524617
2016-06-16,LG4,Non-HKUST,21,36,59823,3285271124,164890095,3450161219
2016-06-16,LG4,Total,728,2705,2664900,173445945282,12540153176,185986098458
2016-06-16,All-Floors,Staff,464,3778,3187811,79450194992,7589021153,87039216145
2016-06-16,All-Floors,TPG,218,4293,4867823,626417997727,55169843459,681587841186
2016-06-16,All-Floors,RPG,504,3826,4122168,229865958706,18775319231,248641277937
2016-06-16,All-Floors,UG,512,4411,4070601,242002951305,35936547054,277939498359
2016-06-16,All-Floors,Alumni,17,261,326990,43727703555,3201344397,46929047952
2016-06-16,All-Floors,Others(HKUST),41,575,1087967,19003419602,3136686910,22140106512
2016-06-16,All-Floors,Non-HKUST,42,169,198271,11308907813,1262055825,12570963638
2016-06-16,All-Floors,Total,1798,17313,17861631,1251777133700,125070818029,1376847951729
2016-06-17,1,Staff,185,876,1245309,29423252810,1549661729,30972914539
2016-06-17,1,TPG,35,535,737357,65668168173,4223082886,69891251059
2016-06-17,1,RPG,177,619,574177,44269308324,4728976639,48998284963
2016-06-17,1,UG,43,257,294021,10365815468,933073127,11298888595
2016-06-17,1,Alumni,6,19,9761,168171164,13051240,181222404
2016-06-17,1,Others(HKUST),13,78,118153,1379222537,90437105,1469659642
2016-06-17,1,Non-HKUST,9,24,9366,8759671,3475993,12235664
2016-06-17,1,Total,468,2408,2988144,151282698147,11541758719,162824456866
2016-06-17,G,Staff,141,807,715490,26155606211,3024375183,29179981394
2016-06-17,G,TPG,115,699,528351,54403337809,13164591917,67567929726
2016-06-17,G,RPG,123,581,531669,123334598229,5502667852,128837266081
2016-06-17,G,UG,204,790,714526,31788642645,3154471882,34943114527
2016-06-17,G,Alumni,21,113,113930,5607788499,330587041,5938375540
2016-06-17,G,Others(HKUST),8,34,132940,1788273090,448061785,2236334875
2016-06-17,G,Non-HKUST,34,118,84890,5802782320,681476261,6484258581
2016-06-17,G,Total,646,3142,2821796,248881028803,26306231921,275187260724
2016-06-17,LG1,Staff,82,409,445685,14706122586,1463519384,16169641970
2016-06-17,LG1,TPG,129,2097,2389793,148658681090,34188394102,182847075192
2016-06-17,LG1,RPG,144,1308,1504763,98789335930,10592382752,109381718682
2016-06-17,LG1,UG,183,1663,1940985,113490221801,12614924409,126105146210
2016-06-17,LG1,Alumni,9,114,187704,14028622299,1050894300,15079516599
2016-06-17,LG1,Others(HKUST),7,118,510518,375883798,198772928,574656726
2016-06-17,LG1,Non-HKUST,6,52,53601,3501788504,127790867,3629579371
2016-06-17,LG1,Total,560,5761,7033049,393550656008,60236678742,453787334750
2016-06-17,LG3,Staff,94,390,323530,7665880464,959363929,8625244393
2016-06-17,LG3,TPG,72,395,486638,51229642167,5427657013,56657299180
2016-06-17,LG3,RPG,105,528,547830,16401775562,1678164899,18079940461
2016-06-17,LG3,UG,196,580,488830,34746425972,4492522523,39238948495
2016-06-17,LG3,Alumni,13,61,102207,5593958511,340163850,5934122361
2016-06-17,LG3,Others(HKUST),12,33,15495,24261668,13528993,37790661
2016-06-17,LG3,Non-HKUST,24,57,45514,496321846,55139169,551461015
2016-06-17,LG3,Total,516,2044,2010044,116158266190,12966540376,129124806566
2016-06-17,LG4,Staff,222,788,711171,51716023939,3175393477,54891417416
2016-06-17,LG4,TPG,58,299,582395,39899468027,3068699366,42968167393
2016-06-17,LG4,RPG,213,690,704883,26569173637,19729998269,46299171906
2016-06-17,LG4,UG,210,612,435813,18412606381,1299937173,19712543554
2016-06-17,LG4,Alumni,11,154,116611,7655372525,554742053,8210114578
2016-06-17,LG4,Others(HKUST),16,185,328362,32286145406,6107283304,38393428710
2016-06-17,LG4,Non-HKUST,32,70,61858,1151136447,761548596,1912685043
2016-06-17,LG4,Total,762,2798,2941093,177689926362,34697602238,212387528600
2016-06-17,All-Floors,Staff,462,3270,3441185,129666886010,10172313702,139839199712
2016-06-17,All-Floors,TPG,201,4025,4724534,359859297266,60072425284,419931722550
2016-06-17,All-Floors,RPG,508,3726,3863322,309364191682,42232190411,351596382093
2016-06-17,All-Floors,UG,524,3902,3874175,208803712267,22494929114,231298641381
2016-06-17,All-Floors,Alumni,32,461,530213,33053912998,2289438484,35343351482
2016-06-17,All-Floors,Others(HKUST),38,448,1105468,35853786499,6858084115,42711870614
2016-06-17,All-Floors,Non-HKUST,68,321,255229,10960788788,1629430886,12590219674
2016-06-17,All-Floors,Total,1833,16153,17794126,1087562575510,145748811996,1233311387506
2016-06-18,1,Staff,47,218,452856,5662998887,570035434,6233034321
2016-06-18,1,TPG,35,379,783452,51221561290,3500487618,54722048908
2016-06-18,1,RPG,118,292,417033,12933504102,3222225734,16155729836
2016-06-18,1,UG,16,50,56693,4422459087,388429334,4810888421
2016-06-18,1,Alumni,9,71,105169,2770594233,210522118,2981116351
2016-06-18,1,Others(HKUST),6,64,89270,22831508,4064527,26896035
2016-06-18,1,Non-HKUST,2,12,17758,4859111952,189312209,5048424161
2016-06-18,1,Total,233,1086,1922231,81893061059,8085076974,89978138033
2016-06-18,G,Staff,45,238,301576,10927790091,6658789321,17586579412
2016-06-18,G,TPG,80,328,296360,30328759082,1727352300,32056111382
2016-06-18,G,RPG,82,387,329967,20371255214,2600870570,22972125784
2016-06-18,G,UG,123,560,541225,18691188331,6465319666,25156507997
2016-06-18,G,Alumni,29,106,80201,5460204370,297710213,5757914583
2016-06-18,G,Others(HKUST),9,59,192797,5803785103,441648673,6245433776
2016-06-18,G,Non-HKUST,14,47,48145,9006103368,478448634,9484552002
2016-06-18,G,Total,382,1725,1790271,100589085559,18670139377,119259224936
2016-06-18,LG1,Staff,31,153,109889,1770941903,259242978,2030184881
2016-06-18,LG1,TPG,99,1348,1894450,192964801222,17578813890,210543615112
2016-06-18,LG1,RPG,79,731,1017758,39251116077,4683083290,43934199367
2016-06-18,LG1,UG,145,1167,1409246,108696435436,14150331904,122846767340
2016-06-18,LG1,Alumni,15,144,160406,18204497929,1240274699,19444772628
2016-06-18,LG1,Others(HKUST),6,158,610619,8378859007,470377304,8849236311
2016-06-18,LG1,Non-HKUST,8,33,67283,760047375,282363214,1042410589
2016-06-18,LG1,Total,383,3734,5269651,370026698949,38664487279,408691186228
2016-06-18,LG3,Staff,43,154,178117,6128056627,442092005,6570148632
2016-06-18,LG3,TPG,47,213,346508,16787875714,1345083577,18132959291
2016-06-18,LG3,RPG,67,365,368387,17732551382,1512287331,19244838713
2016-06-18,LG3,UG,143,465,511662,40373287359,14617931938,54991219297
2016-06-18,LG3,Alumni,17,46,24201,24406559452,1256841391,25663400843
2016-06-18,LG3,Others(HKUST),10,31,7000,3927524871,133664335,4061189206
2016-06-18,LG3,Non-HKUST,18,35,41776,2303376516,138204173,2441580689
2016-06-18,LG3,Total,345,1309,1477651,111659231921,19446104750,131105336671
2016-06-18,LG4,Staff,39,203,134353,2235119162,743474141,2978593303
2016-06-18,LG4,TPG,51,234,380474,31749715638,1797610554,33547326192
2016-06-18,LG4,RPG,104,266,367588,12364315385,1588652217,13952967602
2016-06-18,LG4,UG,144,550,603075,21962494295,1789315934,23751810229
2016-06-18,LG4,Alumni,20,182,203392,32355678293,1912478277,34268156570
2016-06-18,LG4,Others(HKUST),12,203,439258,33401773541,3883394932,37285168473
2016-06-18,LG4,Non-HKUST,13,40,27965,6010352804,917943168,6928295972
2016-06-18,LG4,Total,383,1678,2156105,140079449118,12632869223,152712318341
2016-06-18,All-Floors,Staff,126,966,1176791,26724906670,8673633879,35398540549
2016-06-18,All-Floors,TPG,164,2502,3701244,323052712946,25949347939,349002060885
2016-06-18,All-Floors,RPG,305,2041,2500733,102652742160,13607119142,116259861302
2016-06-18,All-Floors,UG,389,2792,3121901,194145864508,37411328776,231557193284
2016-06-18,All-Floors,Alumni,46,549,573369,83197534277,4917826698,88115360975
2016-06-18,All-Floors,Others(HKUST),22,515,1338944,51534774030,4933149771,56467923801
2016-06-18,All-Floors,Non-HKUST,38,167,202927,22938992015,2006271398,24945263413
2016-06-18,All-Floors,Total,1090,9532,12615909,804247526606,97498677603,901746204209
2016-06-19,1,Staff,39,227,262695,34434083449,1570390006,36004473455
2016-06-19,1,TPG,20,199,242688,24650969969,1406380622,26057350591
2016-06-19,1,RPG,74,192,151564,1672854268,633706281,2306560549
2016-06-19,1,UG,14,22,36833,3565822105,2301856379,5867678484
2016-06-19,1,Alumni,5,23,35590,2086197255,90815407,2177012662
2016-06-19,1,Others(HKUST),5,48,81792,262063077,11319811,273382888
2016-06-19,1,Non-HKUST,4,13,24351,689797551,47907335,737704886
2016-06-19,1,Total,161,724,835513,67361787674,6062375841,73424163515
2016-06-19,G,Staff,27,122,141680,2472893567,232988009,2705881576
2016-06-19,G,TPG,72,241,270864,22002580113,1912339137,23914919250
2016-06-19,G,RPG,61,215,143997,9126609834,1111201122,10237810956
2016-06-19,G,UG,111,383,388981,27714299186,5210454552,32924753738
2016-06-19,G,Alumni,22,51,22781,2130378364,118670513,2249048877
2016-06-19,G,Others(HKUST),8,85,185258,3864681306,1682638917,5547320223
2016-06-19,G,Non-HKUST,14,32,12145,713511773,85684375,799196148
2016-06-19,G,Total,315,1129,1165706,68024954143,10353976625,78378930768
2016-06-19,LG1,Staff,16,99,91415,3106160005,223597163,3329757168
2016-06-19,LG1,TPG,75,798,865622,53056029595,20170082512,73226112107
2016-06-19,LG1,RPG,57,701,890613,59079680907,4389972636,63469653543
2016-06-19,LG1,UG,91,647,940637,63587168429,5741451472,69328619901
2016-06-19,LG1,Alumni,18,201,283136,17388052584,1461383277,18849435861
2016-06-19,LG1,Others(HKUST),5,108,530931,1182843268,444794318,1627637586
2016-06-19,LG1,Non-HKUST,6,27,40899,2039483583,161084077,2200567660
2016-06-19,LG1,Total,268,2581,3643253,199439418371,32592365455,232031783826
2016-06-19,LG3,Staff,32,85,60453,3881618763,245929899,4127548662
2016-06-19,LG3,TPG,43,188,192270,25237445342,3189739509,28427184851
2016-06-19,LG3,RPG,60,199,252677,9301895147,1678449675,10980344822
2016-06-19,LG3,UG,155,303,239786,6975393637,1005645396,7981039033
2016-06-19,LG3,Alumni,22,78,113422,8351864354,439915435,8791779789
2016-06-19,LG3,Others(HKUST),7,21,4793,106723089,936852757,1043575846
2016-06-19,LG3,Non-HKUST,14,27,31174,123353729,14888933,138242662
2016-06-19,LG3,Total,333,901,894575,53978294061,7511421604,61489715665
2016-06-19,LG4,Staff,28,92,32791,1117199753,416307261,1533507014
2016-06-19,LG4,TPG,52,196,319850,8277779902,6182054838,14459834740
2016-06-19,LG4,RPG,118,272,295419,2817723283,237354106,3055077389
2016-06-19,LG4,UG,127,377,349908,10355594276,1217670405,11573264681
2016-06-19,LG4,Alumni,17,129,114105,10140667671,431199794,10571867465
2016-06-19,LG4,Others(HKUST),9,76,285818,44789011294,4851943343,49640954637
2016-06-19,LG4,Non-HKUST,14,24,35068,23212467,3965321,27177788
2016-06-19,LG4,Total,365,1166,1432959,77521188646,13340495068,90861683714
2016-06-19,All-Floors,Staff,103,625,589034,45011955537,2689212338,47701167875
2016-06-19,All-Floors,TPG,134,1622,1891294,133224804921,32860596618,166085401539
2016-06-19,All-Floors,RPG,274,1579,1734270,81998763439,8050683820,90049447259
2016-06-19,All-Floors,UG,343,1732,1956145,112198277633,15477078204,127675355837
2016-06-19,All-Floors,Alumni,46,482,569034,40097160228,2541984426,42639144654
2016-06-19,All-Floors,Others(HKUST),18,338,1088592,50205322034,7927549146,58132871180
2016-06-19,All-Floors,Non-HKUST,39,123,143637,3589359103,313530041,3902889144
2016-06-19,All-Floors,Total,957,6501,7972006,466325642895,69860634593,536186277488
2016-06-20,1,Staff,178,914,1262433,23524118424,1843831056,25367949480
2016-06-20,1,TPG,44,814,1039840,94612464326,6479742856,101092207182
2016-06-20,1,RPG,205,973,844521,55722481825,7391558830,63114040655
2016-06-20,1,UG,85,420,543276,25412100298,1899780584,27311880882
2016-06-20,1,Alumni,4,61,50708,3858009839,928439324,4786449163
2016-06-20,1,Others(HKUST),15,86,85057,160029422,9943075,169972497
2016-06-20,1,Non-HKUST,12,84,115241,25538802376,4596061660,30134864036
2016-06-20,1,Total,543,3352,3941076,228828006510,23149357385,251977363895
2016-06-20,G,Staff,171,974,822307,26360845859,2578110664,28938956523
2016-06-20,G,TPG,128,764,518765,129698472751,8726287649,138424760400
2016-06-20,G,RPG,141,593,503341,39646863390,2928071067,42574934457
2016-06-20,G,UG,289,1406,999481,60001929339,6823445388,66825374727
2016-06-20,G,Alumni,21,134,119249,5465709024,335224388,5800933412
2016-06-20,G,Others(HKUST),12,54,149702,3787176894,757383295,4544560189
2016-06-20,G,Non-HKUST,34,203,172001,12132338817,1351297979,13483636796
2016-06-20,G,Total,796,4128,3284846,277093336074,23499820430,300593156504
2016-06-20,LG1,Staff,98,651,554585,29639385022,2540622112,32180007134
2016-06-20,LG1,TPG,141,2450,2611806,268383464483,23415404189,291798868672
2016-06-20,LG1,RPG,150,1513,1612501,99102714531,15534389094,114637103625
2016-06-20,LG1,UG,332,3486,3690524,200146108106,24941497168,225087605274
2016-06-20,LG1,Alumni,10,94,43773,2936084413,916253264,3852337677
2016-06-20,LG1,Others(HKUST),5,140,572554,1134194829,449762396,1583957225
2016-06-20,LG1,Non-HKUST,19,69,67269,3516842774,429396367,3946239141
2016-06-20,LG1,Total,755,8403,9153012,604858794158,68227324590,673086118748
2016-06-20,LG3,Staff,73,358,309654,14049609160,1996615063,16046224223
2016-06-20,LG3,TPG,75,546,724301,141627357335,9502062872,151129420207
2016-06-20,LG3,RPG,112,621,758881,67114407988,4701847913,71816255901
2016-06-20,LG3,UG,279,803,507920,23238723351,1910560915,25149284266
2016-06-20,LG3,Alumni,11,98,57401,17041227655,2747778997,19789006652
2016-06-20,LG3,Others(HKUST),9,17,6835,81133044,10305897,91438941
2016-06-20,LG3,Non-HKUST,22,40,26157,2500476166,550105533,3050581699
2016-06-20,LG3,Total,581,2483,2391149,265652934699,21419277190,287072211889
2016-06-20,LG4,Staff,156,560,314523,15545416437,1602460302,17147876739
2016-06-20,LG4,TPG,73,471,601167,53719176279,4626367653,58345543932
2016-06-20,LG4,RPG,204,593,734813,52313550953,2919168790,55232719743
2016-06-20,LG4,UG,372,965,701850,35991410358,10237936866,46229347224
2016-06-20,LG4,Alumni,9,96,155972,1318594941,332814666,1651409607
2016-06-20,LG4,Others(HKUST),20,226,235767,13977489839,1679352354,15656842193
2016-06-20,LG4,Non-HKUST,35,108,53707,4555623254,1809271282,6364894536
2016-06-20,LG4,Total,869,3019,2797799,177421262061,23207371913,200628633974
2016-06-20,All-Floors,Staff,425,3457,3263502,109119374902,10561639197,119681014099
2016-06-20,All-Floors,TPG,211,5045,5495879,688040935174,52749865219,740790800393
2016-06-20,All-Floors,RPG,529,4293,4454057,313900018687,33475035694,347375054381
2016-06-20,All-Floors,UG,810,7080,6443051,344790271452,45813220921,390603492373
2016-06-20,All-Floors,Alumni,29,483,427103,30619625872,5260510639,35880136511
2016-06-20,All-Floors,Others(HKUST),41,523,1049915,19140024028,2906747017,22046771045
2016-06-20,All-Floors,Non-HKUST,74,504,434375,48244083387,8736132821,56980216208
2016-06-20,All-Floors,Total,2119,21385,21567882,1553854333502,159503151508,1713357485010
2016-06-21,1,Staff,188,1122,1383026,11110817627,1726841475,12837659102
2016-06-21,1,TPG,45,645,976274,95219197318,6709119806,101928317124
2016-06-21,1,RPG,196,796,742350,21533017680,2527857914,24060875594
2016-06-21,1,UG,63,389,420451,10355293022,964321141,11319614163
2016-06-21,1,Alumni,8,87,66904,6418940148,11928463448,18347403596
2016-06-21,1,Others(HKUST),10,85,104222,349812157,104338473,454150630
2016-06-21,1,Non-HKUST,11,42,65029,2923321312,195701097,3119022409
2016-06-21,1,Total,521,3166,3758256,147910399264,24156643354,172067042618
2016-06-21,G,Staff,162,1010,884743,24485329835,3091408118,27576737953
2016-06-21,G,TPG,118,720,559339,140837664051,8739555881,149577219932
2016-06-21,G,RPG,133,629,608249,48617582204,2231319866,50848902070
2016-06-21,G,UG,245,1342,1127878,46820820084,12198562885,59019382969
2016-06-21,G,Alumni,21,129,95961,11042588392,2999302274,14041890666
2016-06-21,G,Others(HKUST),15,80,202595,5714732752,475179305,6189912057
2016-06-21,G,Non-HKUST,30,221,248342,13976987880,1202099323,15179087203
2016-06-21,G,Total,724,4131,3727107,291495705198,30937427652,322433132850
2016-06-21,LG1,Staff,97,587,581190,10837672503,1181864982,12019537485
2016-06-21,LG1,TPG,141,2277,2033092,199442884354,19476807147,218919691501
2016-06-21,LG1,RPG,127,1192,1298254,93862513110,7066665385,100929178495
2016-06-21,LG1,UG,299,3179,3294280,237981911815,21581598246,259563510061
2016-06-21,LG1,Alumni,9,64,115195,2966719727,953643595,3920363322
2016-06-21,LG1,Others(HKUST),10,149,535149,2000558742,836175176,2836733918
2016-06-21,LG1,Non-HKUST,19,71,60173,11845369711,761052469,12606422180
2016-06-21,LG1,Total,702,7519,7917333,558937629962,51857807000,610795436962
2016-06-21,LG3,Staff,97,446,410425,11130919931,1252200769,12383120700
2016-06-21,LG3,TPG,69,529,762098,124856086096,6753039302,131609125398
2016-06-21,LG3,RPG,111,726,903123,39819441577,3467194610,43286636187
2016-06-21,LG3,UG,243,852,564007,29370997804,2629713229,32000711033
2016-06-21,LG3,Alumni,9,32,52047,884980051,178688903,1063668954
2016-06-21,LG3,Others(HKUST),12,31,29875,727933026,45288810,773221836
2016-06-21,LG3,Non-HKUST,20,46,57141,1123434909,394258314,1517693223
2016-06-21,LG3,Total,561,2662,2778716,207913793394,14720383937,222634177331
2016-06-21,LG4,Staff,168,613,362156,17246895649,1717757527,18964653176
2016-06-21,LG4,TPG,73,322,481228,88798549152,4056220885,92854770037
2016-06-21,LG4,RPG,215,687,815628,35855775111,2527234598,38383009709
2016-06-21,LG4,UG,294,953,688735,49546756278,4634736957,54181493235
2016-06-21,LG4,Alumni,7,115,82967,2860787545,519712201,3380499746
2016-06-21,LG4,Others(HKUST),20,209,257554,12063871530,1413346438,13477217968
2016-06-21,LG4,Non-HKUST,25,106,76312,13871358153,733182860,14604541013
2016-06-21,LG4,Total,802,3005,2764580,220243993418,15602191466,235846184884
2016-06-21,All-Floors,Staff,460,3778,3621540,74811635545,8970072871,83781708416
2016-06-21,All-Floors,TPG,204,4493,4812031,649154380971,45734743021,694889123992
2016-06-21,All-Floors,RPG,511,4030,4367604,239688329682,17820272373,257508602055
2016-06-21,All-Floors,UG,697,6715,6095351,374075779003,42008932458,416084711461
2016-06-21,All-Floors,Alumni,30,427,413074,24174015863,16579810421,40753826284
2016-06-21,All-Floors,Others(HKUST),42,554,1129395,20856908207,2874328202,23731236409
2016-06-21,All-Floors,Non-HKUST,61,486,506997,43740471965,3286294063,47026766028
2016-06-21,All-Floors,Total,2005,20483,20945992,1426501521236,137274453409,1563775974645
2016-06-22,1,Staff,201,1066,1451661,28975508110,2197938995,31173447105
2016-06-22,1,TPG,38,615,887249,68504758007,5101483758,73606241765
2016-06-22,1,RPG,200,829,831942,17134917539,2972158425,20107075964
2016-06-22,1,UG,68,480,681252,16980673255,2009099472,18989772727
2016-06-22,1,Alumni,6,42,69082,769816348,80112535,849928883
2016-06-22,1,Others(HKUST),18,106,170383,5512248463,218940320,5731188783
2016-06-22,1,Non-HKUST,16,47,98366,1695339344,114304046,1809643390
2016-06-22,1,Total,547,3185,4189935,139573261066,12694037551,152267298617
2016-06-22,G,Staff,171,980,924781,31841696263,14537025297,46378721560
2016-06-22,G,TPG,110,751,661587,55012497409,6064049973,61076547382
2016-06-22,G,RPG,146,764,765614,71916887389,4863853286,76780740675
2016-06-22,G,UG,273,1326,967340,64192012844,8760552241,72952565085
2016-06-22,G,Alumni,18,163,108171,7533326245,5591420235,13124746480
2016-06-22,G,Others(HKUST),16,137,280146,17504692019,1422166817,18926858836
2016-06-22,G,Non-HKUST,33,170,146552,5582377287,540325158,6122702445
2016-06-22,G,Total,767,4291,3854191,253583489456,41779393007,295362882463
2016-06-22,LG1,Staff,88,426,384463,31796594163,2205935337,34002529500
2016-06-22,LG1,TPG,135,2032,2125241,171728304627,13313640319,185041944946
2016-06-22,LG1,RPG,132,1336,1339129,119136185745,13298039695,132434225440
2016-06-22,LG1,UG,346,3615,3783751,256586980825,24507722910,281094703735
2016-06-22,LG1,Alumni,6,33,40126,673571651,1316262965,1989834616
2016-06-22,LG1,Others(HKUST),11,184,507437,5081943425,1060549455,6142492880
2016-06-22,LG1,Non-HKUST,18,110,96227,2473138078,215963192,2689101270
2016-06-22,LG1,Total,736,7736,8276374,587476718514,55918113873,643394832387
2016-06-22,LG3,Staff,105,494,504716,19415651772,1656206455,21071858227
2016-06-22,LG3,TPG,64,400,771734,37403594174,5630960895,43034555069
2016-06-22,LG3,RPG,117,783,1026152,68723147878,7554220046,76277367924
2016-06-22,LG3,UG,277,868,676114,48512215092,3407162818,51919377910
2016-06-22,LG3,Alumni,5,17,29948,3630469159,144230794,3774699953
2016-06-22,LG3,Others(HKUST),18,46,27670,674709356,52397839,727107195
2016-06-22,LG3,Non-HKUST,20,62,69586,2016455293,1266210385,3282665678
2016-06-22,LG3,Total,606,2670,3105920,180376242724,19711389232,200087631956
2016-06-22,LG4,Staff,172,496,255641,18534953417,1114866580,19649819997
2016-06-22,LG4,TPG,81,396,560455,40501184000,4114704510,44615888510
2016-06-22,LG4,RPG,224,676,536035,29634151579,2078206616,31712358195
2016-06-22,LG4,UG,346,1179,960125,54927016085,4400530005,59327546090
2016-06-22,LG4,Alumni,7,47,68386,1226900205,451615171,1678515376
2016-06-22,LG4,Others(HKUST),19,211,304710,13912219747,2332999565,16245219312
2016-06-22,LG4,Non-HKUST,33,121,102082,8150266871,5215436519,13365703390
2016-06-22,LG4,Total,882,3126,2787434,166886691904,19708358966,186595050870
2016-06-22,All-Floors,Staff,469,3462,3521262,130564403725,21711972664,152276376389
2016-06-22,All-Floors,TPG,211,4194,5006266,373150338217,34224839455,407375177672
2016-06-22,All-Floors,RPG,527,4388,4498872,306545290130,30766478068,337311768198
2016-06-22,All-Floors,UG,770,7468,7068582,441198898101,43085067446,484283965547
2016-06-22,All-Floors,Alumni,24,302,315713,13834083608,7583641700,21417725308
2016-06-22,All-Floors,Others(HKUST),47,684,1290346,42685813010,5087053996,47772867006
2016-06-22,All-Floors,Non-HKUST,70,510,512813,19917576873,7352239300,27269816173
2016-06-22,All-Floors,Total,2118,21008,22213854,1327896403664,149811292629,1477707696293
2016-06-23,1,Staff,185,1014,1330391,12438422325,1144165965,13582588290
2016-06-23,1,TPG,40,632,807249,63860000043,8864801484,72724801527
2016-06-23,1,RPG,215,903,933781,217368236233,22982041736,240350277969
2016-06-23,1,UG,76,502,661424,27993077934,2410121408,30403199342
2016-06-23,1,Alumni,4,35,42569,260331253,41184763,301516016
2016-06-23,1,Others(HKUST),10,108,125234,1101307358,120975842,1222283200
2016-06-23,1,Non-HKUST,14,106,158494,9897820388,618904115,10516724503
2016-06-23,1,Total,544,3300,4059142,332919195534,36182195313,369101390847
2016-06-23,G,Staff,169,961,877898,25283799284,2591407249,27875206533
2016-06-23,G,TPG,113,591,549087,63132945274,9308912235,72441857509
2016-06-23,G,RPG,166,676,687996,47939591991,3954068252,51893660243
2016-06-23,G,UG,296,1454,972741,49734583261,6439903095,56174486356
2016-06-23,G,Alumni,12,102,78619,7407569917,34445198976,41852768893
2016-06-23,G,Others(HKUST),13,83,215221,4308971135,414261356,4723232491
2016-06-23,G,Non-HKUST,27,233,198582,12924791202,1242966282,14167757484
2016-06-23,G,Total,796,4100,3580144,210732252064,58396717445,269128969509
2016-06-23,LG1,Staff,97,535,420658,12248709072,1168238079,13416947151
2016-06-23,LG1,TPG,137,2081,2601597,315436445968,23592551621,339028997589
2016-06-23,LG1,RPG,152,1296,1367541,40735375680,5364518028,46099893708
2016-06-23,LG1,UG,329,3313,3402705,212030858425,25709016838,237739875263
2016-06-23,LG1,Alumni,11,80,77032,7133910214,772103364,7906013578
2016-06-23,LG1,Others(HKUST),8,118,451123,5188626375,461360908,5649987283
2016-06-23,LG1,Non-HKUST,20,109,111714,7243369445,467937690,7711307135
2016-06-23,LG1,Total,754,7532,8432370,600017295179,57535726528,657553021707
2016-06-23,LG3,Staff,89,369,305095,9905041708,631933421,10536975129
2016-06-23,LG3,TPG,60,442,432155,47755873960,6047326036,53803199996
2016-06-23,LG3,RPG,119,624,790639,57231270619,4689933490,61921204109
2016-06-23,LG3,UG,299,1338,1035510,71325419134,7248393257,78573812391
2016-06-23,LG3,Alumni,13,48,42076,17513278173,745695812,18258973985
2016-06-23,LG3,Others(HKUST),10,40,12613,21073678,14105062,35178740
2016-06-23,LG3,Non-HKUST,25,71,26364,1790888133,287558293,2078446426
2016-06-23,LG3,Total,615,2932,2644452,205542845405,19664945371,225207790776
2016-06-23,LG4,Staff,175,522,362452,13681484315,1309048817,14990533132
2016-06-23,LG4,TPG,61,280,497259,79665065875,2923771096,82588836971
2016-06-23,LG4,RPG,207,725,835413,28541946795,7086296329,35628243124
2016-06-23,LG4,UG,325,1066,925159,51318710869,7652398252,58971109121
2016-06-23,LG4,Alumni,9,117,151034,2148917662,852897053,3001814715
2016-06-23,LG4,Others(HKUST),18,187,299883,10965816526,1076789639,12042606165
2016-06-23,LG4,Non-HKUST,23,96,79463,5806881066,305603800,6112484866
2016-06-23,LG4,Total,818,2993,3150663,192128823108,21206804986,213335628094
2016-06-23,All-Floors,Staff,451,3401,3296494,73557456704,6844793531,80402250235
2016-06-23,All-Floors,TPG,206,4026,4887347,569850331120,50737362472,620587693592
2016-06-23,All-Floors,RPG,545,4224,4615370,391816421318,44076857835,435893279153
2016-06-23,All-Floors,UG,761,7673,6997539,412402649623,49459832850,461862482473
2016-06-23,All-Floors,Alumni,24,382,391330,34464007219,36857079968,71321087187
2016-06-23,All-Floors,Others(HKUST),37,536,1104074,21585795072,2087492807,23673287879
2016-06-23,All-Floors,Non-HKUST,60,615,574617,37663750234,2922970180,40586720414
2016-06-23,All-Floors,Total,2084,20857,21866771,1541340411290,192986389643,1734326800933
2016-06-24,1,Staff,146,643,1093365,9955486287,873292309,10828778596
2016-06-24,1,TPG,32,393,600981,59130515239,2743595182,61874110421
2016-06-24,1,RPG,173,466,420865,17685653284,1070730314,18756383598
2016-06-24,1,UG,71,276,489419,24198557891,1935772120,26134330011
2016-06-24,1,Alumni,4,31,26350,274304839,82555745,356860584
2016-06-24,1,Others(HKUST),10,96,84952,352805317,21947244,374752561
2016-06-24,1,Non-HKUST,8,33,16298,2214640445,101888626,2316529071
2016-06-24,1,Total,444,1938,2732230,113811963302,6829781540,120641744842
2016-06-24,G,Staff,102,430,543169,5578852357,1272308459,6851160816
2016-06-24,G,TPG,92,375,320991,33941184057,5460345931,39401529988
2016-06-24,G,RPG,97,355,359151,40414881841,1905810525,42320692366
2016-06-24,G,UG,183,769,689065,33613845936,5937743544,39551589480
2016-06-24,G,Alumni,16,142,78230,10235360510,3332360471,13567720981
2016-06-24,G,Others(HKUST),11,117,210421,1512075915,276622760,1788698675
2016-06-24,G,Non-HKUST,17,55,28102,986530608,130060126,1116590734
2016-06-24,G,Total,518,2243,2229129,126282731224,18315251816,144597983040
2016-06-24,LG1,Staff,58,240,179336,2834584415,215594472,3050178887
2016-06-24,LG1,TPG,114,1644,2019524,230882845398,19460070664,250342916062
2016-06-24,LG1,RPG,97,732,836168,35140859430,4894814004,40035673434
2016-06-24,LG1,UG,257,2008,2411426,126906938316,37989709831,164896648147
2016-06-24,LG1,Alumni,8,80,113780,8973040252,1045559012,10018599264
2016-06-24,LG1,Others(HKUST),10,137,417718,1091506765,305485363,1396992128
2016-06-24,LG1,Non-HKUST,12,52,44549,2838120642,180576317,3018696959
2016-06-24,LG1,Total,556,4893,6022501,408667895218,64091809663,472759704881
2016-06-24,LG3,Staff,58,220,230150,4560702455,579390412,5140092867
2016-06-24,LG3,TPG,54,349,404726,54948427701,2759495142,57707922843
2016-06-24,LG3,RPG,82,368,576293,29553426337,2947000836,32500427173
2016-06-24,LG3,UG,186,455,348078,26625005727,1943541990,28568547717
2016-06-24,LG3,Alumni,6,35,27509,33541172503,1476334255,35017506758
2016-06-24,LG3,Others(HKUST),10,38,12966,56070443,15850441,71920884
2016-06-24,LG3,Non-HKUST,12,41,67026,2105233188,102486791,2207719979
2016-06-24,LG3,Total,408,1506,1666748,151390038354,9824099867,161214138221
2016-06-24,LG4,Staff,77,219,201096,8581286297,1242518675,9823804972
2016-06-24,LG4,TPG,69,372,574086,97233333764,4322858132,101556191896
2016-06-24,LG4,RPG,132,430,538620,35556912779,2218475323,37775388102
2016-06-24,LG4,UG,244,688,725935,26348265566,3717514363,30065779929
2016-06-24,LG4,Alumni,6,65,94629,1484633655,188467937,1673101592
2016-06-24,LG4,Others(HKUST),16,195,305994,18005783792,3748572054,21754355846
2016-06-24,LG4,Non-HKUST,15,24,5876,12815329,12516576,25331905
2016-06-24,LG4,Total,559,1993,2446236,187223031182,15450923060,202673954242
2016-06-24,All-Floors,Staff,299,1752,2247116,31510911811,4183104327,35694016138
2016-06-24,All-Floors,TPG,182,3133,3920308,476136306159,34746365051,510882671210
2016-06-24,All-Floors,RPG,420,2351,2731097,158351733671,13036831002,171388564673
2016-06-24,All-Floors,UG,590,4196,4663923,237692613436,51524281848,289216895284
2016-06-24,All-Floors,Alumni,23,353,340498,54508511759,6125277420,60633789179
2016-06-24,All-Floors,Others(HKUST),34,583,1032051,21018242232,4368477862,25386720094
2016-06-24,All-Floors,Non-HKUST,46,205,161851,8157340212,527528436,8684868648
2016-06-24,All-Floors,Total,1594,12573,15096844,987375659280,114511865946,1101887525226
2016-06-25,1,Staff,58,209,319078,13231036128,840398444,14071434572
2016-06-25,1,TPG,26,248,411673,57866732292,4552722952,62419455244
2016-06-25,1,RPG,157,554,575967,47634142424,3066328725,50700471149
2016-06-25,1,UG,28,132,135808,10087074259,2928646577,13015720836
2016-06-25,1,Alumni,8,55,53224,1539151082,6234490448,7773641530
2016-06-25,1,Others(HKUST),6,76,84958,711298460,46315621,757614081
2016-06-25,1,Non-HKUST,4,11,19534,140415232,18539577,158954809
2016-06-25,1,Total,287,1285,1600242,131209849877,17687442344,148897292221
2016-06-25,G,Staff,40,232,185267,1217923092,920020018,2137943110
2016-06-25,G,TPG,67,362,327781,23889928514,1565793098,25455721612
2016-06-25,G,RPG,93,384,311447,29773764795,2195685710,31969450505
2016-06-25,G,UG,156,551,537335,22095853347,3122262314,25218115661
2016-06-25,G,Alumni,34,101,85300,6984971477,418179572,7403151049
2016-06-25,G,Others(HKUST),10,82,211134,12826967088,1224403550,14051370638
2016-06-25,G,Non-HKUST,13,31,14714,931985328,71755838,1003741166
2016-06-25,G,Total,413,1743,1672978,97721393641,9518100100,107239493741
2016-06-25,LG1,Staff,27,117,53355,1207805810,113310864,1321116674
2016-06-25,LG1,TPG,98,1212,1540540,142376696089,9985250349,152361946438
2016-06-25,LG1,RPG,78,965,756209,79981188172,4917682548,84898870720
2016-06-25,LG1,UG,226,2701,2717847,219422833140,20848765800,240271598940
2016-06-25,LG1,Alumni,15,162,160949,9261217091,487302432,9748519523
2016-06-25,LG1,Others(HKUST),6,80,448129,3524947286,1384630441,4909577727
2016-06-25,LG1,Non-HKUST,13,37,27216,2931154019,152147439,3083301458
2016-06-25,LG1,Total,463,5274,5704245,458705841607,37889089873,496594931480
2016-06-25,LG3,Staff,33,186,216105,12559422538,1520625842,14080048380
2016-06-25,LG3,TPG,41,224,242326,18605306773,1146483139,19751789912
2016-06-25,LG3,RPG,70,279,421087,14594976505,1230245676,15825222181
2016-06-25,LG3,UG,165,671,533125,37106729330,3540701301,40647430631
2016-06-25,LG3,Alumni,22,165,151851,16975309594,1301544103,18276853697
2016-06-25,LG3,Others(HKUST),8,107,71370,5842603619,13389051777,19231655396
2016-06-25,LG3,Non-HKUST,11,39,46757,1464080326,62863194,1526943520
2016-06-25,LG3,Total,350,1671,1682621,107148428685,22191515032,129339943717
2016-06-25,LG4,Staff,56,126,75174,979917029,301017056,1280934085
2016-06-25,LG4,TPG,65,285,524371,34854608217,3012374943,37866983160
2016-06-25,LG4,RPG,167,506,506337,10507104307,1916060387,12423164694
2016-06-25,LG4,UG,207,872,930931,78818050808,7586345892,86404396700
2016-06-25,LG4,Alumni,26,245,214921,9662801264,996213671,10659014935
2016-06-25,LG4,Others(HKUST),15,139,342826,36314807271,2732502586,39047309857
2016-06-25,LG4,Non-HKUST,15,60,49226,4466355426,160243553,4626598979
2016-06-25,LG4,Total,551,2233,2643786,175603644322,16704758088,192308402410
2016-06-25,All-Floors,Staff,151,870,848979,29196104597,3695372224,32891476821
2016-06-25,All-Floors,TPG,148,2331,3046691,277593271885,20262624481,297855896366
2016-06-25,All-Floors,RPG,383,2688,2571047,182491176203,13326003046,195817179249
2016-06-25,All-Floors,UG,471,4927,4855046,367530540884,38026721884,405557262768
2016-06-25,All-Floors,Alumni,55,728,666245,44423450508,9437730226,53861180734
2016-06-25,All-Floors,Others(HKUST),29,484,1158417,59220623724,18776903975,77997527699
2016-06-25,All-Floors,Non-HKUST,41,178,157447,9933990331,465549601,10399539932
2016-06-25,All-Floors,Total,1278,12206,13303872,970389158132,103990905437,1074380063569
2016-06-26,1,Staff,33,162,259262,1306092826,109386728,1415479554
2016-06-26,1,TPG,18,196,198143,30348530470,1163304516,31511834986
2016-06-26,1,RPG,122,302,229188,9164839065,5433688479,14598527544
2016-06-26,1,UG,38,181,254131,11938396352,2810894248,14749290600
2016-06-26,1,Alumni,9,43,56172,1594029966,221364066,1815394032
2016-06-26,1,Others(HKUST),7,64,115466,256507986,60995990,317503976
2016-06-26,1,Non-HKUST,3,37,65809,1432841489,205529447,1638370936
2016-06-26,1,Total,230,985,1178171,56041238154,10005163474,66046401628
2016-06-26,G,Staff,29,151,108301,1405099541,180060903,1585160444
2016-06-26,G,TPG,57,209,244940,21573295839,2124241358,23697537197
2016-06-26,G,RPG,59,195,192894,13659773701,892723310,14552497011
2016-06-26,G,UG,125,461,427495,17739865223,1990700846,19730566069
2016-06-26,G,Alumni,27,103,80622,6370684493,7965082941,14335767434
2016-06-26,G,Others(HKUST),7,61,139381,2064274024,413557425,2477831449
2016-06-26,G,Non-HKUST,18,36,17267,1322243382,82850791,1405094173
2016-06-26,G,Total,322,1216,1210900,64135236203,13649217574,77784453777
2016-06-26,LG1,Staff,23,102,51010,3232181158,257511933,3489693091
2016-06-26,LG1,TPG,78,870,1089867,116106331302,9175407921,125281739223
2016-06-26,LG1,RPG,50,443,338261,29280158596,1333978788,30614137384
2016-06-26,LG1,UG,152,1534,1833597,81850011476,10864961399,92714972875
2016-06-26,LG1,Alumni,15,115,105790,13784502987,16513401810,30297904797
2016-06-26,LG1,Others(HKUST),5,104,423804,539727037,309189494,848916531
2016-06-26,LG1,Non-HKUST,9,50,44681,5111100485,241225298,5352325783
2016-06-26,LG1,Total,332,3218,3887010,249904013041,38695676643,288599689684
2016-06-26,LG3,Staff,20,72,96599,2629560538,215964640,2845525178
2016-06-26,LG3,TPG,41,169,224128,15348963868,2194513463,17543477331
2016-06-26,LG3,RPG,45,165,163464,5349938282,603613696,5953551978
2016-06-26,LG3,UG,152,300,184337,11836286275,1714714590,13551000865
2016-06-26,LG3,Alumni,21,112,131363,26884807664,1739057000,28623864664
2016-06-26,LG3,Others(HKUST),7,20,3456,161276070,125307137,286583207
2016-06-26,LG3,Non-HKUST,14,31,38283,1208776426,47531446,1256307872
2016-06-26,LG3,Total,300,869,841630,63419609123,6640701972,70060311095
2016-06-26,LG4,Staff,28,51,46930,1445406307,161740284,1607146591
2016-06-26,LG4,TPG,36,194,338132,56399974528,13394007577,69793982105
2016-06-26,LG4,RPG,101,355,350339,43763806967,2520512660,46284319627
2016-06-26,LG4,UG,169,513,417323,23686385128,2600684824,26287069952
2016-06-26,LG4,Alumni,17,159,156411,12376567694,40249062666,52625630360
2016-06-26,LG4,Others(HKUST),9,149,302450,41460479575,8817315566,50277795141
2016-06-26,LG4,Non-HKUST,16,44,72322,622616822,49084601,671701423
2016-06-26,LG4,Total,376,1465,1683907,179755237021,67792408178,247547645199
2016-06-26,All-Floors,Staff,90,538,562102,10018340370,924664488,10943004858
2016-06-26,All-Floors,TPG,129,1638,2095210,239777096007,28051474835,267828570842
2016-06-26,All-Floors,RPG,274,1460,1274146,101218516611,10784516933,112003033544
2016-06-26,All-Floors,UG,433,2989,3116883,147050944454,19981955907,167032900361
2016-06-26,All-Floors,Alumni,49,532,530358,61010592804,66687968483,127698561287
2016-06-26,All-Floors,Others(HKUST),19,398,984557,44482264692,9726365612,54208630304
2016-06-26,All-Floors,Non-HKUST,45,198,238362,9697578604,626221583,10323800187
2016-06-26,All-Floors,Total,1039,7753,8801618,613255333542,136783167841,750038501383
2016-06-27,1,Staff,187,1074,1272401,38856850532,5002877128,43859727660
2016-06-27,1,TPG,38,365,483509,83850401618,30136956801,113987358419
2016-06-27,1,RPG,211,759,561460,21008301076,1771152489,22779453565
2016-06-27,1,UG,91,453,695840,42929800951,3083450177,46013251128
2016-06-27,1,Alumni,5,31,63108,528969406,176682211,705651617
2016-06-27,1,Others(HKUST),15,110,125215,1882627406,118112788,2000740194
2016-06-27,1,Non-HKUST,6,11,30368,793346860,64165616,857512476
2016-06-27,1,Total,553,2803,3231901,189850297849,40353397210,230203695059
2016-06-27,G,Staff,145,733,648771,27649908746,9466454779,37116363525
2016-06-27,G,TPG,103,635,520846,30396202293,3143571432,33539773725
2016-06-27,G,RPG,147,731,691522,30514688483,3318301447,33832989930
2016-06-27,G,UG,330,1439,1214750,46030540760,4163237306,50193778066
2016-06-27,G,Alumni,10,36,23262,6244161897,191316320,6435478217
2016-06-27,G,Others(HKUST),15,176,326807,16920316299,3697596569,20617912868
2016-06-27,G,Non-HKUST,28,114,168506,6005924006,567836501,6573760507
2016-06-27,G,Total,778,3864,3594464,163761742484,24548314354,188310056838
2016-06-27,LG1,Staff,103,633,455062,16878472498,1562818664,18441291162
2016-06-27,LG1,TPG,107,1738,1677178,179160387931,28833471987,207993859918
2016-06-27,LG1,RPG,129,1321,1301026,68659894884,6301224195,74961119079
2016-06-27,LG1,UG,437,4501,4086494,405698319592,37012292526,442710612118
2016-06-27,LG1,Alumni,6,79,45069,1386409017,123108522,1509517539
2016-06-27,LG1,Others(HKUST),8,179,501237,5764879268,894295107,6659174375
2016-06-27,LG1,Non-HKUST,30,148,159175,6851655203,666534022,7518189225
2016-06-27,LG1,Total,820,8599,8225241,684400018393,75393745023,759793763416
2016-06-27,LG3,Staff,106,396,355570,13907018680,672876791,14579895471
2016-06-27,LG3,TPG,64,449,544917,95912802867,7209363595,103122166462
2016-06-27,LG3,RPG,83,520,676783,72824663097,3366788394,76191451491
2016-06-27,LG3,UG,287,935,859754,37780019659,4603690178,42383709837
2016-06-27,LG3,Alumni,6,11,40731,22513365,7173310,29686675
2016-06-27,LG3,Others(HKUST),11,27,24470,430212193,22584080,452796273
2016-06-27,LG3,Non-HKUST,13,30,22873,34292928,3810188,38103116
2016-06-27,LG3,Total,570,2368,2525098,220911522789,15886286536,236797809325
2016-06-27,LG4,Staff,173,473,226355,6947915272,500899381,7448814653
2016-06-27,LG4,TPG,56,546,933043,92169128435,9720980955,101890109390
2016-06-27,LG4,RPG,160,599,695482,42068934702,4250066743,46319001445
2016-06-27,LG4,UG,317,1183,1052337,70020705733,6575212706,76595918439
2016-06-27,LG4,Alumni,6,39,64078,343692267,31664067,375356334
2016-06-27,LG4,Others(HKUST),15,210,257517,26588882660,3582613007,30171495667
2016-06-27,LG4,Non-HKUST,29,102,124004,5373890306,288113809,5662004115
2016-06-27,LG4,Total,756,3152,3352816,243513149375,24949550668,268462700043
2016-06-27,All-Floors,Staff,461,3309,2958159,104240165728,17205926743,121446092471
2016-06-27,All-Floors,TPG,180,3733,4159493,481488923144,79044344770,560533267914
2016-06-27,All-Floors,RPG,478,3930,3926273,235076482242,19007533268,254084015510
2016-06-27,All-Floors,UG,840,8511,7909175,602459386695,55437882893,657897269588
2016-06-27,All-Floors,Alumni,19,196,236248,8525745952,529944430,9055690382
2016-06-27,All-Floors,Others(HKUST),38,702,1235246,51586917826,8315201551,59902119377
2016-06-27,All-Floors,Non-HKUST,66,405,504926,19059109303,1590460136,20649569439
2016-06-27,All-Floors,Total,2082,20786,20929520,1502436730890,181131293791,1683568024681
2016-06-28,1,Staff,184,912,1326073,27847693406,2403307775,30251001181
2016-06-28,1,TPG,43,503,601330,74565690030,10581840175,85147530205
2016-06-28,1,RPG,196,731,684202,24669773325,2386029672,27055802997
2016-06-28,1,UG,81,363,543662,23155805764,1615152748,24770958512
2016-06-28,1,Alumni,5,13,29542,186842864,38135497,224978361
2016-06-28,1,Others(HKUST),12,139,117728,845911872,124122415,970034287
2016-06-28,1,Non-HKUST,7,30,28938,2090235251,185654021,2275889272
2016-06-28,1,Total,528,2691,3331475,153361952512,17334242303,170696194815
2016-06-28,G,Staff,131,772,678323,11812041595,58702065194,70514106789
2016-06-28,G,TPG,103,575,532636,95202926966,5584750050,100787677016
2016-06-28,G,RPG,127,605,570168,34118239295,2879122134,36997361429
2016-06-28,G,UG,234,1094,1038231,54029321582,4600934851,58630256433
2016-06-28,G,Alumni,8,26,20750,1873543509,289972855,2163516364
2016-06-28,G,Others(HKUST),9,184,264021,4648322429,923253947,5571576376
2016-06-28,G,Non-HKUST,25,196,196683,7520181753,948733278,8468915031
2016-06-28,G,Total,637,3452,3300812,209204577129,73928832309,283133409438
2016-06-28,LG1,Staff,101,573,493850,35612500275,2483649976,38096150251
2016-06-28,LG1,TPG,122,1959,2299941,232388728254,19514966083,251903694337
2016-06-28,LG1,RPG,119,1254,1236032,52037106604,4318310928,56355417532
2016-06-28,LG1,UG,317,2954,2842263,186045598557,15093313401,201138911958
2016-06-28,LG1,Alumni,6,98,168307,12681534868,815185342,13496720210
2016-06-28,LG1,Others(HKUST),8,311,735546,9265441950,1090234846,10355676796
2016-06-28,LG1,Non-HKUST,21,120,92332,2692508515,5039937490,7732446005
2016-06-28,LG1,Total,694,7269,7868271,530723419023,48355598066,579079017089
2016-06-28,LG3,Staff,84,294,200263,8712448094,58781263669,67493711763
2016-06-28,LG3,TPG,49,265,310011,21332384466,1037703830,22370088296
2016-06-28,LG3,RPG,88,524,600712,22271051849,1402790480,23673842329
2016-06-28,LG3,UG,230,1051,986341,59776938744,5486809699,65263748443
2016-06-28,LG3,Alumni,9,41,65909,2933711079,224529360,3158240439
2016-06-28,LG3,Others(HKUST),12,50,49741,611822385,75595312,687417697
2016-06-28,LG3,Non-HKUST,14,58,68243,1433512181,270804215,1704316396
2016-06-28,LG3,Total,486,2283,2281220,117071868798,67279496565,184351365363
2016-06-28,LG4,Staff,143,373,221836,1664878485,846832432,2511710917
2016-06-28,LG4,TPG,60,629,852993,36100490339,2377102983,38477593322
2016-06-28,LG4,RPG,192,841,982153,25856435354,2486931611,28343366965
2016-06-28,LG4,UG,281,831,787199,20832019546,3347646954,24179666500
2016-06-28,LG4,Alumni,8,29,23697,1462760401,55952493,1518712894
2016-06-28,LG4,Others(HKUST),20,241,284426,17258249283,2325337726,19583587009
2016-06-28,LG4,Non-HKUST,20,71,111968,8854430559,436593643,9291024202
2016-06-28,LG4,Total,724,3015,3264272,112029263967,11876397842,123905661809
2016-06-28,All-Floors,Staff,417,2924,2920345,85649561855,123217119046,208866680901
2016-06-28,All-Floors,TPG,179,3931,4596911,459590220055,39096363121,498686583176
2016-06-28,All-Floors,RPG,484,3955,4073267,158952606427,13473184825,172425791252
2016-06-28,All-Floors,UG,696,6293,6197696,343839684193,30143857653,373983541846
2016-06-28,All-Floors,Alumni,21,207,308205,19138392721,1423775547,20562168268
2016-06-28,All-Floors,Others(HKUST),39,925,1451462,32629747919,4538544246,37168292165
2016-06-28,All-Floors,Non-HKUST,57,475,498164,22590868259,6881722647,29472590906
2016-06-28,All-Floors,Total,1893,18710,20046050,1122391081429,218774567085,1341165648514
2016-06-29,1,Staff,187,1010,1376360,21123910836,2502914543,23626825379
2016-06-29,1,TPG,33,363,539780,77426745481,4018695413,81445440894
2016-06-29,1,RPG,191,637,621732,20582008008,1212650948,21794658956
2016-06-29,1,UG,82,415,624097,39568269422,6441959858,46010229280
2016-06-29,1,Alumni,3,18,43893,1261974052,76836513,1338810565
2016-06-29,1,Others(HKUST),12,122,171364,922012045,160789947,1082801992
2016-06-29,1,Non-HKUST,8,44,36662,3213916837,96841832,3310758669
2016-06-29,1,Total,516,2609,3413888,164098836681,14510689054,178609525735
2016-06-29,G,Staff,151,780,737279,13714379078,3020289689,16734668767
2016-06-29,G,TPG,98,563,502596,97550818462,6493868511,104044686973
2016-06-29,G,RPG,123,613,528052,22975622991,4028904611,27004527602
2016-06-29,G,UG,302,1644,1544833,84478819648,10985647644,95464467292
2016-06-29,G,Alumni,18,63,31571,20767618977,806954259,21574573236
2016-06-29,G,Others(HKUST),17,172,412940,14340391082,1176003328,15516394410
2016-06-29,G,Non-HKUST,40,183,218359,12068373194,860966905,12929340099
2016-06-29,G,Total,749,4018,3975630,265896023432,27372634947,293268658379
2016-06-29,LG1,Staff,88,545,414457,23938204344,2069745831,26007950175
2016-06-29,LG1,TPG,117,1632,1927567,212797716164,13906260283,226703976447
2016-06-29,LG1,RPG,113,1056,964731,45575226912,7953415441,53528642353
2016-06-29,LG1,UG,395,3667,3861501,191975513444,22681333617,214656847061
2016-06-29,LG1,Alumni,11,81,75650,3833755867,1090653864,4924409731
2016-06-29,LG1,Others(HKUST),10,221,586166,5714736145,871382591,6586118736
2016-06-29,LG1,Non-HKUST,23,216,191996,5492333505,433104957,5925438462
2016-06-29,LG1,Total,757,7418,8022068,489327486381,49005896584,538333382965
2016-06-29,LG3,Staff,89,399,343045,137488858965,5476594751,142965453716
2016-06-29,LG3,TPG,60,308,313457,81131429029,4037508189,85168937218
2016-06-29,LG3,RPG,112,678,867506,37867423096,3901844510,41769267606
2016-06-29,LG3,UG,288,1125,962788,164212499550,8720396955,172932896505
2016-06-29,LG3,Alumni,12,104,119316,23368830511,4585611842,27954442353
2016-06-29,LG3,Others(HKUST),15,96,67956,1539252712,155962134,1695214846
2016-06-29,LG3,Non-HKUST,24,137,131066,36510500086,2425088946,38935589032
2016-06-29,LG3,Total,600,2847,2805134,482118793949,29303007327,511421801276
2016-06-29,LG4,Staff,142,440,281813,15907454619,1054588190,16962042809
2016-06-29,LG4,TPG,55,487,694926,16664776438,3686448183,20351224621
2016-06-29,LG4,RPG,160,679,785352,39338403157,2610950020,41949353177
2016-06-29,LG4,UG,345,1186,1144348,70841684511,4849499260,75691183771
2016-06-29,LG4,Alumni,7,35,72617,1084064972,90892268,1174957240
2016-06-29,LG4,Others(HKUST),15,231,310514,19800076228,2173606329,21973682557
2016-06-29,LG4,Non-HKUST,25,143,133035,13664921061,1236632564,14901553625
2016-06-29,LG4,Total,749,3201,3422605,177301380986,15702616814,193003997800
2016-06-29,All-Floors,Staff,418,3174,3152954,212172807842,14124133004,226296940846
2016-06-29,All-Floors,TPG,171,3353,3978326,485571485574,32142780579,517714266153
2016-06-29,All-Floors,RPG,452,3663,3767373,166338684164,19707765530,186046449694
2016-06-29,All-Floors,UG,836,8037,8137567,551076786575,53678837334,604755623909
2016-06-29,All-Floors,Alumni,26,301,343047,50316244379,6650948746,56967193125
2016-06-29,All-Floors,Others(HKUST),41,842,1548940,42316468212,4537744329,46854212541
2016-06-29,All-Floors,Non-HKUST,73,723,711118,70950044683,5052635204,76002679887
2016-06-29,All-Floors,Total,2017,20093,21639325,1578742521429,135894844726,1714637366155
2016-06-30,1,Staff,153,837,1182150,33865224919,1713401635,35578626554
2016-06-30,1,TPG,33,287,428818,42307648084,2812942839,45120590923
2016-06-30,1,RPG,185,598,569850,27371619492,2179359710,29550979202
2016-06-30,1,UG,68,431,597494,23482074830,2012326108,25494400938
2016-06-30,1,Alumni,5,16,33455,117551825,18380744,135932569
2016-06-30,1,Others(HKUST),14,118,141684,1203233887,155024984,1358258871
2016-06-30,1,Non-HKUST,10,35,16029,730385260,45100179,775485439
2016-06-30,1,Total,468,2322,2969480,129077738297,8936536199,138014274496
2016-06-30,G,Staff,130,877,755461,37888272073,3259196114,41147468187
2016-06-30,G,TPG,93,546,562540,56370023999,3660348044,60030372043
2016-06-30,G,RPG,140,881,743020,69324994581,7091025671,76416020252
2016-06-30,G,UG,268,1099,999882,40412085107,3892860091,44304945198
2016-06-30,G,Alumni,11,61,47728,8544532814,443999770,8988532584
2016-06-30,G,Others(HKUST),11,205,386010,3632633432,711193947,4343827379
2016-06-30,G,Non-HKUST,27,107,177139,2977420526,439272857,3416693383
2016-06-30,G,Total,680,3776,3671780,219149962532,19497896494,238647859026
2016-06-30,LG1,Staff,99,464,398610,60264237852,3182799358,63447037210
2016-06-30,LG1,TPG,94,1192,1550512,153277558220,39438191435,192715749655
2016-06-30,LG1,RPG,112,889,1022352,47339399508,3402411544,50741811052
2016-06-30,LG1,UG,297,2761,3280312,179176126673,16331737268,195507863941
2016-06-30,LG1,Alumni,10,113,159557,12424022224,626565052,13050587276
2016-06-30,LG1,Others(HKUST),6,102,417360,2611849993,533539744,3145389737
2016-06-30,LG1,Non-HKUST,14,77,74451,1913023348,107197166,2020220514
2016-06-30,LG1,Total,632,5598,6903154,457006217818,63622441567,520628659385
2016-06-30,LG3,Staff,91,254,242898,158568062581,6868693352,165436755933
2016-06-30,LG3,TPG,47,226,288305,10494102130,1389570809,11883672939
2016-06-30,LG3,RPG,95,627,889723,31053007188,6169674839,37222682027
2016-06-30,LG3,UG,225,696,554943,26736059292,2033319821,28769379113
2016-06-30,LG3,Alumni,7,50,51766,15240929337,822260562,16063189899
2016-06-30,LG3,Others(HKUST),10,27,29630,3347125596,114453928,3461579524
2016-06-30,LG3,Non-HKUST,12,20,17646,6811312,1599094,8410406
2016-06-30,LG3,Total,487,1900,2074911,245446097436,17399572405,262845669841
2016-06-30,LG4,Staff,158,368,164417,4848988855,461847165,5310836020
2016-06-30,LG4,TPG,55,326,477263,11671305227,3538517136,15209822363
2016-06-30,LG4,RPG,157,533,606285,167488453787,17187662431,184676116218
2016-06-30,LG4,UG,270,1013,873179,71976259640,8617888441,80594148081
2016-06-30,LG4,Alumni,4,16,28653,223280484,18149632,241430116
2016-06-30,LG4,Others(HKUST),17,203,277514,11128117086,1911186819,13039303905
2016-06-30,LG4,Non-HKUST,16,88,108352,6468408146,363754238,6832162384
2016-06-30,LG4,Total,677,2547,2535663,273804813225,32099005862,305903819087
2016-06-30,All-Floors,Staff,420,2800,2743536,295434786280,15485937624,310920723904
2016-06-30,All-Floors,TPG,157,2577,3307438,274120637660,50839570263,324960207923
2016-06-30,All-Floors,RPG,456,3528,3831230,342577474556,36030134195,378607608751
2016-06-30,All-Floors,UG,702,6000,6305810,341782605542,32888131729,374670737271
2016-06-30,All-Floors,Alumni,21,256,321159,36550316684,1929355760,38479672444
2016-06-30,All-Floors,Others(HKUST),31,655,1252198,21922959994,3425399422,25348359416
2016-06-30,All-Floors,Non-HKUST,53,327,393617,12096048592,956923534,13052972126
2016-06-30,All-Floors,Total,1840,16143,18154988,1324484829308,141555452527,1466040281835
