Date,Floor,User-Group,User-Count,WiFi-Conn,Duration-Sec,Traffic-In-Byte,Traffic-Out-Byte,Traffic-Both-Byte
2016-12-01,1,Staff,52,222,1198567,594772503,4508756968,5103529471
2016-12-01,1,TPG,118,632,3890574,4710800383,93723691066,98434491449
2016-12-01,1,RPG,23,86,461788,1216173339,12686506289,13902679628
2016-12-01,1,UG,194,943,5133506,10383399108,105611772716,115995171824
2016-12-01,1,Alumni,2,7,30834,65697993,1228586016,1294284009
2016-12-01,1,Others(HKUST),1,36,56946,94077,242401,336478
2016-12-01,1,Non-HKUST,10,42,204430,156763788,2358181555,2514945343
2016-12-01,1,Total,400,1968,10976645,17127701191,220117737011,237245438202
2016-12-01,G,Staff,73,210,1018653,316076776,4305281601,4621358377
2016-12-01,G,TPG,151,393,1625784,3490552207,35371069504,38861621711
2016-12-01,G,RPG,48,147,653674,399712221,9254953490,9654665711
2016-12-01,G,UG,315,937,4412477,5598197300,74120857812,79719055112
2016-12-01,G,Alumni,6,17,79200,673115998,1293529113,1966645111
2016-12-01,G,Others(HKUST),9,21,138799,53289729,288864709,342154438
2016-12-01,G,Non-HKUST,12,29,166109,631330422,5290097147,5921427569
2016-12-01,G,Total,614,1754,8094696,11162274653,129924653376,141086928029
2016-12-01,LG1,Staff,34,68,227881,141592606,3071748518,3213341124
2016-12-01,LG1,TPG,286,1198,6097062,12783791497,119387692089,132171483586
2016-12-01,LG1,RPG,51,198,802065,3452691767,22377020168,25829711935
2016-12-01,LG1,UG,884,3479,16929089,22885285600,339388079905,362273365505
2016-12-01,LG1,Alumni,7,28,138873,182454214,6763296842,6945751056
2016-12-01,LG1,Others(HKUST),6,17,173796,79727577,1880509725,1960237302
2016-12-01,LG1,Non-HKUST,28,64,259460,1410584086,5410717323,6821301409
2016-12-01,LG1,Total,1296,5052,24628226,40936127347,498279064570,539215191917
2016-12-01,LG3,Staff,16,47,199738,190383178,3528438556,3718821734
2016-12-01,LG3,TPG,150,635,3674502,3939627750,70838917014,74778544764
2016-12-01,LG3,RPG,40,121,624584,1039024839,8840387701,9879412540
2016-12-01,LG3,UG,200,758,3691087,8148522089,94387964682,102536486771
2016-12-01,LG3,Alumni,9,21,77482,40583514,537502226,578085740
2016-12-01,LG3,Others(HKUST),3,7,51555,10770570,72755122,83525692
2016-12-01,LG3,Non-HKUST,14,62,244037,383761185,6792035304,7175796489
2016-12-01,LG3,Total,432,1651,8562985,13752673125,184998000605,198750673730
2016-12-01,LG4,Staff,19,57,185733,65937164,536100269,602037433
2016-12-01,LG4,TPG,234,1175,6396882,12208729002,127464995627,139673724629
2016-12-01,LG4,RPG,39,152,878898,1075927968,17492946597,18568874565
2016-12-01,LG4,UG,410,1567,8570534,11836285703,177547052583,189383338286
2016-12-01,LG4,Alumni,8,40,180643,271845680,2581646729,2853492409
2016-12-01,LG4,Others(HKUST),4,55,236711,556688861,5977581361,6534270222
2016-12-01,LG4,Non-HKUST,13,27,161217,261308713,5528613667,5789922380
2016-12-01,LG4,Total,727,3073,16610618,26276723091,337128936833,363405659924
2016-12-01,All-Floors,Staff,135,604,2830572,1308762227,15950325912,17259088139
2016-12-01,All-Floors,TPG,675,4033,21684804,37133500839,446786365300,483919866139
2016-12-01,All-Floors,RPG,170,704,3421009,7183530134,70651814245,77835344379
2016-12-01,All-Floors,UG,1626,7684,38736693,58851689800,791055727698,849907417498
2016-12-01,All-Floors,Alumni,22,113,507032,1233697399,12404560926,13638258325
2016-12-01,All-Floors,Others(HKUST),17,136,657807,700570814,8219953318,8920524132
2016-12-01,All-Floors,Non-HKUST,61,224,1035253,2843748194,25379644996,28223393190
2016-12-01,All-Floors,Total,2706,13498,68873170,109255499407,1370448392395,1479703891802
2016-12-02,1,Staff,56,216,1176516,467660494,10302356740,10770017234
2016-12-02,1,TPG,115,642,3801442,4233653559,71639998852,75873652411
2016-12-02,1,RPG,19,75,443404,1060060848,10786080214,11846141062
2016-12-02,1,UG,226,976,5209668,5888433820,87730231013,93618664833
2016-12-02,1,Alumni,1,1,3803,122345,885218,1007563
2016-12-02,1,Others(HKUST),1,30,55974,108822,247428,356250
2016-12-02,1,Non-HKUST,11,28,135114,187896177,2332933992,2520830169
2016-12-02,1,Total,429,1968,10825921,11837936065,182792733457,194630669522
2016-12-02,G,Staff,57,163,748589,362680768,3399595130,3762275898
2016-12-02,G,TPG,110,292,1379959,2145144878,21648832022,23793976900
2016-12-02,G,RPG,62,153,715434,4232981609,8132191229,12365172838
2016-12-02,G,UG,331,892,4617314,5634075317,77917175708,83551251025
2016-12-02,G,Alumni,6,7,15162,1335660,4004269,5339929
2016-12-02,G,Others(HKUST),4,5,32370,9480947,401725239,411206186
2016-12-02,G,Non-HKUST,16,44,221667,740294776,2657065114,3397359890
2016-12-02,G,Total,586,1556,7730495,13125993955,114160588711,127286582666
2016-12-02,LG1,Staff,33,79,273432,182664412,2157970866,2340635278
2016-12-02,LG1,TPG,247,910,4636601,9591138825,84972024731,94563163556
2016-12-02,LG1,RPG,105,239,1272234,2135438608,19590251727,21725690335
2016-12-02,LG1,UG,879,3204,16545753,34375708045,341041501023,375417209068
2016-12-02,LG1,Alumni,7,17,76032,81368090,1422465944,1503834034
2016-12-02,LG1,Others(HKUST),4,20,118403,677369492,329829456,1007198948
2016-12-02,LG1,Non-HKUST,31,95,422298,1763459306,12962843306,14726302612
2016-12-02,LG1,Total,1306,4564,23344753,48807146778,462476887053,511284033831
2016-12-02,LG3,Staff,10,20,77845,115211189,126900186,242111375
2016-12-02,LG3,TPG,156,720,3994170,10001755002,68839566532,78841321534
2016-12-02,LG3,RPG,33,92,414627,536001720,8527419754,9063421474
2016-12-02,LG3,UG,200,697,3677610,6840482382,86984916101,93825398483
2016-12-02,LG3,Alumni,3,14,32616,48158109,75637992,123796101
2016-12-02,LG3,Others(HKUST),2,6,24355,56767794,168025245,224793039
2016-12-02,LG3,Non-HKUST,10,27,121161,178850818,1402767837,1581618655
2016-12-02,LG3,Total,414,1576,8342384,17777227014,166125233647,183902460661
2016-12-02,LG4,Staff,17,24,68054,23735560,178197537,201933097
2016-12-02,LG4,TPG,220,1166,6385765,10032905519,133939599856,143972505375
2016-12-02,LG4,RPG,52,191,984185,2178474032,19425535785,21604009817
2016-12-02,LG4,UG,490,1877,10858499,16682584541,248705278670,265387863211
2016-12-02,LG4,Alumni,12,64,215559,267756977,1050512473,1318269450
2016-12-02,LG4,Others(HKUST),6,44,266910,1104861815,20567237702,21672099517
2016-12-02,LG4,Non-HKUST,15,58,282356,359063703,7639015216,7998078919
2016-12-02,LG4,Total,812,3424,19061328,30649382147,431505377239,462154759386
2016-12-02,All-Floors,Staff,124,502,2344436,1151952423,16165020459,17316972882
2016-12-02,All-Floors,TPG,621,3730,20197937,36004597783,381040021993,417044619776
2016-12-02,All-Floors,RPG,228,750,3829884,10142956817,66461478709,76604435526
2016-12-02,All-Floors,UG,1676,7646,40908844,69421284105,842379102515,911800386620
2016-12-02,All-Floors,Alumni,21,103,343172,398741181,2553505896,2952247077
2016-12-02,All-Floors,Others(HKUST),13,105,498012,1848588870,21467065070,23315653940
2016-12-02,All-Floors,Non-HKUST,62,252,1182596,3229564780,26994625465,30224190245
2016-12-02,All-Floors,Total,2745,13088,69304881,122197685959,1357060820107,1479258506066
2016-12-03,1,Staff,15,112,447925,578024495,1962176543,2540201038
2016-12-03,1,TPG,126,592,3317803,6550771370,75163234790,81714006160
2016-12-03,1,RPG,10,32,166733,406220886,4202180581,4608401467
2016-12-03,1,UG,139,652,3558867,4494765216,59588623494,64083388710
2016-12-03,1,Alumni,1,7,36446,58490891,796115458,854606349
2016-12-03,1,Others(HKUST),2,29,53741,3514581,39024594,42539175
2016-12-03,1,Non-HKUST,7,19,83064,35515275,886916836,922432111
2016-12-03,1,Total,300,1443,7664579,12127302714,142638272296,154765575010
2016-12-03,G,Staff,19,75,293948,170694937,2593271745,2763966682
2016-12-03,G,TPG,128,338,1293917,1634314456,23184749457,24819063913
2016-12-03,G,RPG,29,56,226688,61843683,394533925,456377608
2016-12-03,G,UG,232,710,3458031,5955819845,70716767261,76672587106
2016-12-03,G,Alumni,10,10,26134,59992075,1525209078,1585201153
2016-12-03,G,Others(HKUST),3,9,66377,64705461,199151967,263857428
2016-12-03,G,Non-HKUST,10,27,161540,249545453,2407320514,2656865967
2016-12-03,G,Total,431,1225,5526635,8196915910,101021003947,109217919857
2016-12-03,LG1,Staff,11,25,143819,1003670723,5102659640,6106330363
2016-12-03,LG1,TPG,316,1271,6104697,10758789595,129305515109,140064304704
2016-12-03,LG1,RPG,52,166,680581,686532859,12536427036,13222959895
2016-12-03,LG1,UG,700,3234,15687140,35067915127,350119510902,385187426029
2016-12-03,LG1,Alumni,8,16,136993,247404544,5515375778,5762780322
2016-12-03,LG1,Others(HKUST),4,18,160565,44600386,213022126,257622512
2016-12-03,LG1,Non-HKUST,29,101,429813,677073200,11189153133,11866226333
2016-12-03,LG1,Total,1120,4831,23343608,48485986434,513981663724,562467650158
2016-12-03,LG3,Staff,7,8,21669,2062395,3775737,5838132
2016-12-03,LG3,TPG,118,501,2803635,2949589745,55588104130,58537693875
2016-12-03,LG3,RPG,27,82,331932,921423079,6526459597,7447882676
2016-12-03,LG3,UG,155,632,2922376,7732722213,55221344386,62954066599
2016-12-03,LG3,Alumni,7,29,85868,52799917,949928480,1002728397
2016-12-03,LG3,Others(HKUST),0,0,0,0,0,0
2016-12-03,LG3,Non-HKUST,21,69,370059,422414170,8179563959,8601978129
2016-12-03,LG3,Total,335,1321,6535539,12081011519,126469176289,138550187808
2016-12-03,LG4,Staff,6,10,27762,16614226,325065096,341679322
2016-12-03,LG4,TPG,178,943,4894869,11208987305,128510452883,139719440188
2016-12-03,LG4,RPG,38,105,440841,875299943,9798600918,10673900861
2016-12-03,LG4,UG,273,1222,6413313,12083779497,156316917807,168400697304
2016-12-03,LG4,Alumni,20,81,372027,418329186,5924554483,6342883669
2016-12-03,LG4,Others(HKUST),4,50,332854,817923154,15779761259,16597684413
2016-12-03,LG4,Non-HKUST,16,59,321296,248528092,3793370158,4041898250
2016-12-03,LG4,Total,535,2470,12802962,25669461403,320448722604,346118184007
2016-12-03,All-Floors,Staff,53,230,935123,1771066776,9986948761,11758015537
2016-12-03,All-Floors,TPG,599,3645,18414921,33102452471,411752056369,444854508840
2016-12-03,All-Floors,RPG,132,441,1846775,2951320450,33458202057,36409522507
2016-12-03,All-Floors,UG,1156,6450,32039727,65335001898,691963163850,757298165748
2016-12-03,All-Floors,Alumni,36,143,657468,837016613,14711183277,15548199890
2016-12-03,All-Floors,Others(HKUST),8,106,613537,930743582,16230959946,17161703528
2016-12-03,All-Floors,Non-HKUST,65,275,1365772,1633076190,26456324600,28089400790
2016-12-03,All-Floors,Total,2049,11290,55873323,106560677980,1204558838860,1311119516840
2016-12-04,1,Staff,13,119,406824,373138356,2232894091,2606032447
2016-12-04,1,TPG,113,616,3487030,7955437890,76670516014,84625953904
2016-12-04,1,RPG,12,35,183245,155936944,2921349449,3077286393
2016-12-04,1,UG,160,721,3942338,4924515839,88286616896,93211132735
2016-12-04,1,Alumni,6,22,106028,276120265,3219403249,3495523514
2016-12-04,1,Others(HKUST),2,35,62117,41614749,80702325,122317074
2016-12-04,1,Non-HKUST,6,13,85016,165255484,3508145587,3673401071
2016-12-04,1,Total,312,1561,8272598,13892019527,176919627611,190811647138
2016-12-04,G,Staff,19,71,287339,860637839,5371888416,6232526255
2016-12-04,G,TPG,109,265,941581,1778094969,10043224055,11821319024
2016-12-04,G,RPG,35,59,270252,155213934,2362677535,2517891469
2016-12-04,G,UG,196,570,2730951,6010605175,44755275658,50765880833
2016-12-04,G,Alumni,15,43,160573,382917460,2659301030,3042218490
2016-12-04,G,Others(HKUST),2,15,34826,19308781,353595029,372903810
2016-12-04,G,Non-HKUST,15,42,205581,338234096,2702274004,3040508100
2016-12-04,G,Total,391,1065,4631103,9545012254,68248235727,77793247981
2016-12-04,LG1,Staff,11,50,266260,217889818,4073646642,4291536460
2016-12-04,LG1,TPG,384,1709,7516119,23915238331,162462068275,186377306606
2016-12-04,LG1,RPG,52,162,651821,1741587818,24196418604,25938006422
2016-12-04,LG1,UG,736,3454,15957431,45951206525,354121978235,400073184760
2016-12-04,LG1,Alumni,11,42,208422,536752540,2262178398,2798930938
2016-12-04,LG1,Others(HKUST),4,24,108044,43867064,854998328,898865392
2016-12-04,LG1,Non-HKUST,38,118,457782,771757937,9680506773,10452264710
2016-12-04,LG1,Total,1236,5559,25165879,73178300033,557651795255,630830095288
2016-12-04,LG3,Staff,6,12,26170,9905207,95381743,105286950
2016-12-04,LG3,TPG,132,630,3147199,6507672668,71485855807,77993528475
2016-12-04,LG3,RPG,18,45,177051,260161587,2321840722,2582002309
2016-12-04,LG3,UG,156,565,2670670,9229761605,71201394227,80431155832
2016-12-04,LG3,Alumni,11,36,143705,948475556,2052594442,3001069998
2016-12-04,LG3,Others(HKUST),1,1,2319,0,182797,182797
2016-12-04,LG3,Non-HKUST,14,45,218301,2781942451,4500658837,7282601288
2016-12-04,LG3,Total,338,1334,6385415,19737919074,151657908575,171395827649
2016-12-04,LG4,Staff,10,21,55574,169392766,3409869418,3579262184
2016-12-04,LG4,TPG,233,1204,5962300,14561596767,116296801381,130858398148
2016-12-04,LG4,RPG,34,104,397194,2528032832,28907346007,31435378839
2016-12-04,LG4,UG,342,1401,7156007,14993792444,145222415279,160216207723
2016-12-04,LG4,Alumni,18,84,330499,2123015571,5891718290,8014733861
2016-12-04,LG4,Others(HKUST),2,38,192153,513940134,11912291881,12426232015
2016-12-04,LG4,Non-HKUST,20,97,474039,1084482815,14747269228,15831752043
2016-12-04,LG4,Total,659,2949,14567766,35974253329,326387711484,362361964813
2016-12-04,All-Floors,Staff,48,273,1042167,1630963986,15183680310,16814644296
2016-12-04,All-Floors,TPG,692,4424,21054229,54718040625,436958465532,491676506157
2016-12-04,All-Floors,RPG,125,405,1679563,4840933115,60709632317,65550565432
2016-12-04,All-Floors,UG,1208,6711,32457397,81109881588,703587680295,784697561883
2016-12-04,All-Floors,Alumni,49,227,949227,4267281392,16085195409,20352476801
2016-12-04,All-Floors,Others(HKUST),6,113,399459,618730728,13201770360,13820501088
2016-12-04,All-Floors,Non-HKUST,68,315,1440719,5141672783,35138854429,40280527212
2016-12-04,All-Floors,Total,2196,12468,59022761,152327504217,1280865278652,1433192782869
2016-12-05,1,Staff,59,276,1475848,633046657,11710906020,12343952677
2016-12-05,1,TPG,125,695,4414144,6214017308,90581661803,96795679111
2016-12-05,1,RPG,21,83,502113,1192558508,7095548541,8288107049
2016-12-05,1,UG,272,1314,8000511,10149238811,122713329371,132862568182
2016-12-05,1,Alumni,4,8,44446,540134869,1828788648,2368923517
2016-12-05,1,Others(HKUST),3,29,66422,57702352,863636129,921338481
2016-12-05,1,Non-HKUST,10,34,195992,118432415,1472964211,1591396626
2016-12-05,1,Total,494,2439,14699476,18905130920,236266834723,255171965643
2016-12-05,G,Staff,50,137,740293,389845296,1393274632,1783119928
2016-12-05,G,TPG,128,333,1598018,1530067596,16230049472,17760117068
2016-12-05,G,RPG,43,126,666413,881322125,19181683038,20063005163
2016-12-05,G,UG,379,1161,6229834,7786821711,93239086845,101025908556
2016-12-05,G,Alumni,3,7,35043,81368117,468844017,550212134
2016-12-05,G,Others(HKUST),2,4,20330,1532072,9822621,11354693
2016-12-05,G,Non-HKUST,15,44,239869,310136129,6132804837,6442940966
2016-12-05,G,Total,620,1812,9529800,10981093046,136655565462,147636658508
2016-12-05,LG1,Staff,22,73,276128,394195419,1595918308,1990113727
2016-12-05,LG1,TPG,274,1095,6112237,15264437544,130873486549,146137924093
2016-12-05,LG1,RPG,63,189,825500,5052984285,10413734756,15466719041
2016-12-05,LG1,UG,1011,4086,20174582,33986538790,347972393483,381958932273
2016-12-05,LG1,Alumni,8,29,119788,84809460,1571210810,1656020270
2016-12-05,LG1,Others(HKUST),4,24,260874,174400147,1120204869,1294605016
2016-12-05,LG1,Non-HKUST,31,104,472965,841728969,7042817429,7884546398
2016-12-05,LG1,Total,1413,5600,28242074,55799094614,500589766204,556388860818
2016-12-05,LG3,Staff,14,29,122179,93314389,1674996383,1768310772
2016-12-05,LG3,TPG,165,780,4985065,6162793963,85395345358,91558139321
2016-12-05,LG3,RPG,35,116,627357,1990366355,38135409968,40125776323
2016-12-05,LG3,UG,306,990,4702636,7452130508,90686121276,98138251784
2016-12-05,LG3,Alumni,3,13,49234,27448603,136277901,163726504
2016-12-05,LG3,Others(HKUST),3,7,36999,18406282,35946997,54353279
2016-12-05,LG3,Non-HKUST,18,40,217782,314137764,6657402850,6971540614
2016-12-05,LG3,Total,544,1975,10741252,16058597864,222721500733,238780098597
2016-12-05,LG4,Staff,17,41,155478,199503186,1186498629,1386001815
2016-12-05,LG4,TPG,301,1580,9476702,17058295560,167020449447,184078745007
2016-12-05,LG4,RPG,50,167,862278,2389439090,16241512330,18630951420
2016-12-05,LG4,UG,653,2642,15466433,27975968976,287780423141,315756392117
2016-12-05,LG4,Alumni,8,26,128180,242839851,939992682,1182832533
2016-12-05,LG4,Others(HKUST),5,50,294107,376436762,6151764611,6528201373
2016-12-05,LG4,Non-HKUST,25,91,500955,1731375455,6418006136,8149381591
2016-12-05,LG4,Total,1059,4597,26884133,49973858880,485738646976,535712505856
2016-12-05,All-Floors,Staff,125,556,2769926,1709904947,17561593972,19271498919
2016-12-05,All-Floors,TPG,755,4483,26586166,46229611971,490100992629,536330604600
2016-12-05,All-Floors,RPG,180,681,3483661,11506670363,91067888633,102574558996
2016-12-05,All-Floors,UG,2019,10193,54573996,87350698796,942391354116,1029742052912
2016-12-05,All-Floors,Alumni,20,83,376691,976600900,4945114058,5921714958
2016-12-05,All-Floors,Others(HKUST),13,114,678732,628477615,8181375227,8809852842
2016-12-05,All-Floors,Non-HKUST,81,313,1627563,3315810732,27723995463,31039806195
2016-12-05,All-Floors,Total,3193,16423,90096735,151717775324,1581972314098,1733690089422
2016-12-06,1,Staff,55,222,1286942,466389285,10805790058,11272179343
2016-12-06,1,TPG,113,598,4334024,10363054019,97429668280,107792722299
2016-12-06,1,RPG,19,77,498572,580257240,4858544349,5438801589
2016-12-06,1,UG,269,1306,9311606,15726598533,166926277866,182652876399
2016-12-06,1,Alumni,4,11,74024,72778535,904293629,977072164
2016-12-06,1,Others(HKUST),2,9,16349,8715,23159,31874
2016-12-06,1,Non-HKUST,14,33,254494,213691535,2444153933,2657845468
2016-12-06,1,Total,476,2256,15776011,27422777862,283368751274,310791529136
2016-12-06,G,Staff,49,134,726915,282993778,1925622966,2208616744
2016-12-06,G,TPG,151,444,2513062,4059538931,38185168934,42244707865
2016-12-06,G,RPG,51,123,586233,765364311,8197608706,8962973017
2016-12-06,G,UG,364,1151,6531131,7391706648,94627720575,102019427223
2016-12-06,G,Alumni,5,13,61573,41720009,903691893,945411902
2016-12-06,G,Others(HKUST),5,15,181974,110944639,381300684,492245323
2016-12-06,G,Non-HKUST,17,37,177336,250567991,4232194114,4482762105
2016-12-06,G,Total,642,1917,10778224,12902836307,148453307872,161356144179
2016-12-06,LG1,Staff,41,94,368428,593622503,4278954148,4872576651
2016-12-06,LG1,TPG,296,1076,5712399,8603515379,101007619216,109611134595
2016-12-06,LG1,RPG,54,171,838638,1745580174,13431220406,15176800580
2016-12-06,LG1,UG,1043,4154,22573722,33916258432,397995875718,431912134150
2016-12-06,LG1,Alumni,5,12,43106,13798212,276512439,290310651
2016-12-06,LG1,Others(HKUST),5,27,124377,105706962,456742963,562449925
2016-12-06,LG1,Non-HKUST,35,80,355603,634077849,11939532627,12573610476
2016-12-06,LG1,Total,1479,5614,30016273,45612559511,529386457517,574999017028
2016-12-06,LG3,Staff,18,32,141201,158145622,675053340,833198962
2016-12-06,LG3,TPG,157,649,4378566,5609423559,86832164327,92441587886
2016-12-06,LG3,RPG,38,99,551192,2725869504,48732975081,51458844585
2016-12-06,LG3,UG,245,901,5058173,11515303724,86585814063,98101117787
2016-12-06,LG3,Alumni,2,2,7927,21999571,1380702,23380273
2016-12-06,LG3,Others(HKUST),2,5,24925,651286,11627030,12278316
2016-12-06,LG3,Non-HKUST,15,46,301935,1036400118,6929146389,7965546507
2016-12-06,LG3,Total,477,1734,10463919,21067793384,229768160932,250835954316
2016-12-06,LG4,Staff,25,57,226654,160406737,1415848583,1576255320
2016-12-06,LG4,TPG,308,1542,9534385,15004804293,130644779075,145649583368
2016-12-06,LG4,RPG,66,225,1273131,1180782646,18109419684,19290202330
2016-12-06,LG4,UG,622,2720,17395003,47150909711,386713533005,433864442716
2016-12-06,LG4,Alumni,6,25,146521,88992067,1276288034,1365280101
2016-12-06,LG4,Others(HKUST),3,32,254537,395250991,8800655197,9195906188
2016-12-06,LG4,Non-HKUST,30,109,685828,1492630771,5199005108,6691635879
2016-12-06,LG4,Total,1060,4710,29516059,65473777216,552159528686,617633305902
2016-12-06,All-Floors,Staff,134,539,2750140,1661557925,19101269095,20762827020
2016-12-06,All-Floors,TPG,768,4309,26472436,43640336181,454099399832,497739736013
2016-12-06,All-Floors,RPG,188,695,3747766,6997853875,93329768226,100327622101
2016-12-06,All-Floors,UG,1970,10232,60869635,115700777048,1132849221227,1248549998275
2016-12-06,All-Floors,Alumni,17,63,333151,239288394,3362166697,3601455091
2016-12-06,All-Floors,Others(HKUST),11,88,602162,612562593,9650349033,10262911626
2016-12-06,All-Floors,Non-HKUST,88,305,1775196,3627368264,30744032171,34371400435
2016-12-06,All-Floors,Total,3176,16231,96550486,172479744280,1743136206281,1915615950561
2016-12-07,1,Staff,62,262,1379011,759395931,6680251101,7439647032
2016-12-07,1,TPG,124,618,4640428,5115107050,56037673001,61152780051
2016-12-07,1,RPG,18,75,439427,373682244,5712265777,6085948021
2016-12-07,1,UG,296,1305,8141642,8962341642,118184071994,127146413636
2016-12-07,1,Alumni,3,6,46550,61322405,1139800391,1201122796
2016-12-07,1,Others(HKUST),1,1,811,295329,1757061,2052390
2016-12-07,1,Non-HKUST,15,41,304169,230577838,4034111615,4264689453
2016-12-07,1,Total,519,2308,14952038,15502722439,191789930940,207292653379
2016-12-07,G,Staff,57,143,741371,635762441,2750774044,3386536485
2016-12-07,G,TPG,177,423,2061058,2986843268,29835064044,32821907312
2016-12-07,G,RPG,52,108,602928,446292168,7868524581,8314816749
2016-12-07,G,UG,476,1211,6712137,8983553308,107399851776,116383405084
2016-12-07,G,Alumni,4,6,30374,6298920,191076377,197375297
2016-12-07,G,Others(HKUST),4,12,97695,50217241,276497662,326714903
2016-12-07,G,Non-HKUST,28,61,352405,336638116,3197515271,3534153387
2016-12-07,G,Total,798,1964,10597968,13445605462,151519303755,164964909217
2016-12-07,LG1,Staff,31,71,353400,537088493,6479395265,7016483758
2016-12-07,LG1,TPG,296,1024,5483523,9250728546,78221319104,87472047650
2016-12-07,LG1,RPG,55,162,819719,902908179,11721128072,12624036251
2016-12-07,LG1,UG,1050,4147,22275582,28932135016,390505532129,419437667145
2016-12-07,LG1,Alumni,4,15,118406,126151145,1909468645,2035619790
2016-12-07,LG1,Others(HKUST),6,21,110700,44153449,764498565,808652014
2016-12-07,LG1,Non-HKUST,38,100,523057,321524684,5034756661,5356281345
2016-12-07,LG1,Total,1480,5540,29684387,40114689512,494636098441,534750787953
2016-12-07,LG3,Staff,19,33,140401,150943763,2341667873,2492611636
2016-12-07,LG3,TPG,165,603,3628653,5278462499,48854176089,54132638588
2016-12-07,LG3,RPG,41,121,648099,608535707,7718189206,8326724913
2016-12-07,LG3,UG,306,978,5552224,34928263481,100957565744,135885829225
2016-12-07,LG3,Alumni,3,9,60085,12256380,252692394,264948774
2016-12-07,LG3,Others(HKUST),3,4,25641,209861,202558,412419
2016-12-07,LG3,Non-HKUST,12,33,151551,99394763,2465879406,2565274169
2016-12-07,LG3,Total,549,1781,10206654,41078066454,162590373270,203668439724
2016-12-07,LG4,Staff,24,60,216215,180350707,3066756636,3247107343
2016-12-07,LG4,TPG,310,1444,9111843,9751500275,117483894890,127235395165
2016-12-07,LG4,RPG,47,187,1105496,1529228359,7700204782,9229433141
2016-12-07,LG4,UG,722,2697,16690566,55503017175,277952241420,333455258595
2016-12-07,LG4,Alumni,4,17,131849,132775736,2628715874,2761491610
2016-12-07,LG4,Others(HKUST),2,46,317839,275020369,5612817219,5887837588
2016-12-07,LG4,Non-HKUST,26,103,651603,1101411175,15306796825,16408208000
2016-12-07,LG4,Total,1135,4554,28225411,68473303796,429751427646,498224731442
2016-12-07,All-Floors,Staff,138,569,2830398,2263541335,21318844919,23582386254
2016-12-07,All-Floors,TPG,806,4112,24925505,32382641638,330432127128,362814768766
2016-12-07,All-Floors,RPG,177,653,3615669,3860646657,40720312418,44580959075
2016-12-07,All-Floors,UG,2283,10338,59372151,137309310622,994999263063,1132308573685
2016-12-07,All-Floors,Alumni,15,53,387264,338804586,6121753681,6460558267
2016-12-07,All-Floors,Others(HKUST),10,84,552686,369896249,6655773065,7025669314
2016-12-07,All-Floors,Non-HKUST,93,338,1982785,2089546576,30039059778,32128606354
2016-12-07,All-Floors,Total,3522,16147,93666458,178614387663,1430287134052,1608901521715
2016-12-08,1,Staff,60,347,1289064,546225878,13683787026,14230012904
2016-12-08,1,TPG,147,1094,4963036,10697624610,67922812793,78620437403
2016-12-08,1,RPG,17,63,312565,2292574309,4772842005,7065416314
2016-12-08,1,UG,310,1758,8559030,17410057663,164777835254,182187892917
2016-12-08,1,Alumni,2,32,52159,130010027,967895791,1097905818
2016-12-08,1,Others(HKUST),1,2,1416,177609,892876,1070485
2016-12-08,1,Non-HKUST,8,35,141630,97264984,938530556,1035795540
2016-12-08,1,Total,545,3331,15318900,31173935080,253064596301,284238531381
2016-12-08,G,Staff,80,226,759798,487300582,2110944708,2598245290
2016-12-08,G,TPG,233,712,2418384,3897892413,40181291330,44079183743
2016-12-08,G,RPG,70,171,559910,896757167,16633257451,17530014618
2016-12-08,G,UG,619,1906,6656944,7872332120,124701103439,132573435559
2016-12-08,G,Alumni,6,12,33744,57145256,1000970924,1058116180
2016-12-08,G,Others(HKUST),5,16,67873,42279153,576236905,618516058
2016-12-08,G,Non-HKUST,18,81,249565,359729267,3188412769,3548142036
2016-12-08,G,Total,1031,3124,10746218,13613435958,188392217526,202005653484
2016-12-08,LG1,Staff,38,89,279943,221353738,2034807884,2256161622
2016-12-08,LG1,TPG,398,1695,5998019,10952133485,108936368128,119888501613
2016-12-08,LG1,RPG,73,278,907818,1038176772,13609279859,14647456631
2016-12-08,LG1,UG,1269,6002,23531705,34029551600,527134652511,561164204111
2016-12-08,LG1,Alumni,4,7,22073,57632106,1335115948,1392748054
2016-12-08,LG1,Others(HKUST),6,31,139360,59643359,1799750555,1859393914
2016-12-08,LG1,Non-HKUST,35,128,383618,1680689420,9742899561,11423588981
2016-12-08,LG1,Total,1823,8230,31262536,48039180480,664592874446,712632054926
2016-12-08,LG3,Staff,18,52,136804,132989453,1755684019,1888673472
2016-12-08,LG3,TPG,196,1011,4475960,5666204393,91459605627,97125810020
2016-12-08,LG3,RPG,43,113,341170,423365981,7013545473,7436911454
2016-12-08,LG3,UG,336,1269,4392613,7927563282,102457700742,110385264024
2016-12-08,LG3,Alumni,3,8,80568,85776888,964591609,1050368497
2016-12-08,LG3,Others(HKUST),2,5,16739,1436620,19145521,20582141
2016-12-08,LG3,Non-HKUST,20,91,332990,429581429,8792426838,9222008267
2016-12-08,LG3,Total,618,2549,9776844,14666918046,212462699829,227129617875
2016-12-08,LG4,Staff,14,31,56427,33768599,1005937620,1039706219
2016-12-08,LG4,TPG,322,2409,10348524,21963636422,188928694792,210892331214
2016-12-08,LG4,RPG,64,346,1397736,2436468887,32486548273,34923017160
2016-12-08,LG4,UG,758,3551,15985062,24779817544,345999409905,370779227449
2016-12-08,LG4,Alumni,6,20,102232,1342280204,523260201,1865540405
2016-12-08,LG4,Others(HKUST),5,54,305556,1438436909,20478465379,21916902288
2016-12-08,LG4,Non-HKUST,22,90,431261,660410490,10214347349,10874757839
2016-12-08,LG4,Total,1191,6501,28626798,52654819055,599636663519,652291482574
2016-12-08,All-Floors,Staff,146,745,2522036,1421638250,20591161257,22012799507
2016-12-08,All-Floors,TPG,836,6921,28203923,53177491323,497428772670,550606263993
2016-12-08,All-Floors,RPG,208,971,3519199,7087343116,74515473061,81602816177
2016-12-08,All-Floors,UG,2411,14486,59125354,92019322209,1265070701851,1357090024060
2016-12-08,All-Floors,Alumni,17,79,290776,1672844481,4791834473,6464678954
2016-12-08,All-Floors,Others(HKUST),15,108,530944,1541973650,22874491236,24416464886
2016-12-08,All-Floors,Non-HKUST,74,425,1539064,3227675590,32876617073,36104292663
2016-12-08,All-Floors,Total,3707,23735,95731296,160148288619,1918149051621,2078297340240
2016-12-09,1,Staff,64,383,1400574,757530545,21237509065,21995039610
2016-12-09,1,TPG,126,935,4396569,13044858112,89688114915,102732973027
2016-12-09,1,RPG,17,86,384673,2054622551,14321638393,16376260944
2016-12-09,1,UG,302,1600,7511287,11947259135,173021800616,184969059751
2016-12-09,1,Alumni,2,10,37830,100317560,2423711674,2524029234
2016-12-09,1,Others(HKUST),2,5,37292,16757284,595424018,612181302
2016-12-09,1,Non-HKUST,9,40,120710,93215073,1811139354,1904354427
2016-12-09,1,Total,522,3059,13888935,28014560260,303099338035,331113898295
2016-12-09,G,Staff,65,188,780240,744532865,3666431062,4410963927
2016-12-09,G,TPG,225,629,1878598,2798418857,27268688640,30067107497
2016-12-09,G,RPG,55,132,434516,414975215,3446668681,3861643896
2016-12-09,G,UG,553,1759,6341014,8558612867,129262491807,137821104674
2016-12-09,G,Alumni,6,7,8884,12098600,218471052,230569652
2016-12-09,G,Others(HKUST),5,11,52858,63491850,305091829,368583679
2016-12-09,G,Non-HKUST,24,57,190277,187879910,2201624464,2389504374
2016-12-09,G,Total,933,2783,9686387,12780010164,166369467535,179149477699
2016-12-09,LG1,Staff,30,58,182902,208058508,4824466950,5032525458
2016-12-09,LG1,TPG,362,1457,5623288,39276719481,140279067757,179555787238
2016-12-09,LG1,RPG,83,241,813741,1528294342,18374078107,19902372449
2016-12-09,LG1,UG,1167,5403,22390069,49218083572,655953953375,705172036947
2016-12-09,LG1,Alumni,3,14,40944,80638966,2582137848,2662776814
2016-12-09,LG1,Others(HKUST),6,15,91095,36613477,427662803,464276280
2016-12-09,LG1,Non-HKUST,40,145,490657,2699951194,10115016686,12814967880
2016-12-09,LG1,Total,1691,7333,29632696,93048359540,832556383526,925604743066
2016-12-09,LG3,Staff,24,116,361327,446378641,5382127617,5828506258
2016-12-09,LG3,TPG,188,874,3990653,5258073170,75826170134,81084243304
2016-12-09,LG3,RPG,36,147,512335,1499421771,5704375073,7203796844
2016-12-09,LG3,UG,274,1128,4410168,9428216805,115639006105,125067222910
2016-12-09,LG3,Alumni,1,1,322,25699562,1399394,27098956
2016-12-09,LG3,Others(HKUST),5,21,65643,11975231,75730653,87705884
2016-12-09,LG3,Non-HKUST,17,83,296482,686374779,13771024881,14457399660
2016-12-09,LG3,Total,545,2370,9636930,17356139959,216399833857,233755973816
2016-12-09,LG4,Staff,24,60,167160,255371936,3011934757,3267306693
2016-12-09,LG4,TPG,308,2109,9016372,19877288722,202042062173,221919350895
2016-12-09,LG4,RPG,62,277,988581,1546062486,28088293247,29634355733
2016-12-09,LG4,UG,634,2916,12029637,34797788456,354292203282,389089991738
2016-12-09,LG4,Alumni,9,51,175530,552223273,3722879099,4275102372
2016-12-09,LG4,Others(HKUST),5,67,239859,964040613,9785333002,10749373615
2016-12-09,LG4,Non-HKUST,33,154,557297,664713477,10940705910,11605419387
2016-12-09,LG4,Total,1075,5634,23174436,58657488963,611883411470,670540900433
2016-12-09,All-Floors,Staff,144,805,2892203,2411872495,38122469451,40534341946
2016-12-09,All-Floors,TPG,803,6004,24905480,80255358342,535104103619,615359461961
2016-12-09,All-Floors,RPG,188,883,3133846,7043376365,69935053501,76978429866
2016-12-09,All-Floors,UG,2213,12806,52682175,113949960835,1428169455185,1542119416020
2016-12-09,All-Floors,Alumni,14,83,263510,770977961,8948599067,9719577028
2016-12-09,All-Floors,Others(HKUST),13,119,486747,1092878455,11189242305,12282120760
2016-12-09,All-Floors,Non-HKUST,88,479,1655423,4332134433,38839511295,43171645728
2016-12-09,All-Floors,Total,3463,21179,86019384,209856558886,2130308434423,2340164993309
2016-12-10,1,Staff,14,114,258460,156290123,2844976378,3001266501
2016-12-10,1,TPG,148,1334,4654595,13498832203,128402320032,141901152235
2016-12-10,1,RPG,17,110,379544,1370485986,12246308752,13616794738
2016-12-10,1,UG,227,1789,6116987,12134135702,195992470758,208126606460
2016-12-10,1,Alumni,6,141,255384,402732237,8611259273,9013991510
2016-12-10,1,Others(HKUST),1,1,302,64256,69716,133972
2016-12-10,1,Non-HKUST,3,8,38756,7020025,101427478,108447503
2016-12-10,1,Total,416,3497,11704028,27569560532,348198832387,375768392919
2016-12-10,G,Staff,36,136,391970,215678869,4645855036,4861533905
2016-12-10,G,TPG,315,1043,1793472,3206534341,29702807190,32909341531
2016-12-10,G,RPG,82,234,498506,712663218,9965287490,10677950708
2016-12-10,G,UG,609,2365,5728241,8808879408,163668569107,172477448515
2016-12-10,G,Alumni,24,49,78761,118648659,651015163,769663822
2016-12-10,G,Others(HKUST),4,7,79922,67759684,1365617556,1433377240
2016-12-10,G,Non-HKUST,29,84,120224,195031639,1715391315,1910422954
2016-12-10,G,Total,1099,3918,8691096,13325195818,211714542857,225039738675
2016-12-10,LG1,Staff,17,67,104533,105914484,2294137386,2400051870
2016-12-10,LG1,TPG,543,3061,7560491,17221111893,174980319489,192201431382
2016-12-10,LG1,RPG,80,327,673526,1228298807,18273670799,19501969606
2016-12-10,LG1,UG,1256,6342,17439550,44947057242,557210744946,602157802188
2016-12-10,LG1,Alumni,10,57,212771,449914985,6441694926,6891609911
2016-12-10,LG1,Others(HKUST),5,27,143738,49249087,433287100,482536187
2016-12-10,LG1,Non-HKUST,52,218,462430,1435576366,8302518289,9738094655
2016-12-10,LG1,Total,1963,10099,26597039,65437122864,767936372935,833373495799
2016-12-10,LG3,Staff,16,75,167019,336763144,4985180675,5321943819
2016-12-10,LG3,TPG,199,1211,3983255,7311658091,102257447465,109569105556
2016-12-10,LG3,RPG,41,198,398381,748809048,14012326723,14761135771
2016-12-10,LG3,UG,335,1652,4317163,8559049351,132735943166,141294992517
2016-12-10,LG3,Alumni,3,18,48619,33152612,457571114,490723726
2016-12-10,LG3,Others(HKUST),3,9,6756,21449564,211930577,233380141
2016-12-10,LG3,Non-HKUST,23,102,393990,611689324,11248055132,11859744456
2016-12-10,LG3,Total,620,3265,9315183,17622571134,265908454852,283531025986
2016-12-10,LG4,Staff,21,31,64906,37193364,412359250,449552614
2016-12-10,LG4,TPG,320,2871,8375318,20957183202,260797060253,281754243455
2016-12-10,LG4,RPG,78,410,933026,7575294246,30884300571,38459594817
2016-12-10,LG4,UG,695,3866,11066504,34525373510,401710499523,436235873033
2016-12-10,LG4,Alumni,10,41,150437,177289220,2852977328,3030266548
2016-12-10,LG4,Others(HKUST),7,112,328149,612114309,12364253135,12976367444
2016-12-10,LG4,Non-HKUST,29,172,454344,778034966,9136379012,9914413978
2016-12-10,LG4,Total,1160,7503,21372684,64662482817,718157829072,782820311889
2016-12-10,All-Floors,Staff,71,423,986888,851839984,15182508725,16034348709
2016-12-10,All-Floors,TPG,857,9520,26367131,62195319730,696139954429,758335274159
2016-12-10,All-Floors,RPG,196,1279,2882983,11635551305,85381894335,97017445640
2016-12-10,All-Floors,UG,2013,16014,44668445,108974495213,1451318227500,1560292722713
2016-12-10,All-Floors,Alumni,38,306,745972,1181737713,19014517804,20196255517
2016-12-10,All-Floors,Others(HKUST),9,156,558867,750636900,14375158084,15125794984
2016-12-10,All-Floors,Non-HKUST,87,584,1469744,3027352320,30503771226,33531123546
2016-12-10,All-Floors,Total,3271,28282,77680030,188616933165,2311916032103,2500532965268
2016-12-11,1,Staff,9,118,314369,38508162,391198658,429706820
2016-12-11,1,TPG,123,1104,5684394,12156922895,133798452549,145955375444
2016-12-11,1,RPG,9,50,230617,1217318383,5142156135,6359474518
2016-12-11,1,UG,230,1727,7865412,14429802793,178930638719,193360441512
2016-12-11,1,Alumni,4,51,146990,2521263831,2427342830,4948606661
2016-12-11,1,Others(HKUST),1,1,298,0,0,0
2016-12-11,1,Non-HKUST,8,34,173658,262656112,4358379067,4621035179
2016-12-11,1,Total,384,3085,14415738,30626472176,325048167958,355674640134
2016-12-11,G,Staff,25,82,279841,98859256,2059727580,2158586836
2016-12-11,G,TPG,187,536,1594614,4470847063,34574633748,39045480811
2016-12-11,G,RPG,55,187,686721,1072917235,24284966434,25357883669
2016-12-11,G,UG,392,1667,6371160,9393403864,171597262667,180990666531
2016-12-11,G,Alumni,11,17,73873,267588482,2727028513,2994616995
2016-12-11,G,Others(HKUST),2,5,38520,28411489,58424090,86835579
2016-12-11,G,Non-HKUST,22,64,219306,185768587,1843489369,2029257956
2016-12-11,G,Total,694,2558,9264035,15517795976,237145532401,252663328377
2016-12-11,LG1,Staff,10,17,49581,86502423,1470629727,1557132150
2016-12-11,LG1,TPG,441,2004,7195606,14349981218,141042714325,155392695543
2016-12-11,LG1,RPG,68,292,949530,2023935781,16827463275,18851399056
2016-12-11,LG1,UG,958,4867,19633185,41664248085,501693075455,543357323540
2016-12-11,LG1,Alumni,7,31,133001,173668514,2134463248,2308131762
2016-12-11,LG1,Others(HKUST),4,25,140666,97553765,2051142616,2148696381
2016-12-11,LG1,Non-HKUST,31,142,514533,628643724,12053434726,12682078450
2016-12-11,LG1,Total,1519,7378,28616102,59024533510,677272923372,736297456882
2016-12-11,LG3,Staff,9,20,58458,146922173,3290354669,3437276842
2016-12-11,LG3,TPG,180,958,4161894,12007706717,107215819571,119223526288
2016-12-11,LG3,RPG,26,105,340138,1824857181,8071409728,9896266909
2016-12-11,LG3,UG,219,1020,4023426,7347118064,137344346052,144691464116
2016-12-11,LG3,Alumni,6,34,177562,3372633437,1978649041,5351282478
2016-12-11,LG3,Others(HKUST),1,8,17075,36812186,1368815471,1405627657
2016-12-11,LG3,Non-HKUST,9,36,144384,165465601,2250356314,2415821915
2016-12-11,LG3,Total,450,2181,8922937,24901515359,261519750846,286421266205
2016-12-11,LG4,Staff,11,32,86519,105927014,983084888,1089011902
2016-12-11,LG4,TPG,321,2138,9331061,17802396653,204007846466,221810243119
2016-12-11,LG4,RPG,45,237,929159,2091378876,31458716558,33550095434
2016-12-11,LG4,UG,505,2935,12584334,21575941785,305707994022,327283935807
2016-12-11,LG4,Alumni,18,79,394945,979323608,12307566884,13286890492
2016-12-11,LG4,Others(HKUST),3,48,231772,280627370,5566495822,5847123192
2016-12-11,LG4,Non-HKUST,28,139,507471,561419937,10508536761,11069956698
2016-12-11,LG4,Total,931,5608,24065261,43397015243,570540241401,613937256644
2016-12-11,All-Floors,Staff,46,269,788768,476719028,8194995522,8671714550
2016-12-11,All-Floors,TPG,793,6740,27967569,60787854546,620639466659,681427321205
2016-12-11,All-Floors,RPG,146,871,3136165,8230407456,85784712130,94015119586
2016-12-11,All-Floors,UG,1590,12216,50477517,94410514591,1295273316915,1389683831506
2016-12-11,All-Floors,Alumni,35,212,926371,7314477872,21575050516,28889528388
2016-12-11,All-Floors,Others(HKUST),6,87,428331,443404810,9044877999,9488282809
2016-12-11,All-Floors,Non-HKUST,77,415,1559352,1803953961,31014196237,32818150198
2016-12-11,All-Floors,Total,2693,20810,85284073,173467332264,2071526615978,2244993948242
2016-12-12,1,Staff,66,318,1095780,697136445,3477774449,4174910894
2016-12-12,1,TPG,156,1227,5799285,9871299658,113017140427,122888440085
2016-12-12,1,RPG,24,135,453834,1013314688,6338049899,7351364587
2016-12-12,1,UG,309,1760,7384279,10470250573,161020862305,171491112878
2016-12-12,1,Alumni,1,1,5750,28688803,511283931,539972734
2016-12-12,1,Others(HKUST),1,1,1204,0,0,0
2016-12-12,1,Non-HKUST,16,73,309890,223043357,2140830428,2363873785
2016-12-12,1,Total,573,3515,15050022,22303733524,286505941439,308809674963
2016-12-12,G,Staff,87,253,891512,454502585,5374803184,5829305769
2016-12-12,G,TPG,280,777,2431749,2837327055,37502688444,40340015499
2016-12-12,G,RPG,79,225,636843,1128770974,4939842507,6068613481
2016-12-12,G,UG,611,2039,7383385,8793733682,123939983265,132733716947
2016-12-12,G,Alumni,7,11,31621,27333862,297763833,325097695
2016-12-12,G,Others(HKUST),6,20,66577,168647907,496304503,664952410
2016-12-12,G,Non-HKUST,26,72,229024,183904571,2345638164,2529542735
2016-12-12,G,Total,1096,3397,11670711,13594220636,174897023900,188491244536
2016-12-12,LG1,Staff,31,93,260072,196121216,4960777360,5156898576
2016-12-12,LG1,TPG,438,1842,6642742,9292017019,112791411916,122083428935
2016-12-12,LG1,RPG,89,262,753447,1365779851,14290326623,15656106474
2016-12-12,LG1,UG,1320,5937,22821156,39785564855,462613938961,502399503816
2016-12-12,LG1,Alumni,9,40,154946,230702176,1337912474,1568614650
2016-12-12,LG1,Others(HKUST),5,23,105982,58541226,2158295169,2216836395
2016-12-12,LG1,Non-HKUST,46,160,536195,1067398169,9231581344,10298979513
2016-12-12,LG1,Total,1938,8357,31274540,51996124512,607384243847,659380368359
2016-12-12,LG3,Staff,28,91,206375,899432636,13087088895,13986521531
2016-12-12,LG3,TPG,186,990,4259785,5518553449,75992898380,81511451829
2016-12-12,LG3,RPG,35,115,382643,620897500,7929266233,8550163733
2016-12-12,LG3,UG,398,1440,5382438,7843138091,118742501848,126585639939
2016-12-12,LG3,Alumni,3,8,29526,3669733,86654235,90323968
2016-12-12,LG3,Others(HKUST),2,17,31994,3187930,23277147,26465077
2016-12-12,LG3,Non-HKUST,26,92,363306,472881162,9346080725,9818961887
2016-12-12,LG3,Total,678,2753,10656067,15361760501,225207767463,240569527964
2016-12-12,LG4,Staff,33,92,204399,199520714,2112114238,2311634952
2016-12-12,LG4,TPG,346,2173,9972299,18575218028,199708988354,218284206382
2016-12-12,LG4,RPG,58,324,1205343,2036266923,20119421227,22155688150
2016-12-12,LG4,UG,822,3926,16494195,32260398173,429030859235,461291257408
2016-12-12,LG4,Alumni,7,26,154813,573400641,3346604688,3920005329
2016-12-12,LG4,Others(HKUST),8,66,199476,250342724,3107840856,3358183580
2016-12-12,LG4,Non-HKUST,39,152,642584,2142571211,10427325327,12569896538
2016-12-12,LG4,Total,1313,6759,28873109,56037718414,667853153925,723890872339
2016-12-12,All-Floors,Staff,164,847,2658138,2446713596,29012558126,31459271722
2016-12-12,All-Floors,TPG,901,7009,29105860,46094415209,539013127521,585107542730
2016-12-12,All-Floors,RPG,213,1061,3432110,6165029936,53616906489,59781936425
2016-12-12,All-Floors,UG,2408,15102,59465453,99153085374,1295348145614,1394501230988
2016-12-12,All-Floors,Alumni,23,86,376656,863795215,5580219161,6444014376
2016-12-12,All-Floors,Others(HKUST),13,127,405233,480719787,5785717675,6266437462
2016-12-12,All-Floors,Non-HKUST,114,549,2080999,4089798470,33491455988,37581254458
2016-12-12,All-Floors,Total,3836,24781,97524449,159293557587,1961848130574,2121141688161
2016-12-13,1,Staff,42,156,744135,207755530,5691745890,5899501420
2016-12-13,1,TPG,139,821,4751053,9278320208,74624987513,83903307721
2016-12-13,1,RPG,17,85,406107,2419246750,5239768450,7659015200
2016-12-13,1,UG,262,1314,7340186,18946577828,144859414369,163805992197
2016-12-13,1,Alumni,2,3,9877,43642290,822084785,865727075
2016-12-13,1,Others(HKUST),2,2,13380,0,0,0
2016-12-13,1,Non-HKUST,11,31,180175,284890421,5555364609,5840255030
2016-12-13,1,Total,475,2412,13444913,31180433027,236793365616,267973798643
2016-12-13,G,Staff,54,152,700241,487099339,3045919406,3533018745
2016-12-13,G,TPG,170,403,1560208,2388382390,31795760812,34184143202
2016-12-13,G,RPG,52,141,481312,1013853391,4064621056,5078474447
2016-12-13,G,UG,482,1500,6226312,6413037273,99566637135,105979674408
2016-12-13,G,Alumni,13,26,131760,212569203,3288538143,3501107346
2016-12-13,G,Others(HKUST),6,21,93182,25350176,259472423,284822599
2016-12-13,G,Non-HKUST,20,38,162788,161856029,2644496415,2806352444
2016-12-13,G,Total,797,2281,9355803,10702147801,144665445390,155367593191
2016-12-13,LG1,Staff,28,84,306183,177908146,3249664625,3427572771
2016-12-13,LG1,TPG,332,996,4650428,8878154429,71172736556,80050890985
2016-12-13,LG1,RPG,61,156,647209,702501119,7179868891,7882370010
2016-12-13,LG1,UG,1115,4648,21755823,44226454724,451074062232,495300516956
2016-12-13,LG1,Alumni,7,15,68381,76618594,945374278,1021992872
2016-12-13,LG1,Others(HKUST),5,26,260421,249889318,1718516489,1968405807
2016-12-13,LG1,Non-HKUST,42,116,521498,571883423,9413291063,9985174486
2016-12-13,LG1,Total,1590,6041,28209943,54883409753,544753514134,599636923887
2016-12-13,LG3,Staff,21,37,109746,259098953,4446652590,4705751543
2016-12-13,LG3,TPG,168,745,3983048,4646116328,59782489456,64428605784
2016-12-13,LG3,RPG,37,148,709881,1531003215,12581399698,14112402913
2016-12-13,LG3,UG,288,969,4629505,9912053771,122907853946,132819907717
2016-12-13,LG3,Alumni,2,7,62634,2423197667,1338204649,3761402316
2016-12-13,LG3,Others(HKUST),3,6,19256,1498584,20367824,21866408
2016-12-13,LG3,Non-HKUST,23,83,330232,285158242,3780568106,4065726348
2016-12-13,LG3,Total,542,1995,9844302,19058126760,204857536269,223915663029
2016-12-13,LG4,Staff,22,40,152641,136619054,407312702,543931756
2016-12-13,LG4,TPG,322,1618,8720575,16960579049,166957109153,183917688202
2016-12-13,LG4,RPG,58,216,1143026,1197834708,23434683042,24632517750
2016-12-13,LG4,UG,633,2570,13997506,20312909254,346263258589,366576167843
2016-12-13,LG4,Alumni,7,34,190711,345108495,8460430091,8805538586
2016-12-13,LG4,Others(HKUST),6,52,304538,568088833,7979379067,8547467900
2016-12-13,LG4,Non-HKUST,25,99,503183,442927311,2818878586,3261805897
2016-12-13,LG4,Total,1073,4629,25012180,39964066704,556321051230,596285117934
2016-12-13,All-Floors,Staff,122,469,2012946,1268481022,16841295213,18109776235
2016-12-13,All-Floors,TPG,821,4583,23665312,42151552404,404333083490,446484635894
2016-12-13,All-Floors,RPG,179,746,3387535,6864439183,52500341137,59364780320
2016-12-13,All-Floors,UG,2179,11001,53949332,99811032850,1164671226271,1264482259121
2016-12-13,All-Floors,Alumni,21,85,463363,3101136249,14854631946,17955768195
2016-12-13,All-Floors,Others(HKUST),16,107,690777,844826911,9977735803,10822562714
2016-12-13,All-Floors,Non-HKUST,93,367,1697876,1746715426,24212598779,25959314205
2016-12-13,All-Floors,Total,3431,17358,85867141,155788184045,1687390912639,1843179096684
2016-12-14,1,Staff,46,218,984645,455287382,2620656475,3075943857
2016-12-14,1,TPG,84,471,2733227,4746396912,63527019869,68273416781
2016-12-14,1,RPG,16,80,531280,1081354491,7232485558,8313840049
2016-12-14,1,UG,271,1277,7209180,7170989736,117027175509,124198165245
2016-12-14,1,Alumni,5,13,58370,100726093,3070560087,3171286180
2016-12-14,1,Others(HKUST),1,1,1502,0,0,0
2016-12-14,1,Non-HKUST,5,19,106333,79925076,1044162811,1124087887
2016-12-14,1,Total,428,2079,11624537,13634679690,194522060309,208156739999
2016-12-14,G,Staff,44,134,714729,186506589,4277714028,4464220617
2016-12-14,G,TPG,127,376,1722711,1533734995,20971494506,22505229501
2016-12-14,G,RPG,51,135,581782,452939617,8407874702,8860814319
2016-12-14,G,UG,416,1193,5713661,5849442571,122255459705,128104902276
2016-12-14,G,Alumni,4,9,31446,37586507,1016893354,1054479861
2016-12-14,G,Others(HKUST),7,17,144871,83694531,390086993,473781524
2016-12-14,G,Non-HKUST,16,27,159565,158398679,3140103757,3298502436
2016-12-14,G,Total,665,1891,9068765,8302303489,160459627045,168761930534
2016-12-14,LG1,Staff,26,58,226291,195156191,2869158901,3064315092
2016-12-14,LG1,TPG,243,838,4285889,7334342196,105248588249,112582930445
2016-12-14,LG1,RPG,71,199,917010,614631220,11545014053,12159645273
2016-12-14,LG1,UG,983,3940,19385571,32580641915,421887834297,454468476212
2016-12-14,LG1,Alumni,4,12,78017,61539039,923644047,985183086
2016-12-14,LG1,Others(HKUST),6,40,169755,90678448,971311094,1061989542
2016-12-14,LG1,Non-HKUST,27,71,277310,506435858,12042232460,12548668318
2016-12-14,LG1,Total,1360,5158,25339843,41383424867,555487783101,596871207968
2016-12-14,LG3,Staff,17,51,154646,232469802,4595570757,4828040559
2016-12-14,LG3,TPG,117,461,2780421,4295168089,62447868773,66743036862
2016-12-14,LG3,RPG,24,113,506596,425305827,5237493250,5662799077
2016-12-14,LG3,UG,288,1017,5395641,6797553371,118941215297,125738768668
2016-12-14,LG3,Alumni,1,2,19895,43620685,787172492,830793177
2016-12-14,LG3,Others(HKUST),0,0,0,0,0,0
2016-12-14,LG3,Non-HKUST,15,47,344371,373368659,7289508550,7662877209
2016-12-14,LG3,Total,462,1691,9201570,12167486433,199298829119,211466315552
2016-12-14,LG4,Staff,14,33,145969,122476619,876720397,999197016
2016-12-14,LG4,TPG,212,1064,6495264,15581118129,134509989274,150091107403
2016-12-14,LG4,RPG,46,185,960712,1870950593,19187477020,21058427613
2016-12-14,LG4,UG,534,2178,12219936,74790072315,274342551751,349132624066
2016-12-14,LG4,Alumni,10,21,191707,740883057,5601077048,6341960105
2016-12-14,LG4,Others(HKUST),3,35,262090,283493493,6077629735,6361123228
2016-12-14,LG4,Non-HKUST,18,70,420801,1452397941,10593570248,12045968189
2016-12-14,LG4,Total,837,3586,20696479,94841392147,451189015473,546030407620
2016-12-14,All-Floors,Staff,108,494,2226280,1191896583,15239820558,16431717141
2016-12-14,All-Floors,TPG,611,3210,18017512,33490760321,386704960671,420195720992
2016-12-14,All-Floors,RPG,184,712,3497380,4445181748,51610344583,56055526331
2016-12-14,All-Floors,UG,2005,9605,49923989,127188699908,1054454236559,1181642936467
2016-12-14,All-Floors,Alumni,21,57,379435,984355381,11399347028,12383702409
2016-12-14,All-Floors,Others(HKUST),12,93,578218,457866472,7439027822,7896894294
2016-12-14,All-Floors,Non-HKUST,69,234,1308380,2570526213,34109577826,36680104039
2016-12-14,All-Floors,Total,3010,14405,75931194,170329286626,1560957315047,1731286601673
2016-12-15,1,Staff,55,310,1151094,1248520889,27208336650,28456857539
2016-12-15,1,TPG,82,449,2469365,3477459979,44254134524,47731594503
2016-12-15,1,RPG,21,75,365901,1333322545,5854762885,7188085430
2016-12-15,1,UG,262,1490,7947960,12604783010,200604178151,213208961161
2016-12-15,1,Alumni,4,13,42504,17361415,280668108,298029523
2016-12-15,1,Others(HKUST),1,1,1165,138929,974570,1113499
2016-12-15,1,Non-HKUST,5,10,40798,99076274,576702414,675778688
2016-12-15,1,Total,430,2348,12018787,18780663041,278779757302,297560420343
2016-12-15,G,Staff,64,199,709071,824074998,4091947249,4916022247
2016-12-15,G,TPG,131,384,1539900,2164307826,19328652920,21492960746
2016-12-15,G,RPG,47,103,330796,190403112,2942121818,3132524930
2016-12-15,G,UG,424,1238,4996261,4992268148,84263035911,89255304059
2016-12-15,G,Alumni,10,28,140614,506861735,3482148323,3989010058
2016-12-15,G,Others(HKUST),4,15,94755,73551845,637820544,711372389
2016-12-15,G,Non-HKUST,22,60,213268,523759450,6928059282,7451818732
2016-12-15,G,Total,702,2027,8024665,9275227114,121673786047,130949013161
2016-12-15,LG1,Staff,36,55,202799,191689089,4266222663,4457911752
2016-12-15,LG1,TPG,265,951,3867865,6143168605,61124754928,67267923533
2016-12-15,LG1,RPG,69,258,1053163,896038371,11457146892,12353185263
2016-12-15,LG1,UG,1051,4167,19071221,29197664032,396187861677,425385525709
2016-12-15,LG1,Alumni,5,11,53501,213149255,1519450458,1732599713
2016-12-15,LG1,Others(HKUST),4,26,203529,81017746,3067561375,3148579121
2016-12-15,LG1,Non-HKUST,26,66,338038,1786006979,9099980449,10885987428
2016-12-15,LG1,Total,1456,5534,24790116,38508734077,486722978442,525231712519
2016-12-15,LG3,Staff,16,39,88117,54669687,1238126474,1292796161
2016-12-15,LG3,TPG,149,624,3258843,8009762408,53083772191,61093534599
2016-12-15,LG3,RPG,25,119,557627,510496849,9670602085,10181098934
2016-12-15,LG3,UG,241,882,4022470,4986395391,92899539957,97885935348
2016-12-15,LG3,Alumni,2,2,5441,180702,218533,399235
2016-12-15,LG3,Others(HKUST),1,2,4676,752401,5901450,6653851
2016-12-15,LG3,Non-HKUST,10,32,146504,154950580,4437129549,4592080129
2016-12-15,LG3,Total,444,1700,8083678,13717208018,161335290239,175052498257
2016-12-15,LG4,Staff,22,51,135409,65830109,553754738,619584847
2016-12-15,LG4,TPG,219,1177,6020295,13712325927,117486649898,131198975825
2016-12-15,LG4,RPG,38,175,877395,1470177854,18384269837,19854447691
2016-12-15,LG4,UG,498,2144,10998485,14875915842,243855266287,258731182129
2016-12-15,LG4,Alumni,3,17,102828,1493447699,3719677051,5213124750
2016-12-15,LG4,Others(HKUST),3,46,186108,1812621752,8013225226,9825846978
2016-12-15,LG4,Non-HKUST,15,39,164809,193042362,3469447981,3662490343
2016-12-15,LG4,Total,798,3649,18485329,33623361545,395482291018,429105652563
2016-12-15,All-Floors,Staff,128,654,2286490,2384784772,37358387774,39743172546
2016-12-15,All-Floors,TPG,609,3585,17156268,33507024745,295277964461,328784989206
2016-12-15,All-Floors,RPG,161,730,3184882,4400438731,48308903517,52709342248
2016-12-15,All-Floors,UG,1941,9921,47036397,66657026423,1017809881983,1084466908406
2016-12-15,All-Floors,Alumni,19,71,344888,2231000806,9002162473,11233163279
2016-12-15,All-Floors,Others(HKUST),9,90,490233,1968082673,11725483165,13693565838
2016-12-15,All-Floors,Non-HKUST,57,207,903417,2756835645,24511319675,27268155320
2016-12-15,All-Floors,Total,2924,15258,71402575,113905193795,1443994103048,1557899296843
2016-12-16,1,Staff,45,209,1022818,187071456,4114553533,4301624989
2016-12-16,1,TPG,56,360,1735815,2603668284,52886216483,55489884767
2016-12-16,1,RPG,15,40,230544,1895236445,6437743580,8332980025
2016-12-16,1,UG,232,1296,6697346,7406153805,112818011226,120224165031
2016-12-16,1,Alumni,0,0,0,0,0,0
2016-12-16,1,Others(HKUST),1,1,9737,12754904,57242358,69997262
2016-12-16,1,Non-HKUST,5,20,65054,106043841,761912276,867956117
2016-12-16,1,Total,354,1926,9761314,12210928735,177075679456,189286608191
2016-12-16,G,Staff,52,153,626357,183126252,4402850905,4585977157
2016-12-16,G,TPG,108,241,883038,1397923019,16187708015,17585631034
2016-12-16,G,RPG,51,105,336742,161402051,3546209514,3707611565
2016-12-16,G,UG,422,1180,4849220,6929314662,92887563812,99816878474
2016-12-16,G,Alumni,2,2,1379,197757,250942,448699
2016-12-16,G,Others(HKUST),3,5,51969,7920597,89143647,97064244
2016-12-16,G,Non-HKUST,15,21,75697,202836645,1241500765,1444337410
2016-12-16,G,Total,653,1707,6824402,8882720983,118355227600,127237948583
2016-12-16,LG1,Staff,25,74,277735,283232552,2273052134,2556284686
2016-12-16,LG1,TPG,202,732,3073284,5189522381,85333889309,90523411690
2016-12-16,LG1,RPG,65,160,587647,700688419,4868968780,5569657199
2016-12-16,LG1,UG,904,3440,15605587,35988052577,357934171918,393922224495
2016-12-16,LG1,Alumni,5,20,81596,207281911,2103490284,2310772195
2016-12-16,LG1,Others(HKUST),2,6,90710,9027783,195574237,204602020
2016-12-16,LG1,Non-HKUST,25,64,309949,1381126080,5124366286,6505492366
2016-12-16,LG1,Total,1228,4496,20026508,43758931703,457833512948,501592444651
2016-12-16,LG3,Staff,21,50,157732,57544927,715717827,773262754
2016-12-16,LG3,TPG,104,493,2348463,3555745993,42019613927,45575359920
2016-12-16,LG3,RPG,26,113,580140,561586765,8546290614,9107877379
2016-12-16,LG3,UG,224,784,3558021,4999456214,85055572665,90055028879
2016-12-16,LG3,Alumni,1,1,2999,0,0,0
2016-12-16,LG3,Others(HKUST),1,2,5660,16492,23631,40123
2016-12-16,LG3,Non-HKUST,10,22,130934,428679814,3099528359,3528208173
2016-12-16,LG3,Total,387,1465,6783949,9603030205,139436747023,149039777228
2016-12-16,LG4,Staff,20,47,128969,66343508,644671530,711015038
2016-12-16,LG4,TPG,159,741,3661475,5591338240,75250307034,80841645274
2016-12-16,LG4,RPG,43,139,554470,777966212,18233679045,19011645257
2016-12-16,LG4,UG,430,1836,9134948,13345301198,207499349708,220844650906
2016-12-16,LG4,Alumni,1,1,297,0,0,0
2016-12-16,LG4,Others(HKUST),2,36,190857,291937618,4388461383,4680399001
2016-12-16,LG4,Non-HKUST,13,61,386929,413273114,5812789638,6226062752
2016-12-16,LG4,Total,668,2861,14057945,20486159890,311829258338,332315418228
2016-12-16,All-Floors,Staff,111,533,2213611,777318695,12150845929,12928164624
2016-12-16,All-Floors,TPG,460,2567,11702075,18338197917,271677734768,290015932685
2016-12-16,All-Floors,RPG,158,557,2289543,4096879892,41632891533,45729771425
2016-12-16,All-Floors,UG,1738,8536,39845122,68668278456,856194669329,924862947785
2016-12-16,All-Floors,Alumni,8,24,86271,207479668,2103741226,2311220894
2016-12-16,All-Floors,Others(HKUST),6,50,348933,321657394,4730445256,5052102650
2016-12-16,All-Floors,Non-HKUST,55,188,968563,2531959494,16040097324,18572056818
2016-12-16,All-Floors,Total,2536,12455,57454118,94941771516,1204530425365,1299472196881
2016-12-17,1,Staff,10,88,246557,8728924,128556986,137285910
2016-12-17,1,TPG,49,310,1404772,2734983899,32918884864,35653868763
2016-12-17,1,RPG,13,51,211855,663904129,5009872554,5673776683
2016-12-17,1,UG,141,801,3112720,4701279728,66372559513,71073839241
2016-12-17,1,Alumni,3,30,76918,201392731,3809517975,4010910706
2016-12-17,1,Others(HKUST),1,1,5090,1620875,3015513,4636388
2016-12-17,1,Non-HKUST,5,26,82687,81322512,1475559637,1556882149
2016-12-17,1,Total,222,1307,5140599,8393232798,109717967042,118111199840
2016-12-17,G,Staff,25,56,214063,108280763,1759510065,1867790828
2016-12-17,G,TPG,127,429,1206286,3120699635,27932955234,31053654869
2016-12-17,G,RPG,55,157,400854,565477497,3765230086,4330707583
2016-12-17,G,UG,411,1117,3053287,4395936939,53933049226,58328986165
2016-12-17,G,Alumni,10,28,122188,514586869,2197543479,2712130348
2016-12-17,G,Others(HKUST),3,13,29862,28351604,386861107,415212711
2016-12-17,G,Non-HKUST,18,55,117367,153810707,3557669969,3711480676
2016-12-17,G,Total,649,1855,5143907,8887144014,93532819166,102419963180
2016-12-17,LG1,Staff,16,45,194209,209945312,4113425451,4323370763
2016-12-17,LG1,TPG,284,1387,5040480,7043118700,90274478170,97317596870
2016-12-17,LG1,RPG,62,212,609414,620769047,10197219212,10817988259
2016-12-17,LG1,UG,853,3441,12343460,29942410259,305964505556,335906915815
2016-12-17,LG1,Alumni,16,51,202104,257837579,8159738590,8417576169
2016-12-17,LG1,Others(HKUST),4,24,194149,23211495,366555487,389766982
2016-12-17,LG1,Non-HKUST,29,71,306801,453336728,4582712162,5036048890
2016-12-17,LG1,Total,1264,5231,18890617,38550629120,423658634628,462209263748
2016-12-17,LG3,Staff,11,25,80670,11531458080,11325160358,22856618438
2016-12-17,LG3,TPG,93,474,1758182,2655319159,40319414532,42974733691
2016-12-17,LG3,RPG,28,112,402712,769687322,13173414371,13943101693
2016-12-17,LG3,UG,182,723,2209410,3259473340,43746837198,47006310538
2016-12-17,LG3,Alumni,6,28,106543,199127682,3530838987,3729966669
2016-12-17,LG3,Others(HKUST),0,0,0,0,0,0
2016-12-17,LG3,Non-HKUST,8,31,91992,54322386,443380517,497702903
2016-12-17,LG3,Total,328,1393,4649509,18469387969,112539045963,131008433932
2016-12-17,LG4,Staff,10,19,58256,114563890,395964347,510528237
2016-12-17,LG4,TPG,130,784,3276787,8657947071,97636991987,106294939058
2016-12-17,LG4,RPG,42,127,501480,590264103,10431265809,11021529912
2016-12-17,LG4,UG,291,1215,4631224,8572780377,126342979645,134915760022
2016-12-17,LG4,Alumni,11,53,243021,988078571,9494351582,10482430153
2016-12-17,LG4,Others(HKUST),4,43,307604,450221980,7414679311,7864901291
2016-12-17,LG4,Non-HKUST,10,40,129143,306789453,6154513419,6461302872
2016-12-17,LG4,Total,498,2281,9147515,19680645445,257870746100,277551391545
2016-12-17,All-Floors,Staff,54,233,793755,11972976969,17722617207,29695594176
2016-12-17,All-Floors,TPG,457,3384,12686507,24212068464,289082724787,313294793251
2016-12-17,All-Floors,RPG,149,659,2126315,3210102098,42577002032,45787104130
2016-12-17,All-Floors,UG,1438,7297,25350101,50871880643,596359931138,647231811781
2016-12-17,All-Floors,Alumni,35,190,750774,2161023432,27191990613,29353014045
2016-12-17,All-Floors,Others(HKUST),9,81,536705,503405954,8171111418,8674517372
2016-12-17,All-Floors,Non-HKUST,53,223,727990,1049581786,16213835704,17263417490
2016-12-17,All-Floors,Total,2195,12067,42972147,93981039346,997319212899,1091300252245
2016-12-18,1,Staff,14,108,325483,89266415,32761199,122027614
2016-12-18,1,TPG,40,308,988323,2056772424,28135184915,30191957339
2016-12-18,1,RPG,12,57,167964,181071913,2246068429,2427140342
2016-12-18,1,UG,109,840,2925605,7082567706,73092290833,80174858539
2016-12-18,1,Alumni,6,95,217957,337620550,5917044520,6254665070
2016-12-18,1,Others(HKUST),0,0,0,0,0,0
2016-12-18,1,Non-HKUST,5,24,36393,111384718,1289010519,1400395237
2016-12-18,1,Total,186,1432,4661725,9858683726,110712360415,120571044141
2016-12-18,G,Staff,24,70,255638,284616398,1627085918,1911702316
2016-12-18,G,TPG,103,354,765812,978335170,16667787743,17646122913
2016-12-18,G,RPG,51,147,348783,451319674,7985468242,8436787916
2016-12-18,G,UG,253,925,2416638,3818868285,53678756913,57497625198
2016-12-18,G,Alumni,18,39,160339,155999673,2293949944,2449949617
2016-12-18,G,Others(HKUST),1,2,914,85877,168906,254783
2016-12-18,G,Non-HKUST,16,49,146564,271433018,4182902079,4454335097
2016-12-18,G,Total,466,1586,4094688,5960658095,86436119745,92396777840
2016-12-18,LG1,Staff,18,84,215241,370116742,16320573278,16690690020
2016-12-18,LG1,TPG,272,1641,4977398,7707264711,115008600702,122715865413
2016-12-18,LG1,RPG,78,342,988906,2292792615,23508849588,25801642203
2016-12-18,LG1,UG,593,3805,12122655,25005956784,332432384291,357438341075
2016-12-18,LG1,Alumni,9,28,74521,168471532,2703988321,2872459853
2016-12-18,LG1,Others(HKUST),5,25,151140,113099403,4249386344,4362485747
2016-12-18,LG1,Non-HKUST,24,74,287512,1001009275,8073317168,9074326443
2016-12-18,LG1,Total,999,5999,18817373,36658711062,502297099692,538955810754
2016-12-18,LG3,Staff,10,38,100247,200707231,2486805328,2687512559
2016-12-18,LG3,TPG,92,599,1985693,2867015594,37232909810,40099925404
2016-12-18,LG3,RPG,32,159,468522,398803798,4299793397,4698597195
2016-12-18,LG3,UG,145,696,1988565,5269114374,42490853216,47759967590
2016-12-18,LG3,Alumni,7,60,164980,249530216,4990529144,5240059360
2016-12-18,LG3,Others(HKUST),1,1,58,0,0,0
2016-12-18,LG3,Non-HKUST,5,36,107385,159175512,2825898235,2985073747
2016-12-18,LG3,Total,292,1589,4815450,9144346725,94326789130,103471135855
2016-12-18,LG4,Staff,14,32,85063,390898721,2786585442,3177484163
2016-12-18,LG4,TPG,108,1009,2932463,6303610388,73176933834,79480544222
2016-12-18,LG4,RPG,50,159,543133,778216185,10972328261,11750544446
2016-12-18,LG4,UG,237,1152,4009524,17345665257,162161967808,179507633065
2016-12-18,LG4,Alumni,10,50,136590,635031944,16528987289,17164019233
2016-12-18,LG4,Others(HKUST),1,36,163874,388137947,6897828146,7285966093
2016-12-18,LG4,Non-HKUST,8,21,101464,113044105,1349957641,1463001746
2016-12-18,LG4,Total,428,2459,7972111,25954604547,273874588421,299829192968
2016-12-18,All-Floors,Staff,56,332,981672,1335605507,23253811165,24589416672
2016-12-18,All-Floors,TPG,376,3911,11649689,19912998287,270221417004,290134415291
2016-12-18,All-Floors,RPG,158,864,2517308,4102204185,49012507917,53114712102
2016-12-18,All-Floors,UG,881,7418,23462987,58522172406,663856253061,722378425467
2016-12-18,All-Floors,Alumni,36,272,754387,1546653915,32434499218,33981153133
2016-12-18,All-Floors,Others(HKUST),5,64,315986,501323227,11147383396,11648706623
2016-12-18,All-Floors,Non-HKUST,47,204,679318,1656046628,17721085642,19377132270
2016-12-18,All-Floors,Total,1559,13065,40361347,87577004155,1067646957403,1155223961558
2016-12-19,1,Staff,57,419,1029186,534512232,8495228356,9029740588
2016-12-19,1,TPG,34,377,1035974,2734805931,49184119279,51918925210
2016-12-19,1,RPG,32,157,440412,872642043,16169493338,17042135381
2016-12-19,1,UG,139,651,1575479,6367251664,67706417146,74073668810
2016-12-19,1,Alumni,2,15,36979,83564265,707701919,791266184
2016-12-19,1,Others(HKUST),2,3,2121,321867,3417998,3739865
2016-12-19,1,Non-HKUST,7,23,48543,62665945,858810811,921476756
2016-12-19,1,Total,273,1645,4168694,10655763947,143125188847,153780952794
2016-12-19,G,Staff,113,412,935152,1439847053,9477520847,10917367900
2016-12-19,G,TPG,159,518,876377,2199856486,21867260644,24067117130
2016-12-19,G,RPG,94,296,561472,726820425,10442502367,11169322792
2016-12-19,G,UG,563,1798,3089375,4810987816,54387742802,59198730618
2016-12-19,G,Alumni,13,52,79227,301854636,3083322055,3385176691
2016-12-19,G,Others(HKUST),7,25,60706,38207702,431720172,469927874
2016-12-19,G,Non-HKUST,28,86,176868,354577128,6967180256,7321757384
2016-12-19,G,Total,977,3187,5779177,9872151246,106657249143,116529400389
2016-12-19,LG1,Staff,68,227,331517,303510059,5540670849,5844180908
2016-12-19,LG1,TPG,223,1109,2672049,3828383536,45743937907,49572321443
2016-12-19,LG1,RPG,101,387,849528,3306056524,13494640328,16800696852
2016-12-19,LG1,UG,914,4273,9894682,23497724932,249137692516,272635417448
2016-12-19,LG1,Alumni,9,31,94438,615435183,733755019,1349190202
2016-12-19,LG1,Others(HKUST),10,56,148641,104826096,2484537792,2589363888
2016-12-19,LG1,Non-HKUST,26,92,156127,761658119,6252154044,7013812163
2016-12-19,LG1,Total,1351,6175,14146982,32417594449,323387388455,355804982904
2016-12-19,LG3,Staff,51,156,246129,165666818,2369781550,2535448368
2016-12-19,LG3,TPG,90,563,1234744,1673999448,15326729061,17000728509
2016-12-19,LG3,RPG,39,185,547066,1809408916,12049087452,13858496368
2016-12-19,LG3,UG,246,836,1792899,4090260882,55193269518,59283530400
2016-12-19,LG3,Alumni,2,4,2645,643039,1518839,2161878
2016-12-19,LG3,Others(HKUST),4,9,15178,1919950,33192977,35112927
2016-12-19,LG3,Non-HKUST,9,34,123555,365844168,7420986343,7786830511
2016-12-19,LG3,Total,441,1787,3962216,8107743221,92394565740,100502308961
2016-12-19,LG4,Staff,64,182,251890,410331541,10818260086,11228591627
2016-12-19,LG4,TPG,126,951,2734982,9926627747,98160539934,108087167681
2016-12-19,LG4,RPG,67,166,410193,919284340,13699530249,14618814589
2016-12-19,LG4,UG,448,1188,2228972,4938572341,61494416206,66432988547
2016-12-19,LG4,Alumni,3,5,10637,9552856,132582425,142135281
2016-12-19,LG4,Others(HKUST),7,104,259543,581854009,9793642396,10375496405
2016-12-19,LG4,Non-HKUST,13,52,138438,22570460850,3459472354,26029933204
2016-12-19,LG4,Total,728,2648,6034655,39356683684,197558443650,236915127334
2016-12-19,All-Floors,Staff,222,1396,2793874,2853867703,36701461688,39555329391
2016-12-19,All-Floors,TPG,377,3518,8554126,20363673148,230282586825,250646259973
2016-12-19,All-Floors,RPG,232,1191,2808671,7634212248,65855253734,73489465982
2016-12-19,All-Floors,UG,1672,8746,18581407,43704797635,487919538188,531624335823
2016-12-19,All-Floors,Alumni,20,107,223926,1011049979,4658880257,5669930236
2016-12-19,All-Floors,Others(HKUST),18,197,486189,727129624,12746511335,13473640959
2016-12-19,All-Floors,Non-HKUST,58,287,643531,24115206210,24958603808,49073810018
2016-12-19,All-Floors,Total,2599,15442,34091724,100409936547,863122835835,963532772382
2016-12-20,1,Staff,53,277,952344,637752467,12630612795,13268365262
2016-12-20,1,TPG,27,139,506942,1102251254,11282627067,12384878321
2016-12-20,1,RPG,16,82,311480,557992157,10275510460,10833502617
2016-12-20,1,UG,38,143,417455,560918480,6663524061,7224442541
2016-12-20,1,Alumni,3,21,49033,46193484,996797757,1042991241
2016-12-20,1,Others(HKUST),1,1,879,58047,28822,86869
2016-12-20,1,Non-HKUST,4,16,38560,25235406,291349241,316584647
2016-12-20,1,Total,142,679,2276693,2930401295,42140450203,45070851498
2016-12-20,G,Staff,77,251,690896,373987311,4770820956,5144808267
2016-12-20,G,TPG,71,237,596971,777117140,14420913432,15198030572
2016-12-20,G,RPG,59,156,366987,563983965,11603046380,12167030345
2016-12-20,G,UG,122,290,708413,943109082,19670053312,20613162394
2016-12-20,G,Alumni,5,10,13261,104390294,82951167,187341461
2016-12-20,G,Others(HKUST),2,5,24974,2789903,59739596,62529499
2016-12-20,G,Non-HKUST,11,20,99473,1197506025,5003511821,6201017846
2016-12-20,G,Total,347,969,2500975,3962883720,55611036664,59573920384
2016-12-20,LG1,Staff,57,173,448274,433800924,8854176436,9287977360
2016-12-20,LG1,TPG,84,299,884576,1633784190,47338703164,48972487354
2016-12-20,LG1,RPG,70,175,615769,727028233,4763144944,5490173177
2016-12-20,LG1,UG,240,728,2301887,5497941266,78374636491,83872577757
2016-12-20,LG1,Alumni,5,18,42721,59015406,617109709,676125115
2016-12-20,LG1,Others(HKUST),8,19,114677,62857161,422942921,485800082
2016-12-20,LG1,Non-HKUST,7,9,59857,1236548119,1098745968,2335294087
2016-12-20,LG1,Total,471,1421,4467761,9650975299,141469459633,151120434932
2016-12-20,LG3,Staff,25,85,221884,248950856,5809479754,6058430610
2016-12-20,LG3,TPG,21,115,367408,3029664750,21376000129,24405664879
2016-12-20,LG3,RPG,25,83,266405,239142152,4706970490,4946112642
2016-12-20,LG3,UG,60,228,721825,3948914096,18534236967,22483151063
2016-12-20,LG3,Alumni,4,5,11957,3983755,24332420,28316175
2016-12-20,LG3,Others(HKUST),1,3,15201,4986362,40435325,45421687
2016-12-20,LG3,Non-HKUST,2,6,29387,226131287,201572286,427703573
2016-12-20,LG3,Total,138,525,1634067,7701773258,50693027371,58394800629
2016-12-20,LG4,Staff,38,93,186662,99225213,1354044378,1453269591
2016-12-20,LG4,TPG,52,210,859379,5567310357,52807536574,58374846931
2016-12-20,LG4,RPG,38,111,404018,945875510,15028759431,15974634941
2016-12-20,LG4,UG,90,213,482034,1306092706,20473573789,21779666495
2016-12-20,LG4,Alumni,8,23,144493,438143820,2064811358,2502955178
2016-12-20,LG4,Others(HKUST),3,50,154054,269229057,4469788818,4739017875
2016-12-20,LG4,Non-HKUST,6,25,105284,245798147,707077152,952875299
2016-12-20,LG4,Total,235,725,2335924,8871674810,96905591500,105777266310
2016-12-20,All-Floors,Staff,171,879,2500060,1793716771,33419134319,35212851090
2016-12-20,All-Floors,TPG,185,1000,3215276,12110127691,147225780366,159335908057
2016-12-20,All-Floors,RPG,167,607,1964659,3034022017,46377431705,49411453722
2016-12-20,All-Floors,UG,462,1602,4631614,12256975630,143716024620,155973000250
2016-12-20,All-Floors,Alumni,17,77,261465,651726759,3786002411,4437729170
2016-12-20,All-Floors,Others(HKUST),12,78,309785,339920530,4992935482,5332856012
2016-12-20,All-Floors,Non-HKUST,26,76,332561,2931218984,7302256468,10233475452
2016-12-20,All-Floors,Total,1040,4319,13215420,33117708382,386819565371,419937273753
2016-12-21,1,Staff,47,214,848178,352613449,4841428095,5194041544
2016-12-21,1,TPG,22,131,524153,1151646940,15502094272,16653741212
2016-12-21,1,RPG,15,76,279950,505353550,8014829653,8520183203
2016-12-21,1,UG,34,135,436200,2966345832,5945903935,8912249767
2016-12-21,1,Alumni,0,0,0,0,0,0
2016-12-21,1,Others(HKUST),2,3,6119,754342,15068883,15823225
2016-12-21,1,Non-HKUST,2,3,21503,5559625,31742499,37302124
2016-12-21,1,Total,122,562,2116103,4982273738,34351067337,39333341075
2016-12-21,G,Staff,68,185,597176,935468873,5066633179,6002102052
2016-12-21,G,TPG,44,155,365919,993337073,6707353514,7700690587
2016-12-21,G,RPG,50,115,287091,768209997,2243332378,3011542375
2016-12-21,G,UG,139,294,607252,1193028762,21746068699,22939097461
2016-12-21,G,Alumni,6,22,65701,129568861,914572224,1044141085
2016-12-21,G,Others(HKUST),5,15,38182,3839794,9608910,13448704
2016-12-21,G,Non-HKUST,5,14,52745,40394489,540831089,581225578
2016-12-21,G,Total,317,800,2014066,4063847849,37228399993,41292247842
2016-12-21,LG1,Staff,30,83,151485,363813400,1015724131,1379537531
2016-12-21,LG1,TPG,71,207,609073,920727413,11912952095,12833679508
2016-12-21,LG1,RPG,49,130,314217,392768403,6807207944,7199976347
2016-12-21,LG1,UG,162,535,1604915,3207335786,39701336302,42908672088
2016-12-21,LG1,Alumni,2,4,4561,17143931,587211335,604355266
2016-12-21,LG1,Others(HKUST),3,3,2998,688340,340526,1028866
2016-12-21,LG1,Non-HKUST,10,15,86471,1571957005,7411746846,8983703851
2016-12-21,LG1,Total,327,977,2773720,6474434278,67436519179,73910953457
2016-12-21,LG3,Staff,24,54,57072,19491510,690670669,710162179
2016-12-21,LG3,TPG,19,74,329120,568872080,7816548585,8385420665
2016-12-21,LG3,RPG,34,110,232525,411847475,4683749402,5095596877
2016-12-21,LG3,UG,59,169,526657,472532789,8007087093,8479619882
2016-12-21,LG3,Alumni,1,1,1124,44885,58250,103135
2016-12-21,LG3,Others(HKUST),1,1,1141,184857,1005655,1190512
2016-12-21,LG3,Non-HKUST,3,8,20690,34503065,1160825701,1195328766
2016-12-21,LG3,Total,141,417,1168329,1507476661,22359945355,23867422016
2016-12-21,LG4,Staff,30,68,127595,147771685,4297494158,4445265843
2016-12-21,LG4,TPG,27,152,486101,1941221183,15164154924,17105376107
2016-12-21,LG4,RPG,37,64,157375,177211804,2395456275,2572668079
2016-12-21,LG4,UG,87,199,506369,723178274,13804715694,14527893968
2016-12-21,LG4,Alumni,2,7,18975,1851696,9694578,11546274
2016-12-21,LG4,Others(HKUST),4,52,185889,252486979,4850654924,5103141903
2016-12-21,LG4,Non-HKUST,3,20,44351,75967516,1107174216,1183141732
2016-12-21,LG4,Total,190,562,1526655,3319689137,41629344769,44949033906
2016-12-21,All-Floors,Staff,140,604,1781506,1819158917,15911950232,17731109149
2016-12-21,All-Floors,TPG,146,719,2314366,5575804689,57103103390,62678908079
2016-12-21,All-Floors,RPG,141,495,1271158,2255391229,24144575652,26399966881
2016-12-21,All-Floors,UG,394,1332,3681393,8562421443,89205111723,97767533166
2016-12-21,All-Floors,Alumni,8,34,90361,148609373,1511536387,1660145760
2016-12-21,All-Floors,Others(HKUST),10,74,234329,257954312,4876678898,5134633210
2016-12-21,All-Floors,Non-HKUST,18,60,225760,1728381700,10252320351,11980702051
2016-12-21,All-Floors,Total,857,3318,9598873,20347721663,203005276633,223352998296
2016-12-22,1,Staff,44,133,707982,133768700,4647386024,4781154724
2016-12-22,1,TPG,9,25,202601,150165048,1031512209,1181677257
2016-12-22,1,RPG,7,16,191841,357319236,4650062024,5007381260
2016-12-22,1,UG,11,25,184587,60362410,563165221,623527631
2016-12-22,1,Alumni,0,0,0,0,0,0
2016-12-22,1,Others(HKUST),1,1,1092,128765,884859,1013624
2016-12-22,1,Non-HKUST,2,3,4363,2929877,9761189,12691066
2016-12-22,1,Total,74,203,1292466,704674036,10902771526,11607445562
2016-12-22,G,Staff,29,52,195600,80733993,1682747229,1763481222
2016-12-22,G,TPG,12,21,185099,347148049,5011395162,5358543211
2016-12-22,G,RPG,14,39,271566,283816257,4072608390,4356424647
2016-12-22,G,UG,17,30,98364,98142155,1937860809,2036002964
2016-12-22,G,Alumni,2,2,2641,143371580,94792964,238164544
2016-12-22,G,Others(HKUST),2,4,5180,494027,2812094,3306121
2016-12-22,G,Non-HKUST,4,6,15134,39135957,1461996023,1501131980
2016-12-22,G,Total,80,154,773584,992842018,14264212671,15257054689
2016-12-22,LG1,Staff,12,18,68550,22568787,138108338,160677125
2016-12-22,LG1,TPG,17,31,202426,176609989,4972466598,5149076587
2016-12-22,LG1,RPG,21,32,262606,146893865,696265162,843159027
2016-12-22,LG1,UG,56,114,506305,296818535,6015750004,6312568539
2016-12-22,LG1,Alumni,0,0,0,0,0,0
2016-12-22,LG1,Others(HKUST),2,3,4508,249944,1823164,2073108
2016-12-22,LG1,Non-HKUST,1,1,1179,182334,976397,1158731
2016-12-22,LG1,Total,109,199,1045574,643323454,11825389663,12468713117
2016-12-22,LG3,Staff,9,11,41535,26065950,258464999,284530949
2016-12-22,LG3,TPG,5,14,26938,26130189,218715036,244845225
2016-12-22,LG3,RPG,8,30,218462,39350589,1010695013,1050045602
2016-12-22,LG3,UG,2,5,33873,23000716,713223518,736224234
2016-12-22,LG3,Alumni,0,0,0,0,0,0
2016-12-22,LG3,Others(HKUST),0,0,0,0,0,0
2016-12-22,LG3,Non-HKUST,1,2,2065,50517,60878,111395
2016-12-22,LG3,Total,25,62,322873,114597961,2201159444,2315757405
2016-12-22,LG4,Staff,7,17,78824,36233583,834776983,871010566
2016-12-22,LG4,TPG,10,32,110418,528143000,7824618740,8352761740
2016-12-22,LG4,RPG,7,16,136652,109629628,2080864202,2190493830
2016-12-22,LG4,UG,9,37,193885,315224975,1876892709,2192117684
2016-12-22,LG4,Alumni,2,3,32043,10214633,218983816,229198449
2016-12-22,LG4,Others(HKUST),2,22,138988,23826659,424728278,448554937
2016-12-22,LG4,Non-HKUST,1,1,34211,17690697,116222158,133912855
2016-12-22,LG4,Total,38,128,725021,1040963175,13377086886,14418050061
2016-12-22,All-Floors,Staff,72,231,1092491,299371013,7561483573,7860854586
2016-12-22,All-Floors,TPG,44,123,727482,1228196275,19058707745,20286904020
2016-12-22,All-Floors,RPG,53,133,1081127,937009575,12510494791,13447504366
2016-12-22,All-Floors,UG,90,211,1017014,793548791,11106892261,11900441052
2016-12-22,All-Floors,Alumni,3,5,34684,153586213,313776780,467362993
2016-12-22,All-Floors,Others(HKUST),5,30,149768,24699395,430248395,454947790
2016-12-22,All-Floors,Non-HKUST,8,13,56952,59989382,1589016645,1649006027
2016-12-22,All-Floors,Total,275,746,4159518,3496400644,52570620190,56067020834
2016-12-23,1,Staff,43,186,322351,22733113043,1018571047,23751684090
2016-12-23,1,TPG,14,149,172554,36186084934,2382144941,38568229875
2016-12-23,1,RPG,17,115,113698,8962007399,7023304993,15985312392
2016-12-23,1,UG,23,158,193802,39894474862,4570355277,44464830139
2016-12-23,1,Alumni,1,42,17835,4997868885,128977790,5126846675
2016-12-23,1,Others(HKUST),0,0,0,0,0,0
2016-12-23,1,Non-HKUST,0,0,0,0,0,0
2016-12-23,1,Total,98,650,820240,112773549123,15123354048,127896903171
2016-12-23,G,Staff,58,194,172008,5113887329,2341569540,7455456869
2016-12-23,G,TPG,47,174,163390,26367622211,4394595609,30762217820
2016-12-23,G,RPG,63,216,113373,57127404659,2640137286,59767541945
2016-12-23,G,UG,70,181,202015,17038206981,914111190,17952318171
2016-12-23,G,Alumni,5,10,1085,3536665995,171642867,3708308862
2016-12-23,G,Others(HKUST),5,9,98349,2940645278,343062604,3283707882
2016-12-23,G,Non-HKUST,3,5,839,94339993,7224449,101564442
2016-12-23,G,Total,251,789,751059,112218772446,10812343545,123031115991
2016-12-23,LG1,Staff,58,147,112238,5554625346,1268456256,6823081602
2016-12-23,LG1,TPG,84,511,734136,204894656230,12704757994,217599414224
2016-12-23,LG1,RPG,91,337,330466,21328070558,1508503483,22836574041
2016-12-23,LG1,UG,80,273,395424,53065481107,9052744286,62118225393
2016-12-23,LG1,Alumni,4,49,58377,35693465114,5227268702,40920733816
2016-12-23,LG1,Others(HKUST),4,9,157832,3742054268,1651931312,5393985580
2016-12-23,LG1,Non-HKUST,5,25,42648,3447131866,232598701,3679730567
2016-12-23,LG1,Total,326,1351,1831121,327725484489,31646260734,359371745223
2016-12-23,LG3,Staff,24,78,51691,5130087914,266643658,5396731572
2016-12-23,LG3,TPG,26,146,203541,14694367318,855600821,15549968139
2016-12-23,LG3,RPG,28,117,119547,3398526495,639711667,4038238162
2016-12-23,LG3,UG,51,152,130267,15832145905,1621516819,17453662724
2016-12-23,LG3,Alumni,4,6,16398,1205146121,67483631,1272629752
2016-12-23,LG3,Others(HKUST),1,1,0,9551978,585571,10137549
2016-12-23,LG3,Non-HKUST,2,4,4689,2336848734,37208111,2374056845
2016-12-23,LG3,Total,136,504,526133,42606674465,3488750278,46095424743
2016-12-23,LG4,Staff,38,97,80270,4153485869,649921206,4803407075
2016-12-23,LG4,TPG,31,246,179133,307665351646,14982104993,322647456639
2016-12-23,LG4,RPG,60,117,96790,20975329564,1033633350,22008962914
2016-12-23,LG4,UG,86,167,77250,10963495761,796995333,11760491094
2016-12-23,LG4,Alumni,2,3,2279,23808709,17157987,40966696
2016-12-23,LG4,Others(HKUST),5,70,94407,9306199106,847634238,10153833344
2016-12-23,LG4,Non-HKUST,5,12,32088,2755369455,269589172,3024958627
2016-12-23,LG4,Total,227,712,562217,355843040110,18597036279,374440076389
2016-12-23,All-Floors,Staff,143,702,738558,42685199501,5545161707,48230361208
2016-12-23,All-Floors,TPG,123,1226,1452754,589808082339,35319204358,625127286697
2016-12-23,All-Floors,RPG,203,902,773874,111791338675,12845290779,124636629454
2016-12-23,All-Floors,UG,234,931,998758,136793804616,16955722905,153749527521
2016-12-23,All-Floors,Alumni,12,110,95974,45456954824,5612530977,51069485801
2016-12-23,All-Floors,Others(HKUST),10,89,350588,15998450630,2843213725,18841664355
2016-12-23,All-Floors,Non-HKUST,12,46,80264,8633690048,546620433,9180310481
2016-12-23,All-Floors,Total,737,4006,4490770,951167520633,79667744884,1030835265517
2016-12-24,1,Staff,10,28,21493,918912572,51355170,970267742
2016-12-24,1,TPG,4,46,39025,17377277147,502279146,17879556293
2016-12-24,1,RPG,8,29,57509,12322175783,303971628,12626147411
2016-12-24,1,UG,7,28,14649,1282609750,83118085,1365727835
2016-12-24,1,Alumni,0,0,0,0,0,0
2016-12-24,1,Others(HKUST),1,1,121,3089759,601424,3691183
2016-12-24,1,Non-HKUST,1,3,478,12149340,2060549,14209889
2016-12-24,1,Total,31,135,133275,31916214351,943386002,32859600353
2016-12-24,G,Staff,22,139,116930,7733263440,299836131,8033099571
2016-12-24,G,TPG,31,112,85131,20505290780,799830904,21305121684
2016-12-24,G,RPG,35,92,66268,6248307259,508747048,6757054307
2016-12-24,G,UG,35,129,50058,7045048891,983103072,8028151963
2016-12-24,G,Alumni,5,22,30735,222808239,626904942,849713181
2016-12-24,G,Others(HKUST),1,4,1443,12896707,2189797,15086504
2016-12-24,G,Non-HKUST,3,6,10803,143481586,34487863,177969449
2016-12-24,G,Total,132,504,361368,41911096902,3255099757,45166196659
2016-12-24,LG1,Staff,19,52,72355,509909814,62198094,572107908
2016-12-24,LG1,TPG,30,213,205649,62988580086,2965740499,65954320585
2016-12-24,LG1,RPG,59,199,127378,19474486384,1325986970,20800473354
2016-12-24,LG1,UG,57,206,182269,41110070157,10635960605,51746030762
2016-12-24,LG1,Alumni,1,2,1322,4141089,1421615,5562704
2016-12-24,LG1,Others(HKUST),2,10,1919,9617281,2081959,11699240
2016-12-24,LG1,Non-HKUST,2,2,4203,107938998,7662079,115601077
2016-12-24,LG1,Total,170,684,595095,124204743809,15001051821,139205795630
2016-12-24,LG3,Staff,18,29,2282,322778493,43963885,366742378
2016-12-24,LG3,TPG,8,43,20894,3142228214,164673173,3306901387
2016-12-24,LG3,RPG,16,38,15854,2179568827,326951214,2506520041
2016-12-24,LG3,UG,38,98,44894,12709386610,1297165485,14006552095
2016-12-24,LG3,Alumni,4,6,3485,6995253,1964681,8959934
2016-12-24,LG3,Others(HKUST),3,4,360,133704717,7443338,141148055
2016-12-24,LG3,Non-HKUST,2,2,0,19028944,1293065,20322009
2016-12-24,LG3,Total,89,220,87769,18513691058,1843454841,20357145899
2016-12-24,LG4,Staff,18,38,11173,268791694,26483246,295274940
2016-12-24,LG4,TPG,14,55,50796,1176386027,342312231,1518698258
2016-12-24,LG4,RPG,35,49,11529,6831889160,523470336,7355359496
2016-12-24,LG4,UG,71,209,76352,22380394668,2296686922,24677081590
2016-12-24,LG4,Alumni,0,0,0,0,0,0
2016-12-24,LG4,Others(HKUST),5,111,223278,19915993163,4497137042,24413130205
2016-12-24,LG4,Non-HKUST,1,4,7925,190912793,24705428,215618221
2016-12-24,LG4,Total,144,466,381053,50764367505,7710795205,58475162710
2016-12-24,All-Floors,Staff,64,286,224233,9753656013,483836526,10237492539
2016-12-24,All-Floors,TPG,58,469,401495,105189762254,4774835953,109964598207
2016-12-24,All-Floors,RPG,129,407,278538,47056427413,2989127196,50045554609
2016-12-24,All-Floors,UG,162,670,368222,84527510076,15296034169,99823544245
2016-12-24,All-Floors,Alumni,7,30,35542,233944581,630291238,864235819
2016-12-24,All-Floors,Others(HKUST),6,130,227121,20075301627,4509453560,24584755187
2016-12-24,All-Floors,Non-HKUST,8,17,23409,473511661,70208984,543720645
2016-12-24,All-Floors,Total,434,2009,1558560,267310113625,28753787626,296063901251
2016-12-25,1,Staff,6,10,4079,9592723,2528737,12121460
2016-12-25,1,TPG,1,1,0,42889,17162,60051
2016-12-25,1,RPG,3,3,0,682675,189943,872618
2016-12-25,1,UG,2,2,0,484428,193532,677960
2016-12-25,1,Alumni,0,0,0,0,0,0
2016-12-25,1,Others(HKUST),1,1,0,180806899,19206739,200013638
2016-12-25,1,Non-HKUST,0,0,0,0,0,0
2016-12-25,1,Total,13,17,4079,191609614,22136113,213745727
2016-12-25,G,Staff,7,25,6119,34261931,7908118,42170049
2016-12-25,G,TPG,3,3,0,279790179,23708932,303499111
2016-12-25,G,RPG,1,1,0,81163491,4272929,85436420
2016-12-25,G,UG,9,9,0,1298866791,123540783,1422407574
2016-12-25,G,Alumni,0,0,0,0,0,0
2016-12-25,G,Others(HKUST),3,3,480,4320461,854711,5175172
2016-12-25,G,Non-HKUST,1,1,0,285463,424894,710357
2016-12-25,G,Total,24,42,6599,1698688316,160710367,1859398683
2016-12-25,LG1,Staff,10,18,3114,16886399,4747120,21633519
2016-12-25,LG1,TPG,5,10,4322,11027005,1022746,12049751
2016-12-25,LG1,RPG,26,52,15113,39777125,3067458,42844583
2016-12-25,LG1,UG,11,11,0,271187395,55821773,327009168
2016-12-25,LG1,Alumni,1,1,0,150024,51781,201805
2016-12-25,LG1,Others(HKUST),3,10,37165,3330833833,1676923339,5007757172
2016-12-25,LG1,Non-HKUST,1,1,0,0,0,0
2016-12-25,LG1,Total,57,103,59714,3669861781,1741634217,5411495998
2016-12-25,LG3,Staff,9,20,1447,161709260,10483353,172192613
2016-12-25,LG3,TPG,0,0,0,0,0,0
2016-12-25,LG3,RPG,4,4,0,164835723,5486837,170322560
2016-12-25,LG3,UG,16,26,14510,1017721865,89281188,1107003053
2016-12-25,LG3,Alumni,1,1,0,408534,196906,605440
2016-12-25,LG3,Others(HKUST),1,1,0,266291,56421,322712
2016-12-25,LG3,Non-HKUST,1,1,0,14253684,2432524,16686208
2016-12-25,LG3,Total,32,53,15957,1359195357,107937229,1467132586
2016-12-25,LG4,Staff,9,12,719,57607147,8626809,66233956
2016-12-25,LG4,TPG,5,8,10077,253719438,13527924,267247362
2016-12-25,LG4,RPG,33,36,2526,2276652934,140277190,2416930124
2016-12-25,LG4,UG,46,184,107979,16092897294,2726776348,18819673642
2016-12-25,LG4,Alumni,1,2,1199,586005979,88168921,674174900
2016-12-25,LG4,Others(HKUST),2,52,174231,28521018464,6023150522,34544168986
2016-12-25,LG4,Non-HKUST,0,0,0,0,0,0
2016-12-25,LG4,Total,96,294,296731,47787901256,9000527714,56788428970
2016-12-25,All-Floors,Staff,24,85,15478,280057460,34294137,314351597
2016-12-25,All-Floors,TPG,13,22,14399,544579511,38276764,582856275
2016-12-25,All-Floors,RPG,67,96,17639,2563111948,153294357,2716406305
2016-12-25,All-Floors,UG,81,232,122489,18681157773,2995613624,21676771397
2016-12-25,All-Floors,Alumni,3,4,1199,586564537,88417608,674982145
2016-12-25,All-Floors,Others(HKUST),6,67,211876,32037245948,7720191732,39757437680
2016-12-25,All-Floors,Non-HKUST,2,3,0,14539147,2857418,17396565
2016-12-25,All-Floors,Total,196,509,383080,54707256324,11032945640,65740201964
2016-12-26,1,Staff,3,3,0,1098080,318384,1416464
2016-12-26,1,TPG,1,1,0,511492,184177,695669
2016-12-26,1,RPG,3,3,240,417414,186010,603424
2016-12-26,1,UG,6,6,240,914238431,11640041,925878472
2016-12-26,1,Alumni,0,0,0,0,0,0
2016-12-26,1,Others(HKUST),0,0,0,0,0,0
2016-12-26,1,Non-HKUST,0,0,0,0,0,0
2016-12-26,1,Total,13,13,480,916265417,12328612,928594029
2016-12-26,G,Staff,7,13,5165,313077917,398191491,711269408
2016-12-26,G,TPG,4,4,358,28028571,50895257,78923828
2016-12-26,G,RPG,11,12,598,103662329,22457340,126119669
2016-12-26,G,UG,11,11,721,134776283,195379782,330156065
2016-12-26,G,Alumni,2,3,481,276287,174693,450980
2016-12-26,G,Others(HKUST),0,0,0,0,0,0
2016-12-26,G,Non-HKUST,2,2,119,152719,68015,220734
2016-12-26,G,Total,37,45,7442,579974106,667166578,1247140684
2016-12-26,LG1,Staff,15,21,6126,463905849,35497683,499403532
2016-12-26,LG1,TPG,5,16,8387,14198775,1554179,15752954
2016-12-26,LG1,RPG,35,73,22572,131400993,26215583,157616576
2016-12-26,LG1,UG,37,42,6358,707468243,729588182,1437056425
2016-12-26,LG1,Alumni,0,0,0,0,0,0
2016-12-26,LG1,Others(HKUST),4,15,87841,1683037672,835902720,2518940392
2016-12-26,LG1,Non-HKUST,1,1,122,192640,31409,224049
2016-12-26,LG1,Total,97,168,131406,3000204172,1628789756,4628993928
2016-12-26,LG3,Staff,13,14,719,451400061,330603067,782003128
2016-12-26,LG3,TPG,5,5,838,34219478,4040456,38259934
2016-12-26,LG3,RPG,8,8,0,55021737,4131804,59153541
2016-12-26,LG3,UG,48,51,840,1365554606,227207270,1592761876
2016-12-26,LG3,Alumni,1,1,0,233954,126142,360096
2016-12-26,LG3,Others(HKUST),1,2,0,92060,277320,369380
2016-12-26,LG3,Non-HKUST,1,1,0,321724872,12808264,334533136
2016-12-26,LG3,Total,77,82,2397,2228246768,579194323,2807441091
2016-12-26,LG4,Staff,19,20,1079,89951183,204185297,294136480
2016-12-26,LG4,TPG,11,12,1803,34318288,3168858,37487146
2016-12-26,LG4,RPG,51,59,2879,1868514195,112228876,1980743071
2016-12-26,LG4,UG,98,264,139591,11890725447,2033311234,13924036681
2016-12-26,LG4,Alumni,5,6,1561,725796726,26936430,752733156
2016-12-26,LG4,Others(HKUST),2,74,209722,16835560273,1147534556,17983094829
2016-12-26,LG4,Non-HKUST,4,4,0,26737553,1540041,28277594
2016-12-26,LG4,Total,190,439,356635,31471603665,3528905292,35000508957
2016-12-26,All-Floors,Staff,52,71,13089,1319433090,968795922,2288229012
2016-12-26,All-Floors,TPG,24,38,11386,111276604,59842927,171119531
2016-12-26,All-Floors,RPG,101,155,26289,2159016668,165219613,2324236281
2016-12-26,All-Floors,UG,180,374,147750,15012763010,3197126509,18209889519
2016-12-26,All-Floors,Alumni,7,10,2042,726306967,27237265,753544232
2016-12-26,All-Floors,Others(HKUST),5,91,297563,18518690005,1983714596,20502404601
2016-12-26,All-Floors,Non-HKUST,8,8,241,348807784,14447729,363255513
2016-12-26,All-Floors,Total,377,747,498360,38196294128,6416384561,44612678689
2016-12-27,1,Staff,7,13,21482,993138076,79149074,1072287150
2016-12-27,1,TPG,13,84,145905,7102158572,3021585026,10123743598
2016-12-27,1,RPG,10,55,102495,10441884361,621500353,11063384714
2016-12-27,1,UG,12,79,97698,11227036442,1202976434,12430012876
2016-12-27,1,Alumni,1,29,38177,26305258,8572062,34877320
2016-12-27,1,Others(HKUST),1,3,18486,187542810,26536054,214078864
2016-12-27,1,Non-HKUST,0,0,0,0,0,0
2016-12-27,1,Total,44,263,424243,29978065519,4960319003,34938384522
2016-12-27,G,Staff,23,117,101516,5296998938,250664802,5547663740
2016-12-27,G,TPG,41,161,104912,11602738384,2058764917,13661503301
2016-12-27,G,RPG,31,158,71630,6201068543,1170787660,7371856203
2016-12-27,G,UG,67,226,137896,10758950749,1032077591,11791028340
2016-12-27,G,Alumni,7,33,43328,2986225321,111214537,3097439858
2016-12-27,G,Others(HKUST),3,5,239,1157148404,68908368,1226056772
2016-12-27,G,Non-HKUST,2,8,7924,129587295,16238957,145826252
2016-12-27,G,Total,174,708,467445,38132717634,4708656832,42841374466
2016-12-27,LG1,Staff,18,161,69842,8485212720,868662437,9353875157
2016-12-27,LG1,TPG,54,317,508851,93008480571,10552163483,103560644054
2016-12-27,LG1,RPG,76,250,217575,40590988990,1435020036,42026009026
2016-12-27,LG1,UG,101,424,619779,30677143099,3825724004,34502867103
2016-12-27,LG1,Alumni,5,13,7079,83492505,20040097,103532602
2016-12-27,LG1,Others(HKUST),4,42,86238,587121683,34809278,621930961
2016-12-27,LG1,Non-HKUST,4,16,31931,4343115365,39758239,4382873604
2016-12-27,LG1,Total,262,1223,1541295,177775554933,16776177574,194551732507
2016-12-27,LG3,Staff,12,34,8281,300470079,109882523,410352602
2016-12-27,LG3,TPG,13,55,70329,2387651039,240163216,2627814255
2016-12-27,LG3,RPG,25,80,91336,6227797722,560259357,6788057079
2016-12-27,LG3,UG,49,171,71300,9717464547,2669962743,12387427290
2016-12-27,LG3,Alumni,3,9,15247,133231548,14410471,147642019
2016-12-27,LG3,Others(HKUST),2,2,0,299337843,19876999,319214842
2016-12-27,LG3,Non-HKUST,3,3,0,225313637,7705889,233019526
2016-12-27,LG3,Total,107,354,256493,19291266415,3622261198,22913527613
2016-12-27,LG4,Staff,18,28,8883,1080596865,46749790,1127346655
2016-12-27,LG4,TPG,23,109,77674,12354694703,806559902,13161254605
2016-12-27,LG4,RPG,48,101,75006,8536800622,361182422,8897983044
2016-12-27,LG4,UG,92,322,111937,20854970859,3041319657,23896290516
2016-12-27,LG4,Alumni,3,11,6722,382754057,20649580,403403637
2016-12-27,LG4,Others(HKUST),5,83,260199,14131299471,1680282008,15811581479
2016-12-27,LG4,Non-HKUST,4,7,1680,850628281,18568764,869197045
2016-12-27,LG4,Total,193,661,542101,58191744858,5975312123,64167056981
2016-12-27,All-Floors,Staff,55,353,210004,16156416678,1355108626,17511525304
2016-12-27,All-Floors,TPG,88,726,907671,126455723269,16679236544,143134959813
2016-12-27,All-Floors,RPG,142,644,558042,71998540238,4148749828,76147290066
2016-12-27,All-Floors,UG,236,1222,1038610,83235565696,11772060429,95007626125
2016-12-27,All-Floors,Alumni,12,95,110553,3612008689,174886747,3786895436
2016-12-27,All-Floors,Others(HKUST),8,135,365162,16362450211,1830412707,18192862918
2016-12-27,All-Floors,Non-HKUST,11,34,41535,5548644578,82271849,5630916427
2016-12-27,All-Floors,Total,552,3209,3231577,323369349359,36042726730,359412076089
2016-12-28,1,Staff,61,551,948201,31402450196,4977601795,36380051991
2016-12-28,1,TPG,15,199,283774,20818289871,4658811130,25477101001
2016-12-28,1,RPG,20,230,329323,12783508760,937278484,13720787244
2016-12-28,1,UG,34,284,356560,14805923570,2325153146,17131076716
2016-12-28,1,Alumni,1,10,12833,24642163,22246212,46888375
2016-12-28,1,Others(HKUST),3,34,49160,1262013639,56918537,1318932176
2016-12-28,1,Non-HKUST,2,4,15702,492300619,555300022,1047600641
2016-12-28,1,Total,136,1312,1995553,81589128818,13533309326,95122438144
2016-12-28,G,Staff,124,666,677869,55579063964,3986205005,59565268969
2016-12-28,G,TPG,55,361,207039,103477299084,4221897837,107699196921
2016-12-28,G,RPG,124,506,400775,72036517204,3442415201,75478932405
2016-12-28,G,UG,138,579,647455,60019769693,3394758398,63414528091
2016-12-28,G,Alumni,10,20,17202,316632869,206583824,523216693
2016-12-28,G,Others(HKUST),8,25,12545,789649509,28098338,817747847
2016-12-28,G,Non-HKUST,11,32,19823,2068071920,159381010,2227452930
2016-12-28,G,Total,470,2189,1982708,294287004243,15439339613,309726343856
2016-12-28,LG1,Staff,116,484,390612,38078762652,19430475766,57509238418
2016-12-28,LG1,TPG,81,626,974733,125058746385,14256799385,139315545770
2016-12-28,LG1,RPG,165,857,982382,73499388258,8071742652,81571130910
2016-12-28,LG1,UG,172,1241,1848731,225797175240,17847321332,243644496572
2016-12-28,LG1,Alumni,3,36,64991,10718603768,4467264221,15185867989
2016-12-28,LG1,Others(HKUST),7,56,177835,1743101274,488762835,2231864109
2016-12-28,LG1,Non-HKUST,11,35,62177,1457322515,675107968,2132430483
2016-12-28,LG1,Total,555,3335,4501461,476353100092,65237474159,541590574251
2016-12-28,LG3,Staff,77,225,193269,14063012504,15326673185,29389685689
2016-12-28,LG3,TPG,16,162,226627,15951842113,1355116359,17306958472
2016-12-28,LG3,RPG,57,335,465277,31190872358,2578903927,33769776285
2016-12-28,LG3,UG,87,344,278631,33089672362,2116181959,35205854321
2016-12-28,LG3,Alumni,5,16,55611,1819839080,114694652,1934533732
2016-12-28,LG3,Others(HKUST),4,12,12371,349695468,11534389,361229857
2016-12-28,LG3,Non-HKUST,5,37,100111,10559443834,830391293,11389835127
2016-12-28,LG3,Total,251,1131,1331897,107024377719,22333495764,129357873483
2016-12-28,LG4,Staff,105,315,160979,12683535416,1520899867,14204435283
2016-12-28,LG4,TPG,40,262,315569,85595006512,5883999555,91479006067
2016-12-28,LG4,RPG,107,285,289063,37911472827,2894151949,40805624776
2016-12-28,LG4,UG,169,505,248548,52852618896,3921937946,56774556842
2016-12-28,LG4,Alumni,9,68,118507,4699174223,601218742,5300392965
2016-12-28,LG4,Others(HKUST),8,147,231106,14724711925,1335669488,16060381413
2016-12-28,LG4,Non-HKUST,5,13,23895,2674201573,213477831,2887679404
2016-12-28,LG4,Total,443,1595,1387667,211140721372,16371355378,227512076750
2016-12-28,All-Floors,Staff,302,2241,2370930,151806824732,45241855618,197048680350
2016-12-28,All-Floors,TPG,122,1610,2007742,350901183965,30376624266,381277808231
2016-12-28,All-Floors,RPG,325,2213,2466820,227421759407,17924492213,245346251620
2016-12-28,All-Floors,UG,410,2953,3379925,386565159761,29605352781,416170512542
2016-12-28,All-Floors,Alumni,18,150,269144,17578892103,5412007651,22990899754
2016-12-28,All-Floors,Others(HKUST),17,274,483017,18869171815,1920983587,20790155402
2016-12-28,All-Floors,Non-HKUST,21,121,221708,17251340461,2433658124,19684998585
2016-12-28,All-Floors,Total,1215,9562,11199286,1170394332244,132914974240,1303309306484
2016-12-29,1,Staff,59,604,920148,14218010151,5139654413,19357664564
2016-12-29,1,TPG,18,265,252982,113175467389,4334241473,117509708862
2016-12-29,1,RPG,19,216,284613,15902988895,1577171187,17480160082
2016-12-29,1,UG,29,184,230227,9843644095,464868074,10308512169
2016-12-29,1,Alumni,2,3,5037,170853923,3868987,174722910
2016-12-29,1,Others(HKUST),2,2,120,4660225,974707,5634932
2016-12-29,1,Non-HKUST,3,8,22449,3868189239,318740758,4186929997
2016-12-29,1,Total,132,1282,1715576,157183813917,11839519599,169023333516
2016-12-29,G,Staff,112,618,618391,12892190756,2995080326,15887271082
2016-12-29,G,TPG,65,351,262886,74252322998,3478879999,77731202997
2016-12-29,G,RPG,100,414,301968,20859831275,75457673839,96317505114
2016-12-29,G,UG,112,478,431429,41580509114,5545057626,47125566740
2016-12-29,G,Alumni,7,49,31040,11707610935,1508540227,13216151162
2016-12-29,G,Others(HKUST),14,63,322584,22148763808,1583922418,23732686226
2016-12-29,G,Non-HKUST,10,40,25769,2539010173,127898008,2666908181
2016-12-29,G,Total,420,2013,1994067,185980239059,90697052443,276677291502
2016-12-29,LG1,Staff,118,522,348305,15257572087,1949962895,17207534982
2016-12-29,LG1,TPG,87,777,1183831,219532681648,15726207536,235258889184
2016-12-29,LG1,RPG,146,819,1014302,76735232108,6459645568,83194877676
2016-12-29,LG1,UG,144,1143,1465271,102094653090,11213094721,113307747811
2016-12-29,LG1,Alumni,5,27,46297,2226569247,178006355,2404575602
2016-12-29,LG1,Others(HKUST),13,73,344232,3922285100,1304957486,5227242586
2016-12-29,LG1,Non-HKUST,10,59,93625,15324176636,328131129,15652307765
2016-12-29,LG1,Total,523,3420,4495863,435093169916,37160005690,472253175606
2016-12-29,LG3,Staff,60,306,148444,17729297840,3438587182,21167885022
2016-12-29,LG3,TPG,24,187,327813,36469431893,2335689768,38805121661
2016-12-29,LG3,RPG,56,274,290816,17617675911,1588192615,19205868526
2016-12-29,LG3,UG,61,260,299641,27133135905,4215618566,31348754471
2016-12-29,LG3,Alumni,4,11,20894,741630467,70812404,812442871
2016-12-29,LG3,Others(HKUST),6,15,12733,131521460,11795257,143316717
2016-12-29,LG3,Non-HKUST,2,12,41144,633699592,50233220,683932812
2016-12-29,LG3,Total,213,1065,1141485,100456393068,11710929012,112167322080
2016-12-29,LG4,Staff,84,336,127921,11672609496,2142995495,13815604991
2016-12-29,LG4,TPG,36,265,429529,132293397437,4681456685,136974854122
2016-12-29,LG4,RPG,122,379,381206,74514464650,345553715258,420068179908
2016-12-29,LG4,UG,130,396,228165,42298055141,3161929726,45459984867
2016-12-29,LG4,Alumni,3,10,26464,410325854,31261849,441587703
2016-12-29,LG4,Others(HKUST),14,158,210857,23082028089,1612387825,24694415914
2016-12-29,LG4,Non-HKUST,12,40,57067,2324744575,280961311,2605705886
2016-12-29,LG4,Total,401,1584,1461209,286595625242,357464708149,644060333391
2016-12-29,All-Floors,Staff,262,2386,2163209,71769680330,15666280311,87435960641
2016-12-29,All-Floors,TPG,122,1845,2457041,575723301365,30556475461,606279776826
2016-12-29,All-Floors,RPG,305,2102,2272905,205630192839,430636398467,636266591306
2016-12-29,All-Floors,UG,343,2461,2654733,222949997345,24600568713,247550566058
2016-12-29,All-Floors,Alumni,13,100,129732,15256990426,1792489822,17049480248
2016-12-29,All-Floors,Others(HKUST),26,311,890526,49289258682,4514037693,53803296375
2016-12-29,All-Floors,Non-HKUST,23,159,240054,24689820215,1105964426,25795784641
2016-12-29,All-Floors,Total,1094,9364,10808200,1165309241202,508872214893,1674181456095
2016-12-30,1,Staff,63,638,1026442,8577096015,1498899943,10075995958
2016-12-30,1,TPG,11,215,263764,10450743139,1099445332,11550188471
2016-12-30,1,RPG,17,207,279893,17818476787,1612022884,19430499671
2016-12-30,1,UG,27,255,349386,20846478413,2520609595,23367088008
2016-12-30,1,Alumni,3,22,30956,1309029610,80585291,1389614901
2016-12-30,1,Others(HKUST),2,3,480,8698298,1331116,10029414
2016-12-30,1,Non-HKUST,4,6,15842,1195418101,51443980,1246862081
2016-12-30,1,Total,127,1346,1966763,60205940363,6864338141,67070278504
2016-12-30,G,Staff,110,647,779851,20884526117,2622274312,23506800429
2016-12-30,G,TPG,57,333,236782,53311243910,3315468652,56626712562
2016-12-30,G,RPG,98,381,399278,50004724117,9362943445,59367667562
2016-12-30,G,UG,108,439,334952,15352505031,3377568986,18730074017
2016-12-30,G,Alumni,6,18,31717,185768835,38508358,224277193
2016-12-30,G,Others(HKUST),11,27,281763,3993317232,493101580,4486418812
2016-12-30,G,Non-HKUST,9,18,10905,334711272,24789760,359501032
2016-12-30,G,Total,399,1863,2075248,144066796514,19234655093,163301451607
2016-12-30,LG1,Staff,109,453,447280,79973614369,5040719661,85014334030
2016-12-30,LG1,TPG,63,534,752307,50478397927,5201090246,55679488173
2016-12-30,LG1,RPG,137,657,718141,51636139980,3798848076,55434988056
2016-12-30,LG1,UG,172,1106,1433803,113411542776,16234634485,129646177261
2016-12-30,LG1,Alumni,5,31,55674,961936931,115060167,1076997098
2016-12-30,LG1,Others(HKUST),9,34,269766,2785417226,1091768198,3877185424
2016-12-30,LG1,Non-HKUST,12,43,53281,4775063707,106705392,4881769099
2016-12-30,LG1,Total,507,2858,3730252,304022112916,31588826225,335610939141
2016-12-30,LG3,Staff,61,280,99887,7554289314,837984464,8392273778
2016-12-30,LG3,TPG,17,116,191230,9855776474,1465463968,11321240442
2016-12-30,LG3,RPG,43,271,385068,18609707704,1302315252,19912022956
2016-12-30,LG3,UG,110,584,554788,72057581595,13449706636,85507288231
2016-12-30,LG3,Alumni,3,6,17375,1028201750,68472955,1096674705
2016-12-30,LG3,Others(HKUST),5,12,12716,48925333,5998603,54923936
2016-12-30,LG3,Non-HKUST,3,13,40834,1855340173,100533260,1955873433
2016-12-30,LG3,Total,242,1282,1301898,111009822343,17230475138,128240297481
2016-12-30,LG4,Staff,102,257,94207,5079596477,1479311481,6558907958
2016-12-30,LG4,TPG,26,202,285696,79314462863,4798012840,84112475703
2016-12-30,LG4,RPG,108,338,327684,21864842509,1868190647,23733033156
2016-12-30,LG4,UG,143,373,229314,29952983624,2239165380,32192149004
2016-12-30,LG4,Alumni,2,3,27018,652582690,69558001,722140691
2016-12-30,LG4,Others(HKUST),10,137,166409,27554474951,1959124129,29513599080
2016-12-30,LG4,Non-HKUST,7,24,56000,966642757,88619488,1055262245
2016-12-30,LG4,Total,398,1334,1186328,165385585871,12501981966,177887567837
2016-12-30,All-Floors,Staff,276,2275,2447667,122069122292,11479189861,133548312153
2016-12-30,All-Floors,TPG,100,1400,1729779,203410624313,15879481038,219290105351
2016-12-30,All-Floors,RPG,288,1854,2110064,159933891097,17944320304,177878211401
2016-12-30,All-Floors,UG,382,2757,2902243,251621091439,37821685082,289442776521
2016-12-30,All-Floors,Alumni,12,80,162740,4137519816,372184772,4509704588
2016-12-30,All-Floors,Others(HKUST),20,213,731134,34390833040,3551323626,37942156666
2016-12-30,All-Floors,Non-HKUST,23,104,176862,9127176010,372091880,9499267890
2016-12-30,All-Floors,Total,1101,8683,10260489,784690258007,87420276563,872110534570
2016-12-31,1,Staff,11,76,179436,274694307,104757394,379451701
2016-12-31,1,TPG,5,32,47194,4798381083,402530992,5200912075
2016-12-31,1,RPG,7,10,3115,217806296,12085172,229891468
2016-12-31,1,UG,11,32,25348,1166210094,64205966,1230416060
2016-12-31,1,Alumni,1,5,0,50014843,3554045,53568888
2016-12-31,1,Others(HKUST),0,0,0,0,0,0
2016-12-31,1,Non-HKUST,0,0,0,0,0,0
2016-12-31,1,Total,35,155,255093,6507106623,587133569,7094240192
2016-12-31,G,Staff,16,55,123735,419057069,132280833,551337902
2016-12-31,G,TPG,19,48,32296,5020841510,490855135,5511696645
2016-12-31,G,RPG,30,124,73744,8995201021,478824419,9474025440
2016-12-31,G,UG,42,108,74545,4196141196,1135382860,5331524056
2016-12-31,G,Alumni,6,11,7208,111736995,22632858,134369853
2016-12-31,G,Others(HKUST),2,11,257517,3078969916,426755203,3505725119
2016-12-31,G,Non-HKUST,2,3,5408,3552243,5667363,9219606
2016-12-31,G,Total,117,360,574453,21825499950,2692398671,24517898621
2016-12-31,LG1,Staff,22,53,41079,733661015,218242822,951903837
2016-12-31,LG1,TPG,21,92,166107,33966019539,1143203031,35109222570
2016-12-31,LG1,RPG,65,151,75173,10882503437,719605673,11602109110
2016-12-31,LG1,UG,55,170,189347,10175718240,1381312553,11557030793
2016-12-31,LG1,Alumni,6,13,32067,1035231422,108941758,1144173180
2016-12-31,LG1,Others(HKUST),5,17,263751,2553930184,1085528939,3639459123
2016-12-31,LG1,Non-HKUST,0,0,0,0,0,0
2016-12-31,LG1,Total,174,496,767524,59347063837,4656834776,64003898613
2016-12-31,LG3,Staff,22,43,6360,141498702,73641368,215140070
2016-12-31,LG3,TPG,9,31,44685,8682634532,521962808,9204597340
2016-12-31,LG3,RPG,23,105,71701,4150446701,1776633170,5927079871
2016-12-31,LG3,UG,33,79,16802,4811720493,569394455,5381114948
2016-12-31,LG3,Alumni,4,4,2163,69643360,14265140,83908500
2016-12-31,LG3,Others(HKUST),2,6,11054,130268289,21127215,151395504
2016-12-31,LG3,Non-HKUST,0,0,0,0,0,0
2016-12-31,LG3,Total,93,268,152765,17986212077,2977024156,20963236233
2016-12-31,LG4,Staff,13,17,1680,492112986,18989485,511102471
2016-12-31,LG4,TPG,8,23,20425,1277551401,597686563,1875237964
2016-12-31,LG4,RPG,48,81,37704,4183182397,679462504,4862644901
2016-12-31,LG4,UG,81,268,121096,17393556263,1184376287,18577932550
2016-12-31,LG4,Alumni,7,14,10557,230058966,118756797,348815763
2016-12-31,LG4,Others(HKUST),3,100,284607,35361012344,2561304087,37922316431
2016-12-31,LG4,Non-HKUST,3,3,0,1174607,301646,1476253
2016-12-31,LG4,Total,163,506,476069,58938648964,5160877369,64099526333
2016-12-31,All-Floors,Staff,63,244,352290,2061024079,547911902,2608935981
2016-12-31,All-Floors,TPG,41,226,310707,53745428065,3156238529,56901666594
2016-12-31,All-Floors,RPG,133,471,261437,28429139852,3666610938,32095750790
2016-12-31,All-Floors,UG,178,657,427138,37743346286,4334672121,42078018407
2016-12-31,All-Floors,Alumni,19,47,51995,1496685586,268150598,1764836184
2016-12-31,All-Floors,Others(HKUST),8,134,816929,41124180733,4094715444,45218896177
2016-12-31,All-Floors,Non-HKUST,5,6,5408,4726850,5969009,10695859
2016-12-31,All-Floors,Total,447,1785,2225904,164604531451,16074268541,180678799992
