Date,Floor,User-Group,User-Count,WiFi-Conn,Duration-Sec,Traffic-In-Byte,Traffic-Out-Byte,Traffic-Both-Byte
2018-06-01,1,Staff,63,404,1164490,175417967358,7727744479,183145711837
2018-06-01,1,TPG,80,629,2278296,206994616581,16329543724,223324160305
2018-06-01,1,RPG,24,94,305049,15342061626,1468197494,16810259120
2018-06-01,1,UG,30,137,469495,54096257665,3394926959,57491184624
2018-06-01,1,Alumni,5,13,48418,4524459980,161534511,4685994491
2018-06-01,1,Others(HKUST),2,9,21652,921375328,96217162,1017592490
2018-06-01,1,Non-HKUST,2,7,10174,126447875,28567721,155015596
2018-06-01,1,Total,206,1293,4297574,457423186413,29206732050,486629918463
2018-06-01,G,Staff,110,370,696976,46755155965,44801593876,91556749841
2018-06-01,G,TPG,108,304,578189,56061817994,6197492407,62259310401
2018-06-01,G,RPG,67,271,514659,45667416694,6903904727,52571321421
2018-06-01,G,UG,128,385,610805,86752251819,12891130168,99643381987
2018-06-01,G,Alumni,22,165,375063,27270205210,3592789688,30862994898
2018-06-01,G,Others(HKUST),5,11,234038,572613843,178474602,751088445
2018-06-01,G,Non-HKUST,8,18,80299,2950257555,284968582,3235226137
2018-06-01,G,Total,448,1524,3090029,266029719080,74850354050,340880073130
2018-06-01,LG1,Staff,75,295,672789,80695131906,6114962672,86810094578
2018-06-01,LG1,TPG,173,1168,3645731,338120634445,109301923752,447422558197
2018-06-01,LG1,RPG,81,369,1105026,90668074587,5865267103,96533341690
2018-06-01,LG1,UG,271,1144,2591720,229664148466,26735743932,256399892398
2018-06-01,LG1,Alumni,10,57,197797,30289478296,1090380952,31379859248
2018-06-01,LG1,Others(HKUST),5,14,467436,1813617435,870278885,2683896320
2018-06-01,LG1,Non-HKUST,8,28,104338,2815379003,711933050,3527312053
2018-06-01,LG1,Total,623,3075,8784837,774066464138,150690490346,924756954484
2018-06-01,LG3,Staff,46,153,203202,37310343620,1938874439,39249218059
2018-06-01,LG3,TPG,47,357,971855,142022123121,10554536982,152576660103
2018-06-01,LG3,RPG,37,193,391340,28586931743,3364371550,31951303293
2018-06-01,LG3,UG,48,196,261581,28363458525,1662798114,30026256639
2018-06-01,LG3,Alumni,7,36,69447,2841626144,216520847,3058146991
2018-06-01,LG3,Others(HKUST),1,10,13812,388681155,21595932,410277087
2018-06-01,LG3,Non-HKUST,5,16,43065,1361455004,96797155,1458252159
2018-06-01,LG3,Total,191,961,1954302,240874619312,17855495019,258730114331
2018-06-01,LG4,Staff,50,163,165607,18788541313,2295826748,21084368061
2018-06-01,LG4,TPG,41,210,579181,44224098255,4398710980,48622809235
2018-06-01,LG4,RPG,48,147,235619,18922263271,2415310611,21337573882
2018-06-01,LG4,UG,69,155,319621,16822106887,4242648036,21064754923
2018-06-01,LG4,Alumni,9,42,156428,22677773747,1008290605,23686064352
2018-06-01,LG4,Others(HKUST),5,6,174597,1081795508,581734751,1663530259
2018-06-01,LG4,Non-HKUST,3,7,54497,957970218,153436752,1111406970
2018-06-01,LG4,Total,225,730,1685550,123474549199,15095958483,138570507682
2018-06-01,All-Floors,Staff,217,1385,2903064,358967140162,62879002214,421846142376
2018-06-01,All-Floors,TPG,303,2668,8053252,787423290396,146782207845,934205498241
2018-06-01,All-Floors,RPG,192,1074,2551693,199186747921,20017051485,219203799406
2018-06-01,All-Floors,UG,436,2017,4253222,415698223362,48927247209,464625470571
2018-06-01,All-Floors,Alumni,36,313,847153,87603543377,6069516603,93673059980
2018-06-01,All-Floors,Others(HKUST),14,50,911535,4778083269,1748301332,6526384601
2018-06-01,All-Floors,Non-HKUST,21,76,292373,8211509655,1275703260,9487212915
2018-06-01,All-Floors,Total,1219,7583,19812292,1861868538142,287699029948,2149567568090
2018-06-02,1,Staff,10,81,406224,4163286773,581956330,4745243103
2018-06-02,1,TPG,47,347,1329967,96715658526,4895117968,101610776494
2018-06-02,1,RPG,18,80,238838,12372262194,3568747270,15941009464
2018-06-02,1,UG,25,77,265869,24883260406,3417022811,28300283217
2018-06-02,1,Alumni,4,27,71993,13518777210,9159799841,22678577051
2018-06-02,1,Others(HKUST),0,0,0,0,0,0
2018-06-02,1,Non-HKUST,4,17,37778,637184723,66129840,703314563
2018-06-02,1,Total,108,629,2350669,152290429832,21688774060,173979203892
2018-06-02,G,Staff,31,83,208891,31240425070,42990749685,74231174755
2018-06-02,G,TPG,79,202,545284,52341338343,4257997088,56599335431
2018-06-02,G,RPG,39,134,283773,16063671582,1366693548,17430365130
2018-06-02,G,UG,77,325,499926,57769022696,6972631448,64741654144
2018-06-02,G,Alumni,18,94,158354,9465586443,718240507,10183826950
2018-06-02,G,Others(HKUST),6,11,178788,2244484791,410269112,2654753903
2018-06-02,G,Non-HKUST,5,11,19826,178549687,1544237372,1722787059
2018-06-02,G,Total,255,860,1894842,169303078612,58260818760,227563897372
2018-06-02,LG1,Staff,44,179,401963,29470135852,3878113855,33348249707
2018-06-02,LG1,TPG,122,678,2363541,232305160019,76909970782,309215130801
2018-06-02,LG1,RPG,70,349,917122,75174080858,8581394824,83755475682
2018-06-02,LG1,UG,164,574,1217104,95421509368,8707661071,104129170439
2018-06-02,LG1,Alumni,21,92,220836,19329377474,1173124912,20502502386
2018-06-02,LG1,Others(HKUST),5,22,458414,6257282275,1149450435,7406732710
2018-06-02,LG1,Non-HKUST,6,19,65377,9709295242,5132801484,14842096726
2018-06-02,LG1,Total,432,1913,5644357,467666841088,105532517363,573199358451
2018-06-02,LG3,Staff,11,39,32392,4505896767,1380533411,5886430178
2018-06-02,LG3,TPG,37,203,567665,44512336744,15461587965,59973924709
2018-06-02,LG3,RPG,19,111,280191,27130179032,1481746294,28611925326
2018-06-02,LG3,UG,22,66,127151,15532881966,798093410,16330975376
2018-06-02,LG3,Alumni,13,81,208266,10113625388,3072670937,13186296325
2018-06-02,LG3,Others(HKUST),2,15,6608,616839008,25744984,642583992
2018-06-02,LG3,Non-HKUST,0,0,0,0,0,0
2018-06-02,LG3,Total,104,515,1222273,102411758905,22220377001,124632135906
2018-06-02,LG4,Staff,18,48,145734,9437918058,541500304,9979418362
2018-06-02,LG4,TPG,20,92,471980,27368897971,3333132445,30702030416
2018-06-02,LG4,RPG,23,48,99053,3136741903,420769308,3557511211
2018-06-02,LG4,UG,51,113,209959,36562453445,2065476867,38627930312
2018-06-02,LG4,Alumni,9,28,136105,12716299119,573525196,13289824315
2018-06-02,LG4,Others(HKUST),1,2,172798,1052739273,578314608,1631053881
2018-06-02,LG4,Non-HKUST,3,4,4200,14417824,2546264,16964088
2018-06-02,LG4,Total,125,335,1239829,90289467593,7515264992,97804732585
2018-06-02,All-Floors,Staff,84,430,1195204,78817662520,49372853585,128190516105
2018-06-02,All-Floors,TPG,208,1522,5278437,453243391603,104857806248,558101197851
2018-06-02,All-Floors,RPG,131,722,1818977,133876935569,15419351244,149296286813
2018-06-02,All-Floors,UG,264,1155,2320009,230169127881,21960885607,252130013488
2018-06-02,All-Floors,Alumni,43,322,795554,65143665634,14697361393,79841027027
2018-06-02,All-Floors,Others(HKUST),10,50,816608,10171345347,2163779139,12335124486
2018-06-02,All-Floors,Non-HKUST,13,51,127181,10539447476,6745714960,17285162436
2018-06-02,All-Floors,Total,753,4252,12351970,981961576030,215217752176,1197179328206
2018-06-03,1,Staff,9,75,389482,588737079,238639852,827376931
2018-06-03,1,TPG,22,124,325807,20278392466,6485016534,26763409000
2018-06-03,1,RPG,8,25,142229,5659904383,430039518,6089943901
2018-06-03,1,UG,21,92,241747,17568753976,934999095,18503753071
2018-06-03,1,Alumni,5,34,49807,1938047307,126571350,2064618657
2018-06-03,1,Others(HKUST),0,0,0,0,0,0
2018-06-03,1,Non-HKUST,1,3,13789,5036329558,213710851,5250040409
2018-06-03,1,Total,66,353,1162861,51070164769,8428977200,59499141969
2018-06-03,G,Staff,16,29,126627,77575250977,116462134357,194037385334
2018-06-03,G,TPG,47,162,461415,49397854356,8014534360,57412388716
2018-06-03,G,RPG,25,60,100799,6898755860,460487591,7359243451
2018-06-03,G,UG,38,100,226172,11602362480,612669063,12215031543
2018-06-03,G,Alumni,18,64,92394,12894502352,680312793,13574815145
2018-06-03,G,Others(HKUST),2,6,170396,1292906471,506938680,1799845151
2018-06-03,G,Non-HKUST,1,2,22821,189391764,22466558,211858322
2018-06-03,G,Total,147,423,1200624,159851024260,126759543402,286610567662
2018-06-03,LG1,Staff,36,118,323337,12649499412,2283510275,14933009687
2018-06-03,LG1,TPG,78,506,1711701,167425567220,22737203134,190162770354
2018-06-03,LG1,RPG,45,150,452372,42783235514,6752921301,49536156815
2018-06-03,LG1,UG,85,270,647422,55567703224,6360830491,61928533715
2018-06-03,LG1,Alumni,18,49,220758,25417259640,7184805816,32602065456
2018-06-03,LG1,Others(HKUST),2,7,431396,1752683098,913682993,2666366091
2018-06-03,LG1,Non-HKUST,6,10,7195,146869535,73873370,220742905
2018-06-03,LG1,Total,270,1110,3794181,305742817643,46306827380,352049645023
2018-06-03,LG3,Staff,10,33,74399,8214100930,932859480,9146960410
2018-06-03,LG3,TPG,11,57,136781,8501813156,1106171309,9607984465
2018-06-03,LG3,RPG,15,39,131379,4951443688,449408230,5400851918
2018-06-03,LG3,UG,14,51,106842,6743760866,398782934,7142543800
2018-06-03,LG3,Alumni,7,10,35986,2346930867,130269877,2477200744
2018-06-03,LG3,Others(HKUST),1,1,0,684998,364412,1049410
2018-06-03,LG3,Non-HKUST,1,1,1205,433364744,25296294,458661038
2018-06-03,LG3,Total,59,192,486592,31192099249,3043152536,34235251785
2018-06-03,LG4,Staff,12,25,55204,1656655531,258303277,1914958808
2018-06-03,LG4,TPG,15,74,245941,26029857027,2472184431,28502041458
2018-06-03,LG4,RPG,19,50,76795,12029419738,1065861925,13095281663
2018-06-03,LG4,UG,28,72,64761,6740403696,440153046,7180556742
2018-06-03,LG4,Alumni,7,21,67178,1028880890,78756204,1107637094
2018-06-03,LG4,Others(HKUST),1,3,172199,1922774602,956664842,2879439444
2018-06-03,LG4,Non-HKUST,3,4,8402,3331840113,185241601,3517081714
2018-06-03,LG4,Total,85,249,690480,52739831597,5457165326,58196996923
2018-06-03,All-Floors,Staff,67,280,969049,100684243929,120175447241,220859691170
2018-06-03,All-Floors,TPG,139,923,2881645,271633484225,40815109768,312448593993
2018-06-03,All-Floors,RPG,95,324,903574,72322759183,9158718565,81481477748
2018-06-03,All-Floors,UG,147,585,1286944,98222984242,8747434629,106970418871
2018-06-03,All-Floors,Alumni,43,178,466123,43625621056,8200716040,51826337096
2018-06-03,All-Floors,Others(HKUST),4,17,773991,4969049169,2377650927,7346700096
2018-06-03,All-Floors,Non-HKUST,10,20,53412,9137795714,520588674,9658384388
2018-06-03,All-Floors,Total,505,2327,7334738,600595937518,189995665844,790591603362
2018-06-04,1,Staff,60,359,1118371,125563912123,6538222287,132102134410
2018-06-04,1,TPG,41,403,1116175,86299571798,8801177399,95100749197
2018-06-04,1,RPG,17,111,284496,17961529233,2368773804,20330303037
2018-06-04,1,UG,26,145,438533,54258304313,6209264010,60467568323
2018-06-04,1,Alumni,1,2,11971,263034171,19321805,282355976
2018-06-04,1,Others(HKUST),2,7,21637,1382507757,116680608,1499188365
2018-06-04,1,Non-HKUST,3,8,12015,320776581,12802883,333579464
2018-06-04,1,Total,150,1035,3003198,286049635976,24066242796,310115878772
2018-06-04,G,Staff,96,297,710658,71322134804,78964404861,150286539665
2018-06-04,G,TPG,80,298,601055,57601005556,3928327182,61529332738
2018-06-04,G,RPG,66,251,672371,57991713741,3891435531,61883149272
2018-06-04,G,UG,91,315,514406,38786087840,2746289920,41532377760
2018-06-04,G,Alumni,13,35,112728,2689571024,488164367,3177735391
2018-06-04,G,Others(HKUST),9,33,253268,2200334029,428533013,2628867042
2018-06-04,G,Non-HKUST,7,20,66624,6517400992,548677972,7066078964
2018-06-04,G,Total,362,1249,2931110,237108247986,90995832846,328104080832
2018-06-04,LG1,Staff,82,352,651167,59651771193,7768864428,67420635621
2018-06-04,LG1,TPG,164,1240,3636212,659745688615,71753479235,731499167850
2018-06-04,LG1,RPG,109,493,1418022,131702146401,10811095913,142513242314
2018-06-04,LG1,UG,167,685,1548567,148801975993,13991872492,162793848485
2018-06-04,LG1,Alumni,9,39,171413,14647030147,1437186863,16084217010
2018-06-04,LG1,Others(HKUST),7,18,486088,2704541833,1250451012,3954992845
2018-06-04,LG1,Non-HKUST,4,10,6619,4063135307,186362928,4249498235
2018-06-04,LG1,Total,542,2837,7918088,1021316289489,107199312871,1128515602360
2018-06-04,LG3,Staff,57,176,257812,34213540553,14022926144,48236466697
2018-06-04,LG3,TPG,34,253,1149302,103807155044,9818601107,113625756151
2018-06-04,LG3,RPG,30,158,455515,52677451918,2880259369,55557711287
2018-06-04,LG3,UG,44,143,283477,15017806709,1009252468,16027059177
2018-06-04,LG3,Alumni,4,34,56955,5869903755,287405546,6157309301
2018-06-04,LG3,Others(HKUST),2,14,6623,178290798,20216176,198506974
2018-06-04,LG3,Non-HKUST,2,8,12584,473301426,37488960,510790386
2018-06-04,LG3,Total,173,786,2222268,212237450203,28076149770,240313599973
2018-06-04,LG4,Staff,45,117,259248,11369138782,811883649,12181022431
2018-06-04,LG4,TPG,26,110,308385,57444258133,3763828760,61208086893
2018-06-04,LG4,RPG,41,114,358499,21457151705,1936050630,23393202335
2018-06-04,LG4,UG,59,141,249419,17423769408,1622938433,19046707841
2018-06-04,LG4,Alumni,6,44,158961,15939513913,1082785822,17022299735
2018-06-04,LG4,Others(HKUST),3,4,172798,1168263510,653098506,1821362016
2018-06-04,LG4,Non-HKUST,5,12,34167,1110957914,368145715,1479103629
2018-06-04,LG4,Total,185,542,1541477,125913053365,10238731515,136151784880
2018-06-04,All-Floors,Staff,224,1301,2997256,302120497455,108106301369,410226798824
2018-06-04,All-Floors,TPG,250,2304,6811129,964897679146,98065413683,1062963092829
2018-06-04,All-Floors,RPG,200,1127,3188903,281789992998,21887615247,303677608245
2018-06-04,All-Floors,UG,290,1429,3034402,274287944263,25579617323,299867561586
2018-06-04,All-Floors,Alumni,20,154,512028,39409053010,3314864403,42723917413
2018-06-04,All-Floors,Others(HKUST),15,76,940414,7633937927,2468979315,10102917242
2018-06-04,All-Floors,Non-HKUST,15,58,132009,12485572220,1153478458,13639050678
2018-06-04,All-Floors,Total,1014,6449,17616141,1882624677019,260576269798,2143200946817
2018-06-05,1,Staff,73,528,1294256,27311018208,10285926175,37596944383
2018-06-05,1,TPG,31,278,744361,70768214653,6053719968,76821934621
2018-06-05,1,RPG,23,104,326764,31287840115,1448033132,32735873247
2018-06-05,1,UG,19,150,378556,18717081559,1096732467,19813814026
2018-06-05,1,Alumni,1,9,20400,3121106469,90913919,3212020388
2018-06-05,1,Others(HKUST),2,4,25248,562902991,51653093,614556084
2018-06-05,1,Non-HKUST,2,5,3602,133893853,40927666,174821519
2018-06-05,1,Total,151,1078,2793187,151902057848,19067906420,170969964268
2018-06-05,G,Staff,95,300,627992,67223988560,78015599055,145239587615
2018-06-05,G,TPG,84,366,1114190,128033632971,12903812981,140937445952
2018-06-05,G,RPG,64,202,502857,27646706540,3402644343,31049350883
2018-06-05,G,UG,82,286,507091,54637032178,22890715802,77527747980
2018-06-05,G,Alumni,9,55,96634,5181198532,1598087576,6779286108
2018-06-05,G,Others(HKUST),11,39,282649,5838482005,448081458,6286563463
2018-06-05,G,Non-HKUST,10,17,43841,4489720444,167894839,4657615283
2018-06-05,G,Total,355,1265,3175254,293050761230,119426836054,412477597284
2018-06-05,LG1,Staff,83,313,606645,56060428665,7861050730,63921479395
2018-06-05,LG1,TPG,154,1069,3089536,385080192233,54451454625,439531646858
2018-06-05,LG1,RPG,93,512,1610144,126954667277,11128536367,138083203644
2018-06-05,LG1,UG,135,549,1216487,95058481103,9815245281,104873726384
2018-06-05,LG1,Alumni,9,34,97133,5286732983,699465488,5986198471
2018-06-05,LG1,Others(HKUST),6,15,484198,3125096339,1146539445,4271635784
2018-06-05,LG1,Non-HKUST,6,16,26426,6051588295,258037056,6309625351
2018-06-05,LG1,Total,486,2508,7130569,677617186895,85360328992,762977515887
2018-06-05,LG3,Staff,45,158,100233,10390095094,1457801916,11847897010
2018-06-05,LG3,TPG,39,291,901918,90563352367,8472537303,99035889670
2018-06-05,LG3,RPG,36,185,533066,48039174483,6678685528,54717860011
2018-06-05,LG3,UG,39,141,164407,19536807941,1257243517,20794051458
2018-06-05,LG3,Alumni,6,39,108601,3847957696,199324257,4047281953
2018-06-05,LG3,Others(HKUST),4,20,9575,700294290,45035901,745330191
2018-06-05,LG3,Non-HKUST,3,13,46192,579555729,460408407,1039964136
2018-06-05,LG3,Total,172,847,1863992,173657237600,18571036829,192228274429
2018-06-05,LG4,Staff,47,153,270620,21365907547,2162272529,23528180076
2018-06-05,LG4,TPG,32,131,420896,38758653419,12120959041,50879612460
2018-06-05,LG4,RPG,40,114,320290,26222822191,2340584788,28563406979
2018-06-05,LG4,UG,57,153,323898,16607164095,3602757864,20209921959
2018-06-05,LG4,Alumni,5,41,60614,27170566748,3167752710,30338319458
2018-06-05,LG4,Others(HKUST),7,17,195607,1647271267,858303137,2505574404
2018-06-05,LG4,Non-HKUST,7,21,61770,939304980,772187183,1711492163
2018-06-05,LG4,Total,195,630,1653695,132711690247,25024817252,157736507499
2018-06-05,All-Floors,Staff,222,1452,2899746,182351438074,99782650405,282134088479
2018-06-05,All-Floors,TPG,239,2135,6270901,713204045643,94002483918,807206529561
2018-06-05,All-Floors,RPG,194,1117,3293121,260151210606,24998484158,285149694764
2018-06-05,All-Floors,UG,248,1279,2590439,204556566876,38662694931,243219261807
2018-06-05,All-Floors,Alumni,19,178,383382,44607562428,5755543950,50363106378
2018-06-05,All-Floors,Others(HKUST),18,95,997277,11874046892,2549613034,14423659926
2018-06-05,All-Floors,Non-HKUST,21,72,181831,12194063301,1699455151,13893518452
2018-06-05,All-Floors,Total,961,6328,16616697,1428938933820,267450925547,1696389859367
2018-06-06,1,Staff,76,502,1347731,34155279005,4240350434,38395629439
2018-06-06,1,TPG,22,173,550082,29518638411,3222149736,32740788147
2018-06-06,1,RPG,15,67,217006,23462886827,1042134159,24505020986
2018-06-06,1,UG,22,109,296629,14000040397,1393555216,15393595613
2018-06-06,1,Alumni,1,2,3593,23331730,1405127,24736857
2018-06-06,1,Others(HKUST),3,10,22216,506126199,28582032,534708231
2018-06-06,1,Non-HKUST,2,4,598,3133945218,103923467,3237868685
2018-06-06,1,Total,141,867,2437855,104800247787,10032100171,114832347958
2018-06-06,G,Staff,107,325,655147,70034934655,77615351843,147650286498
2018-06-06,G,TPG,65,262,613759,64347852535,28558199355,92906051890
2018-06-06,G,RPG,67,191,496209,31635325495,2082515432,33717840927
2018-06-06,G,UG,82,240,527687,55445653673,7922634852,63368288525
2018-06-06,G,Alumni,15,71,161330,12835720503,715256015,13550976518
2018-06-06,G,Others(HKUST),7,35,271294,4683678622,385309363,5068987985
2018-06-06,G,Non-HKUST,6,52,111563,25346515371,702301860,26048817231
2018-06-06,G,Total,349,1176,2836989,264329680854,117981568720,382311249574
2018-06-06,LG1,Staff,88,349,611033,53116963033,9324560442,62441523475
2018-06-06,LG1,TPG,114,821,2357108,313904159268,28394323610,342298482878
2018-06-06,LG1,RPG,81,395,1047371,127689997658,8124132319,135814129977
2018-06-06,LG1,UG,146,720,1671871,166183702754,13408401999,179592104753
2018-06-06,LG1,Alumni,13,64,184808,14652696995,1197769343,15850466338
2018-06-06,LG1,Others(HKUST),10,40,548419,40707055253,5100447061,45807502314
2018-06-06,LG1,Non-HKUST,7,27,91802,2053473658,254722583,2308196241
2018-06-06,LG1,Total,459,2416,6512412,718308048619,65804357357,784112405976
2018-06-06,LG3,Staff,32,107,159592,7010475611,1068314951,8078790562
2018-06-06,LG3,TPG,33,225,925817,97245722208,4090344118,101336066326
2018-06-06,LG3,RPG,36,141,424347,39475923013,3073258500,42549181513
2018-06-06,LG3,UG,48,211,346272,79356485412,3939019036,83295504448
2018-06-06,LG3,Alumni,3,43,111018,4698028467,158395663,4856424130
2018-06-06,LG3,Others(HKUST),3,10,5418,8115943,6944400,15060343
2018-06-06,LG3,Non-HKUST,3,25,103180,1973630284,978623739,2952254023
2018-06-06,LG3,Total,158,762,2075644,229768380938,13314900407,243083281345
2018-06-06,LG4,Staff,49,150,261523,22900448057,1905263496,24805711553
2018-06-06,LG4,TPG,33,139,357385,28306501008,3170181967,31476682975
2018-06-06,LG4,RPG,40,143,359428,48220546094,39620251990,87840798084
2018-06-06,LG4,UG,53,130,251840,125551990344,3960771747,129512762091
2018-06-06,LG4,Alumni,5,28,145058,5914579209,374934131,6289513340
2018-06-06,LG4,Others(HKUST),4,5,173406,1105836619,601869234,1707705853
2018-06-06,LG4,Non-HKUST,3,9,16153,625333391,28119565,653452956
2018-06-06,LG4,Total,187,604,1564793,232625234722,49661392130,282286626852
2018-06-06,All-Floors,Staff,233,1433,3035026,187218100361,94153841166,281371941527
2018-06-06,All-Floors,TPG,186,1620,4804151,533322873430,67435198786,600758072216
2018-06-06,All-Floors,RPG,170,937,2544361,270484679087,53942292400,324426971487
2018-06-06,All-Floors,UG,252,1410,3094299,440537872580,30624382850,471162255430
2018-06-06,All-Floors,Alumni,24,208,605807,38124356904,2447760279,40572117183
2018-06-06,All-Floors,Others(HKUST),18,100,1020753,47010812636,6123152090,53133964726
2018-06-06,All-Floors,Non-HKUST,14,117,323296,33132897922,2067691214,35200589136
2018-06-06,All-Floors,Total,897,5825,15427693,1549831592920,256794318785,1806625911705
2018-06-07,1,Staff,61,364,1109899,84283340751,4182948926,88466289677
2018-06-07,1,TPG,20,234,552980,71931302132,6620722979,78552025111
2018-06-07,1,RPG,16,72,206398,14047876105,699055754,14746931859
2018-06-07,1,UG,23,92,258267,24203290109,802507493,25005797602
2018-06-07,1,Alumni,3,8,37068,1733087093,350217474,2083304567
2018-06-07,1,Others(HKUST),3,14,19217,8783037591,238001603,9021039194
2018-06-07,1,Non-HKUST,2,8,4810,1023233244,38413405,1061646649
2018-06-07,1,Total,128,792,2188639,206005167025,12931867634,218937034659
2018-06-07,G,Staff,87,320,564712,74309122112,76348582408,150657704520
2018-06-07,G,TPG,82,377,1089888,79634307740,26536186031,106170493771
2018-06-07,G,RPG,60,239,562154,58323938448,3591499388,61915437836
2018-06-07,G,UG,81,279,584590,47769871041,5718788459,53488659500
2018-06-07,G,Alumni,17,81,235569,17060279215,1122033940,18182313155
2018-06-07,G,Others(HKUST),12,36,260970,1751898017,339395139,2091293156
2018-06-07,G,Non-HKUST,10,31,99676,11049583785,1889600549,12939184334
2018-06-07,G,Total,349,1363,3397559,289899000358,115546085914,405445086272
2018-06-07,LG1,Staff,88,310,637880,39129690777,4336861225,43466552002
2018-06-07,LG1,TPG,121,854,2673257,308757825111,39655551931,348413377042
2018-06-07,LG1,RPG,92,380,946665,79336307659,8067412458,87403720117
2018-06-07,LG1,UG,155,817,1870279,182103002926,17256443364,199359446290
2018-06-07,LG1,Alumni,12,53,263884,31101021985,944077660,32045099645
2018-06-07,LG1,Others(HKUST),8,15,462041,1925956221,851089803,2777046024
2018-06-07,LG1,Non-HKUST,6,33,93032,4571864140,143570564,4715434704
2018-06-07,LG1,Total,482,2462,6947038,646925668819,71255007005,718180675824
2018-06-07,LG3,Staff,47,224,378745,32569051199,2180583165,34749634364
2018-06-07,LG3,TPG,38,254,841943,99855074077,5003495566,104858569643
2018-06-07,LG3,RPG,36,154,418355,33368103100,2771445045,36139548145
2018-06-07,LG3,UG,47,181,339386,49948244971,2946726612,52894971583
2018-06-07,LG3,Alumni,7,71,135496,4792054750,385267616,5177322366
2018-06-07,LG3,Others(HKUST),1,3,600,11740847,2932168,14673015
2018-06-07,LG3,Non-HKUST,5,8,46826,1952188982,104312277,2056501259
2018-06-07,LG3,Total,181,895,2161351,222496457926,13394762449,235891220375
2018-06-07,LG4,Staff,50,129,84657,17043323372,1307631596,18350954968
2018-06-07,LG4,TPG,31,212,529219,180742601805,6856518380,187599120185
2018-06-07,LG4,RPG,51,174,547290,45809692737,5041869303,50851562040
2018-06-07,LG4,UG,67,222,387539,50866852364,3046765230,53913617594
2018-06-07,LG4,Alumni,4,22,77780,5914555492,246806308,6161361800
2018-06-07,LG4,Others(HKUST),4,11,195632,1228757900,612284611,1841042511
2018-06-07,LG4,Non-HKUST,3,7,21011,547326732,65574324,612901056
2018-06-07,LG4,Total,210,777,1843128,302153110402,17177449752,319330560154
2018-06-07,All-Floors,Staff,211,1347,2775893,247334528211,88356607320,335691135531
2018-06-07,All-Floors,TPG,204,1931,5687287,740921110865,84672474887,825593585752
2018-06-07,All-Floors,RPG,188,1019,2680862,230885918049,20171281948,251057199997
2018-06-07,All-Floors,UG,274,1591,3440061,354891261411,29771231158,384662492569
2018-06-07,All-Floors,Alumni,31,235,749797,60600998535,3048402998,63649401533
2018-06-07,All-Floors,Others(HKUST),20,79,938460,13701390576,2043703324,15745093900
2018-06-07,All-Floors,Non-HKUST,23,87,265355,19144196883,2241471119,21385668002
2018-06-07,All-Floors,Total,951,6289,16537715,1667479404530,230305172754,1897784577284
2018-06-08,1,Staff,68,392,1118345,92314584010,5566015262,97880599272
2018-06-08,1,TPG,10,78,235474,12791273088,3823230771,16614503859
2018-06-08,1,RPG,5,22,106688,3950863780,229871477,4180735257
2018-06-08,1,UG,21,119,326856,13329529669,917275014,14246804683
2018-06-08,1,Alumni,1,5,5356,1480399236,48176797,1528576033
2018-06-08,1,Others(HKUST),3,12,25226,269955279,79746795,349702074
2018-06-08,1,Non-HKUST,3,6,15605,54753534,3420792,58174326
2018-06-08,1,Total,111,634,1833550,124191358596,10667736908,134859095504
2018-06-08,G,Staff,93,332,596392,22577938677,2143211397,24721150074
2018-06-08,G,TPG,61,244,641005,44514659088,72563689669,117078348757
2018-06-08,G,RPG,43,117,275819,29406501011,1334623803,30741124814
2018-06-08,G,UG,85,234,591568,46627420404,2814551025,49441971429
2018-06-08,G,Alumni,9,52,191844,10653359655,11124255562,21777615217
2018-06-08,G,Others(HKUST),9,28,261540,2273109342,256031941,2529141283
2018-06-08,G,Non-HKUST,9,43,159652,6926781493,536228633,7463010126
2018-06-08,G,Total,309,1050,2717820,162979769670,90772592030,253752361700
2018-06-08,LG1,Staff,84,278,541481,33301570557,7752351688,41053922245
2018-06-08,LG1,TPG,68,449,1449330,112774933730,14213458323,126988392053
2018-06-08,LG1,RPG,71,297,841007,105023541371,6420829202,111444370573
2018-06-08,LG1,UG,173,858,1854041,205461569079,12312236244,217773805323
2018-06-08,LG1,Alumni,12,53,157894,19026956885,495467983,19522424868
2018-06-08,LG1,Others(HKUST),11,22,495609,6141710833,1293100775,7434811608
2018-06-08,LG1,Non-HKUST,6,9,55811,684608007,66879350,751487357
2018-06-08,LG1,Total,425,1966,5395173,482414890462,42554323565,524969214027
2018-06-08,LG3,Staff,48,159,275835,21373729563,1668124870,23041854433
2018-06-08,LG3,TPG,21,119,424785,26525838398,2023941847,28549780245
2018-06-08,LG3,RPG,24,91,258816,14833633816,811945070,15645578886
2018-06-08,LG3,UG,70,260,369293,40882708892,2747947499,43630656391
2018-06-08,LG3,Alumni,2,24,26387,2100164811,89570729,2189735540
2018-06-08,LG3,Others(HKUST),4,10,9619,16119665,4203130,20322795
2018-06-08,LG3,Non-HKUST,2,8,18597,1127595847,313480412,1441076259
2018-06-08,LG3,Total,171,671,1383332,106859790992,7659213557,114519004549
2018-06-08,LG4,Staff,38,111,118859,12390132941,817555590,13207688531
2018-06-08,LG4,TPG,16,57,219406,20558400497,2070594467,22628994964
2018-06-08,LG4,RPG,36,104,341110,21978138071,2929951527,24908089598
2018-06-08,LG4,UG,43,118,257271,24636415002,1916083656,26552498658
2018-06-08,LG4,Alumni,3,9,35930,74594347,27587021,102181368
2018-06-08,LG4,Others(HKUST),5,9,205240,1574836389,636434857,2211271246
2018-06-08,LG4,Non-HKUST,5,6,13170,182045008,9220163,191265171
2018-06-08,LG4,Total,146,414,1190986,81394562255,8407427281,89801989536
2018-06-08,All-Floors,Staff,205,1272,2650912,181957955748,17947258807,199905214555
2018-06-08,All-Floors,TPG,139,947,2970000,217165104801,94694915077,311860019878
2018-06-08,All-Floors,RPG,141,631,1823440,175192678049,11727221079,186919899128
2018-06-08,All-Floors,UG,283,1589,3399029,330937643046,20708093438,351645736484
2018-06-08,All-Floors,Alumni,19,143,417411,33335474934,11785058092,45120533026
2018-06-08,All-Floors,Others(HKUST),19,81,997234,10275731508,2269517498,12545249006
2018-06-08,All-Floors,Non-HKUST,20,72,262835,8975783889,929229350,9905013239
2018-06-08,All-Floors,Total,826,4735,12520861,957840371975,160061293341,1117901665316
2018-06-09,1,Staff,10,103,246619,4867396520,2519066449,7386462969
2018-06-09,1,TPG,6,15,22807,2312310421,129608917,2441919338
2018-06-09,1,RPG,6,12,14423,2378949919,68670516,2447620435
2018-06-09,1,UG,6,10,6605,339926555,26102178,366028733
2018-06-09,1,Alumni,0,0,0,0,0,0
2018-06-09,1,Others(HKUST),2,19,8403,192316781,15306550,207623331
2018-06-09,1,Non-HKUST,1,1,0,1677767,3888602,5566369
2018-06-09,1,Total,31,160,298857,10092577963,2762643212,12855221175
2018-06-09,G,Staff,28,123,195718,7017067738,1131339417,8148407155
2018-06-09,G,TPG,69,264,749444,93998903973,5651563696,99650467669
2018-06-09,G,RPG,46,146,416520,37013520613,5974303030,42987823643
2018-06-09,G,UG,51,214,532331,22108016884,4172919455,26280936339
2018-06-09,G,Alumni,14,72,110414,4228317310,396220833,4624538143
2018-06-09,G,Others(HKUST),4,11,192014,872951284,207737602,1080688886
2018-06-09,G,Non-HKUST,14,37,57646,11614561817,11004464614,22619026431
2018-06-09,G,Total,226,867,2254087,176853339619,28538548647,205391888266
2018-06-09,LG1,Staff,34,101,317481,20024842445,2755800451,22780642896
2018-06-09,LG1,TPG,97,585,1785945,148693948922,28790353759,177484302681
2018-06-09,LG1,RPG,67,273,840203,64155102335,7513044427,71668146762
2018-06-09,LG1,UG,88,330,868954,91317386316,5051301532,96368687848
2018-06-09,LG1,Alumni,26,132,369014,24033725763,1784910484,25818636247
2018-06-09,LG1,Others(HKUST),3,10,447001,2747457839,1189704354,3937162193
2018-06-09,LG1,Non-HKUST,11,57,191456,8577736918,497017873,9074754791
2018-06-09,LG1,Total,326,1488,4820054,359550200538,47582132880,407132333418
2018-06-09,LG3,Staff,25,108,260388,10212712872,2209781954,12422494826
2018-06-09,LG3,TPG,30,197,504544,79453452647,5217421324,84670873971
2018-06-09,LG3,RPG,34,161,527454,113178348599,4425594105,117603942704
2018-06-09,LG3,UG,30,146,282165,28494693823,1514328195,30009022018
2018-06-09,LG3,Alumni,6,39,40214,11566048676,416768549,11982817225
2018-06-09,LG3,Others(HKUST),1,1,0,203499,131807,335306
2018-06-09,LG3,Non-HKUST,3,6,8395,759754844,49796321,809551165
2018-06-09,LG3,Total,129,658,1623160,243665214960,13833822255,257499037215
2018-06-09,LG4,Staff,14,22,34233,2335019596,271116185,2606135781
2018-06-09,LG4,TPG,28,155,578908,80093237840,7239534092,87332771932
2018-06-09,LG4,RPG,30,75,178776,47695243200,1363480934,49058724134
2018-06-09,LG4,UG,35,103,244749,17643351440,1476836287,19120187727
2018-06-09,LG4,Alumni,12,36,83977,3631670859,246942585,3878613444
2018-06-09,LG4,Others(HKUST),2,4,172198,2088752786,1003864320,3092617106
2018-06-09,LG4,Non-HKUST,8,23,85859,3745712611,243655830,3989368441
2018-06-09,LG4,Total,129,418,1378700,157232988332,11845430233,169078418565
2018-06-09,All-Floors,Staff,75,457,1054439,44457039171,8887104456,53344143627
2018-06-09,All-Floors,TPG,160,1216,3641648,404551853803,47028481788,451580335591
2018-06-09,All-Floors,RPG,138,667,1977376,264421164666,19345093012,283766257678
2018-06-09,All-Floors,UG,155,803,1934804,159903375018,12241487647,172144862665
2018-06-09,All-Floors,Alumni,44,279,603619,43459762608,2844842451,46304605059
2018-06-09,All-Floors,Others(HKUST),7,45,819616,5901682189,2416744633,8318426822
2018-06-09,All-Floors,Non-HKUST,27,124,343356,24699443957,11798823240,36498267197
2018-06-09,All-Floors,Total,606,3591,10374858,947394321412,104562577227,1051956898639
2018-06-10,1,Staff,7,64,224406,865089016,309798083,1174887099
2018-06-10,1,TPG,7,40,115808,21306824702,708708286,22015532988
2018-06-10,1,RPG,5,8,13815,206742897,18472785,225215682
2018-06-10,1,UG,6,7,31802,919633289,62698424,982331713
2018-06-10,1,Alumni,1,1,601,413034141,17507913,430542054
2018-06-10,1,Others(HKUST),0,0,0,0,0,0
2018-06-10,1,Non-HKUST,0,0,0,0,0,0
2018-06-10,1,Total,26,120,386432,23711324045,1117185491,24828509536
2018-06-10,G,Staff,24,76,130816,12172005810,513275496,12685281306
2018-06-10,G,TPG,36,157,522590,34221239598,2773268168,36994507766
2018-06-10,G,RPG,21,58,102610,5303342735,553975736,5857318471
2018-06-10,G,UG,39,105,336570,28747734497,3901154805,32648889302
2018-06-10,G,Alumni,16,35,115173,9847562651,483485891,10331048542
2018-06-10,G,Others(HKUST),2,3,172199,852617251,375768296,1228385547
2018-06-10,G,Non-HKUST,5,16,43202,13175632372,1247395931,14423028303
2018-06-10,G,Total,143,450,1423160,104320134914,9848324323,114168459237
2018-06-10,LG1,Staff,22,69,151144,7676910051,3472672545,11149582596
2018-06-10,LG1,TPG,56,305,834520,124599614957,14101391872,138701006829
2018-06-10,LG1,RPG,36,125,325771,39636395103,4885705804,44522100907
2018-06-10,LG1,UG,69,273,660560,59282423319,7064840081,66347263400
2018-06-10,LG1,Alumni,23,106,310205,31232537022,1124848507,32357385529
2018-06-10,LG1,Others(HKUST),3,13,470996,4462705894,1156914084,5619619978
2018-06-10,LG1,Non-HKUST,6,18,28209,1019119630,71696452,1090816082
2018-06-10,LG1,Total,215,909,2781405,267909705976,31878069345,299787775321
2018-06-10,LG3,Staff,11,54,198008,32596510110,2517610349,35114120459
2018-06-10,LG3,TPG,21,85,358177,44859115622,1865808130,46724923752
2018-06-10,LG3,RPG,18,42,151796,9999408032,798669237,10798077269
2018-06-10,LG3,UG,12,49,115182,6375092187,434423980,6809516167
2018-06-10,LG3,Alumni,7,20,71999,2601745820,281646440,2883392260
2018-06-10,LG3,Others(HKUST),0,0,0,0,0,0
2018-06-10,LG3,Non-HKUST,4,30,66585,3197039887,114258211,3311298098
2018-06-10,LG3,Total,73,280,961747,99628911658,6012416347,105641328005
2018-06-10,LG4,Staff,14,25,56394,3904691839,517327044,4422018883
2018-06-10,LG4,TPG,13,46,157783,15814054115,5117442601,20931496716
2018-06-10,LG4,RPG,21,39,81579,5156866390,221907711,5378774101
2018-06-10,LG4,UG,20,94,118764,22934770552,1238018308,24172788860
2018-06-10,LG4,Alumni,4,20,61827,1033759233,98847575,1132606808
2018-06-10,LG4,Others(HKUST),2,5,180606,1161163127,620537385,1781700512
2018-06-10,LG4,Non-HKUST,2,5,15000,798664946,80103327,878768273
2018-06-10,LG4,Total,76,234,671953,50803970202,7894183951,58698154153
2018-06-10,All-Floors,Staff,58,288,760768,57215206826,7330683517,64545890343
2018-06-10,All-Floors,TPG,98,633,1988878,240800848994,24566619057,265367468051
2018-06-10,All-Floors,RPG,74,272,675571,60302755157,6478731273,66781486430
2018-06-10,All-Floors,UG,118,528,1262878,118259653844,12701135598,130960789442
2018-06-10,All-Floors,Alumni,36,182,559805,45128638867,2006336326,47134975193
2018-06-10,All-Floors,Others(HKUST),5,21,823801,6476486272,2153219765,8629706037
2018-06-10,All-Floors,Non-HKUST,12,69,152996,18190456835,1513453921,19703910756
2018-06-10,All-Floors,Total,401,1993,6224697,546374046795,56750179457,603124226252
2018-06-11,1,Staff,57,389,1099668,98093198158,8471280242,106564478400
2018-06-11,1,TPG,14,69,173983,76815561051,6242666406,83058227457
2018-06-11,1,RPG,13,65,204640,8509701292,727339016,9237040308
2018-06-11,1,UG,31,177,374032,29169913200,2617582069,31787495269
2018-06-11,1,Alumni,1,6,22777,294480319,28807844,323288163
2018-06-11,1,Others(HKUST),3,12,19840,2616495473,243678099,2860173572
2018-06-11,1,Non-HKUST,1,2,0,73978625,5568591,79547216
2018-06-11,1,Total,120,720,1894940,215573328118,18336922267,233910250385
2018-06-11,G,Staff,83,323,643036,30670823916,5757812292,36428636208
2018-06-11,G,TPG,93,300,656108,75041813364,6903009591,81944822955
2018-06-11,G,RPG,53,202,556375,27180947460,1906583129,29087530589
2018-06-11,G,UG,90,269,665690,27239556111,3005681718,30245237829
2018-06-11,G,Alumni,13,86,247450,11936485013,1364033593,13300518606
2018-06-11,G,Others(HKUST),8,30,273086,1423269923,271270843,1694540766
2018-06-11,G,Non-HKUST,11,47,122575,4460628972,327483758,4788112730
2018-06-11,G,Total,351,1257,3164320,177953524759,19535874924,197489399683
2018-06-11,LG1,Staff,84,276,572073,47362462211,5194759669,52557221880
2018-06-11,LG1,TPG,121,866,2639557,256572767202,20603832322,277176599524
2018-06-11,LG1,RPG,93,450,1212505,86872591472,12238073567,99110665039
2018-06-11,LG1,UG,127,444,866447,103552205132,22083709570,125635914702
2018-06-11,LG1,Alumni,7,20,76314,12859179102,423079150,13282258252
2018-06-11,LG1,Others(HKUST),9,15,460855,2611243512,1215006461,3826249973
2018-06-11,LG1,Non-HKUST,11,50,96010,14004197383,625085553,14629282936
2018-06-11,LG1,Total,452,2121,5923761,523834646014,62383546292,586218192306
2018-06-11,LG3,Staff,51,157,228583,20279092295,3500931689,23780023984
2018-06-11,LG3,TPG,43,304,954687,118798649018,6161763624,124960412642
2018-06-11,LG3,RPG,54,243,529279,40273732056,3383829514,43657561570
2018-06-11,LG3,UG,42,160,294489,37434489877,5542965262,42977455139
2018-06-11,LG3,Alumni,2,25,29448,1544269003,123283849,1667552852
2018-06-11,LG3,Others(HKUST),0,0,0,0,0,0
2018-06-11,LG3,Non-HKUST,2,2,2406,325998532,8612657,334611189
2018-06-11,LG3,Total,194,891,2038892,218656230781,18721386595,237377617376
2018-06-11,LG4,Staff,42,148,194381,30496911729,7466512802,37963424531
2018-06-11,LG4,TPG,36,162,563380,58505111907,8670418034,67175529941
2018-06-11,LG4,RPG,50,111,264944,24315916942,2796901901,27112818843
2018-06-11,LG4,UG,65,235,547595,50242385523,3123408091,53365793614
2018-06-11,LG4,Alumni,6,16,104160,3488656640,151592993,3640249633
2018-06-11,LG4,Others(HKUST),4,6,172200,1421724979,887724290,2309449269
2018-06-11,LG4,Non-HKUST,3,4,10206,10845854,1848473,12694327
2018-06-11,LG4,Total,206,682,1856866,168481553574,23098406584,191579960158
2018-06-11,All-Floors,Staff,204,1293,2737741,226902488309,30391296694,257293785003
2018-06-11,All-Floors,TPG,208,1701,4987715,585733902542,48581689977,634315592519
2018-06-11,All-Floors,RPG,194,1071,2767743,187152889222,21052727127,208205616349
2018-06-11,All-Floors,UG,256,1285,2748253,247638549843,36373346710,284011896553
2018-06-11,All-Floors,Alumni,20,153,480149,30123070077,2090797429,32213867506
2018-06-11,All-Floors,Others(HKUST),18,63,925981,8072733887,2617679693,10690413580
2018-06-11,All-Floors,Non-HKUST,22,105,231197,18875649366,968599032,19844248398
2018-06-11,All-Floors,Total,922,5671,14878779,1304499283246,142076136662,1446575419908
2018-06-12,1,Staff,65,432,1270424,67504180219,5105434744,72609614963
2018-06-12,1,TPG,15,97,283672,46134234155,1765743047,47899977202
2018-06-12,1,RPG,6,23,57099,7243255284,239863333,7483118617
2018-06-12,1,UG,26,182,458647,43764561074,1865905222,45630466296
2018-06-12,1,Alumni,1,3,8989,173312749,9751505,183064254
2018-06-12,1,Others(HKUST),5,12,24026,2567280798,94240197,2661520995
2018-06-12,1,Non-HKUST,1,1,0,315591,208136,523727
2018-06-12,1,Total,119,750,2102857,167387139870,9081146184,176468286054
2018-06-12,G,Staff,100,305,668460,24577774546,5770029001,30347803547
2018-06-12,G,TPG,91,357,1066725,81059300944,6508064487,87567365431
2018-06-12,G,RPG,64,180,435869,24979333016,3490454194,28469787210
2018-06-12,G,UG,68,253,453571,40002843085,3298669163,43301512248
2018-06-12,G,Alumni,11,46,160156,6519899740,310574253,6830473993
2018-06-12,G,Others(HKUST),9,36,246119,3995182186,348012660,4343194846
2018-06-12,G,Non-HKUST,10,35,81667,33423140472,14647774598,48070915070
2018-06-12,G,Total,353,1212,3112567,214557473989,34373578356,248931052345
2018-06-12,LG1,Staff,90,340,634320,54265335658,15526659839,69791995497
2018-06-12,LG1,TPG,96,650,1812485,157831070300,11535216228,169366286528
2018-06-12,LG1,RPG,82,385,950049,97661058603,8151698578,105812757181
2018-06-12,LG1,UG,176,606,1310195,151483948798,10870731930,162354680728
2018-06-12,LG1,Alumni,12,67,238071,41157294106,1949595844,43106889950
2018-06-12,LG1,Others(HKUST),9,21,468041,3449939585,1587538792,5037478377
2018-06-12,LG1,Non-HKUST,9,41,69017,6447853141,272318329,6720171470
2018-06-12,LG1,Total,474,2110,5482178,512296500191,49893759540,562190259731
2018-06-12,LG3,Staff,47,142,241406,18436681836,4236174775,22672856611
2018-06-12,LG3,TPG,33,226,892703,92276131516,4063576402,96339707918
2018-06-12,LG3,RPG,37,171,432122,44906192662,5206786146,50112978808
2018-06-12,LG3,UG,41,156,390437,51980422660,2210359133,54190781793
2018-06-12,LG3,Alumni,8,54,46786,3377518577,217728449,3595247026
2018-06-12,LG3,Others(HKUST),4,5,3621,3690978,1244149,4935127
2018-06-12,LG3,Non-HKUST,3,8,62460,9375363552,648046170,10023409722
2018-06-12,LG3,Total,173,762,2069535,220356001781,16583915224,236939917005
2018-06-12,LG4,Staff,41,128,211727,8710469361,1106439049,9816908410
2018-06-12,LG4,TPG,24,136,515428,110599319870,8687728194,119287048064
2018-06-12,LG4,RPG,45,136,383936,23135015909,2241671302,25376687211
2018-06-12,LG4,UG,86,253,628186,49062799030,2458758651,51521557681
2018-06-12,LG4,Alumni,8,22,123419,19474422200,853363329,20327785529
2018-06-12,LG4,Others(HKUST),6,14,205836,6436572218,1033735169,7470307387
2018-06-12,LG4,Non-HKUST,3,3,3006,1120014030,69457020,1189471050
2018-06-12,LG4,Total,213,692,2071538,218538612618,16451152714,234989765332
2018-06-12,All-Floors,Staff,217,1347,3026337,173494441620,31744737408,205239179028
2018-06-12,All-Floors,TPG,179,1466,4571013,487900056785,32560328358,520460385143
2018-06-12,All-Floors,RPG,172,895,2259075,197924855474,19330473553,217255329027
2018-06-12,All-Floors,UG,277,1450,3241036,336294574647,20704424099,356998998746
2018-06-12,All-Floors,Alumni,30,192,577421,70702447372,3341013380,74043460752
2018-06-12,All-Floors,Others(HKUST),22,88,947643,16452665765,3064770967,19517436732
2018-06-12,All-Floors,Non-HKUST,20,88,216150,50366686786,15637804253,66004491039
2018-06-12,All-Floors,Total,917,5526,14838675,1333135728449,126383552018,1459519280467
2018-06-13,1,Staff,69,420,1347923,31257161759,3807281798,35064443557
2018-06-13,1,TPG,15,152,381625,41572031010,2429904397,44001935407
2018-06-13,1,RPG,8,63,161018,3741215038,492569958,4233784996
2018-06-13,1,UG,29,159,404863,32548594599,2687792980,35236387579
2018-06-13,1,Alumni,2,7,13738,4538416847,206412122,4744828969
2018-06-13,1,Others(HKUST),2,10,21062,390275985,25804224,416080209
2018-06-13,1,Non-HKUST,1,1,0,24999117,2763911,27763028
2018-06-13,1,Total,126,812,2330229,114072694355,9652529390,123725223745
2018-06-13,G,Staff,87,332,636123,23303786849,4154775899,27458562748
2018-06-13,G,TPG,77,316,1038439,82166554324,11903432955,94069987279
2018-06-13,G,RPG,49,169,406707,10772588390,1126818304,11899406694
2018-06-13,G,UG,71,212,496570,23833476171,8415319338,32248795509
2018-06-13,G,Alumni,12,31,105579,2392769762,319867447,2712637209
2018-06-13,G,Others(HKUST),13,22,184894,2017314338,249588056,2266902394
2018-06-13,G,Non-HKUST,9,16,16847,1413864616,1261444089,2675308705
2018-06-13,G,Total,318,1098,2885159,145900354450,27431246088,173331600538
2018-06-13,LG1,Staff,97,344,779428,68752297202,7620553873,76372851075
2018-06-13,LG1,TPG,105,861,2148766,373274348112,25690431263,398964779375
2018-06-13,LG1,RPG,76,309,730166,94601507034,5475271363,100076778397
2018-06-13,LG1,UG,176,656,1403776,105920176085,26895114393,132815290478
2018-06-13,LG1,Alumni,13,77,267161,25602089411,825038653,26427128064
2018-06-13,LG1,Others(HKUST),12,40,508840,4726054841,2107487760,6833542601
2018-06-13,LG1,Non-HKUST,12,52,79211,17247759081,7834239199,25081998280
2018-06-13,LG1,Total,491,2339,5917348,690124231766,76448136504,766572368270
2018-06-13,LG3,Staff,45,145,170917,17062808500,1792108681,18854917181
2018-06-13,LG3,TPG,28,248,761609,87435524223,12590867001,100026391224
2018-06-13,LG3,RPG,47,171,379671,34709581552,2405795115,37115376667
2018-06-13,LG3,UG,46,182,455656,57532109505,4806578588,62338688093
2018-06-13,LG3,Alumni,7,70,111523,7140530185,1052082587,8192612772
2018-06-13,LG3,Others(HKUST),3,4,0,43896152,17771051,61667203
2018-06-13,LG3,Non-HKUST,4,9,19715,1471932031,85481525,1557413556
2018-06-13,LG3,Total,180,829,1899091,205396382148,22750684548,228147066696
2018-06-13,LG4,Staff,45,130,166724,14378351286,859610271,15237961557
2018-06-13,LG4,TPG,24,153,614966,72704169627,5630360753,78334530380
2018-06-13,LG4,RPG,44,170,561558,57732112793,8934424980,66666537773
2018-06-13,LG4,UG,75,163,351338,33302018344,1601016776,34903035120
2018-06-13,LG4,Alumni,8,15,134138,6196963954,362077428,6559041382
2018-06-13,LG4,Others(HKUST),2,4,172798,1179323602,665817062,1845140664
2018-06-13,LG4,Non-HKUST,5,22,47264,12538609724,295007106,12833616830
2018-06-13,LG4,Total,203,657,2048786,198031549330,18348314376,216379863706
2018-06-13,All-Floors,Staff,219,1371,3101115,154754405596,18234330522,172988736118
2018-06-13,All-Floors,TPG,169,1730,4945405,657152627296,58244996369,715397623665
2018-06-13,All-Floors,RPG,168,882,2239120,201557004807,18434879720,219991884527
2018-06-13,All-Floors,UG,287,1372,3112203,253136374704,44405822075,297542196779
2018-06-13,All-Floors,Alumni,26,200,632139,45870770159,2765478237,48636248396
2018-06-13,All-Floors,Others(HKUST),21,80,887594,8356864918,3066468153,11423333071
2018-06-13,All-Floors,Non-HKUST,22,100,163037,32697164569,9478935830,42176100399
2018-06-13,All-Floors,Total,912,5735,15080613,1353525212049,154630910906,1508156122955
2018-06-14,1,Staff,75,458,1423412,45836555123,6880522023,52717077146
2018-06-14,1,TPG,26,198,552241,84565101598,8409012919,92974114517
2018-06-14,1,RPG,10,28,71486,14413240665,271943925,14685184590
2018-06-14,1,UG,32,204,513242,68414291852,3471213903,71885505755
2018-06-14,1,Alumni,2,12,30583,2208575336,72774011,2281349347
2018-06-14,1,Others(HKUST),4,18,22859,2282174879,159580478,2441755357
2018-06-14,1,Non-HKUST,1,1,0,32036177,2776483,34812660
2018-06-14,1,Total,150,919,2613823,217751975630,19267823742,237019799372
2018-06-14,G,Staff,95,335,728693,24555863155,5610878670,30166741825
2018-06-14,G,TPG,78,253,712053,84731012076,5300790028,90031802104
2018-06-14,G,RPG,36,115,388360,35598820145,1461835568,37060655713
2018-06-14,G,UG,67,197,322692,25330824756,3101383476,28432208232
2018-06-14,G,Alumni,12,45,168505,5131767282,485327616,5617094898
2018-06-14,G,Others(HKUST),8,17,210706,1496272946,469251063,1965524009
2018-06-14,G,Non-HKUST,7,13,10218,673950743,125766992,799717735
2018-06-14,G,Total,303,975,2541227,177518511103,16555233413,194073744516
2018-06-14,LG1,Staff,92,384,657348,49191159175,18306134110,67497293285
2018-06-14,LG1,TPG,107,719,2060933,195204948239,17820403707,213025351946
2018-06-14,LG1,RPG,87,360,954224,46065157298,8323971287,54389128585
2018-06-14,LG1,UG,169,762,1860648,181221418266,27967832948,209189251214
2018-06-14,LG1,Alumni,12,73,164241,3961572596,196446391,4158018987
2018-06-14,LG1,Others(HKUST),10,34,516098,5243590911,2332489105,7576080016
2018-06-14,LG1,Non-HKUST,12,57,130778,6208785821,275082324,6483868145
2018-06-14,LG1,Total,489,2389,6344270,487096632306,75222359872,562318992178
2018-06-14,LG3,Staff,50,144,215863,39825108467,2547587282,42372695749
2018-06-14,LG3,TPG,36,264,1043495,85576970444,5707715644,91284686088
2018-06-14,LG3,RPG,32,140,355416,25964350386,14145659433,40110009819
2018-06-14,LG3,UG,51,183,320574,56157193869,4381383799,60538577668
2018-06-14,LG3,Alumni,8,45,118744,9480528052,257079480,9737607532
2018-06-14,LG3,Others(HKUST),0,0,0,0,0,0
2018-06-14,LG3,Non-HKUST,5,13,46890,883656062,103657406,987313468
2018-06-14,LG3,Total,182,789,2100982,217887807280,27143083044,245030890324
2018-06-14,LG4,Staff,47,107,115165,8934819957,1329703557,10264523514
2018-06-14,LG4,TPG,36,190,679354,71116592675,4862710883,75979303558
2018-06-14,LG4,RPG,48,174,472274,54903535078,10597759872,65501294950
2018-06-14,LG4,UG,55,188,415631,86412458817,4429707167,90842165984
2018-06-14,LG4,Alumni,9,50,285804,10895604850,484687847,11380292697
2018-06-14,LG4,Others(HKUST),3,7,191358,1806622090,737345018,2543967108
2018-06-14,LG4,Non-HKUST,4,6,598,86947754,5312779,92260533
2018-06-14,LG4,Total,202,722,2160184,234156581221,22447227123,256603808344
2018-06-14,All-Floors,Staff,233,1428,3140481,168343505877,34674825642,203018331519
2018-06-14,All-Floors,TPG,185,1624,5048076,521194625032,42100633181,563295258213
2018-06-14,All-Floors,RPG,171,817,2241760,176945103572,34801170085,211746273657
2018-06-14,All-Floors,UG,281,1534,3432787,417536187560,43351521293,460887708853
2018-06-14,All-Floors,Alumni,28,225,767877,31678048116,1496315345,33174363461
2018-06-14,All-Floors,Others(HKUST),15,76,941021,10828660826,3698665664,14527326490
2018-06-14,All-Floors,Non-HKUST,23,90,188484,7885376557,512595984,8397972541
2018-06-14,All-Floors,Total,936,5794,15760486,1334411507540,160635727194,1495047234734
2018-06-15,1,Staff,60,337,1192258,29868734269,3325175321,33193909590
2018-06-15,1,TPG,24,232,810673,138704402617,5363114903,144067517520
2018-06-15,1,RPG,13,66,163301,11129894071,970210528,12100104599
2018-06-15,1,UG,32,197,602799,47391143407,2605207186,49996350593
2018-06-15,1,Alumni,1,1,0,19544264,3049276,22593540
2018-06-15,1,Others(HKUST),2,13,19238,616348907,86571331,702920238
2018-06-15,1,Non-HKUST,6,14,57563,1013161962,920248606,1933410568
2018-06-15,1,Total,138,860,2845832,228743229497,13273577151,242016806648
2018-06-15,G,Staff,78,281,605609,17394636997,2067690372,19462327369
2018-06-15,G,TPG,83,240,570141,44946425639,4046485237,48992910876
2018-06-15,G,RPG,50,149,326911,13370002030,1473318432,14843320462
2018-06-15,G,UG,74,194,272382,29969275496,1349340734,31318616230
2018-06-15,G,Alumni,11,27,73782,6827123810,180566778,7007690588
2018-06-15,G,Others(HKUST),11,24,231053,1659173489,263473894,1922647383
2018-06-15,G,Non-HKUST,10,18,24621,1193332199,143122351,1336454550
2018-06-15,G,Total,317,933,2104499,115359969660,9523997798,124883967458
2018-06-15,LG1,Staff,66,243,495586,35566219124,4123969507,39690188631
2018-06-15,LG1,TPG,109,751,2582803,272223623238,42051817097,314275440335
2018-06-15,LG1,RPG,61,321,812090,69195948354,4582749009,73778697363
2018-06-15,LG1,UG,145,613,1521493,121819988670,14518477681,136338466351
2018-06-15,LG1,Alumni,11,111,244111,26239436925,7675066524,33914503449
2018-06-15,LG1,Others(HKUST),12,49,488457,6047569259,1521297054,7568866313
2018-06-15,LG1,Non-HKUST,9,18,49866,3980827508,848333110,4829160618
2018-06-15,LG1,Total,413,2106,6194406,535073613078,75321709982,610395323060
2018-06-15,LG3,Staff,37,85,136228,5250706865,603280956,5853987821
2018-06-15,LG3,TPG,32,218,747169,51574718549,5651077088,57225795637
2018-06-15,LG3,RPG,30,127,353028,27822686877,1183649624,29006336501
2018-06-15,LG3,UG,38,100,255624,58973493831,1446120287,60419614118
2018-06-15,LG3,Alumni,7,49,219523,12837971840,462494716,13300466556
2018-06-15,LG3,Others(HKUST),1,1,0,6614591,1112189,7726780
2018-06-15,LG3,Non-HKUST,5,5,3572,3155760286,94562724,3250323010
2018-06-15,LG3,Total,150,585,1715144,159621952839,9442297584,169064250423
2018-06-15,LG4,Staff,53,136,267751,8601768801,804905487,9406674288
2018-06-15,LG4,TPG,30,195,517101,37588458711,4062671208,41651129919
2018-06-15,LG4,RPG,27,117,345381,21605079591,4266800975,25871880566
2018-06-15,LG4,UG,67,172,274054,31313430574,2224923327,33538353901
2018-06-15,LG4,Alumni,10,41,131898,6853166835,188414920,7041581755
2018-06-15,LG4,Others(HKUST),10,25,230934,4587867053,1251034683,5838901736
2018-06-15,LG4,Non-HKUST,6,12,4213,178058846,21990367,200049213
2018-06-15,LG4,Total,203,698,1771332,110727830411,12820740967,123548571378
2018-06-15,All-Floors,Staff,188,1082,2697432,96682066056,10925021643,107607087699
2018-06-15,All-Floors,TPG,187,1636,5227887,545037628754,61175165533,606212794287
2018-06-15,All-Floors,RPG,132,780,2000711,143123610923,12476728568,155600339491
2018-06-15,All-Floors,UG,261,1276,2926352,289467331978,22144069215,311611401193
2018-06-15,All-Floors,Alumni,29,229,669314,52777243674,8509592214,61286835888
2018-06-15,All-Floors,Others(HKUST),23,112,969682,12917573299,3123489151,16041062450
2018-06-15,All-Floors,Non-HKUST,27,67,139835,9521140801,2028257158,11549397959
2018-06-15,All-Floors,Total,847,5182,14631213,1149526595485,120382323482,1269908918967
2018-06-16,1,Staff,10,63,297018,1995132290,4087090825,6082223115
2018-06-16,1,TPG,10,31,79131,5390789856,245423696,5636213552
2018-06-16,1,RPG,7,7,0,236411424,107575487,343986911
2018-06-16,1,UG,21,68,153646,13530359369,676678119,14207037488
2018-06-16,1,Alumni,0,0,0,0,0,0
2018-06-16,1,Others(HKUST),1,15,7802,5677203,2648036,8325239
2018-06-16,1,Non-HKUST,2,3,598,422758583,96954604,519713187
2018-06-16,1,Total,51,187,538195,21581128725,5216370767,26797499492
2018-06-16,G,Staff,20,70,183644,2866614211,1111017655,3977631866
2018-06-16,G,TPG,33,65,93627,8339445493,896564376,9236009869
2018-06-16,G,RPG,26,82,223239,22090709061,936942565,23027651626
2018-06-16,G,UG,67,166,221400,25203216828,1440560436,26643777264
2018-06-16,G,Alumni,13,31,111594,3982646834,191761595,4174408429
2018-06-16,G,Others(HKUST),6,14,176401,1921248421,545181216,2466429637
2018-06-16,G,Non-HKUST,7,13,27010,1150317267,113159938,1263477205
2018-06-16,G,Total,172,441,1036915,65554198115,5235187781,70789385896
2018-06-16,LG1,Staff,23,114,304849,17675735996,4737932383,22413668379
2018-06-16,LG1,TPG,112,670,2043859,212388793922,17813428601,230202222523
2018-06-16,LG1,RPG,54,201,506396,39487035706,10961713742,50448749448
2018-06-16,LG1,UG,125,467,1467065,109915554340,9648072517,119563626857
2018-06-16,LG1,Alumni,21,102,203885,26752325893,884849118,27637175011
2018-06-16,LG1,Others(HKUST),5,41,470990,7315011134,1165663661,8480674795
2018-06-16,LG1,Non-HKUST,14,45,176471,35931765138,1224145445,37155910583
2018-06-16,LG1,Total,354,1640,5173515,449466222129,46435805467,495902027596
2018-06-16,LG3,Staff,15,33,60577,1876009183,335623107,2211632290
2018-06-16,LG3,TPG,26,208,549993,72153561595,4988971956,77142533551
2018-06-16,LG3,RPG,21,83,219668,8920770641,561710037,9482480678
2018-06-16,LG3,UG,24,82,155348,34032973836,1006507071,35039480907
2018-06-16,LG3,Alumni,12,77,121764,30260113031,740541350,31000654381
2018-06-16,LG3,Others(HKUST),2,9,27587,117688884,30263580,147952464
2018-06-16,LG3,Non-HKUST,2,3,0,431270379,65634173,496904552
2018-06-16,LG3,Total,102,495,1134937,147792387549,7729251274,155521638823
2018-06-16,LG4,Staff,8,19,33661,902878095,79086356,981964451
2018-06-16,LG4,TPG,23,99,309502,19441098885,1380128473,20821227358
2018-06-16,LG4,RPG,27,112,281403,29148262289,2204437875,31352700164
2018-06-16,LG4,UG,42,100,206322,9323873466,1177873014,10501746480
2018-06-16,LG4,Alumni,11,34,170905,6226392053,314759704,6541151757
2018-06-16,LG4,Others(HKUST),3,4,173994,1242120356,682898855,1925019211
2018-06-16,LG4,Non-HKUST,7,7,6584,2988394418,270090813,3258485231
2018-06-16,LG4,Total,121,375,1182371,69273019562,6109275090,75382294652
2018-06-16,All-Floors,Staff,55,299,879749,25316369775,10350750326,35667120101
2018-06-16,All-Floors,TPG,148,1073,3076112,317713689751,25324517102,343038206853
2018-06-16,All-Floors,RPG,98,485,1230706,99883189121,14772379706,114655568827
2018-06-16,All-Floors,UG,213,883,2203781,192005977839,13949691157,205955668996
2018-06-16,All-Floors,Alumni,37,244,608148,67221477811,2131911767,69353389578
2018-06-16,All-Floors,Others(HKUST),14,83,856774,10601745998,2426655348,13028401346
2018-06-16,All-Floors,Non-HKUST,26,71,210663,40924505785,1769984973,42694490758
2018-06-16,All-Floors,Total,591,3138,9065933,753666956080,70725890379,824392846459
2018-06-17,1,Staff,14,72,325402,4721319190,2409864376,7131183566
2018-06-17,1,TPG,4,21,63145,3366125305,133179391,3499304696
2018-06-17,1,RPG,7,14,34238,15857409930,240752927,16098162857
2018-06-17,1,UG,8,35,125854,7100203051,562512862,7662715913
2018-06-17,1,Alumni,7,30,39366,3441186432,111393980,3552580412
2018-06-17,1,Others(HKUST),1,27,4201,199112511,14842936,213955447
2018-06-17,1,Non-HKUST,2,2,0,62400321,2036638,64436959
2018-06-17,1,Total,43,201,592206,34747756740,3474583110,38222339850
2018-06-17,G,Staff,13,55,151251,9006096952,409965521,9416062473
2018-06-17,G,TPG,15,45,88244,22276116353,1057611980,23333728333
2018-06-17,G,RPG,19,39,84821,2971776939,896825806,3868602745
2018-06-17,G,UG,15,40,93719,5069281291,399986414,5469267705
2018-06-17,G,Alumni,16,33,49539,5073989613,657778188,5731767801
2018-06-17,G,Others(HKUST),3,8,167960,1071297980,250946689,1322244669
2018-06-17,G,Non-HKUST,3,5,6640,504671828,41339899,546011727
2018-06-17,G,Total,84,225,642174,45973230956,3714454497,49687685453
2018-06-17,LG1,Staff,21,76,153106,32882395917,882100998,33764496915
2018-06-17,LG1,TPG,49,239,825144,80734529459,6407303367,87141832826
2018-06-17,LG1,RPG,36,86,176197,17707090305,3008899222,20715989527
2018-06-17,LG1,UG,66,249,773641,53795829473,5979478821,59775308294
2018-06-17,LG1,Alumni,18,75,171262,33246883486,1713284353,34960167839
2018-06-17,LG1,Others(HKUST),3,14,438497,2319249594,1198751016,3518000610
2018-06-17,LG1,Non-HKUST,7,12,24588,2272019516,162529514,2434549030
2018-06-17,LG1,Total,200,751,2562435,222957997750,19352347291,242310345041
2018-06-17,LG3,Staff,11,27,45095,1372522550,121652702,1494175252
2018-06-17,LG3,TPG,9,47,189212,21336076214,1046051982,22382128196
2018-06-17,LG3,RPG,13,46,111155,24083983805,1669377190,25753360995
2018-06-17,LG3,UG,10,44,82105,7589838587,717919126,8307757713
2018-06-17,LG3,Alumni,10,69,156850,23552078901,737096538,24289175439
2018-06-17,LG3,Others(HKUST),1,1,0,9173,6531,15704
2018-06-17,LG3,Non-HKUST,1,3,6710,89420531,20573017,109993548
2018-06-17,LG3,Total,55,237,591127,78023929761,4312677086,82336606847
2018-06-17,LG4,Staff,8,31,42028,6100627910,524299770,6624927680
2018-06-17,LG4,TPG,12,43,174151,7600694194,1035960792,8636654986
2018-06-17,LG4,RPG,16,66,205679,31868054340,6129992127,37998046467
2018-06-17,LG4,UG,17,33,66757,2678959683,183933908,2862893591
2018-06-17,LG4,Alumni,9,30,98447,1413830885,107940900,1521771785
2018-06-17,LG4,Others(HKUST),4,7,174041,3478062162,1005392836,4483454998
2018-06-17,LG4,Non-HKUST,4,9,16264,157972342,64965018,222937360
2018-06-17,LG4,Total,70,219,777367,53298201516,9052485351,62350686867
2018-06-17,All-Floors,Staff,43,261,716882,54082962519,4347883367,58430845886
2018-06-17,All-Floors,TPG,70,395,1339896,135313541525,9680107512,144993649037
2018-06-17,All-Floors,RPG,67,251,612090,92488315319,11945847272,104434162591
2018-06-17,All-Floors,UG,97,401,1142076,76234112085,7843831131,84077943216
2018-06-17,All-Floors,Alumni,38,237,515464,66727969317,3327493959,70055463276
2018-06-17,All-Floors,Others(HKUST),8,57,784699,7067731420,2469940008,9537671428
2018-06-17,All-Floors,Non-HKUST,16,31,54202,3086484538,291444086,3377928624
2018-06-17,All-Floors,Total,339,1633,5165309,435001116723,39906547335,474907664058
2018-06-18,1,Staff,5,24,233415,723320816,178432516,901753332
2018-06-18,1,TPG,0,0,0,0,0,0
2018-06-18,1,RPG,5,6,0,303354620,19518734,322873354
2018-06-18,1,UG,5,5,1196,24104846,10691240,34796086
2018-06-18,1,Alumni,1,1,0,248358,55163,303521
2018-06-18,1,Others(HKUST),0,0,0,0,0,0
2018-06-18,1,Non-HKUST,0,0,0,0,0,0
2018-06-18,1,Total,16,36,234611,1051028640,208697653,1259726293
2018-06-18,G,Staff,3,7,85802,1224100422,107014454,1331114876
2018-06-18,G,TPG,0,0,0,0,0,0
2018-06-18,G,RPG,0,0,0,0,0,0
2018-06-18,G,UG,1,1,0,25922,15716,41638
2018-06-18,G,Alumni,0,0,0,0,0,0
2018-06-18,G,Others(HKUST),4,4,207032,981561998,220204236,1201766234
2018-06-18,G,Non-HKUST,0,0,0,0,0,0
2018-06-18,G,Total,8,12,292834,2205688342,327234406,2532922748
2018-06-18,LG1,Staff,5,8,7795,73074928,9217585,82292513
2018-06-18,LG1,TPG,0,0,0,0,0,0
2018-06-18,LG1,RPG,5,5,1220,548377750,16073355,564451105
2018-06-18,LG1,UG,17,18,2402,3474270629,96292337,3570562966
2018-06-18,LG1,Alumni,0,0,0,0,0,0
2018-06-18,LG1,Others(HKUST),2,8,430799,2732700119,1325267889,4057968008
2018-06-18,LG1,Non-HKUST,0,0,0,0,0,0
2018-06-18,LG1,Total,29,39,442216,6828423426,1446851166,8275274592
2018-06-18,LG3,Staff,2,2,0,102721440,4351988,107073428
2018-06-18,LG3,TPG,1,1,0,200118,99557,299675
2018-06-18,LG3,RPG,0,0,0,0,0,0
2018-06-18,LG3,UG,1,1,0,3150902,376685,3527587
2018-06-18,LG3,Alumni,0,0,0,0,0,0
2018-06-18,LG3,Others(HKUST),1,2,0,15974510,4884833,20859343
2018-06-18,LG3,Non-HKUST,0,0,0,0,0,0
2018-06-18,LG3,Total,5,6,0,122046970,9713063,131760033
2018-06-18,LG4,Staff,1,1,0,0,0,0
2018-06-18,LG4,TPG,2,2,0,311437,165383,476820
2018-06-18,LG4,RPG,15,18,19799,2298235552,201838330,2500073882
2018-06-18,LG4,UG,15,18,1799,630215906,292896093,923111999
2018-06-18,LG4,Alumni,1,1,0,1099250941,50035466,1149286407
2018-06-18,LG4,Others(HKUST),4,5,173397,1288915102,688748394,1977663496
2018-06-18,LG4,Non-HKUST,2,3,0,724697,230512,955209
2018-06-18,LG4,Total,40,48,194995,5317653635,1233914178,6551567813
2018-06-18,All-Floors,Staff,16,42,327012,2123217606,299016543,2422234149
2018-06-18,All-Floors,TPG,3,3,0,511555,264940,776495
2018-06-18,All-Floors,RPG,24,29,21019,3149967922,237430419,3387398341
2018-06-18,All-Floors,UG,38,43,5397,4131768205,400272071,4532040276
2018-06-18,All-Floors,Alumni,2,2,0,1099499299,50090629,1149589928
2018-06-18,All-Floors,Others(HKUST),8,19,811228,5019151729,2239105352,7258257081
2018-06-18,All-Floors,Non-HKUST,2,3,0,724697,230512,955209
2018-06-18,All-Floors,Total,93,141,1164656,15524841013,3226410466,18751251479
2018-06-19,1,Staff,71,498,1218065,87885628474,8924387853,96810016327
2018-06-19,1,TPG,24,189,638597,60349231668,5280316323,65629547991
2018-06-19,1,RPG,12,38,116159,6751823253,415230018,7167053271
2018-06-19,1,UG,82,378,960203,71789880252,31797258919,103587139171
2018-06-19,1,Alumni,4,32,44348,2647473026,258252044,2905725070
2018-06-19,1,Others(HKUST),4,9,18072,1067675419,63951522,1131626941
2018-06-19,1,Non-HKUST,10,14,33591,636540052,162044808,798584860
2018-06-19,1,Total,207,1158,3029035,231128252144,46901441487,278029693631
2018-06-19,G,Staff,88,320,588484,25865190353,2622151950,28487342303
2018-06-19,G,TPG,73,185,395242,20716604113,4963616009,25680220122
2018-06-19,G,RPG,37,79,213433,16896907077,1554476223,18451383300
2018-06-19,G,UG,152,352,420944,55702044512,4485233251,60187277763
2018-06-19,G,Alumni,15,53,68523,5588304360,749998802,6338303162
2018-06-19,G,Others(HKUST),7,33,221527,2717911209,663069097,3380980306
2018-06-19,G,Non-HKUST,17,35,77320,2536050588,398446351,2934496939
2018-06-19,G,Total,389,1057,1985473,130023012212,15436991683,145460003895
2018-06-19,LG1,Staff,78,299,515984,57893903267,19005448941,76899352208
2018-06-19,LG1,TPG,107,586,1555059,111797516116,8994464241,120791980357
2018-06-19,LG1,RPG,93,367,937342,61607823156,7969649742,69577472898
2018-06-19,LG1,UG,307,1314,2886525,282266383092,52457082437,334723465529
2018-06-19,LG1,Alumni,17,71,270103,15486604803,2104311674,17590916477
2018-06-19,LG1,Others(HKUST),9,38,490337,4971217569,1652852700,6624070269
2018-06-19,LG1,Non-HKUST,17,55,184335,16236991769,7537019344,23774011113
2018-06-19,LG1,Total,628,2730,6839685,550260439772,99720829079,649981268851
2018-06-19,LG3,Staff,46,130,179767,27009950725,1825867025,28835817750
2018-06-19,LG3,TPG,38,287,1065371,69006875291,5776753481,74783628772
2018-06-19,LG3,RPG,52,180,490202,53225080872,5251143578,58476224450
2018-06-19,LG3,UG,98,351,466392,82721784344,7513670258,90235454602
2018-06-19,LG3,Alumni,9,59,156490,5863726343,561364775,6425091118
2018-06-19,LG3,Others(HKUST),3,3,0,83922746,5619537,89542283
2018-06-19,LG3,Non-HKUST,4,12,48789,3725098547,835588290,4560686837
2018-06-19,LG3,Total,250,1022,2407011,241636438868,21770006944,263406445812
2018-06-19,LG4,Staff,36,117,160944,12953961030,1827955669,14781916699
2018-06-19,LG4,TPG,30,242,781518,38028579732,4391094841,42419674573
2018-06-19,LG4,RPG,41,118,354275,35742724921,1701180378,37443905299
2018-06-19,LG4,UG,97,250,437380,49188550106,15664066680,64852616786
2018-06-19,LG4,Alumni,11,38,255071,6054368055,245194926,6299562981
2018-06-19,LG4,Others(HKUST),4,8,193227,1356487821,693861830,2050349651
2018-06-19,LG4,Non-HKUST,7,9,8490,17378747,4548274,21927021
2018-06-19,LG4,Total,226,782,2190905,143342050412,24527902598,167869953010
2018-06-19,All-Floors,Staff,204,1364,2663244,211608633849,34205811438,245814445287
2018-06-19,All-Floors,TPG,179,1489,4435787,299898806920,29406244895,329305051815
2018-06-19,All-Floors,RPG,167,782,2111411,174224359279,16891679939,191116039218
2018-06-19,All-Floors,UG,503,2645,5171444,541668642306,111917311545,653585953851
2018-06-19,All-Floors,Alumni,33,253,794535,35640476587,3919122221,39559598808
2018-06-19,All-Floors,Others(HKUST),20,91,923163,10197214764,3079354686,13276569450
2018-06-19,All-Floors,Non-HKUST,45,125,352525,23152059703,8937647067,32089706770
2018-06-19,All-Floors,Total,1151,6749,16452109,1296390193408,208357171791,1504747365199
2018-06-20,1,Staff,62,409,1089104,28090599010,5042168174,33132767184
2018-06-20,1,TPG,28,203,537023,15601085276,1088276310,16689361586
2018-06-20,1,RPG,12,62,184056,15021177208,3168954482,18190131690
2018-06-20,1,UG,61,347,1124975,123465782041,23181100711,146646882752
2018-06-20,1,Alumni,8,54,137860,7348675880,376667175,7725343055
2018-06-20,1,Others(HKUST),3,25,40190,1426197028,91908161,1518105189
2018-06-20,1,Non-HKUST,8,24,86454,3289400647,199826914,3489227561
2018-06-20,1,Total,182,1124,3199662,194242917090,33148901927,227391819017
2018-06-20,G,Staff,83,281,420658,16237966846,1833119123,18071085969
2018-06-20,G,TPG,55,114,124224,15873073251,2024059986,17897133237
2018-06-20,G,RPG,44,87,157232,5913004359,441925303,6354929662
2018-06-20,G,UG,140,322,437456,38344318782,3246679844,41590998626
2018-06-20,G,Alumni,18,57,94985,3027328800,196382901,3223711701
2018-06-20,G,Others(HKUST),8,35,230530,1627508287,431768077,2059276364
2018-06-20,G,Non-HKUST,17,39,41989,2113295398,129817058,2243112456
2018-06-20,G,Total,365,935,1507074,83136495723,8303752292,91440248015
2018-06-20,LG1,Staff,87,285,477228,28467875273,4090501463,32558376736
2018-06-20,LG1,TPG,113,633,1895122,137655595397,15970787159,153626382556
2018-06-20,LG1,RPG,95,422,1218151,68231452615,9046842233,77278294848
2018-06-20,LG1,UG,328,1505,3749659,361685849916,60826414243,422512264159
2018-06-20,LG1,Alumni,18,102,322615,15878743692,795024058,16673767750
2018-06-20,LG1,Others(HKUST),10,29,623237,6188891136,2874423517,9063314653
2018-06-20,LG1,Non-HKUST,23,98,214048,27474238224,2037588323,29511826547
2018-06-20,LG1,Total,674,3074,8500060,645582646253,95641580996,741224227249
2018-06-20,LG3,Staff,44,134,262016,12689618134,870048295,13559666429
2018-06-20,LG3,TPG,46,392,1175287,144774071895,22999597381,167773669276
2018-06-20,LG3,RPG,38,184,463002,63737947917,3019406596,66757354513
2018-06-20,LG3,UG,95,389,697468,66032074506,5072531605,71104606111
2018-06-20,LG3,Alumni,9,70,166052,5918184874,177607923,6095792797
2018-06-20,LG3,Others(HKUST),1,1,600,8144211,59112024,67256235
2018-06-20,LG3,Non-HKUST,4,8,37869,1844672149,104624031,1949296180
2018-06-20,LG3,Total,237,1178,2802294,295004713686,32302927855,327307641541
2018-06-20,LG4,Staff,45,144,150605,8731449967,1930776595,10662226562
2018-06-20,LG4,TPG,31,220,821833,52960813711,5204806529,58165620240
2018-06-20,LG4,RPG,36,126,326779,46554207092,4498870198,51053077290
2018-06-20,LG4,UG,139,394,835780,85066104975,10244375335,95310480310
2018-06-20,LG4,Alumni,6,26,169467,5704189287,193409829,5897599116
2018-06-20,LG4,Others(HKUST),4,8,173401,1402335944,759467653,2161803597
2018-06-20,LG4,Non-HKUST,7,10,31216,1102381085,39854052,1142235137
2018-06-20,LG4,Total,268,928,2509081,201521482061,22871560191,224393042252
2018-06-20,All-Floors,Staff,209,1253,2399611,94217509230,13766613650,107984122880
2018-06-20,All-Floors,TPG,163,1562,4553489,366864639530,47287527365,414152166895
2018-06-20,All-Floors,RPG,176,881,2349220,199457789191,20175998812,219633788003
2018-06-20,All-Floors,UG,551,2957,6845338,674594130220,102571101738,777165231958
2018-06-20,All-Floors,Alumni,38,309,890979,37877122533,1739091886,39616214419
2018-06-20,All-Floors,Others(HKUST),18,98,1067958,10653076606,4216679432,14869756038
2018-06-20,All-Floors,Non-HKUST,42,179,411576,35823987503,2511710378,38335697881
2018-06-20,All-Floors,Total,1197,7239,18518171,1419488254813,192268723261,1611756978074
2018-06-21,1,Staff,64,447,1273991,81679329767,6986208421,88665538188
2018-06-21,1,TPG,26,202,691678,34845897818,3487767918,38333665736
2018-06-21,1,RPG,18,66,177037,13806905793,1027035820,14833941613
2018-06-21,1,UG,58,324,858898,101671037020,14445114808,116116151828
2018-06-21,1,Alumni,4,13,22165,7338880459,198254852,7537135311
2018-06-21,1,Others(HKUST),5,25,28236,349130202,119076351,468206553
2018-06-21,1,Non-HKUST,5,16,34832,4399187369,523735138,4922922507
2018-06-21,1,Total,180,1093,3086837,244090368428,26787193308,270877561736
2018-06-21,G,Staff,86,303,632393,29317334736,2715806841,32033141577
2018-06-21,G,TPG,65,195,343923,39781965517,2993710249,42775675766
2018-06-21,G,RPG,47,108,178944,20403353062,1666926020,22070279082
2018-06-21,G,UG,128,265,424665,48449166766,2913999794,51363166560
2018-06-21,G,Alumni,16,73,186472,13933948110,507179530,14441127640
2018-06-21,G,Others(HKUST),10,24,227548,1858499997,562691839,2421191836
2018-06-21,G,Non-HKUST,23,60,162314,7502222120,471097821,7973319941
2018-06-21,G,Total,375,1028,2156259,161246490308,11831412094,173077902402
2018-06-21,LG1,Staff,110,446,738075,81844430478,15818931815,97663362293
2018-06-21,LG1,TPG,111,584,2150729,148348376205,20213136587,168561512792
2018-06-21,LG1,RPG,89,407,1056297,67499666590,6567056276,74066722866
2018-06-21,LG1,UG,327,1524,3803046,480773855550,55114547119,535888402669
2018-06-21,LG1,Alumni,21,150,469951,35732490875,3317526266,39050017141
2018-06-21,LG1,Others(HKUST),9,17,459673,3521937366,1228090537,4750027903
2018-06-21,LG1,Non-HKUST,22,83,219184,10520452712,1047601365,11568054077
2018-06-21,LG1,Total,689,3211,8896955,828241209776,103306889965,931548099741
2018-06-21,LG3,Staff,46,134,224516,8165592329,1622119361,9787711690
2018-06-21,LG3,TPG,40,435,1343934,62759712464,11565733018,74325445482
2018-06-21,LG3,RPG,41,194,615646,176155924327,4022374611,180178298938
2018-06-21,LG3,UG,86,332,735572,71963092108,4350663888,76313755996
2018-06-21,LG3,Alumni,7,62,131791,2217299815,135598839,2352898654
2018-06-21,LG3,Others(HKUST),2,9,16889,693658243,1341440298,2035098541
2018-06-21,LG3,Non-HKUST,3,7,2992,678519114,56121561,734640675
2018-06-21,LG3,Total,225,1173,3071340,322633798400,23094051576,345727849976
2018-06-21,LG4,Staff,56,118,198663,10859222198,1668748498,12527970696
2018-06-21,LG4,TPG,27,204,811771,38238123509,6856113621,45094237130
2018-06-21,LG4,RPG,59,180,642546,41859060900,2384270619,44243331519
2018-06-21,LG4,UG,108,249,570263,56767690673,3359756530,60127447203
2018-06-21,LG4,Alumni,8,29,185343,4259556961,2274707523,6534264484
2018-06-21,LG4,Others(HKUST),6,15,223279,4362769937,1237755659,5600525596
2018-06-21,LG4,Non-HKUST,5,6,1200,8802807524,477883429,9280690953
2018-06-21,LG4,Total,269,801,2633065,165149231702,18259235879,183408467581
2018-06-21,All-Floors,Staff,228,1448,3067638,211865909508,28811814936,240677724444
2018-06-21,All-Floors,TPG,185,1620,5342035,323974075513,45116461393,369090536906
2018-06-21,All-Floors,RPG,184,955,2670470,319724910672,15667663346,335392574018
2018-06-21,All-Floors,UG,524,2694,6392444,759624842117,80184082139,839808924256
2018-06-21,All-Floors,Alumni,37,327,995722,63482176220,6433267010,69915443230
2018-06-21,All-Floors,Others(HKUST),22,90,955625,10785995745,4489054684,15275050429
2018-06-21,All-Floors,Non-HKUST,42,172,420522,31903188839,2576439314,34479628153
2018-06-21,All-Floors,Total,1222,7306,19844456,1721361098614,183278782822,1904639881436
2018-06-22,1,Staff,59,398,1119911,82764018498,6685213501,89449231999
2018-06-22,1,TPG,27,231,740797,60891512149,8005273456,68896785605
2018-06-22,1,RPG,10,67,216497,6237113979,710229329,6947343308
2018-06-22,1,UG,53,337,896690,133875430846,6910668175,140786099021
2018-06-22,1,Alumni,3,34,15031,1196778435,24767151,1221545586
2018-06-22,1,Others(HKUST),5,20,32442,2666326906,192916155,2859243061
2018-06-22,1,Non-HKUST,7,27,74204,4094353954,349949612,4444303566
2018-06-22,1,Total,164,1114,3095572,291725534767,22879017379,314604552146
2018-06-22,G,Staff,89,288,457808,24012144213,1797521880,25809666093
2018-06-22,G,TPG,48,141,262998,15699205155,1019169402,16718374557
2018-06-22,G,RPG,38,97,190645,10056672493,1203009881,11259682374
2018-06-22,G,UG,114,313,494851,45072501482,17715812863,62788314345
2018-06-22,G,Alumni,12,24,104306,4772897580,148550471,4921448051
2018-06-22,G,Others(HKUST),12,26,235807,2542459884,339746815,2882206699
2018-06-22,G,Non-HKUST,10,52,77404,9373130083,5472164247,14845294330
2018-06-22,G,Total,323,941,1823819,111529010890,27695975559,139224986449
2018-06-22,LG1,Staff,107,355,762567,60941823585,6609157637,67550981222
2018-06-22,LG1,TPG,87,559,1733233,179508424127,17566996053,197075420180
2018-06-22,LG1,RPG,79,366,854729,65715484229,9521364018,75236848247
2018-06-22,LG1,UG,288,1288,3065728,307337215942,52091022986,359428238928
2018-06-22,LG1,Alumni,11,93,220703,10847833148,506704855,11354538003
2018-06-22,LG1,Others(HKUST),14,52,540698,7246497025,1599042177,8845539202
2018-06-22,LG1,Non-HKUST,24,93,246904,24650073055,1451661763,26101734818
2018-06-22,LG1,Total,610,2806,7424562,656247351111,89345949489,745593300600
2018-06-22,LG3,Staff,40,137,225552,15166442079,1066006372,16232448451
2018-06-22,LG3,TPG,33,329,967665,52840533512,16282528698,69123062210
2018-06-22,LG3,RPG,28,138,421592,51252492600,6954434809,58206927409
2018-06-22,LG3,UG,59,266,638218,69399752828,3477866781,72877619609
2018-06-22,LG3,Alumni,6,46,186839,2680172327,220748336,2900920663
2018-06-22,LG3,Others(HKUST),4,4,2392,160598478,9932421,170530899
2018-06-22,LG3,Non-HKUST,3,7,28158,1533143219,247769136,1780912355
2018-06-22,LG3,Total,173,927,2470416,193033135043,28259286553,221292421596
2018-06-22,LG4,Staff,52,149,222899,11654171443,1113548620,12767720063
2018-06-22,LG4,TPG,20,127,488407,33704942400,4453230012,38158172412
2018-06-22,LG4,RPG,34,117,397344,13084258406,605794553,13690052959
2018-06-22,LG4,UG,88,294,619641,316916203487,17457398797,334373602284
2018-06-22,LG4,Alumni,7,38,234901,10531010048,4517452199,15048462247
2018-06-22,LG4,Others(HKUST),5,10,172798,1854734398,788097731,2642832129
2018-06-22,LG4,Non-HKUST,6,12,4795,385105936,32498703,417604639
2018-06-22,LG4,Total,212,747,2140785,388130426118,28968020615,417098446733
2018-06-22,All-Floors,Staff,232,1327,2788737,194538599818,17271448010,211810047828
2018-06-22,All-Floors,TPG,146,1387,4193100,342644617343,47327197621,389971814964
2018-06-22,All-Floors,RPG,141,785,2080807,146346021707,18994832590,165340854297
2018-06-22,All-Floors,UG,457,2498,5715128,872601104585,97652769602,970253874187
2018-06-22,All-Floors,Alumni,28,235,761780,30028691538,5418223012,35446914550
2018-06-22,All-Floors,Others(HKUST),27,112,984137,14470616691,2929735299,17400351990
2018-06-22,All-Floors,Non-HKUST,37,191,431465,40035806247,7554043461,47589849708
2018-06-22,All-Floors,Total,1068,6535,16955154,1640665457929,197148249595,1837813707524
2018-06-23,1,Staff,13,67,342136,5056565164,639483833,5696048997
2018-06-23,1,TPG,9,81,186638,152036576776,3236227596,155272804372
2018-06-23,1,RPG,7,25,79242,8593673628,483798167,9077471795
2018-06-23,1,UG,32,225,683552,609827891230,23579472702,633407363932
2018-06-23,1,Alumni,7,28,61778,2395997260,189845580,2585842840
2018-06-23,1,Others(HKUST),2,22,26997,2300430632,62252945,2362683577
2018-06-23,1,Non-HKUST,0,0,0,0,0,0
2018-06-23,1,Total,70,448,1380343,780211134690,28191080823,808402215513
2018-06-23,G,Staff,20,91,135038,11047545152,1284916261,12332461413
2018-06-23,G,TPG,19,43,70197,1936311142,177748278,2114059420
2018-06-23,G,RPG,27,55,78684,6359811769,704652194,7064463963
2018-06-23,G,UG,95,304,428957,45984637848,3270079485,49254717333
2018-06-23,G,Alumni,16,54,103248,17285226208,678131269,17963357477
2018-06-23,G,Others(HKUST),7,34,234006,1754874897,326399425,2081274322
2018-06-23,G,Non-HKUST,7,10,5405,641218886,155345576,796564462
2018-06-23,G,Total,191,591,1055535,85009625902,6597272488,91606898390
2018-06-23,LG1,Staff,38,128,309529,16475715182,3000312618,19476027800
2018-06-23,LG1,TPG,50,267,813469,81571215507,13554622575,95125838082
2018-06-23,LG1,RPG,53,287,582131,66449301840,11872095064,78321396904
2018-06-23,LG1,UG,182,958,2436391,300068030044,20079704833,320147734877
2018-06-23,LG1,Alumni,11,34,122977,5644431911,9917487475,15561919386
2018-06-23,LG1,Others(HKUST),5,24,442790,3847659413,1704759438,5552418851
2018-06-23,LG1,Non-HKUST,17,79,313886,18564797619,1978724440,20543522059
2018-06-23,LG1,Total,356,1777,5021173,492621151516,62107706443,554728857959
2018-06-23,LG3,Staff,8,43,101397,3710559440,267191960,3977751400
2018-06-23,LG3,TPG,9,48,107390,39451581583,1784654095,41236235678
2018-06-23,LG3,RPG,22,99,351727,39377100015,10278967642,49656067657
2018-06-23,LG3,UG,46,185,366566,37525263782,3832314522,41357578304
2018-06-23,LG3,Alumni,8,58,97758,30200911763,18527530514,48728442277
2018-06-23,LG3,Others(HKUST),1,1,0,18996682,3669868,22666550
2018-06-23,LG3,Non-HKUST,3,8,47437,744794047,419472777,1164266824
2018-06-23,LG3,Total,97,442,1072275,151029207312,35113801378,186143008690
2018-06-23,LG4,Staff,9,10,6604,2367334788,353569090,2720903878
2018-06-23,LG4,TPG,20,99,466886,17456260039,3407475197,20863735236
2018-06-23,LG4,RPG,35,106,320290,24517877638,1835251722,26353129360
2018-06-23,LG4,UG,70,181,336606,35406627646,4125590106,39532217752
2018-06-23,LG4,Alumni,11,61,284400,20185968607,1072680741,21258649348
2018-06-23,LG4,Others(HKUST),3,12,173401,1841417251,1047635389,2889052640
2018-06-23,LG4,Non-HKUST,10,26,39592,972170561,430075025,1402245586
2018-06-23,LG4,Total,158,495,1627779,102747656530,12272277270,115019933800
2018-06-23,All-Floors,Staff,67,339,894704,38657719726,5545473762,44203193488
2018-06-23,All-Floors,TPG,79,538,1644580,292451945047,22160727741,314612672788
2018-06-23,All-Floors,RPG,112,572,1412074,145297764890,25174764789,170472529679
2018-06-23,All-Floors,UG,297,1853,4252072,1028812450550,54887161648,1083699612198
2018-06-23,All-Floors,Alumni,36,235,670161,75712535749,30385675579,106098211328
2018-06-23,All-Floors,Others(HKUST),9,93,877194,9763378875,3144717065,12908095940
2018-06-23,All-Floors,Non-HKUST,28,123,406320,20922981113,2983617818,23906598931
2018-06-23,All-Floors,Total,628,3753,10157105,1611618775950,144282138402,1755900914352
2018-06-24,1,Staff,11,51,288033,3640747301,187364568,3828111869
2018-06-24,1,TPG,14,85,217172,50735783641,2184488669,52920272310
2018-06-24,1,RPG,5,16,37200,5757868908,170357867,5928226775
2018-06-24,1,UG,23,118,325778,25937940341,1512211475,27450151816
2018-06-24,1,Alumni,7,43,91767,3853646437,258504776,4112151213
2018-06-24,1,Others(HKUST),1,1,0,544461,206944,751405
2018-06-24,1,Non-HKUST,3,10,10195,641214984,96343251,737558235
2018-06-24,1,Total,64,324,970145,90567746073,4409477550,94977223623
2018-06-24,G,Staff,14,54,63015,3347921159,374884920,3722806079
2018-06-24,G,TPG,15,37,96000,11783017093,589105309,12372122402
2018-06-24,G,RPG,24,74,105608,5178365108,2935307380,8113672488
2018-06-24,G,UG,48,168,371522,52384833851,3318603285,55703437136
2018-06-24,G,Alumni,13,26,63578,6236594159,345458151,6582052310
2018-06-24,G,Others(HKUST),7,32,237020,24028049995,830563040,24858613035
2018-06-24,G,Non-HKUST,8,10,22205,1612957364,165528855,1778486219
2018-06-24,G,Total,129,401,958948,104571738729,8559450940,113131189669
2018-06-24,LG1,Staff,20,73,169195,11449101501,1148202003,12597303504
2018-06-24,LG1,TPG,33,148,428345,70262776059,4135907434,74398683493
2018-06-24,LG1,RPG,50,186,498040,54182597758,2771664153,56954261911
2018-06-24,LG1,UG,108,479,1259785,124948832111,15356860530,140305692641
2018-06-24,LG1,Alumni,9,17,58192,4403527786,341151162,4744678948
2018-06-24,LG1,Others(HKUST),6,18,477003,5780122358,1142897189,6923019547
2018-06-24,LG1,Non-HKUST,12,36,113986,26083588218,1934788251,28018376469
2018-06-24,LG1,Total,238,957,3004546,297110545791,26831470722,323942016513
2018-06-24,LG3,Staff,7,17,61797,1689786545,760546916,2450333461
2018-06-24,LG3,TPG,8,46,115798,6573808843,311283498,6885092341
2018-06-24,LG3,RPG,17,73,263921,15690548410,1197161747,16887710157
2018-06-24,LG3,UG,22,50,124218,13845554307,929120236,14774674543
2018-06-24,LG3,Alumni,7,21,36592,654581035,37859555,692440590
2018-06-24,LG3,Others(HKUST),3,9,4198,7423418974,192271160,7615690134
2018-06-24,LG3,Non-HKUST,4,12,20394,4090580595,171626132,4262206727
2018-06-24,LG3,Total,68,228,626918,49968278709,3599869244,53568147953
2018-06-24,LG4,Staff,7,11,11993,2342054438,104301270,2446355708
2018-06-24,LG4,TPG,8,48,132637,6225004605,367128933,6592133538
2018-06-24,LG4,RPG,25,68,203344,6101655482,546898715,6648554197
2018-06-24,LG4,UG,44,98,216663,21289682014,2013662072,23303344086
2018-06-24,LG4,Alumni,12,39,151196,7494246596,189959296,7684205892
2018-06-24,LG4,Others(HKUST),4,7,172798,6117860487,804081099,6921941586
2018-06-24,LG4,Non-HKUST,5,10,20396,265663252,51522104,317185356
2018-06-24,LG4,Total,105,281,909027,49836166874,4077553489,53913720363
2018-06-24,All-Floors,Staff,46,206,594033,22469610944,2575299677,25044910621
2018-06-24,All-Floors,TPG,64,364,989952,145580390241,7587913843,153168304084
2018-06-24,All-Floors,RPG,98,417,1108113,86911035666,7621389862,94532425528
2018-06-24,All-Floors,UG,194,913,2297966,238406842624,23130457598,261537300222
2018-06-24,All-Floors,Alumni,32,146,401325,22642596013,1172932940,23815528953
2018-06-24,All-Floors,Others(HKUST),11,67,891019,43349996275,2970019432,46320015707
2018-06-24,All-Floors,Non-HKUST,25,78,187176,32694004413,2419808593,35113813006
2018-06-24,All-Floors,Total,470,2191,6469584,592054476176,47477821945,639532298121
2018-06-25,1,Staff,61,398,995278,88271841712,12739207084,101011048796
2018-06-25,1,TPG,18,108,373084,17614151040,1215211107,18829362147
2018-06-25,1,RPG,12,59,149629,8573373029,1756489531,10329862560
2018-06-25,1,UG,98,520,1448457,101873553532,12065756297,113939309829
2018-06-25,1,Alumni,3,32,39593,1877058967,76693002,1953751969
2018-06-25,1,Others(HKUST),5,23,41501,1712030934,207750701,1919781635
2018-06-25,1,Non-HKUST,15,45,143187,11314339292,1008041790,12322381082
2018-06-25,1,Total,212,1185,3190729,231236348506,29069149512,260305498018
2018-06-25,G,Staff,95,369,574454,16230529215,4945229181,21175758396
2018-06-25,G,TPG,55,209,506486,26680454181,7449728376,34130182557
2018-06-25,G,RPG,38,110,230423,16434526902,1528728567,17963255469
2018-06-25,G,UG,146,371,549774,40477938570,4246817358,44724755928
2018-06-25,G,Alumni,13,35,68605,3907687786,296566276,4204254062
2018-06-25,G,Others(HKUST),9,36,180792,6477075215,528344970,7005420185
2018-06-25,G,Non-HKUST,21,82,114344,18592513318,1129163097,19721676415
2018-06-25,G,Total,377,1212,2224878,128800725187,20124577825,148925303012
2018-06-25,LG1,Staff,79,285,540927,44952393780,7746001337,52698395117
2018-06-25,LG1,TPG,67,378,1092540,161852218834,27574948740,189427167574
2018-06-25,LG1,RPG,87,381,971232,76204125288,10856007780,87060133068
2018-06-25,LG1,UG,351,1740,4307609,396520882012,42644003720,439164885732
2018-06-25,LG1,Alumni,13,35,121953,12122591995,1057990360,13180582355
2018-06-25,LG1,Others(HKUST),14,35,488516,3058515119,1368718536,4427233655
2018-06-25,LG1,Non-HKUST,37,137,279030,20234240996,2324026743,22558267739
2018-06-25,LG1,Total,648,2991,7801807,714944968024,93571697216,808516665240
2018-06-25,LG3,Staff,40,115,177340,7137599868,1146242097,8283841965
2018-06-25,LG3,TPG,15,124,379857,36754502419,2881887511,39636389930
2018-06-25,LG3,RPG,32,185,511299,52501043093,19177671906,71678714999
2018-06-25,LG3,UG,69,272,473562,103571121299,4546300727,108117422026
2018-06-25,LG3,Alumni,9,72,129915,9698262298,325085744,10023348042
2018-06-25,LG3,Others(HKUST),2,2,6583,665912427,17783103,683695530
2018-06-25,LG3,Non-HKUST,4,28,56529,1529785090,865711995,2395497085
2018-06-25,LG3,Total,171,798,1735085,211858226494,28960683083,240818909577
2018-06-25,LG4,Staff,49,139,138560,10322969488,878450458,11201419946
2018-06-25,LG4,TPG,18,86,333515,25831487534,5035591660,30867079194
2018-06-25,LG4,RPG,35,158,324775,20781574096,2177311141,22958885237
2018-06-25,LG4,UG,105,325,677856,70370574034,4123626107,74494200141
2018-06-25,LG4,Alumni,8,21,116250,2564330547,116818062,2681148609
2018-06-25,LG4,Others(HKUST),5,14,190201,3316060896,982662305,4298723201
2018-06-25,LG4,Non-HKUST,10,20,8378,2007819934,6813313170,8821133104
2018-06-25,LG4,Total,230,763,1789535,135194816529,20127772903,155322589432
2018-06-25,All-Floors,Staff,210,1306,2426559,166915334063,27455130157,194370464220
2018-06-25,All-Floors,TPG,117,905,2685482,268732814008,44157367394,312890181402
2018-06-25,All-Floors,RPG,161,893,2187358,174494642408,35496208925,209990851333
2018-06-25,All-Floors,UG,565,3228,7457258,712814069447,67626504209,780440573656
2018-06-25,All-Floors,Alumni,28,195,476316,30169931593,1873153444,32043085037
2018-06-25,All-Floors,Others(HKUST),24,110,907593,15229594591,3105259615,18334854206
2018-06-25,All-Floors,Non-HKUST,57,312,601468,53678698630,12140256795,65818955425
2018-06-25,All-Floors,Total,1162,6949,16742034,1422035084740,191853880539,1613888965279
2018-06-26,1,Staff,67,420,1098878,49839993166,3793548180,53633541346
2018-06-26,1,TPG,18,170,460451,108274552545,4598225029,112872777574
2018-06-26,1,RPG,12,69,202823,13791978357,2897272468,16689250825
2018-06-26,1,UG,91,387,1130341,136573257192,7657364076,144230621268
2018-06-26,1,Alumni,3,40,53924,5500620858,221020926,5721641784
2018-06-26,1,Others(HKUST),3,24,14447,700667145,234403353,935070498
2018-06-26,1,Non-HKUST,15,57,157060,8643100687,793023461,9436124148
2018-06-26,1,Total,209,1167,3117924,323324169950,20194857493,343519027443
2018-06-26,G,Staff,103,379,768944,58728752324,5315394526,64044146850
2018-06-26,G,TPG,43,137,270146,16046957177,1818949547,17865906724
2018-06-26,G,RPG,60,151,223197,28174832423,1536814367,29711646790
2018-06-26,G,UG,122,277,336461,44116351998,3763909014,47880261012
2018-06-26,G,Alumni,14,34,94180,2170203989,153758638,2323962627
2018-06-26,G,Others(HKUST),9,39,153068,3338362755,1111120826,4449483581
2018-06-26,G,Non-HKUST,25,66,132739,11729733718,728238926,12457972644
2018-06-26,G,Total,376,1083,1978735,164305194384,14428185844,178733380228
2018-06-26,LG1,Staff,82,295,631968,25093067714,1912719723,27005787437
2018-06-26,LG1,TPG,71,453,1652184,115460663237,21549259001,137009922238
2018-06-26,LG1,RPG,110,537,1432424,103750200932,9702031304,113452232236
2018-06-26,LG1,UG,349,1630,4019769,428371523437,56010479283,484382002720
2018-06-26,LG1,Alumni,11,39,82729,5884923212,2291179434,8176102646
2018-06-26,LG1,Others(HKUST),13,42,474067,7243514869,2479979087,9723493956
2018-06-26,LG1,Non-HKUST,25,109,293190,12797055445,1485075178,14282130623
2018-06-26,LG1,Total,661,3105,8586331,698600948846,95430723010,794031671856
2018-06-26,LG3,Staff,39,105,156291,12816254930,904006711,13720261641
2018-06-26,LG3,TPG,19,128,390796,58109681907,2469343923,60579025830
2018-06-26,LG3,RPG,36,204,427064,35540038386,3024679706,38564718092
2018-06-26,LG3,UG,91,339,651957,87321066617,11139911327,98460977944
2018-06-26,LG3,Alumni,9,84,109118,13680964891,642269179,14323234070
2018-06-26,LG3,Others(HKUST),2,2,0,8231395,31924442,40155837
2018-06-26,LG3,Non-HKUST,4,9,5971,507989511,14586133,522575644
2018-06-26,LG3,Total,200,871,1741197,207984227637,18226721421,226210949058
2018-06-26,LG4,Staff,53,111,95479,11875879789,1324107436,13199987225
2018-06-26,LG4,TPG,18,106,400695,24443742856,1708439651,26152182507
2018-06-26,LG4,RPG,42,108,370942,11687692275,1481077342,13168769617
2018-06-26,LG4,UG,106,370,820388,113418983931,8906098914,122325082845
2018-06-26,LG4,Alumni,9,43,135906,3454336111,158005444,3612341555
2018-06-26,LG4,Others(HKUST),10,22,197406,2928950118,908354118,3837304236
2018-06-26,LG4,Non-HKUST,6,23,57632,2728988430,296859294,3025847724
2018-06-26,LG4,Total,244,783,2078448,170538573510,14782942199,185321515709
2018-06-26,All-Floors,Staff,218,1310,2751560,158353947923,13249776576,171603724499
2018-06-26,All-Floors,TPG,123,994,3174272,322335597722,32144217151,354479814873
2018-06-26,All-Floors,RPG,196,1069,2656450,192944742373,18641875187,211586617560
2018-06-26,All-Floors,UG,544,3003,6958916,809801183175,87477762614,897278945789
2018-06-26,All-Floors,Alumni,32,240,475857,30691049061,3466233621,34157282682
2018-06-26,All-Floors,Others(HKUST),22,129,838988,14219726282,4765781826,18985508108
2018-06-26,All-Floors,Non-HKUST,56,264,646592,36406867791,3317782992,39724650783
2018-06-26,All-Floors,Total,1191,7009,17502635,1564753114327,163063429967,1727816544294
2018-06-27,1,Staff,72,442,1173727,48020827479,7294319540,55315147019
2018-06-27,1,TPG,8,68,185061,10662172955,877873794,11540046749
2018-06-27,1,RPG,13,75,133808,8531980286,2115261269,10647241555
2018-06-27,1,UG,45,195,546503,28738241379,4013849886,32752091265
2018-06-27,1,Alumni,2,8,24564,2330884669,86330745,2417215414
2018-06-27,1,Others(HKUST),3,10,19263,411463041,47635683,459098724
2018-06-27,1,Non-HKUST,11,24,49245,7107823336,324256613,7432079949
2018-06-27,1,Total,154,822,2132171,105803393145,14759527530,120562920675
2018-06-27,G,Staff,91,346,593468,28526393182,3618753587,32145146769
2018-06-27,G,TPG,38,137,314644,49653087696,11114675275,60767762971
2018-06-27,G,RPG,45,111,201071,9098105400,4832936602,13931042002
2018-06-27,G,UG,149,396,523191,61196946409,4162843480,65359789889
2018-06-27,G,Alumni,12,33,49848,1231853446,120738963,1352592409
2018-06-27,G,Others(HKUST),10,39,143391,1723328686,682170923,2405499609
2018-06-27,G,Non-HKUST,18,65,139303,7867537109,456571721,8324108830
2018-06-27,G,Total,363,1127,1964916,159297251928,24988690551,184285942479
2018-06-27,LG1,Staff,80,321,755361,61937165298,9403624420,71340789718
2018-06-27,LG1,TPG,74,521,1577521,150203906480,31181205773,181385112253
2018-06-27,LG1,RPG,90,458,993412,98954623448,10398032360,109352655808
2018-06-27,LG1,UG,398,2067,4869071,497158195562,113664738785,610822934347
2018-06-27,LG1,Alumni,10,60,133229,20025194322,1072382378,21097576700
2018-06-27,LG1,Others(HKUST),12,39,483698,3395032199,1464809859,4859842058
2018-06-27,LG1,Non-HKUST,29,90,239885,18376754143,2060107510,20436861653
2018-06-27,LG1,Total,693,3556,9052177,850050871452,169244901085,1019295772537
2018-06-27,LG3,Staff,43,110,122713,11807034799,871671273,12678706072
2018-06-27,LG3,TPG,16,77,331647,24537416394,2386748265,26924164659
2018-06-27,LG3,RPG,52,240,674102,52321075814,3306516424,55627592238
2018-06-27,LG3,UG,94,342,880763,99944032596,5654221227,105598253823
2018-06-27,LG3,Alumni,7,35,87448,2638110619,343785020,2981895639
2018-06-27,LG3,Others(HKUST),1,1,0,121300,74695,195995
2018-06-27,LG3,Non-HKUST,7,22,66623,2293494123,366890366,2660384489
2018-06-27,LG3,Total,220,827,2163296,193541285645,12929907270,206471192915
2018-06-27,LG4,Staff,48,96,176992,15063825021,1596013291,16659838312
2018-06-27,LG4,TPG,24,122,395885,51826699656,9012898918,60839598574
2018-06-27,LG4,RPG,41,140,338781,17513163465,1082064354,18595227819
2018-06-27,LG4,UG,140,397,979038,80272561927,13949544224,94222106151
2018-06-27,LG4,Alumni,10,36,155757,4760028622,196879930,4956908552
2018-06-27,LG4,Others(HKUST),5,11,298814,5453995618,2286625299,7740620917
2018-06-27,LG4,Non-HKUST,9,10,13202,5525740195,204923016,5730663211
2018-06-27,LG4,Total,277,812,2358469,180416014504,28328949032,208744963536
2018-06-27,All-Floors,Staff,209,1315,2822261,165355245779,22784382111,188139627890
2018-06-27,All-Floors,TPG,120,925,2804758,286883283181,54573402025,341456685206
2018-06-27,All-Floors,RPG,175,1024,2341174,186418948413,21734811009,208153759422
2018-06-27,All-Floors,UG,586,3397,7798566,767309977873,141445197602,908755175475
2018-06-27,All-Floors,Alumni,24,172,450846,30986071678,1820117036,32806188714
2018-06-27,All-Floors,Others(HKUST),19,100,945166,10983940844,4481316459,15465257303
2018-06-27,All-Floors,Non-HKUST,54,211,508258,41171348906,3412749226,44584098132
2018-06-27,All-Floors,Total,1187,7144,17671029,1489108816674,250251975468,1739360792142
2018-06-28,1,Staff,69,440,1164766,41761153723,4461596051,46222749774
2018-06-28,1,TPG,12,82,200311,9537772741,574212439,10111985180
2018-06-28,1,RPG,13,77,196314,11564562676,1209434792,12773997468
2018-06-28,1,UG,63,321,870564,75000110104,8826909259,83827019363
2018-06-28,1,Alumni,3,10,10829,2866748128,257668099,3124416227
2018-06-28,1,Others(HKUST),5,33,54060,1955603163,245026319,2200629482
2018-06-28,1,Non-HKUST,6,17,61702,7382789776,418285061,7801074837
2018-06-28,1,Total,171,980,2558546,150068740311,15993132020,166061872331
2018-06-28,G,Staff,108,335,559677,19342545760,2630746301,21973292061
2018-06-28,G,TPG,42,212,475795,72922697633,4928958355,77851655988
2018-06-28,G,RPG,40,125,243358,14274769999,1346951740,15621721739
2018-06-28,G,UG,127,284,268702,25559192667,3352924229,28912116896
2018-06-28,G,Alumni,13,81,173273,10248807089,2549380606,12798187695
2018-06-28,G,Others(HKUST),14,91,212207,5938608276,1743855616,7682463892
2018-06-28,G,Non-HKUST,19,64,203101,9433527054,2195702554,11629229608
2018-06-28,G,Total,363,1192,2136113,157720148478,18748519401,176468667879
2018-06-28,LG1,Staff,97,342,712185,53304424106,6673004641,59977428747
2018-06-28,LG1,TPG,66,465,1285717,113998935764,17973890168,131972825932
2018-06-28,LG1,RPG,95,477,1205419,100695907211,13868145003,114564052214
2018-06-28,LG1,UG,372,1810,4526425,429792302629,38853155098,468645457727
2018-06-28,LG1,Alumni,10,44,106217,25465558521,1234079944,26699638465
2018-06-28,LG1,Others(HKUST),17,83,550234,6612391223,1651803780,8264195003
2018-06-28,LG1,Non-HKUST,33,150,435376,25499576711,2293809089,27793385800
2018-06-28,LG1,Total,690,3371,8821573,755369096165,82547887723,837916983888
2018-06-28,LG3,Staff,35,111,182103,14367537929,1034139748,15401677677
2018-06-28,LG3,TPG,21,115,333006,26746886109,2611321865,29358207974
2018-06-28,LG3,RPG,40,246,606724,50488966657,5086691868,55575658525
2018-06-28,LG3,UG,96,372,792644,61910049899,7593136049,69503185948
2018-06-28,LG3,Alumni,9,53,129556,5416921839,534396192,5951318031
2018-06-28,LG3,Others(HKUST),0,0,0,0,0,0
2018-06-28,LG3,Non-HKUST,2,6,12045,575189937,30737607,605927544
2018-06-28,LG3,Total,203,903,2056078,159505552370,16890423329,176395975699
2018-06-28,LG4,Staff,46,121,156711,7463178365,654828989,8118007354
2018-06-28,LG4,TPG,17,70,272944,19405078731,1638062244,21043140975
2018-06-28,LG4,RPG,43,128,423562,32096367374,4031411357,36127778731
2018-06-28,LG4,UG,110,343,741626,108373265079,5168140126,113541405205
2018-06-28,LG4,Alumni,6,26,130479,6578389517,398055474,6976444991
2018-06-28,LG4,Others(HKUST),3,5,259197,3349235915,1554972201,4904208116
2018-06-28,LG4,Non-HKUST,4,14,25173,1351368877,126931670,1478300547
2018-06-28,LG4,Total,229,707,2009692,178616883858,13572402061,192189285919
2018-06-28,All-Floors,Staff,220,1349,2775442,136238839883,15454315730,151693155613
2018-06-28,All-Floors,TPG,113,944,2567773,242611370978,27726445071,270337816049
2018-06-28,All-Floors,RPG,180,1053,2675377,209120573917,25542634760,234663208677
2018-06-28,All-Floors,UG,578,3130,7199961,700634920378,63794264761,764429185139
2018-06-28,All-Floors,Alumni,24,214,550354,50576425094,4973580315,55550005409
2018-06-28,All-Floors,Others(HKUST),26,212,1075698,17855838577,5195657916,23051496493
2018-06-28,All-Floors,Non-HKUST,55,251,737397,44242452355,5065465981,49307918336
2018-06-28,All-Floors,Total,1196,7153,17582002,1401280421182,147752364534,1549032785716
2018-06-29,1,Staff,69,441,1146220,100834659747,10801992282,111636652029
2018-06-29,1,TPG,20,133,451058,167188130712,4932812837,172120943549
2018-06-29,1,RPG,13,65,115748,5675953711,772597590,6448551301
2018-06-29,1,UG,44,213,831442,119228185077,3499559336,122727744413
2018-06-29,1,Alumni,4,15,27599,2650634806,94785994,2745420800
2018-06-29,1,Others(HKUST),6,18,29403,2265090866,179526383,2444617249
2018-06-29,1,Non-HKUST,9,20,83976,12680573166,899903148,13580476314
2018-06-29,1,Total,165,905,2685446,410523228085,21181177570,431704405655
2018-06-29,G,Staff,111,406,537330,25573474721,3765835907,29339310628
2018-06-29,G,TPG,46,209,615401,21595565041,3072645917,24668210958
2018-06-29,G,RPG,51,165,238440,26660016782,6418647564,33078664346
2018-06-29,G,UG,132,388,560941,71857918945,12483571288,84341490233
2018-06-29,G,Alumni,13,47,75778,4337106000,324882144,4661988144
2018-06-29,G,Others(HKUST),15,192,370406,11472839953,4097174433,15570014386
2018-06-29,G,Non-HKUST,13,33,72554,2993774993,123381039,3117156032
2018-06-29,G,Total,381,1440,2470850,164490696435,30286138292,194776834727
2018-06-29,LG1,Staff,80,324,688015,55483540610,8578696395,64062237005
2018-06-29,LG1,TPG,69,409,1088459,189422387674,33580552550,223002940224
2018-06-29,LG1,RPG,75,425,995053,101442554801,9133979665,110576534466
2018-06-29,LG1,UG,327,1583,3835981,340858224125,76282649455,417140873580
2018-06-29,LG1,Alumni,11,49,129621,7981042351,12917712587,20898754938
2018-06-29,LG1,Others(HKUST),17,48,505925,4941269214,1466211600,6407480814
2018-06-29,LG1,Non-HKUST,27,99,343206,28268462414,2110481041,30378943455
2018-06-29,LG1,Total,606,2937,7586260,728397481189,144070283293,872467764482
2018-06-29,LG3,Staff,44,117,193322,10363295693,1500688833,11863984526
2018-06-29,LG3,TPG,16,87,257526,13660289150,1559786878,15220076028
2018-06-29,LG3,RPG,34,189,508522,47290000488,2869554376,50159554864
2018-06-29,LG3,UG,74,251,558400,53068692841,5713832597,58782525438
2018-06-29,LG3,Alumni,5,38,84540,3516853440,446898259,3963751699
2018-06-29,LG3,Others(HKUST),2,4,1196,9660589,38558037,48218626
2018-06-29,LG3,Non-HKUST,1,16,32901,1504835217,217127185,1721962402
2018-06-29,LG3,Total,176,702,1636407,129413627418,12346446165,141760073583
2018-06-29,LG4,Staff,52,149,124196,13992295229,1444657965,15436953194
2018-06-29,LG4,TPG,20,96,373933,20212429089,1764314020,21976743109
2018-06-29,LG4,RPG,39,108,339614,19634430090,1287974522,20922404612
2018-06-29,LG4,UG,102,299,622184,81781725091,10055028792,91836753883
2018-06-29,LG4,Alumni,5,28,120350,2848761412,210038351,3058799763
2018-06-29,LG4,Others(HKUST),3,6,259194,3652994162,1886900548,5539894710
2018-06-29,LG4,Non-HKUST,7,9,10164,459873197,35643107,495516304
2018-06-29,LG4,Total,228,695,1849635,142582508270,16684557305,159267065575
2018-06-29,All-Floors,Staff,235,1437,2689083,206247266000,26091871382,232339137382
2018-06-29,All-Floors,TPG,118,934,2786377,412078801666,44910112202,456988913868
2018-06-29,All-Floors,RPG,165,952,2197377,200702955872,20482753717,221185709589
2018-06-29,All-Floors,UG,517,2734,6408948,666794746079,108034641468,774829387547
2018-06-29,All-Floors,Alumni,20,177,437888,21334398009,13994317335,35328715344
2018-06-29,All-Floors,Others(HKUST),27,268,1166124,22341854784,7668371001,30010225785
2018-06-29,All-Floors,Non-HKUST,42,177,542801,45907518987,3386535520,49294054507
2018-06-29,All-Floors,Total,1124,6679,16228598,1575407541397,224568602625,1799976144022
2018-06-30,1,Staff,10,33,210099,5806093894,382385391,6188479285
2018-06-30,1,TPG,17,100,330442,32638999267,1232838282,33871837549
2018-06-30,1,RPG,9,52,156056,21655112387,1003003164,22658115551
2018-06-30,1,UG,33,195,619244,57578959809,10294494081,67873453890
2018-06-30,1,Alumni,5,27,73742,3923384287,569834864,4493219151
2018-06-30,1,Others(HKUST),1,6,7814,1203541119,76464932,1280006051
2018-06-30,1,Non-HKUST,6,19,69039,6246268210,1243996511,7490264721
2018-06-30,1,Total,81,432,1466436,129052358973,14803017225,143855376198
2018-06-30,G,Staff,28,118,116417,5326638187,667813127,5994451314
2018-06-30,G,TPG,36,84,170915,11899500314,1604992307,13504492621
2018-06-30,G,RPG,23,60,109809,10759835921,1013776011,11773611932
2018-06-30,G,UG,81,199,398956,18261891342,2597855150,20859746492
2018-06-30,G,Alumni,12,41,60621,3399813346,211683762,3611497108
2018-06-30,G,Others(HKUST),9,30,297579,63671855499,2293530631,65965386130
2018-06-30,G,Non-HKUST,9,23,72638,19383956436,897722715,20281679151
2018-06-30,G,Total,198,555,1226935,132703491045,9287373703,141990864748
2018-06-30,LG1,Staff,32,86,198525,12978453686,888381786,13866835472
2018-06-30,LG1,TPG,52,263,656769,56064040454,5598293043,61662333497
2018-06-30,LG1,RPG,46,213,554477,45751545234,4141599460,49893144694
2018-06-30,LG1,UG,182,875,2538540,266314850668,43460079642,309774930310
2018-06-30,LG1,Alumni,12,50,160111,25603818473,988256402,26592074875
2018-06-30,LG1,Others(HKUST),4,12,468549,2952018860,1165714463,4117733323
2018-06-30,LG1,Non-HKUST,19,41,184210,8082239973,1880365199,9962605172
2018-06-30,LG1,Total,347,1540,4761181,417746967348,58122689995,475869657343
2018-06-30,LG3,Staff,12,28,66642,2485729966,513127019,2998856985
2018-06-30,LG3,TPG,16,69,215975,18700659381,1295286505,19995945886
2018-06-30,LG3,RPG,24,122,209456,70893258542,2511176848,73404435390
2018-06-30,LG3,UG,47,176,572342,44856119123,2775993080,47632112203
2018-06-30,LG3,Alumni,9,60,62941,29339510725,1780026173,31119536898
2018-06-30,LG3,Others(HKUST),2,7,22827,237754771,29238380,266993151
2018-06-30,LG3,Non-HKUST,3,7,9604,1722927503,56904568,1779832071
2018-06-30,LG3,Total,113,469,1159787,168235960011,8961752573,177197712584
2018-06-30,LG4,Staff,18,29,28181,1057858145,148794182,1206652327
2018-06-30,LG4,TPG,22,92,348635,24551454077,1740431991,26291886068
2018-06-30,LG4,RPG,27,84,236366,11013440362,1019919850,12033360212
2018-06-30,LG4,UG,56,172,473969,54747051291,7969819259,62716870550
2018-06-30,LG4,Alumni,11,57,167934,17460366856,735043369,18195410225
2018-06-30,LG4,Others(HKUST),4,9,259798,3731746205,1696047236,5427793441
2018-06-30,LG4,Non-HKUST,1,6,3001,2971130,7954764,10925894
2018-06-30,LG4,Total,139,449,1517884,112564888066,13318010651,125882898717
2018-06-30,All-Floors,Staff,69,294,619864,27654773878,2600501505,30255275383
2018-06-30,All-Floors,TPG,100,608,1722736,143854653493,11471842128,155326495621
2018-06-30,All-Floors,RPG,98,531,1266164,160073192446,9689475333,169762667779
2018-06-30,All-Floors,UG,305,1617,4603051,441758872233,67098241212,508857113445
2018-06-30,All-Floors,Alumni,33,235,525349,79726893687,4284844570,84011738257
2018-06-30,All-Floors,Others(HKUST),13,64,1056567,71796916454,5260995642,77057912096
2018-06-30,All-Floors,Non-HKUST,27,96,338492,35438363252,4086943757,39525307009
2018-06-30,All-Floors,Total,645,3445,10132223,960303665443,104492844147,1064796509590
