Date,Floor,User-Group,User-Count,WiFi-Conn,Duration-Sec,Traffic-In-Byte,Traffic-Out-Byte,Traffic-Both-Byte
2018-01-01,1,Staff,2,23,63602,4789111,1088728,5877839
2018-01-01,1,TPG,0,0,0,0,0,0
2018-01-01,1,RPG,1,1,0,143830,67530,211360
2018-01-01,1,UG,0,0,0,0,0,0
2018-01-01,1,Alumni,0,0,0,0,0,0
2018-01-01,1,Others(HKUST),0,0,0,0,0,0
2018-01-01,1,Non-HKUST,0,0,0,0,0,0
2018-01-01,1,Total,3,24,63602,4932941,1156258,6089199
2018-01-01,G,Staff,0,0,0,0,0,0
2018-01-01,G,TPG,0,0,0,0,0,0
2018-01-01,G,RPG,4,4,0,671806719,43310915,715117634
2018-01-01,G,UG,3,3,600,8482944,1279677,9762621
2018-01-01,G,Alumni,0,0,0,0,0,0
2018-01-01,G,Others(HKUST),1,1,86399,34389433,18615745,53005178
2018-01-01,G,Non-HKUST,0,0,0,0,0,0
2018-01-01,G,Total,8,8,86999,714679096,63206337,777885433
2018-01-01,LG1,Staff,3,3,601,191715731,16921549,208637280
2018-01-01,LG1,TPG,0,0,0,0,0,0
2018-01-01,LG1,RPG,0,0,0,0,0,0
2018-01-01,LG1,UG,4,4,602,183366678,11743608,195110286
2018-01-01,LG1,Alumni,0,0,0,0,0,0
2018-01-01,LG1,Others(HKUST),3,6,345596,943599153,535745258,1479344411
2018-01-01,LG1,Non-HKUST,0,0,0,0,0,0
2018-01-01,LG1,Total,10,13,346799,1318681562,564410415,1883091977
2018-01-01,LG3,Staff,3,4,26402,64603561,6093222,70696783
2018-01-01,LG3,TPG,0,0,0,0,0,0
2018-01-01,LG3,RPG,2,3,0,623477519,12634162,636111681
2018-01-01,LG3,UG,3,3,0,801783195,2178033741,2979816936
2018-01-01,LG3,Alumni,0,0,0,0,0,0
2018-01-01,LG3,Others(HKUST),1,1,0,90665,41234,131899
2018-01-01,LG3,Non-HKUST,0,0,0,0,0,0
2018-01-01,LG3,Total,9,11,26402,1489954940,2196802359,3686757299
2018-01-01,LG4,Staff,1,1,0,60940930,4908795,65849725
2018-01-01,LG4,TPG,2,2,0,34154380,4284221,38438601
2018-01-01,LG4,RPG,11,12,0,551340839,157668376,709009215
2018-01-01,LG4,UG,12,20,1802,1007958001,3024352808,4032310809
2018-01-01,LG4,Alumni,0,0,0,0,0,0
2018-01-01,LG4,Others(HKUST),3,4,172798,366429667,145406916,511836583
2018-01-01,LG4,Non-HKUST,1,1,0,0,0,0
2018-01-01,LG4,Total,30,40,174600,2020823817,3336621116,5357444933
2018-01-01,All-Floors,Staff,9,31,90605,322049333,29012294,351061627
2018-01-01,All-Floors,TPG,2,2,0,34154380,4284221,38438601
2018-01-01,All-Floors,RPG,18,20,0,1846768907,213680983,2060449890
2018-01-01,All-Floors,UG,21,30,3004,2001590818,5215409834,7217000652
2018-01-01,All-Floors,Alumni,0,0,0,0,0,0
2018-01-01,All-Floors,Others(HKUST),3,12,604793,1344508918,699809153,2044318071
2018-01-01,All-Floors,Non-HKUST,1,1,0,0,0,0
2018-01-01,All-Floors,Total,54,96,698402,5549072356,6162196485,11711268841
2018-01-02,1,Staff,59,363,1048984,29105982180,2500060727,31606042907
2018-01-02,1,TPG,13,56,199092,20319350525,2697773805,23017124330
2018-01-02,1,RPG,12,53,148138,10240555313,603272201,10843827514
2018-01-02,1,UG,23,75,225046,10428236240,1463656397,11891892637
2018-01-02,1,Alumni,1,14,27009,2420838040,168480622,2589318662
2018-01-02,1,Others(HKUST),3,3,50328,28704596,10119160,38823756
2018-01-02,1,Non-HKUST,2,7,25803,5557363577,1689408028,7246771605
2018-01-02,1,Total,113,571,1724400,78101030471,9132770940,87233801411
2018-01-02,G,Staff,93,340,726744,34205935845,10873904279,45079840124
2018-01-02,G,TPG,41,145,266177,21292871668,3336166114,24629037782
2018-01-02,G,RPG,41,131,313137,22768223819,4652007883,27420231702
2018-01-02,G,UG,94,252,361014,50384172771,4775114640,55159287411
2018-01-02,G,Alumni,5,42,73165,1706896430,338679872,2045576302
2018-01-02,G,Others(HKUST),4,6,96605,65989285,21847506,87836791
2018-01-02,G,Non-HKUST,2,3,19204,5371955534,3534124623,8906080157
2018-01-02,G,Total,280,919,1856046,135796045352,27531844917,163327890269
2018-01-02,LG1,Staff,68,218,404337,15167788036,3689999568,18857787604
2018-01-02,LG1,TPG,55,283,734501,178681311906,24244614617,202925926523
2018-01-02,LG1,RPG,71,285,732912,54384035245,5903799060,60287834305
2018-01-02,LG1,UG,161,691,1706654,167508029960,15966945904,183474975864
2018-01-02,LG1,Alumni,7,13,26411,1515274815,111725124,1626999939
2018-01-02,LG1,Others(HKUST),7,17,440937,2584764672,599734812,3184499484
2018-01-02,LG1,Non-HKUST,3,10,65428,4493751644,250285168,4744036812
2018-01-02,LG1,Total,372,1517,4111180,424334956278,50767104253,475102060531
2018-01-02,LG3,Staff,37,113,172757,11682179520,6027529490,17709709010
2018-01-02,LG3,TPG,12,90,293784,13800914530,5470722455,19271636985
2018-01-02,LG3,RPG,31,142,354573,64409855021,4712977949,69122832970
2018-01-02,LG3,UG,62,253,454330,69178035882,4769195048,73947230930
2018-01-02,LG3,Alumni,4,25,29413,1825177625,98963879,1924141504
2018-01-02,LG3,Others(HKUST),1,18,53974,6966698517,194827731,7161526248
2018-01-02,LG3,Non-HKUST,0,0,0,0,0,0
2018-01-02,LG3,Total,147,641,1358831,167862861095,21274216552,189137077647
2018-01-02,LG4,Staff,50,138,136219,11836293673,2731142139,14567435812
2018-01-02,LG4,TPG,12,57,133110,151806732034,11307442392,163114174426
2018-01-02,LG4,RPG,59,165,358618,39494572353,7371868232,46866440585
2018-01-02,LG4,UG,67,145,218227,30268357559,1895546486,32163904045
2018-01-02,LG4,Alumni,9,52,116415,14467653561,1759393090,16227046651
2018-01-02,LG4,Others(HKUST),3,7,174599,450154115,153943646,604097761
2018-01-02,LG4,Non-HKUST,0,0,0,0,0,0
2018-01-02,LG4,Total,200,564,1137188,248323763295,25219335985,273543099280
2018-01-02,All-Floors,Staff,201,1172,2489041,101998179254,25822636203,127820815457
2018-01-02,All-Floors,TPG,100,631,1626664,385901180663,47056719383,432957900046
2018-01-02,All-Floors,RPG,168,776,1907378,191297241751,23243925325,214541167076
2018-01-02,All-Floors,UG,309,1416,2965271,327766832412,28870458475,356637290887
2018-01-02,All-Floors,Alumni,17,146,272413,21935840471,2477242587,24413083058
2018-01-02,All-Floors,Others(HKUST),10,51,816443,10096311185,980472855,11076784040
2018-01-02,All-Floors,Non-HKUST,7,20,110435,15423070755,5473817819,20896888574
2018-01-02,All-Floors,Total,812,4212,10187645,1054418656491,133925272647,1188343929138
2018-01-03,1,Staff,67,380,1108090,17537671144,1879742994,19417414138
2018-01-03,1,TPG,20,140,298275,27075444699,4617865008,31693309707
2018-01-03,1,RPG,22,113,387039,63633783369,8349098378,71982881747
2018-01-03,1,UG,26,105,327104,19587740305,2022499913,21610240218
2018-01-03,1,Alumni,2,11,33560,1844717666,236306586,2081024252
2018-01-03,1,Others(HKUST),3,4,112216,324132186,67812279,391944465
2018-01-03,1,Non-HKUST,0,0,0,0,0,0
2018-01-03,1,Total,140,753,2266284,130003489369,17173325158,147176814527
2018-01-03,G,Staff,100,294,590936,23985692991,52957910907,76943603898
2018-01-03,G,TPG,52,190,441289,37052506241,3491947207,40544453448
2018-01-03,G,RPG,47,160,284347,48976487610,13756408685,62732896295
2018-01-03,G,UG,59,225,380972,45281172025,4406955660,49688127685
2018-01-03,G,Alumni,10,65,155391,4006143090,512112618,4518255708
2018-01-03,G,Others(HKUST),4,8,92398,60827403,29752365,90579768
2018-01-03,G,Non-HKUST,5,6,0,86445813,66598849,153044662
2018-01-03,G,Total,277,948,1945333,159449275173,75221686291,234670961464
2018-01-03,LG1,Staff,85,223,339669,20422204151,39411753264,59833957415
2018-01-03,LG1,TPG,66,370,919974,153906727663,15225742620,169132470283
2018-01-03,LG1,RPG,59,206,680264,55679500499,12845777062,68525277561
2018-01-03,LG1,UG,127,524,1116854,103919136648,7198066630,111117203278
2018-01-03,LG1,Alumni,6,7,5403,396436857,92994605,489431462
2018-01-03,LG1,Others(HKUST),6,17,508797,1985262765,631928084,2617190849
2018-01-03,LG1,Non-HKUST,1,10,21013,262613016,42324678,304937694
2018-01-03,LG1,Total,350,1357,3591974,336571881599,75448586943,412020468542
2018-01-03,LG3,Staff,41,113,142910,10545601083,569135387,11114736470
2018-01-03,LG3,TPG,23,147,465302,44078815835,3777255899,47856071734
2018-01-03,LG3,RPG,31,152,377374,38712653738,2197742278,40910396016
2018-01-03,LG3,UG,54,254,441778,91241949124,5147053029,96389002153
2018-01-03,LG3,Alumni,3,19,14376,1414802852,111078573,1525881425
2018-01-03,LG3,Others(HKUST),3,23,56370,6790550535,195558609,6986109144
2018-01-03,LG3,Non-HKUST,2,3,15575,2324300878,139500784,2463801662
2018-01-03,LG3,Total,157,711,1513685,195108674045,12137324559,207245998604
2018-01-03,LG4,Staff,59,172,209893,12303716326,1310859332,13614575658
2018-01-03,LG4,TPG,19,101,290775,24061549160,3741413318,27802962478
2018-01-03,LG4,RPG,42,122,245411,46363922318,6973427705,53337350023
2018-01-03,LG4,UG,56,156,204530,23731018073,1178724644,24909742717
2018-01-03,LG4,Alumni,7,34,133205,18846700479,2446177380,21292877859
2018-01-03,LG4,Others(HKUST),6,12,177597,1172248124,241689802,1413937926
2018-01-03,LG4,Non-HKUST,2,2,0,55324552,5633767,60958319
2018-01-03,LG4,Total,191,599,1261411,126534479032,15897925948,142432404980
2018-01-03,All-Floors,Staff,231,1182,2391498,84794885695,96129401884,180924287579
2018-01-03,All-Floors,TPG,126,948,2415615,286175043598,30854224052,317029267650
2018-01-03,All-Floors,RPG,150,753,1974435,253366347534,44122454108,297488801642
2018-01-03,All-Floors,UG,248,1264,2471238,283761016175,19953299876,303714316051
2018-01-03,All-Floors,Alumni,18,136,341935,26508800944,3398669762,29907470706
2018-01-03,All-Floors,Others(HKUST),12,64,947378,10333021013,1166741139,11499762152
2018-01-03,All-Floors,Non-HKUST,9,21,36588,2728684259,254058078,2982742337
2018-01-03,All-Floors,Total,794,4368,10578687,947667799218,195878848899,1143546648117
2018-01-04,1,Staff,63,430,1303796,43612776504,13092765581,56705542085
2018-01-04,1,TPG,20,128,402345,25957968597,3561328158,29519296755
2018-01-04,1,RPG,13,63,243713,19486443809,3642756275,23129200084
2018-01-04,1,UG,31,132,334654,40328630077,6316953734,46645583811
2018-01-04,1,Alumni,2,12,21041,1539668718,152871992,1692540710
2018-01-04,1,Others(HKUST),3,8,109807,599408905,61004340,660413245
2018-01-04,1,Non-HKUST,1,5,25220,423684699,168729054,592413753
2018-01-04,1,Total,133,778,2440576,131948581309,26996409134,158944990443
2018-01-04,G,Staff,93,320,588234,15393900329,1808273980,17202174309
2018-01-04,G,TPG,58,164,404581,34969248200,2358032500,37327280700
2018-01-04,G,RPG,59,173,328856,44332142937,3341340925,47673483862
2018-01-04,G,UG,90,300,458116,28568917073,2135731166,30704648239
2018-01-04,G,Alumni,9,49,113415,2835899675,845754996,3681654671
2018-01-04,G,Others(HKUST),6,9,100216,186179051,52648010,238827061
2018-01-04,G,Non-HKUST,5,19,92423,1901248892,203639171,2104888063
2018-01-04,G,Total,320,1034,2085841,128187536157,10745420748,138932956905
2018-01-04,LG1,Staff,73,218,328334,24254601673,5425716222,29680317895
2018-01-04,LG1,TPG,75,428,1055983,163966187798,12171555772,176137743570
2018-01-04,LG1,RPG,74,257,702430,64258957147,6107424829,70366381976
2018-01-04,LG1,UG,171,711,1523640,148317122876,17924741652,166241864528
2018-01-04,LG1,Alumni,8,24,52771,1387840830,96648798,1484489628
2018-01-04,LG1,Others(HKUST),5,15,460221,2208202910,1148184787,3356387697
2018-01-04,LG1,Non-HKUST,9,30,67798,2988379910,203932689,3192312599
2018-01-04,LG1,Total,415,1683,4191177,407381293144,43078204749,450459497893
2018-01-04,LG3,Staff,36,146,217779,10466699896,1245109708,11711809604
2018-01-04,LG3,TPG,18,91,325471,21444005511,2274163258,23718168769
2018-01-04,LG3,RPG,36,153,442604,34520395325,5299758025,39820153350
2018-01-04,LG3,UG,43,122,152311,31852870508,1850913169,33703783677
2018-01-04,LG3,Alumni,2,26,45591,1972085331,119112826,2091198157
2018-01-04,LG3,Others(HKUST),1,13,55780,16257049590,619651413,16876701003
2018-01-04,LG3,Non-HKUST,4,8,16784,4076642440,173053635,4249696075
2018-01-04,LG3,Total,140,559,1256320,120589748601,11581762034,132171510635
2018-01-04,LG4,Staff,46,165,178186,16665991550,1707582311,18373573861
2018-01-04,LG4,TPG,25,101,233151,24222840453,4084470777,28307311230
2018-01-04,LG4,RPG,56,172,351234,53509397200,5241231532,58750628732
2018-01-04,LG4,UG,70,179,245247,36163277574,2513297641,38676575215
2018-01-04,LG4,Alumni,7,14,83866,3315296246,155550834,3470847080
2018-01-04,LG4,Others(HKUST),6,23,178817,1171273145,608507500,1779780645
2018-01-04,LG4,Non-HKUST,2,2,0,5336366,1970852,7307218
2018-01-04,LG4,Total,212,656,1270501,135053412534,14312611447,149366023981
2018-01-04,All-Floors,Staff,206,1279,2616329,110393969952,23279447802,133673417754
2018-01-04,All-Floors,TPG,137,912,2421531,270560250559,24449550465,295009801024
2018-01-04,All-Floors,RPG,177,818,2068837,216107336418,23632511586,239739848004
2018-01-04,All-Floors,UG,308,1444,2713968,285230818108,30741637362,315972455470
2018-01-04,All-Floors,Alumni,19,125,316684,11050790800,1369939446,12420730246
2018-01-04,All-Floors,Others(HKUST),14,68,904841,20422113601,2489996050,22912109651
2018-01-04,All-Floors,Non-HKUST,16,64,202225,9395292307,751325401,10146617708
2018-01-04,All-Floors,Total,877,4710,11244415,923160571745,106714408112,1029874979857
2018-01-05,1,Staff,59,397,1100625,29459380341,4136008963,33595389304
2018-01-05,1,TPG,16,88,195452,24085286269,14862944820,38948231089
2018-01-05,1,RPG,11,37,147663,8899833911,1202739788,10102573699
2018-01-05,1,UG,30,94,323285,11008037820,1065081497,12073119317
2018-01-05,1,Alumni,2,9,7156,631711171,503617140,1135328311
2018-01-05,1,Others(HKUST),4,10,85904,430792601,41634117,472426718
2018-01-05,1,Non-HKUST,3,3,2397,74888615,4614116,79502731
2018-01-05,1,Total,125,638,1862482,74589930728,21816640441,96406571169
2018-01-05,G,Staff,91,346,651847,31710741276,2377838517,34088579793
2018-01-05,G,TPG,55,203,461152,39147407250,2054278223,41201685473
2018-01-05,G,RPG,55,165,287831,37243236353,2245803682,39489040035
2018-01-05,G,UG,105,314,516228,45091598242,5016854552,50108452794
2018-01-05,G,Alumni,4,25,90675,8274357387,364048320,8638405707
2018-01-05,G,Others(HKUST),6,18,112212,314480007,103792255,418272262
2018-01-05,G,Non-HKUST,5,8,5996,162864496,14601265,177465761
2018-01-05,G,Total,321,1079,2125941,161944685011,12177216814,174121901825
2018-01-05,LG1,Staff,72,208,287358,25316280635,21049069217,46365349852
2018-01-05,LG1,TPG,67,374,1002539,100078270057,5073087923,105151357980
2018-01-05,LG1,RPG,68,244,610560,40076607800,4713748257,44790356057
2018-01-05,LG1,UG,189,740,1744520,129016972508,16592556882,145609529390
2018-01-05,LG1,Alumni,5,12,28197,1480320014,108333088,1588653102
2018-01-05,LG1,Others(HKUST),7,18,462014,1983820096,649259102,2633079198
2018-01-05,LG1,Non-HKUST,13,40,120539,9101980401,1063131788,10165112189
2018-01-05,LG1,Total,421,1636,4255727,307054251511,49249186257,356303437768
2018-01-05,LG3,Staff,38,114,179372,14863876257,8543184047,23407060304
2018-01-05,LG3,TPG,10,59,180630,41726421305,3057116336,44783537641
2018-01-05,LG3,RPG,38,176,485192,78618789877,4325152418,82943942295
2018-01-05,LG3,UG,44,150,248127,51929432733,1989808551,53919241284
2018-01-05,LG3,Alumni,3,15,34826,3330732639,120030708,3450763347
2018-01-05,LG3,Others(HKUST),4,18,69534,16242013828,607487884,16849501712
2018-01-05,LG3,Non-HKUST,1,2,3604,141460806,21188085,162648891
2018-01-05,LG3,Total,138,534,1201285,206852727445,18663968029,225516695474
2018-01-05,LG4,Staff,56,155,116283,21500413324,1357028722,22857442046
2018-01-05,LG4,TPG,15,93,171458,232495355320,7197986225,239693341545
2018-01-05,LG4,RPG,55,122,218868,19981738306,2158767835,22140506141
2018-01-05,LG4,UG,72,169,284007,23977913071,1696679439,25674592510
2018-01-05,LG4,Alumni,6,10,29398,1174908485,95839373,1270747858
2018-01-05,LG4,Others(HKUST),5,10,175800,711448093,202532365,913980458
2018-01-05,LG4,Non-HKUST,7,20,30591,2933826402,6414499311,9348325713
2018-01-05,LG4,Total,216,579,1026405,302775603001,19123333270,321898936271
2018-01-05,All-Floors,Staff,206,1220,2335485,122850691833,37463129466,160313821299
2018-01-05,All-Floors,TPG,125,817,2011231,437532740201,32245413527,469778153728
2018-01-05,All-Floors,RPG,159,744,1750114,184820206247,14646211980,199466418227
2018-01-05,All-Floors,UG,358,1467,3116167,261023954374,26360980921,287384935295
2018-01-05,All-Floors,Alumni,15,71,190252,14892029696,1191868629,16083898325
2018-01-05,All-Floors,Others(HKUST),13,74,905464,19682554625,1604705723,21287260348
2018-01-05,All-Floors,Non-HKUST,21,73,163127,12415020720,7518034565,19933055285
2018-01-05,All-Floors,Total,897,4466,10471840,1053217197696,121030344811,1174247542507
2018-01-06,1,Staff,16,83,384021,7756817043,402948711,8159765754
2018-01-06,1,TPG,27,215,649783,86032982040,6902405337,92935387377
2018-01-06,1,RPG,8,52,179984,9639493558,1942704665,11582198223
2018-01-06,1,UG,11,50,200980,9243284591,1032091029,10275375620
2018-01-06,1,Alumni,3,35,15604,82033272,76423655,158456927
2018-01-06,1,Others(HKUST),0,0,0,0,0,0
2018-01-06,1,Non-HKUST,1,1,600,70685,41321,112006
2018-01-06,1,Total,66,436,1430972,112754681189,10356614718,123111295907
2018-01-06,G,Staff,36,145,401451,19651280317,3820783042,23472063359
2018-01-06,G,TPG,36,107,190728,12129651196,920074952,13049726148
2018-01-06,G,RPG,49,120,290407,25212164336,1205607004,26417771340
2018-01-06,G,UG,41,138,264569,22074727933,2740007833,24814735766
2018-01-06,G,Alumni,11,60,83393,12907243301,750071085,13657314386
2018-01-06,G,Others(HKUST),3,10,118789,114690221,64194877,178885098
2018-01-06,G,Non-HKUST,4,12,1202,309429168,480138395,789567563
2018-01-06,G,Total,180,592,1350539,92399186472,9980877188,102380063660
2018-01-06,LG1,Staff,27,76,160763,25811923773,17452232633,43264156406
2018-01-06,LG1,TPG,56,341,1194440,185739284360,12376893838,198116178198
2018-01-06,LG1,RPG,51,247,683271,49686362119,5170272109,54856634228
2018-01-06,LG1,UG,134,586,1534957,104170491821,21961461958,126131953779
2018-01-06,LG1,Alumni,13,39,181696,7265515251,1675309437,8940824688
2018-01-06,LG1,Others(HKUST),3,8,431999,1625899590,785157280,2411056870
2018-01-06,LG1,Non-HKUST,4,11,61206,3143679321,414296933,3557976254
2018-01-06,LG1,Total,288,1308,4248332,377443156235,59835624188,437278780423
2018-01-06,LG3,Staff,15,49,81564,3933732424,429232950,4362965374
2018-01-06,LG3,TPG,7,47,214200,36918402197,1336465455,38254867652
2018-01-06,LG3,RPG,38,205,545994,71750684147,24471921683,96222605830
2018-01-06,LG3,UG,36,268,446883,48657326656,5967668351,54624995007
2018-01-06,LG3,Alumni,7,20,34170,7879918269,365839028,8245757297
2018-01-06,LG3,Others(HKUST),3,18,62987,8456633992,259011919,8715645911
2018-01-06,LG3,Non-HKUST,3,17,66587,1076095287,149013473,1225108760
2018-01-06,LG3,Total,109,624,1452385,178672792972,32979152859,211651945831
2018-01-06,LG4,Staff,10,24,68979,16231989316,737873468,16969862784
2018-01-06,LG4,TPG,17,42,153564,27570957049,848738496,28419695545
2018-01-06,LG4,RPG,35,123,285551,40202436637,2529335373,42731772010
2018-01-06,LG4,UG,42,96,159578,21273801391,952446548,22226247939
2018-01-06,LG4,Alumni,7,36,129568,13549741483,1384172033,14933913516
2018-01-06,LG4,Others(HKUST),4,5,172798,1274118630,201958897,1476077527
2018-01-06,LG4,Non-HKUST,4,7,30584,1409303748,55551157,1464854905
2018-01-06,LG4,Total,119,333,1000622,121512348254,6710075972,128222424226
2018-01-06,All-Floors,Staff,69,377,1096778,73385742873,22843070804,96228813677
2018-01-06,All-Floors,TPG,102,752,2402715,348391276842,22384578078,370775854920
2018-01-06,All-Floors,RPG,135,747,1985207,196491140797,35319840834,231810981631
2018-01-06,All-Floors,UG,210,1138,2606967,205419632392,32653675719,238073308111
2018-01-06,All-Floors,Alumni,29,190,444431,41684451576,4251815238,45936266814
2018-01-06,All-Floors,Others(HKUST),7,41,786573,11471342433,1310322973,12781665406
2018-01-06,All-Floors,Non-HKUST,12,48,160179,5938578209,1099041279,7037619488
2018-01-06,All-Floors,Total,564,3293,9482850,882782165122,119862344925,1002644510047
2018-01-07,1,Staff,9,46,298815,1142102118,235948918,1378051036
2018-01-07,1,TPG,18,103,222070,24654528061,1198038887,25852566948
2018-01-07,1,RPG,10,31,115235,6886369867,565573254,7451943121
2018-01-07,1,UG,6,27,71416,4913368657,498026713,5411395370
2018-01-07,1,Alumni,7,23,48605,13680893420,338727751,14019621171
2018-01-07,1,Others(HKUST),1,4,0,17381227,5923208,23304435
2018-01-07,1,Non-HKUST,1,8,12599,1123093632,87199172,1210292804
2018-01-07,1,Total,52,242,768740,52417736982,2929437903,55347174885
2018-01-07,G,Staff,31,113,269458,26292725138,1736804673,28029529811
2018-01-07,G,TPG,21,76,168633,24909562035,1306774800,26216336835
2018-01-07,G,RPG,35,110,169835,30463815186,1153277101,31617092287
2018-01-07,G,UG,42,69,76799,6200902397,749750598,6950652995
2018-01-07,G,Alumni,7,29,36594,639983856,44801702,684785558
2018-01-07,G,Others(HKUST),4,18,96001,92875021,26892418,119767439
2018-01-07,G,Non-HKUST,3,7,8404,186833805,12060717,198894522
2018-01-07,G,Total,143,422,825724,88786697438,5030362009,93817059447
2018-01-07,LG1,Staff,24,51,118831,4380020877,399419121,4779439998
2018-01-07,LG1,TPG,35,173,404495,63051981626,2863434982,65915416608
2018-01-07,LG1,RPG,52,167,420720,39425281769,3039716094,42464997863
2018-01-07,LG1,UG,68,261,558106,96680891520,6719510267,103400401787
2018-01-07,LG1,Alumni,9,22,48009,10034639875,760260811,10794900686
2018-01-07,LG1,Others(HKUST),3,8,432596,1123133598,628040909,1751174507
2018-01-07,LG1,Non-HKUST,1,4,0,6949906,1160620,8110526
2018-01-07,LG1,Total,192,686,1982757,214702899171,14411542804,229114441975
2018-01-07,LG3,Staff,13,50,79217,3739162346,262297757,4001460103
2018-01-07,LG3,TPG,5,15,30619,1341645652,133011249,1474656901
2018-01-07,LG3,RPG,29,105,241857,28058800207,2189219487,30248019694
2018-01-07,LG3,UG,29,188,217266,14702791671,1319897448,16022689119
2018-01-07,LG3,Alumni,3,25,32411,4798782009,249536974,5048318983
2018-01-07,LG3,Others(HKUST),4,11,45004,3655383822,160351712,3815735534
2018-01-07,LG3,Non-HKUST,0,0,0,0,0,0
2018-01-07,LG3,Total,83,394,646374,56296565707,4314314627,60610880334
2018-01-07,LG4,Staff,12,18,23404,2874102383,239270216,3113372599
2018-01-07,LG4,TPG,14,42,96630,5400477384,399178429,5799655813
2018-01-07,LG4,RPG,39,94,109228,16497276387,691005939,17188282326
2018-01-07,LG4,UG,35,60,96017,11356765022,522212647,11878977669
2018-01-07,LG4,Alumni,6,18,20409,6559624949,296785276,6856410225
2018-01-07,LG4,Others(HKUST),3,4,172798,422854247,184192346,607046593
2018-01-07,LG4,Non-HKUST,2,3,14403,347169104,18380199,365549303
2018-01-07,LG4,Total,111,239,532889,43458269476,2351025052,45809294528
2018-01-07,All-Floors,Staff,64,278,789725,38428112862,2873740685,41301853547
2018-01-07,All-Floors,TPG,70,409,922447,119358194758,5900438347,125258633105
2018-01-07,All-Floors,RPG,116,507,1056875,121331543416,7638791875,128970335291
2018-01-07,All-Floors,UG,123,605,1019604,133854719267,9809397673,143664116940
2018-01-07,All-Floors,Alumni,24,117,186028,35713924109,1690112514,37404036623
2018-01-07,All-Floors,Others(HKUST),8,45,746399,5311627915,1005400593,6317028508
2018-01-07,All-Floors,Non-HKUST,6,22,35406,1664046447,118800708,1782847155
2018-01-07,All-Floors,Total,411,1983,4756484,455662168774,29036682395,484698851169
2018-01-08,1,Staff,64,453,1387161,32109670550,44020541244,76130211794
2018-01-08,1,TPG,27,171,501602,24669721794,2723468514,27393190308
2018-01-08,1,RPG,15,93,265811,60021874326,4837112509,64858986835
2018-01-08,1,UG,34,125,388136,16396840373,1084171650,17481012023
2018-01-08,1,Alumni,2,29,111548,27098818841,923709579,28022528420
2018-01-08,1,Others(HKUST),3,5,75542,367880717,42183736,410064453
2018-01-08,1,Non-HKUST,0,0,0,0,0,0
2018-01-08,1,Total,145,876,2729800,160664806601,53631187232,214295993833
2018-01-08,G,Staff,87,266,562930,13878146203,1476614977,15354761180
2018-01-08,G,TPG,62,220,413141,37210542895,3008181462,40218724357
2018-01-08,G,RPG,47,131,270537,18805245506,3361902447,22167147953
2018-01-08,G,UG,93,288,472653,48793871651,6432360506,55226232157
2018-01-08,G,Alumni,11,66,127131,11875593779,734348038,12609941817
2018-01-08,G,Others(HKUST),6,17,142798,848620297,90776753,939397050
2018-01-08,G,Non-HKUST,4,6,1778,533751563,23451707,557203270
2018-01-08,G,Total,310,994,1990968,131945771894,15127635890,147073407784
2018-01-08,LG1,Staff,70,222,348660,14366892968,5088540318,19455433286
2018-01-08,LG1,TPG,81,404,994174,84730013459,17414913228,102144926687
2018-01-08,LG1,RPG,61,277,691580,51715925711,12947455868,64663381579
2018-01-08,LG1,UG,162,615,1702129,142506192809,14829082334,157335275143
2018-01-08,LG1,Alumni,4,10,3601,54826308,4880479,59706787
2018-01-08,LG1,Others(HKUST),6,14,462628,1821588516,680881650,2502470166
2018-01-08,LG1,Non-HKUST,5,12,24611,1183967251,94779165,1278746416
2018-01-08,LG1,Total,389,1554,4227383,296379407022,51060533042,347439940064
2018-01-08,LG3,Staff,43,145,207655,10544601127,1139737297,11684338424
2018-01-08,LG3,TPG,20,147,397010,28263633753,4794188921,33057822674
2018-01-08,LG3,RPG,33,200,418088,39472927027,3480159673,42953086700
2018-01-08,LG3,UG,46,195,309452,28070270442,3454903408,31525173850
2018-01-08,LG3,Alumni,3,18,28833,671778707,67611705,739390412
2018-01-08,LG3,Others(HKUST),2,18,53371,3578106496,122759627,3700866123
2018-01-08,LG3,Non-HKUST,3,10,69008,551454313,154107188,705561501
2018-01-08,LG3,Total,150,733,1483417,111152771865,13213467819,124366239684
2018-01-08,LG4,Staff,56,137,141541,7884557386,1738607961,9623165347
2018-01-08,LG4,TPG,13,30,89863,2797039876,367166451,3164206327
2018-01-08,LG4,RPG,48,120,177617,23248288167,12231834559,35480122726
2018-01-08,LG4,UG,71,180,307484,69837776791,8580651438,78418428229
2018-01-08,LG4,Alumni,3,11,22744,120839384,9536757,130376141
2018-01-08,LG4,Others(HKUST),4,7,173397,461961452,186629655,648591107
2018-01-08,LG4,Non-HKUST,5,36,76711,8683480046,2156408294,10839888340
2018-01-08,LG4,Total,200,521,989357,113033943102,25270835115,138304778217
2018-01-08,All-Floors,Staff,204,1223,2647947,78783868234,53464041797,132247910031
2018-01-08,All-Floors,TPG,148,972,2395790,177670951777,28307918576,205978870353
2018-01-08,All-Floors,RPG,155,821,1823633,193264260737,36858465056,230122725793
2018-01-08,All-Floors,UG,310,1403,3179854,305604952066,34381169336,339986121402
2018-01-08,All-Floors,Alumni,17,134,293857,39821857019,1740086558,41561943577
2018-01-08,All-Floors,Others(HKUST),12,61,907736,7078157478,1123231421,8201388899
2018-01-08,All-Floors,Non-HKUST,15,64,172108,10952653173,2428746354,13381399527
2018-01-08,All-Floors,Total,861,4678,11420925,813176700484,158303659098,971480359582
2018-01-09,1,Staff,72,414,1429216,24689712649,8873079097,33562791746
2018-01-09,1,TPG,40,264,711222,64735160922,4465118258,69200279180
2018-01-09,1,RPG,14,70,197325,20317927828,784435523,21102363351
2018-01-09,1,UG,36,130,347326,20460464026,3823563294,24284027320
2018-01-09,1,Alumni,3,22,104351,12230109887,413668363,12643778250
2018-01-09,1,Others(HKUST),4,7,110410,1469805375,84463804,1554269179
2018-01-09,1,Non-HKUST,2,30,75599,2446030448,2285573970,4731604418
2018-01-09,1,Total,171,937,2975449,146349211135,20729902309,167079113444
2018-01-09,G,Staff,88,319,645148,21570266648,1721388186,23291654834
2018-01-09,G,TPG,57,200,448368,43772233566,10602908032,54375141598
2018-01-09,G,RPG,59,184,409637,48016802229,2449122439,50465924668
2018-01-09,G,UG,91,238,335916,40142936765,3244948439,43387885204
2018-01-09,G,Alumni,3,22,91184,1769080236,99405741,1868485977
2018-01-09,G,Others(HKUST),7,15,117599,2118365551,81158162,2199523713
2018-01-09,G,Non-HKUST,6,21,13169,915232604,133312606,1048545210
2018-01-09,G,Total,311,999,2061021,158304917599,18332243605,176637161204
2018-01-09,LG1,Staff,73,229,355789,18786643536,5429405758,24216049294
2018-01-09,LG1,TPG,64,301,764986,86396056199,5094860089,91490916288
2018-01-09,LG1,RPG,84,358,818590,69301594844,10193768734,79495363578
2018-01-09,LG1,UG,186,740,1909561,257189415243,24565201537,281754616780
2018-01-09,LG1,Alumni,2,2,3000,68007334,12311027,80318361
2018-01-09,LG1,Others(HKUST),7,15,462014,1358566744,656002139,2014568883
2018-01-09,LG1,Non-HKUST,8,29,125987,22185558457,1305299046,23490857503
2018-01-09,LG1,Total,424,1674,4439927,455285842357,47256848330,502542690687
2018-01-09,LG3,Staff,37,151,227315,12592793412,1284754158,13877547570
2018-01-09,LG3,TPG,19,94,356268,19504321989,1053605728,20557927717
2018-01-09,LG3,RPG,46,209,603855,30137928519,3592250877,33730179396
2018-01-09,LG3,UG,37,96,124809,12969259134,1361512503,14330771637
2018-01-09,LG3,Alumni,3,19,33602,5868901458,193019845,6061921303
2018-01-09,LG3,Others(HKUST),2,29,62372,5974888267,291079133,6265967400
2018-01-09,LG3,Non-HKUST,0,0,0,0,0,0
2018-01-09,LG3,Total,144,598,1408221,87048092779,7776222244,94824315023
2018-01-09,LG4,Staff,42,98,133156,9496748921,629292457,10126041378
2018-01-09,LG4,TPG,22,77,266757,36005451693,5678827867,41684279560
2018-01-09,LG4,RPG,54,137,270309,22750444271,1699620543,24450064814
2018-01-09,LG4,UG,57,140,203189,37221841899,3211158393,40433000292
2018-01-09,LG4,Alumni,3,4,17998,941873726,44198509,986072235
2018-01-09,LG4,Others(HKUST),7,10,181774,590992592,202676823,793669415
2018-01-09,LG4,Non-HKUST,1,1,0,245671,339108,584779
2018-01-09,LG4,Total,186,467,1073183,107007598773,11466113700,118473712473
2018-01-09,All-Floors,Staff,206,1211,2790624,87136165166,17937919656,105074084822
2018-01-09,All-Floors,TPG,139,936,2547601,250413224369,26895319974,277308544343
2018-01-09,All-Floors,RPG,198,958,2299716,190524697691,18719198116,209243895807
2018-01-09,All-Floors,UG,327,1344,2920801,367983917067,36206384166,404190301233
2018-01-09,All-Floors,Alumni,10,69,250135,20877972641,762603485,21640576126
2018-01-09,All-Floors,Others(HKUST),17,76,934169,11512618529,1315380061,12827998590
2018-01-09,All-Floors,Non-HKUST,14,81,214755,25547067180,3724524730,29271591910
2018-01-09,All-Floors,Total,911,4675,11957801,953995662643,105561330188,1059556992831
2018-01-10,1,Staff,61,392,1165874,34290526244,3549245611,37839771855
2018-01-10,1,TPG,36,180,486099,192453885105,5670685433,198124570538
2018-01-10,1,RPG,27,132,393463,53526591395,4850486517,58377077912
2018-01-10,1,UG,31,128,373642,18846576788,2984094463,21830671251
2018-01-10,1,Alumni,4,26,115744,1352005002,272645394,1624650396
2018-01-10,1,Others(HKUST),4,9,96619,676743052,186598644,863341696
2018-01-10,1,Non-HKUST,0,0,0,0,0,0
2018-01-10,1,Total,163,867,2631441,301146327586,17513756062,318660083648
2018-01-10,G,Staff,85,317,716620,21654988221,2372098582,24027086803
2018-01-10,G,TPG,57,205,418273,18655483602,1807817641,20463301243
2018-01-10,G,RPG,62,180,424692,34424932923,3560663053,37985595976
2018-01-10,G,UG,85,246,372901,49645048838,4903943759,54548992597
2018-01-10,G,Alumni,7,43,107971,2253357362,190780091,2444137453
2018-01-10,G,Others(HKUST),5,16,142783,855947444,92356559,948304003
2018-01-10,G,Non-HKUST,4,12,14387,34045312,4714084,38759396
2018-01-10,G,Total,305,1019,2197627,127523803702,12932373769,140456177471
2018-01-10,LG1,Staff,66,164,296416,14316676043,2928154559,17244830602
2018-01-10,LG1,TPG,83,428,986107,95591963776,12941257166,108533220942
2018-01-10,LG1,RPG,66,297,621491,86336845749,6549237520,92886083269
2018-01-10,LG1,UG,147,591,1593130,159201589784,17178574928,176380164712
2018-01-10,LG1,Alumni,3,7,21603,3517206535,620936228,4138142763
2018-01-10,LG1,Others(HKUST),6,23,465031,2747977087,1181511855,3929488942
2018-01-10,LG1,Non-HKUST,10,29,74398,4197736486,284463730,4482200216
2018-01-10,LG1,Total,381,1539,4058176,365909995460,41684135986,407594131446
2018-01-10,LG3,Staff,43,112,147618,24445490793,2028075019,26473565812
2018-01-10,LG3,TPG,18,126,355799,24185459284,1438324340,25623783624
2018-01-10,LG3,RPG,48,241,603285,62416484156,5160472366,67576956522
2018-01-10,LG3,UG,43,151,233373,27580382853,1766550165,29346933018
2018-01-10,LG3,Alumni,5,17,13206,985211199,170639576,1155850775
2018-01-10,LG3,Others(HKUST),1,9,60590,2788541694,76114636,2864656330
2018-01-10,LG3,Non-HKUST,4,11,26392,3484725008,130056242,3614781250
2018-01-10,LG3,Total,162,667,1440263,145886294987,10770232344,156656527331
2018-01-10,LG4,Staff,75,198,379662,53719333808,7256019098,60975352906
2018-01-10,LG4,TPG,22,54,224125,8817971750,1033600574,9851572324
2018-01-10,LG4,RPG,61,144,352212,21845874404,2030972696,23876847100
2018-01-10,LG4,UG,68,157,207522,25000368361,1715801951,26716170312
2018-01-10,LG4,Alumni,3,4,604,1190461,1929832,3120293
2018-01-10,LG4,Others(HKUST),6,18,182393,2171360365,653577779,2824938144
2018-01-10,LG4,Non-HKUST,2,3,20959,836480181,83554091,920034272
2018-01-10,LG4,Total,237,578,1367477,112392579330,12775456021,125168035351
2018-01-10,All-Floors,Staff,212,1183,2706190,148427015109,18133592869,166560607978
2018-01-10,All-Floors,TPG,162,993,2470403,339704763517,22891685154,362596448671
2018-01-10,All-Floors,RPG,183,994,2395143,258550728627,22151832152,280702560779
2018-01-10,All-Floors,UG,302,1273,2780568,280273966624,28548965266,308822931890
2018-01-10,All-Floors,Alumni,15,97,259128,8108970559,1256931121,9365901680
2018-01-10,All-Floors,Others(HKUST),14,75,947416,9240569642,2190159473,11430729115
2018-01-10,All-Floors,Non-HKUST,18,55,136136,8552986987,502788147,9055775134
2018-01-10,All-Floors,Total,906,4670,11694984,1052859001065,95675954182,1148534955247
2018-01-11,1,Staff,68,416,1299529,20702112907,2677834676,23379947583
2018-01-11,1,TPG,36,210,694315,53331374958,2513203216,55844578174
2018-01-11,1,RPG,25,122,281768,22265298640,1413590069,23678888709
2018-01-11,1,UG,27,136,364015,26011717423,1627448552,27639165975
2018-01-11,1,Alumni,3,18,56925,478802210,81505615,560307825
2018-01-11,1,Others(HKUST),3,5,112823,84237406,34133613,118371019
2018-01-11,1,Non-HKUST,5,13,29438,312635020,109140227,421775247
2018-01-11,1,Total,167,920,2838813,123186178564,8456855968,131643034532
2018-01-11,G,Staff,89,326,603942,15186992412,1616221752,16803214164
2018-01-11,G,TPG,54,195,571218,51258223223,3776079328,55034302551
2018-01-11,G,RPG,56,173,399637,17299109890,1319725631,18618835521
2018-01-11,G,UG,92,266,418591,29683873382,2549409214,32233282596
2018-01-11,G,Alumni,10,31,89972,3395388960,1301319881,4696708841
2018-01-11,G,Others(HKUST),6,16,134982,641619206,155377192,796996398
2018-01-11,G,Non-HKUST,6,22,25763,97527952,26496757,124024709
2018-01-11,G,Total,313,1029,2244105,117562735025,10744629755,128307364780
2018-01-11,LG1,Staff,73,184,251408,16827977002,998219992,17826196994
2018-01-11,LG1,TPG,67,374,1047005,90576888647,7888194880,98465083527
2018-01-11,LG1,RPG,68,300,890946,56002073808,9556478961,65558552769
2018-01-11,LG1,UG,171,748,1893606,160962455307,17730215205,178692670512
2018-01-11,LG1,Alumni,4,10,39576,422360567,83401697,505762264
2018-01-11,LG1,Others(HKUST),6,37,514179,5054735424,879731516,5934466940
2018-01-11,LG1,Non-HKUST,5,14,50980,10505200005,549103109,11054303114
2018-01-11,LG1,Total,394,1667,4687700,340351690760,37685345360,378037036120
2018-01-11,LG3,Staff,35,122,177011,8728052603,634757410,9362810013
2018-01-11,LG3,TPG,22,142,513996,33858409704,1972491597,35830901301
2018-01-11,LG3,RPG,34,171,429845,33879933923,3796113946,37676047869
2018-01-11,LG3,UG,45,213,380146,50371854523,2708692380,53080546903
2018-01-11,LG3,Alumni,2,3,3595,114800851,21823780,136624631
2018-01-11,LG3,Others(HKUST),2,18,55757,5527301496,213649875,5740951371
2018-01-11,LG3,Non-HKUST,0,0,0,0,0,0
2018-01-11,LG3,Total,140,669,1560350,132480353100,9347528988,141827882088
2018-01-11,LG4,Staff,44,108,87574,6993759489,2813978160,9807737649
2018-01-11,LG4,TPG,22,84,348789,17008041804,1689197499,18697239303
2018-01-11,LG4,RPG,59,119,245320,36286228448,2202310545,38488538993
2018-01-11,LG4,UG,67,123,130103,16097726865,1230151149,17327878014
2018-01-11,LG4,Alumni,4,20,32958,8725628190,1592689298,10318317488
2018-01-11,LG4,Others(HKUST),2,10,153072,412889931,163321280,576211211
2018-01-11,LG4,Non-HKUST,4,8,15560,1010925828,52037598,1062963426
2018-01-11,LG4,Total,202,472,1013376,86535200555,9743685529,96278886084
2018-01-11,All-Floors,Staff,192,1156,2419464,68438894413,8741011990,77179906403
2018-01-11,All-Floors,TPG,153,1005,3175323,246032938336,17839166520,263872104856
2018-01-11,All-Floors,RPG,182,885,2247516,165732644709,18288219152,184020863861
2018-01-11,All-Floors,UG,314,1486,3186461,283127627500,25845916500,308973544000
2018-01-11,All-Floors,Alumni,15,82,223026,13136980778,3080740271,16217721049
2018-01-11,All-Floors,Others(HKUST),12,86,970813,11720783463,1446213476,13166996939
2018-01-11,All-Floors,Non-HKUST,18,57,121741,11926288805,736777691,12663066496
2018-01-11,All-Floors,Total,886,4757,12344344,800116158004,75978045600,876094203604
2018-01-12,1,Staff,63,306,1051404,19087504287,1541421226,20628925513
2018-01-12,1,TPG,34,163,411930,37371938838,5111483769,42483422607
2018-01-12,1,RPG,9,33,95607,4654166418,1009420020,5663586438
2018-01-12,1,UG,30,106,317062,11766427618,1408981245,13175408863
2018-01-12,1,Alumni,2,4,6662,275220868,43925939,319146807
2018-01-12,1,Others(HKUST),6,7,73393,1109387468,86432938,1195820406
2018-01-12,1,Non-HKUST,0,0,0,0,0,0
2018-01-12,1,Total,144,619,1956058,74264645497,9201665137,83466310634
2018-01-12,G,Staff,74,260,561397,14153032169,3044851374,17197883543
2018-01-12,G,TPG,45,125,262667,14856900071,2294455296,17151355367
2018-01-12,G,RPG,51,156,260571,35116929847,2997192723,38114122570
2018-01-12,G,UG,63,145,220700,16007083559,2377112710,18384196269
2018-01-12,G,Alumni,6,28,45747,2956292307,425493895,3381786202
2018-01-12,G,Others(HKUST),7,14,122455,308014581,39739234,347753815
2018-01-12,G,Non-HKUST,4,20,25317,205448640,31724878,237173518
2018-01-12,G,Total,250,748,1498854,83603701174,11210570110,94814271284
2018-01-12,LG1,Staff,64,151,178232,9132640397,1479660087,10612300484
2018-01-12,LG1,TPG,86,297,588853,70286163270,4464181052,74750344322
2018-01-12,LG1,RPG,52,208,539144,41875232828,4046920673,45922153501
2018-01-12,LG1,UG,133,405,758235,82584837064,14637256017,97222093081
2018-01-12,LG1,Alumni,2,2,0,102801,86152,188953
2018-01-12,LG1,Others(HKUST),7,18,459650,2514550021,911414088,3425964109
2018-01-12,LG1,Non-HKUST,9,45,32492,11907241972,538521933,12445763905
2018-01-12,LG1,Total,353,1126,2556606,218300768353,26078040002,244378808355
2018-01-12,LG3,Staff,36,100,246880,10156836171,623771718,10780607889
2018-01-12,LG3,TPG,24,110,356152,33670917141,1601386221,35272303362
2018-01-12,LG3,RPG,22,76,190541,17525994652,1622658061,19148652713
2018-01-12,LG3,UG,29,91,154568,29344199650,2976888308,32321087958
2018-01-12,LG3,Alumni,3,8,28237,561134285,41654835,602789120
2018-01-12,LG3,Others(HKUST),3,14,60716,3164111342,147699802,3311811144
2018-01-12,LG3,Non-HKUST,3,3,0,11077315,1194459,12271774
2018-01-12,LG3,Total,120,402,1037094,94434270556,7015253404,101449523960
2018-01-12,LG4,Staff,42,119,116097,5992945878,803616941,6796562819
2018-01-12,LG4,TPG,20,50,160719,6411481311,801461563,7212942874
2018-01-12,LG4,RPG,44,70,90877,3759267427,244036765,4003304192
2018-01-12,LG4,UG,51,96,60761,18016887563,4078827503,22095715066
2018-01-12,LG4,Alumni,2,4,14464,130915065,19246092,150161157
2018-01-12,LG4,Others(HKUST),6,22,164938,857708414,181699003,1039407417
2018-01-12,LG4,Non-HKUST,4,16,33560,17113493206,2593718468,19707211674
2018-01-12,LG4,Total,169,377,641416,52282698864,8722606335,61005305199
2018-01-12,All-Floors,Staff,189,936,2154010,58522958902,7493321346,66016280248
2018-01-12,All-Floors,TPG,158,745,1780321,162597400631,14272967901,176870368532
2018-01-12,All-Floors,RPG,143,543,1176740,102931591172,9920228242,112851819414
2018-01-12,All-Floors,UG,251,843,1511326,157719435454,25479065783,183198501237
2018-01-12,All-Floors,Alumni,11,46,95110,3923665326,530406913,4454072239
2018-01-12,All-Floors,Others(HKUST),18,75,881152,7953771826,1366985065,9320756891
2018-01-12,All-Floors,Non-HKUST,17,84,91369,29237261133,3165159738,32402420871
2018-01-12,All-Floors,Total,787,3272,7690028,522886084444,62228134988,585114219432
2018-01-13,1,Staff,18,96,405661,5180526970,493469030,5673996000
2018-01-13,1,TPG,25,190,699450,81598228197,4968817106,86567045303
2018-01-13,1,RPG,10,44,149409,13064473606,430703940,13495177546
2018-01-13,1,UG,19,98,342426,15886109537,1381343145,17267452682
2018-01-13,1,Alumni,1,2,19188,68939919,6911228,75851147
2018-01-13,1,Others(HKUST),2,3,0,2239289,18458739,20698028
2018-01-13,1,Non-HKUST,0,0,0,0,0,0
2018-01-13,1,Total,75,433,1616134,115800517518,7299703188,123100220706
2018-01-13,G,Staff,41,124,427886,11759425455,781390632,12540816087
2018-01-13,G,TPG,43,173,488810,23240713833,1697507146,24938220979
2018-01-13,G,RPG,38,85,160787,21226929735,3652446779,24879376514
2018-01-13,G,UG,58,199,262201,40332773099,6064856785,46397629884
2018-01-13,G,Alumni,0,0,0,0,0,0
2018-01-13,G,Others(HKUST),6,19,121812,2925398972,175533612,3100932584
2018-01-13,G,Non-HKUST,6,20,41361,686977603,233382005,920359608
2018-01-13,G,Total,192,620,1502857,100172218697,12605116959,112777335656
2018-01-13,LG1,Staff,25,64,123521,3559269333,285128822,3844398155
2018-01-13,LG1,TPG,64,308,1098790,107073357397,11576189637,118649547034
2018-01-13,LG1,RPG,40,200,531815,41770030722,6514713703,48284744425
2018-01-13,LG1,UG,110,496,1511091,122188156720,23426675361,145614832081
2018-01-13,LG1,Alumni,0,0,0,0,0,0
2018-01-13,LG1,Others(HKUST),5,20,454821,5641423432,956838747,6598262179
2018-01-13,LG1,Non-HKUST,7,12,44365,1036379028,535267686,1571646714
2018-01-13,LG1,Total,251,1100,3764403,281268616632,43294813956,324563430588
2018-01-13,LG3,Staff,15,53,73131,6445117061,1429985985,7875103046
2018-01-13,LG3,TPG,23,114,505732,36940893127,8489888104,45430781231
2018-01-13,LG3,RPG,21,104,309536,145074777127,4900750312,149975527439
2018-01-13,LG3,UG,34,114,181234,17977838981,2703604749,20681443730
2018-01-13,LG3,Alumni,0,0,0,0,0,0
2018-01-13,LG3,Others(HKUST),3,24,61770,3243252216,211744594,3454996810
2018-01-13,LG3,Non-HKUST,5,22,87528,3011033696,2096371502,5107405198
2018-01-13,LG3,Total,101,431,1218931,212692912208,19832345246,232525257454
2018-01-13,LG4,Staff,14,40,94820,3464788508,283369801,3748158309
2018-01-13,LG4,TPG,18,75,127686,16985056002,1793215233,18778271235
2018-01-13,LG4,RPG,30,63,157700,24260569060,2485940407,26746509467
2018-01-13,LG4,UG,33,90,145671,48776001338,8815483454,57591484792
2018-01-13,LG4,Alumni,0,0,0,0,0,0
2018-01-13,LG4,Others(HKUST),6,14,170995,1381386252,487588928,1868975180
2018-01-13,LG4,Non-HKUST,6,13,35969,1227338932,531384353,1758723285
2018-01-13,LG4,Total,107,295,732841,96095140092,14396982176,110492122268
2018-01-13,All-Floors,Staff,79,377,1125019,30409127327,3273344270,33682471597
2018-01-13,All-Floors,TPG,123,860,2920468,265838248556,28525617226,294363865782
2018-01-13,All-Floors,RPG,103,496,1309247,245396780250,17984555141,263381335391
2018-01-13,All-Floors,UG,201,997,2442623,245160879675,42391963494,287552843169
2018-01-13,All-Floors,Alumni,1,2,19188,68939919,6911228,75851147
2018-01-13,All-Floors,Others(HKUST),11,80,809398,13193700161,1850164620,15043864781
2018-01-13,All-Floors,Non-HKUST,15,67,209223,5961729259,3396405546,9358134805
2018-01-13,All-Floors,Total,533,2879,8835166,806029405147,97428961525,903458366672
2018-01-14,1,Staff,11,45,281470,814759861,261890599,1076650460
2018-01-14,1,TPG,17,64,208263,23685175786,1594614578,25279790364
2018-01-14,1,RPG,16,60,155431,12387911454,1516765322,13904676776
2018-01-14,1,UG,7,21,46809,2900809167,327137913,3227947080
2018-01-14,1,Alumni,5,25,64208,1894128500,301692745,2195821245
2018-01-14,1,Others(HKUST),0,0,0,0,0,0
2018-01-14,1,Non-HKUST,0,0,0,0,0,0
2018-01-14,1,Total,56,215,756181,41682784768,4002101157,45684885925
2018-01-14,G,Staff,21,55,213030,10368270428,661784855,11030055283
2018-01-14,G,TPG,46,129,298292,17135309680,1295761009,18431070689
2018-01-14,G,RPG,20,39,51612,7265872094,487150127,7753022221
2018-01-14,G,UG,16,44,101452,7807135206,783931062,8591066268
2018-01-14,G,Alumni,10,17,19194,514677949,118914387,633592336
2018-01-14,G,Others(HKUST),2,4,108612,1302475381,98716028,1401191409
2018-01-14,G,Non-HKUST,6,24,52820,4899193037,282690587,5181883624
2018-01-14,G,Total,121,312,845012,49292933775,3728948055,53021881830
2018-01-14,LG1,Staff,23,57,76807,1738459645,166283074,1904742719
2018-01-14,LG1,TPG,45,162,497551,35674387266,7543987282,43218374548
2018-01-14,LG1,RPG,19,52,108636,9043583975,995810601,10039394576
2018-01-14,LG1,UG,66,248,529317,82436798016,6381447737,88818245753
2018-01-14,LG1,Alumni,3,7,17407,3750579519,163143654,3913723173
2018-01-14,LG1,Others(HKUST),3,10,431396,1314286717,751145646,2065432363
2018-01-14,LG1,Non-HKUST,6,7,13204,54524072,14550715,69074787
2018-01-14,LG1,Total,165,543,1674318,134012619210,16016368709,150028987919
2018-01-14,LG3,Staff,9,42,48015,5734464423,430739828,6165204251
2018-01-14,LG3,TPG,18,84,219709,9546532450,1194778238,10741310688
2018-01-14,LG3,RPG,12,39,110414,9632927683,462493264,10095420947
2018-01-14,LG3,UG,23,70,132635,12256118070,526958499,12783076569
2018-01-14,LG3,Alumni,5,35,77434,40263187895,20234200990,60497388885
2018-01-14,LG3,Others(HKUST),1,1,0,244119772,20330353,264450125
2018-01-14,LG3,Non-HKUST,1,4,6001,197672735,45762525,243435260
2018-01-14,LG3,Total,69,275,594208,77875023028,22915263697,100790286725
2018-01-14,LG4,Staff,7,8,16209,433802509,157102469,590904978
2018-01-14,LG4,TPG,28,54,132655,4909492787,2605435820,7514928607
2018-01-14,LG4,RPG,23,54,101437,20476826887,2123110598,22599937485
2018-01-14,LG4,UG,28,39,22187,18446807315,2841099188,21287906503
2018-01-14,LG4,Alumni,3,16,17401,12654746016,510991992,13165738008
2018-01-14,LG4,Others(HKUST),3,7,170992,428185505,216852288,645037793
2018-01-14,LG4,Non-HKUST,3,8,4805,76953111,26021860,102974971
2018-01-14,LG4,Total,95,186,465686,57426814130,8480614215,65907428345
2018-01-14,All-Floors,Staff,54,207,635531,19089756866,1677800825,20767557691
2018-01-14,All-Floors,TPG,106,493,1356470,90950897969,14234576927,105185474896
2018-01-14,All-Floors,RPG,74,244,527530,58807122093,5585329912,64392452005
2018-01-14,All-Floors,UG,114,422,832400,123847667774,10860574399,134708242173
2018-01-14,All-Floors,Alumni,18,100,195644,59077319879,21328943768,80406263647
2018-01-14,All-Floors,Others(HKUST),6,22,711000,3289067375,1087044315,4376111690
2018-01-14,All-Floors,Non-HKUST,15,43,76830,5228342955,369025687,5597368642
2018-01-14,All-Floors,Total,387,1531,4335405,360290174911,55143295833,415433470744
2018-01-15,1,Staff,60,400,1190142,19527992911,8475159466,28003152377
2018-01-15,1,TPG,32,216,612361,45018116823,2532642994,47550759817
2018-01-15,1,RPG,20,124,299505,61407955924,1331355464,62739311388
2018-01-15,1,UG,25,122,323994,20476190598,1592488623,22068679221
2018-01-15,1,Alumni,2,10,40806,875282905,70288769,945571674
2018-01-15,1,Others(HKUST),2,4,23442,732467595,38545586,771013181
2018-01-15,1,Non-HKUST,1,1,0,159837,2379416,2539253
2018-01-15,1,Total,142,877,2490250,148038166593,14042860318,162081026911
2018-01-15,G,Staff,80,342,664590,20057959353,3388335450,23446294803
2018-01-15,G,TPG,64,218,581130,24425505166,4271067364,28696572530
2018-01-15,G,RPG,50,186,435133,38479968219,2829806018,41309774237
2018-01-15,G,UG,95,256,451515,36304706185,4440723382,40745429567
2018-01-15,G,Alumni,6,28,58851,2304018592,598397354,2902415946
2018-01-15,G,Others(HKUST),6,22,130864,6680506144,285290225,6965796369
2018-01-15,G,Non-HKUST,4,15,30572,1581202383,59045682,1640248065
2018-01-15,G,Total,305,1067,2352655,129833866042,15872665475,145706531517
2018-01-15,LG1,Staff,73,219,382532,18565818816,3551250048,22117068864
2018-01-15,LG1,TPG,95,589,1688905,124483004951,7203049454,131686054405
2018-01-15,LG1,RPG,69,324,1033231,95188480522,13469202633,108657683155
2018-01-15,LG1,UG,189,646,1776963,131940183169,48951631738,180891814907
2018-01-15,LG1,Alumni,4,8,6015,12945693,3366289,16311982
2018-01-15,LG1,Others(HKUST),11,28,516042,4432854408,856605748,5289460156
2018-01-15,LG1,Non-HKUST,11,43,112248,11144202339,845801778,11990004117
2018-01-15,LG1,Total,452,1857,5515936,385767489898,74880907688,460648397586
2018-01-15,LG3,Staff,37,112,148251,12319370276,1408169165,13727539441
2018-01-15,LG3,TPG,24,136,538766,29786607466,3669795588,33456403054
2018-01-15,LG3,RPG,30,121,398320,32590057582,4536044682,37126102264
2018-01-15,LG3,UG,55,167,334776,57283810703,2832427838,60116238541
2018-01-15,LG3,Alumni,4,31,39543,930819695,133120219,1063939914
2018-01-15,LG3,Others(HKUST),4,22,64770,7587110528,692618641,8279729169
2018-01-15,LG3,Non-HKUST,5,28,69643,20123859984,1323950162,21447810146
2018-01-15,LG3,Total,159,617,1594069,160621636234,14596126295,175217762529
2018-01-15,LG4,Staff,54,178,215359,21595407540,4190561440,25785968980
2018-01-15,LG4,TPG,23,77,241656,21247612044,7015260799,28262872843
2018-01-15,LG4,RPG,38,81,112101,13520278619,1282856695,14803135314
2018-01-15,LG4,UG,69,183,298392,33929637469,2270654993,36200292462
2018-01-15,LG4,Alumni,4,15,88817,4952458647,203657638,5156116285
2018-01-15,LG4,Others(HKUST),7,17,177562,2519403577,404642112,2924045689
2018-01-15,LG4,Non-HKUST,10,13,19230,1334346092,112597069,1446943161
2018-01-15,LG4,Total,205,564,1153117,99099143988,15480230746,114579374734
2018-01-15,All-Floors,Staff,193,1251,2600874,92066548896,21013475569,113080024465
2018-01-15,All-Floors,TPG,174,1236,3662818,244960846450,24691816199,269652662649
2018-01-15,All-Floors,RPG,163,836,2278290,241186740866,23449265492,264636006358
2018-01-15,All-Floors,UG,342,1374,3185640,279934528124,60087926574,340022454698
2018-01-15,All-Floors,Alumni,14,92,234032,9075525532,1008830269,10084355801
2018-01-15,All-Floors,Others(HKUST),17,93,912680,21952342252,2277702312,24230044564
2018-01-15,All-Floors,Non-HKUST,24,100,231693,34183770635,2343774107,36527544742
2018-01-15,All-Floors,Total,927,4982,13106027,923360302755,134872790522,1058233093277
2018-01-16,1,Staff,72,512,1138824,25015538308,4186055597,29201593905
2018-01-16,1,TPG,35,181,797646,86132470323,4336684419,90469154742
2018-01-16,1,RPG,21,96,318122,36354129520,1459683858,37813813378
2018-01-16,1,UG,22,104,225632,18403241824,2850299259,21253541083
2018-01-16,1,Alumni,2,6,43707,3281204360,127289651,3408494011
2018-01-16,1,Others(HKUST),4,5,60495,632658482,841866650,1474525132
2018-01-16,1,Non-HKUST,1,10,11393,137088627,25936446,163025073
2018-01-16,1,Total,157,914,2595819,169956331444,13827815880,183784147324
2018-01-16,G,Staff,98,372,647571,42302395507,5082443643,47384839150
2018-01-16,G,TPG,52,196,568329,24166945130,2283522164,26450467294
2018-01-16,G,RPG,72,191,412333,57127466186,3595516324,60722982510
2018-01-16,G,UG,103,323,567363,68967876773,4623357671,73591234444
2018-01-16,G,Alumni,6,26,84569,2167319316,201653842,2368973158
2018-01-16,G,Others(HKUST),6,13,114622,1576951876,88213626,1665165502
2018-01-16,G,Non-HKUST,6,49,63549,2392962677,140874528,2533837205
2018-01-16,G,Total,343,1170,2458336,198701917465,16015581798,214717499263
2018-01-16,LG1,Staff,95,338,485416,21359152105,4598982589,25958134694
2018-01-16,LG1,TPG,90,470,1281781,103606305401,13442457504,117048762905
2018-01-16,LG1,RPG,89,290,691305,40729601567,4032957072,44762558639
2018-01-16,LG1,UG,197,730,1877461,155830328898,24167927447,179998256345
2018-01-16,LG1,Alumni,3,20,46782,2811249504,264298543,3075548047
2018-01-16,LG1,Others(HKUST),7,19,447613,2471065452,1326655946,3797721398
2018-01-16,LG1,Non-HKUST,7,23,53295,10554790453,963974443,11518764896
2018-01-16,LG1,Total,488,1890,4883653,337362493380,48797253544,386159746924
2018-01-16,LG3,Staff,45,156,223821,16961397571,8170878084,25132275655
2018-01-16,LG3,TPG,31,231,810491,51411818743,10681614295,62093433038
2018-01-16,LG3,RPG,43,194,508671,62031040072,4688632152,66719672224
2018-01-16,LG3,UG,67,523,993658,117523927602,10530149144,128054076746
2018-01-16,LG3,Alumni,5,44,56941,1957044849,662895511,2619940360
2018-01-16,LG3,Others(HKUST),4,20,57598,7964971216,231221247,8196192463
2018-01-16,LG3,Non-HKUST,4,13,34144,3783378741,125206528,3908585269
2018-01-16,LG3,Total,199,1181,2685324,261633578794,35090596961,296724175755
2018-01-16,LG4,Staff,67,153,149927,9074226054,3428311581,12502537635
2018-01-16,LG4,TPG,23,104,341310,30144138820,3394597152,33538735972
2018-01-16,LG4,RPG,44,97,184164,21913344141,1187237310,23100581451
2018-01-16,LG4,UG,79,225,433364,40388963184,2786852425,43175815609
2018-01-16,LG4,Alumni,5,10,87590,366321322,78555138,444876460
2018-01-16,LG4,Others(HKUST),5,8,174598,921115990,206709933,1127825923
2018-01-16,LG4,Non-HKUST,5,7,25160,1166389587,96264482,1262654069
2018-01-16,LG4,Total,228,604,1396113,103974499098,11178528021,115153027119
2018-01-16,All-Floors,Staff,247,1531,2645559,114712709545,25466671494,140179381039
2018-01-16,All-Floors,TPG,169,1182,3799557,295461678417,34138875534,329600553951
2018-01-16,All-Floors,RPG,202,868,2114595,218155581486,14964026716,233119608202
2018-01-16,All-Floors,UG,352,1905,4097478,401114338281,44958585946,446072924227
2018-01-16,All-Floors,Alumni,16,106,319589,10583139351,1334692685,11917832036
2018-01-16,All-Floors,Others(HKUST),16,65,854926,13566763016,2694667402,16261430418
2018-01-16,All-Floors,Non-HKUST,18,102,187541,18034610085,1352256427,19386866512
2018-01-16,All-Floors,Total,1020,5759,14019245,1071628820181,124909776204,1196538596385
2018-01-17,1,Staff,61,402,1105166,27417017224,4100280182,31517297406
2018-01-17,1,TPG,42,254,677965,89037498620,10525136053,99562634673
2018-01-17,1,RPG,13,84,190795,11485111878,788864177,12273976055
2018-01-17,1,UG,38,199,504681,42802076420,25412476404,68214552824
2018-01-17,1,Alumni,5,24,107249,3470182143,224452235,3694634378
2018-01-17,1,Others(HKUST),4,9,88203,30144007,11772335,41916342
2018-01-17,1,Non-HKUST,3,12,16171,557422279,50799047,608221326
2018-01-17,1,Total,166,984,2690230,174799452571,41113780433,215913233004
2018-01-17,G,Staff,96,338,756892,24292840900,4130521496,28423362396
2018-01-17,G,TPG,67,283,510541,43317493034,5305504443,48622997477
2018-01-17,G,RPG,75,247,506612,36715374105,2709775857,39425149962
2018-01-17,G,UG,81,258,443682,74711843772,8908906819,83620750591
2018-01-17,G,Alumni,8,46,117601,3115050903,183102204,3298153107
2018-01-17,G,Others(HKUST),8,11,92996,98356699,36196394,134553093
2018-01-17,G,Non-HKUST,9,42,67172,5073038455,775266833,5848305288
2018-01-17,G,Total,344,1225,2495496,187323997868,22049274046,209373271914
2018-01-17,LG1,Staff,98,276,333100,11996015878,1712093144,13708109022
2018-01-17,LG1,TPG,95,467,1200952,98030311337,9485519948,107515831285
2018-01-17,LG1,RPG,76,257,614016,74094770410,5994837259,80089607669
2018-01-17,LG1,UG,174,672,1587820,122448652511,13522877788,135971530299
2018-01-17,LG1,Alumni,6,18,39008,720246518,82358912,802605430
2018-01-17,LG1,Others(HKUST),7,14,463209,1560766157,835936305,2396702462
2018-01-17,LG1,Non-HKUST,8,23,53402,3242377857,404017747,3646395604
2018-01-17,LG1,Total,464,1727,4291507,312093140668,32037641103,344130781771
2018-01-17,LG3,Staff,47,125,214067,23184081084,3499634575,26683715659
2018-01-17,LG3,TPG,27,176,488999,31481469087,2529246817,34010715904
2018-01-17,LG3,RPG,46,288,914190,132773160277,21159191740,153932352017
2018-01-17,LG3,UG,47,198,356673,35894968809,2077722544,37972691353
2018-01-17,LG3,Alumni,5,38,59307,2715224877,1041413938,3756638815
2018-01-17,LG3,Others(HKUST),2,19,63580,5196177496,174113584,5370291080
2018-01-17,LG3,Non-HKUST,4,15,39617,2881492802,92965189,2974457991
2018-01-17,LG3,Total,178,859,2136433,234126574432,30574288387,264700862819
2018-01-17,LG4,Staff,58,189,147056,14153011961,1109589275,15262601236
2018-01-17,LG4,TPG,21,90,230196,20389076656,1223662419,21612739075
2018-01-17,LG4,RPG,48,130,246058,25643367942,4389739375,30033107317
2018-01-17,LG4,UG,87,209,353266,37789768864,2435358645,40225127509
2018-01-17,LG4,Alumni,4,14,29989,1404739225,191182113,1595921338
2018-01-17,LG4,Others(HKUST),3,6,172798,790503778,208206787,998710565
2018-01-17,LG4,Non-HKUST,7,8,18570,1245479026,56807481,1302286507
2018-01-17,LG4,Total,228,646,1197933,101415947452,9614546095,111030493547
2018-01-17,All-Floors,Staff,239,1330,2556281,101042967047,14552118672,115595085719
2018-01-17,All-Floors,TPG,180,1270,3108653,282255848734,29069069680,311324918414
2018-01-17,All-Floors,RPG,191,1006,2471671,280711784612,35042408408,315754193020
2018-01-17,All-Floors,UG,323,1536,3246122,313647310376,52357342200,366004652576
2018-01-17,All-Floors,Alumni,19,140,353154,11425443666,1722509402,13147953068
2018-01-17,All-Floors,Others(HKUST),13,59,880786,7675948137,1266225405,8942173542
2018-01-17,All-Floors,Non-HKUST,22,100,194932,12999810419,1379856297,14379666716
2018-01-17,All-Floors,Total,987,5441,12811599,1009759112991,135389530064,1145148643055
2018-01-18,1,Staff,72,448,1331076,32889130759,6541193529,39430324288
2018-01-18,1,TPG,27,199,682232,80651935794,4344368723,84996304517
2018-01-18,1,RPG,14,84,368986,24155700254,1919736711,26075436965
2018-01-18,1,UG,35,132,383963,28315973565,2279079245,30595052810
2018-01-18,1,Alumni,3,8,59993,2057087246,105426024,2162513270
2018-01-18,1,Others(HKUST),4,8,104996,395892347,39361920,435254267
2018-01-18,1,Non-HKUST,0,0,0,0,0,0
2018-01-18,1,Total,155,879,2931246,168465719965,15229166152,183694886117
2018-01-18,G,Staff,102,325,781532,26265876676,6895084905,33160961581
2018-01-18,G,TPG,64,239,369480,35492888816,8511694517,44004583333
2018-01-18,G,RPG,57,201,553246,23250673627,7639352381,30890026008
2018-01-18,G,UG,68,233,453961,45590711051,8896028912,54486739963
2018-01-18,G,Alumni,4,22,67179,3224408073,158375128,3382783201
2018-01-18,G,Others(HKUST),8,16,98997,1441436553,104613625,1546050178
2018-01-18,G,Non-HKUST,6,23,31154,294653541,899968542,1194622083
2018-01-18,G,Total,309,1059,2355549,135560648337,33105118010,168665766347
2018-01-18,LG1,Staff,91,245,370302,17497014825,2337986438,19835001263
2018-01-18,LG1,TPG,86,475,1258056,131859142282,10427261391,142286403673
2018-01-18,LG1,RPG,85,309,813699,68004087134,3398009495,71402096629
2018-01-18,LG1,UG,191,724,1818193,194110686321,17365813865,211476500186
2018-01-18,LG1,Alumni,4,10,4786,630585516,73572941,704158457
2018-01-18,LG1,Others(HKUST),11,24,473428,2964510300,1118505168,4083015468
2018-01-18,LG1,Non-HKUST,5,25,64172,2260217122,210176705,2470393827
2018-01-18,LG1,Total,473,1812,4802636,417326243500,34931326003,452257569503
2018-01-18,LG3,Staff,46,133,189672,18736571810,1690795898,20427367708
2018-01-18,LG3,TPG,37,250,695548,53848806346,3776983686,57625790032
2018-01-18,LG3,RPG,46,278,727920,118107941094,23413201194,141521142288
2018-01-18,LG3,UG,59,240,567222,41590613706,3710162911,45300776617
2018-01-18,LG3,Alumni,3,21,12585,2451467522,275686140,2727153662
2018-01-18,LG3,Others(HKUST),4,12,71976,3528997016,127889804,3656886820
2018-01-18,LG3,Non-HKUST,5,6,10840,97641353,9255727,106897080
2018-01-18,LG3,Total,200,940,2275763,238362038847,33003975360,271366014207
2018-01-18,LG4,Staff,60,140,103146,10701916953,2611608824,13313525777
2018-01-18,LG4,TPG,35,154,529065,47123078604,10058248027,57181326631
2018-01-18,LG4,RPG,57,155,302657,23748258232,2487209751,26235467983
2018-01-18,LG4,UG,96,219,350827,31026692394,7310456986,38337149380
2018-01-18,LG4,Alumni,8,28,33022,749186892,118543167,867730059
2018-01-18,LG4,Others(HKUST),6,11,181191,521856774,206024681,727881455
2018-01-18,LG4,Non-HKUST,8,14,35990,229589101,118362053,347951154
2018-01-18,LG4,Total,270,721,1535898,114100578950,22910453489,137011032439
2018-01-18,All-Floors,Staff,244,1291,2775728,106090511023,20076669594,126167180617
2018-01-18,All-Floors,TPG,177,1317,3534381,348975851842,37118556344,386094408186
2018-01-18,All-Floors,RPG,194,1027,2766508,257266660341,38857509532,296124169873
2018-01-18,All-Floors,UG,361,1548,3574166,340634677037,39561541919,380196218956
2018-01-18,All-Floors,Alumni,15,89,177565,9112735249,731603400,9844338649
2018-01-18,All-Floors,Others(HKUST),21,71,930588,8852692990,1596395198,10449088188
2018-01-18,All-Floors,Non-HKUST,19,68,142156,2882101117,1237763027,4119864144
2018-01-18,All-Floors,Total,1031,5411,13901092,1073815229599,139180039014,1212995268613
2018-01-19,1,Staff,64,393,1189865,39864576335,4790817166,44655393501
2018-01-19,1,TPG,20,97,290709,47502900387,2045915582,49548815969
2018-01-19,1,RPG,14,73,233218,11218960958,946351693,12165312651
2018-01-19,1,UG,31,136,394502,24049737029,2686876199,26736613228
2018-01-19,1,Alumni,3,9,97771,5304492050,218453629,5522945679
2018-01-19,1,Others(HKUST),5,8,109237,1532587902,62832422,1595420324
2018-01-19,1,Non-HKUST,1,1,0,42513767,2877162,45390929
2018-01-19,1,Total,138,717,2315302,129515768428,10754123853,140269892281
2018-01-19,G,Staff,93,316,638472,29332183853,3914039743,33246223596
2018-01-19,G,TPG,64,228,452501,44862156282,7439066834,52301223116
2018-01-19,G,RPG,65,205,511764,35399081342,3620372706,39019454048
2018-01-19,G,UG,96,232,373996,34797417099,2802807434,37600224533
2018-01-19,G,Alumni,8,38,117049,13373994354,890675578,14264669932
2018-01-19,G,Others(HKUST),3,9,98969,1087685557,69287697,1156973254
2018-01-19,G,Non-HKUST,13,48,101899,5526826982,4171810575,9698637557
2018-01-19,G,Total,342,1076,2294650,164379345469,22908060567,187287406036
2018-01-19,LG1,Staff,84,238,324037,20963544670,3261893805,24225438475
2018-01-19,LG1,TPG,107,538,1375269,128692773299,8560491093,137253264392
2018-01-19,LG1,RPG,89,410,1116397,105864775137,9189073197,115053848334
2018-01-19,LG1,UG,235,942,2122739,225950713169,26004507544,251955220713
2018-01-19,LG1,Alumni,3,4,3598,90674975,5197120,95872095
2018-01-19,LG1,Others(HKUST),8,19,481825,1999915189,944326727,2944241916
2018-01-19,LG1,Non-HKUST,13,27,73134,18109751800,2256086207,20365838007
2018-01-19,LG1,Total,539,2178,5496999,501672148239,50221575693,551893723932
2018-01-19,LG3,Staff,43,137,274788,13818894842,1049518910,14868413752
2018-01-19,LG3,TPG,32,247,501101,111109547588,12544366799,123653914387
2018-01-19,LG3,RPG,38,148,477349,53218868087,4730302189,57949170276
2018-01-19,LG3,UG,53,152,288239,40019015566,6087915959,46106931525
2018-01-19,LG3,Alumni,1,12,9584,431190304,72785303,503975607
2018-01-19,LG3,Others(HKUST),3,19,104933,5810779221,426937557,6237716778
2018-01-19,LG3,Non-HKUST,5,31,44959,8331689515,218796169,8550485684
2018-01-19,LG3,Total,175,746,1700953,232739985123,25130622886,257870608009
2018-01-19,LG4,Staff,61,140,143927,34285069879,1232894068,35517963947
2018-01-19,LG4,TPG,29,112,298913,53556697553,4232748930,57789446483
2018-01-19,LG4,RPG,47,109,366212,38641418628,4123442194,42764860822
2018-01-19,LG4,UG,81,199,323090,103502337522,9136485850,112638823372
2018-01-19,LG4,Alumni,3,8,7777,226624731,33638672,260263403
2018-01-19,LG4,Others(HKUST),6,12,178203,1726126604,515233757,2241360361
2018-01-19,LG4,Non-HKUST,10,35,104891,6548881743,1260581719,7809463462
2018-01-19,LG4,Total,237,615,1423013,238487156660,20535025190,259022181850
2018-01-19,All-Floors,Staff,221,1224,2571089,138264269579,14249163692,152513433271
2018-01-19,All-Floors,TPG,180,1222,2918493,385724075109,34822589238,420546664347
2018-01-19,All-Floors,RPG,191,945,2704940,244343104152,22609541979,266952646131
2018-01-19,All-Floors,UG,392,1661,3502566,428319220385,46718592986,475037813371
2018-01-19,All-Floors,Alumni,13,71,235779,19426976414,1220750302,20647726716
2018-01-19,All-Floors,Others(HKUST),14,67,973167,12157094473,2018618160,14175712633
2018-01-19,All-Floors,Non-HKUST,31,142,324883,38559663807,7910151832,46469815639
2018-01-19,All-Floors,Total,1042,5332,13230917,1266794403919,129549408189,1396343812108
2018-01-20,1,Staff,14,51,447598,1694349578,826587266,2520936844
2018-01-20,1,TPG,23,168,566210,42790894022,2204495602,44995389624
2018-01-20,1,RPG,14,72,283746,31592001430,1566437099,33158438529
2018-01-20,1,UG,19,78,180583,37320071776,1655892294,38975964070
2018-01-20,1,Alumni,5,29,101968,3113842652,119903802,3233746454
2018-01-20,1,Others(HKUST),1,1,1257,20827723,10292799,31120522
2018-01-20,1,Non-HKUST,3,3,21008,268742048,36218420,304960468
2018-01-20,1,Total,79,402,1602370,116800729229,6419827282,123220556511
2018-01-20,G,Staff,22,106,276622,10067783257,1064063019,11131846276
2018-01-20,G,TPG,43,153,308838,52762387433,6694716159,59457103592
2018-01-20,G,RPG,42,167,382028,28866126945,3737056154,32603183099
2018-01-20,G,UG,65,210,380356,50949382999,2884640890,53834023889
2018-01-20,G,Alumni,16,87,140349,13027418799,2772923528,15800342327
2018-01-20,G,Others(HKUST),5,10,95382,729477656,214611639,944089295
2018-01-20,G,Non-HKUST,9,24,29369,1855628072,2285939887,4141567959
2018-01-20,G,Total,202,757,1612944,158258205161,19653951276,177912156437
2018-01-20,LG1,Staff,40,125,238051,17927728132,4076996625,22004724757
2018-01-20,LG1,TPG,80,426,1394637,210311004752,9169294832,219480299584
2018-01-20,LG1,RPG,57,219,543506,87294443957,5955102684,93249546641
2018-01-20,LG1,UG,154,804,2311886,256046413326,30007178188,286053591514
2018-01-20,LG1,Alumni,12,67,124715,30002428953,3286798068,33289227021
2018-01-20,LG1,Others(HKUST),2,6,431995,2169282231,821480370,2990762601
2018-01-20,LG1,Non-HKUST,10,25,63002,21940530177,767281282,22707811459
2018-01-20,LG1,Total,355,1672,5107792,625691831528,54084132049,679775963577
2018-01-20,LG3,Staff,13,30,74989,10723838112,543022468,11266860580
2018-01-20,LG3,TPG,20,153,511701,33029060461,4049577133,37078637594
2018-01-20,LG3,RPG,26,128,323283,62113783307,3403209275,65516992582
2018-01-20,LG3,UG,39,139,276584,13368144264,5945153405,19313297669
2018-01-20,LG3,Alumni,5,11,20418,305037042,66398344,371435386
2018-01-20,LG3,Others(HKUST),3,13,64215,5346796247,203209377,5550005624
2018-01-20,LG3,Non-HKUST,1,4,30010,4643860688,179575352,4823436040
2018-01-20,LG3,Total,107,478,1301200,129530520121,14390145354,143920665475
2018-01-20,LG4,Staff,21,56,104374,19378006674,770076458,20148083132
2018-01-20,LG4,TPG,22,100,349566,35871320915,6355791587,42227112502
2018-01-20,LG4,RPG,32,85,143949,13845649276,1115373354,14961022630
2018-01-20,LG4,UG,50,140,250797,67790453855,2269335137,70059788992
2018-01-20,LG4,Alumni,7,13,27567,5744407074,278954233,6023361307
2018-01-20,LG4,Others(HKUST),1,2,172798,343126853,200593360,543720213
2018-01-20,LG4,Non-HKUST,9,25,73154,14974928621,559403805,15534332426
2018-01-20,LG4,Total,142,421,1122205,157947893268,11549527934,169497421202
2018-01-20,All-Floors,Staff,82,368,1141634,59791705753,7280745836,67072451589
2018-01-20,All-Floors,TPG,142,1000,3130952,374764667583,28473875313,403238542896
2018-01-20,All-Floors,RPG,129,671,1676512,223712004915,15777178566,239489183481
2018-01-20,All-Floors,UG,262,1371,3400206,425474466220,42762199914,468236666134
2018-01-20,All-Floors,Alumni,35,207,415017,52193134520,6524977975,58718112495
2018-01-20,All-Floors,Others(HKUST),7,32,765647,8609510710,1450187545,10059698255
2018-01-20,All-Floors,Non-HKUST,23,81,216543,43683689606,3828418746,47512108352
2018-01-20,All-Floors,Total,680,3730,10746511,1188229179307,106097583895,1294326763202
2018-01-21,1,Staff,9,35,371417,2546540884,916658230,3463199114
2018-01-21,1,TPG,13,53,184833,21997021234,2199451867,24196473101
2018-01-21,1,RPG,6,28,80402,6002711994,378974669,6381686663
2018-01-21,1,UG,13,22,58213,1821732735,469373264,2291105999
2018-01-21,1,Alumni,7,22,75605,8519378238,558471331,9077849569
2018-01-21,1,Others(HKUST),0,0,0,0,0,0
2018-01-21,1,Non-HKUST,1,1,599,240403,84890,325293
2018-01-21,1,Total,49,161,771069,40887625488,4523014251,45410639739
2018-01-21,G,Staff,17,49,173378,7400068346,245571497,7645639843
2018-01-21,G,TPG,36,113,257398,20963435477,1899193636,22862629113
2018-01-21,G,RPG,22,85,185988,25680909080,4025620323,29706529403
2018-01-21,G,UG,20,49,132626,11153303038,618323293,11771626331
2018-01-21,G,Alumni,8,17,49213,5816420020,1900410265,7716830285
2018-01-21,G,Others(HKUST),3,3,99004,215700030,62246020,277946050
2018-01-21,G,Non-HKUST,3,12,11390,80821298,9026458,89847756
2018-01-21,G,Total,109,328,908997,71310657289,8760391492,80071048781
2018-01-21,LG1,Staff,20,42,82195,5512346277,3442003040,8954349317
2018-01-21,LG1,TPG,36,125,329423,75775725406,2544287577,78320012983
2018-01-21,LG1,RPG,23,82,180034,35256160614,2549351439,37805512053
2018-01-21,LG1,UG,58,204,481804,64073788490,5446540114,69520328604
2018-01-21,LG1,Alumni,6,12,22208,3190026733,173476393,3363503126
2018-01-21,LG1,Others(HKUST),1,5,431995,1401327331,796500610,2197827941
2018-01-21,LG1,Non-HKUST,5,8,12602,2645587522,362951138,3008538660
2018-01-21,LG1,Total,149,478,1540261,187854962373,15315110311,203170072684
2018-01-21,LG3,Staff,7,16,4807,776384730,66318118,842702848
2018-01-21,LG3,TPG,11,35,87609,12416711777,415874315,12832586092
2018-01-21,LG3,RPG,12,61,132005,15749905457,1098631382,16848536839
2018-01-21,LG3,UG,13,22,41417,2408647490,165158808,2573806298
2018-01-21,LG3,Alumni,4,14,28803,2359935272,402255292,2762190564
2018-01-21,LG3,Others(HKUST),0,0,0,0,0,0
2018-01-21,LG3,Non-HKUST,0,0,0,0,0,0
2018-01-21,LG3,Total,47,148,294641,33711584726,2148237915,35859822641
2018-01-21,LG4,Staff,14,30,31187,13055352624,647592445,13702945069
2018-01-21,LG4,TPG,8,18,54609,3291300594,249167545,3540468139
2018-01-21,LG4,RPG,28,39,41991,7833296245,534653427,8367949672
2018-01-21,LG4,UG,37,63,108609,5783757218,762760703,6546517921
2018-01-21,LG4,Alumni,10,21,74404,4657557912,351738082,5009295994
2018-01-21,LG4,Others(HKUST),4,6,172198,387260076,223657401,610917477
2018-01-21,LG4,Non-HKUST,2,4,7196,230857000,20319549,251176549
2018-01-21,LG4,Total,103,181,490194,35239381669,2789889152,38029270821
2018-01-21,All-Floors,Staff,51,172,662984,29290692861,5318143330,34608836191
2018-01-21,All-Floors,TPG,79,344,913872,134444194488,7307974940,141752169428
2018-01-21,All-Floors,RPG,79,295,620420,90522983390,8587231240,99110214630
2018-01-21,All-Floors,UG,124,360,822669,85241228971,7462156182,92703385153
2018-01-21,All-Floors,Alumni,25,86,250233,24543318175,3386351363,27929669538
2018-01-21,All-Floors,Others(HKUST),6,14,703197,2004287437,1082404031,3086691468
2018-01-21,All-Floors,Non-HKUST,8,25,31787,2957506223,392382035,3349888258
2018-01-21,All-Floors,Total,372,1296,4005162,369004211545,33536643121,402540854666
2018-01-22,1,Staff,60,444,1303953,30546798875,3447715337,33994514212
2018-01-22,1,TPG,33,182,620296,85826276792,14669609064,100495885856
2018-01-22,1,RPG,13,56,234355,14699018106,1168673689,15867691795
2018-01-22,1,UG,24,111,311459,24136526660,3321779266,27458305926
2018-01-22,1,Alumni,4,15,62338,1897047258,118975037,2016022295
2018-01-22,1,Others(HKUST),4,9,50315,1857104742,228443864,2085548606
2018-01-22,1,Non-HKUST,2,3,2994,186574858,13776073,200350931
2018-01-22,1,Total,140,820,2585710,159149347291,22968972330,182118319621
2018-01-22,G,Staff,101,368,704665,18055944260,4420563742,22476508002
2018-01-22,G,TPG,69,271,501238,53760011781,23238499742,76998511523
2018-01-22,G,RPG,52,156,368295,16150807407,6552960733,22703768140
2018-01-22,G,UG,89,249,379918,28618914470,3041355215,31660269685
2018-01-22,G,Alumni,5,23,58070,2576876510,115584498,2692461008
2018-01-22,G,Others(HKUST),4,7,90595,166647901,53414100,220062001
2018-01-22,G,Non-HKUST,8,37,45576,1281021135,779721183,2060742318
2018-01-22,G,Total,328,1111,2148357,120610223464,38202099213,158812322677
2018-01-22,LG1,Staff,77,240,335603,77849324334,7521965677,85371290011
2018-01-22,LG1,TPG,126,654,1494713,141810585795,16302824022,158113409817
2018-01-22,LG1,RPG,68,252,639953,103567992203,10683104883,114251097086
2018-01-22,LG1,UG,215,815,1988227,154365368545,76385290785,230750659330
2018-01-22,LG1,Alumni,4,19,30023,413018244,156994703,570012947
2018-01-22,LG1,Others(HKUST),9,24,479479,8252592162,1494983652,9747575814
2018-01-22,LG1,Non-HKUST,12,32,67142,6949581245,702075315,7651656560
2018-01-22,LG1,Total,511,2036,5035140,493208462528,113247239037,606455701565
2018-01-22,LG3,Staff,42,112,157980,57279392540,2709089443,59988481983
2018-01-22,LG3,TPG,27,181,459920,58435710884,5372360704,63808071588
2018-01-22,LG3,RPG,35,170,368893,63253071842,6395879398,69648951240
2018-01-22,LG3,UG,52,299,577572,54953403846,9160002053,64113405899
2018-01-22,LG3,Alumni,4,15,35921,5977404671,389611575,6367016246
2018-01-22,LG3,Others(HKUST),3,28,82809,7043911324,163676871,7207588195
2018-01-22,LG3,Non-HKUST,2,6,55820,1606766036,118682641,1725448677
2018-01-22,LG3,Total,165,811,1738915,248549661143,24309302685,272858963828
2018-01-22,LG4,Staff,60,164,259364,24783326948,3647102524,28430429472
2018-01-22,LG4,TPG,30,119,288852,23973611311,2622867165,26596478476
2018-01-22,LG4,RPG,61,138,246531,27306584834,3237120793,30543705627
2018-01-22,LG4,UG,120,240,346065,44932719846,5060507176,49993227022
2018-01-22,LG4,Alumni,4,6,65931,720382380,39772411,760154791
2018-01-22,LG4,Others(HKUST),6,13,183605,1562999802,295283023,1858282825
2018-01-22,LG4,Non-HKUST,7,16,56943,973483147,2155424965,3128908112
2018-01-22,LG4,Total,288,696,1447291,124253108268,17058078057,141311186325
2018-01-22,All-Floors,Staff,213,1328,2761565,208514786957,21746436723,230261223680
2018-01-22,All-Floors,TPG,205,1407,3365019,363806196563,62206160697,426012357260
2018-01-22,All-Floors,RPG,187,772,1858027,224977474392,28037739496,253015213888
2018-01-22,All-Floors,UG,398,1714,3603241,307006933367,96968934495,403975867862
2018-01-22,All-Floors,Alumni,18,78,252283,11584729063,820938224,12405667287
2018-01-22,All-Floors,Others(HKUST),16,81,886803,18883255931,2235801510,21119057441
2018-01-22,All-Floors,Non-HKUST,22,94,228475,10997426421,3769680177,14767106598
2018-01-22,All-Floors,Total,1059,5474,12955413,1145770802694,215785691322,1361556494016
2018-01-23,1,Staff,68,459,1308539,41986479817,7419859997,49406339814
2018-01-23,1,TPG,39,274,949194,63505081300,3609469776,67114551076
2018-01-23,1,RPG,15,91,381295,24696192880,4897207335,29593400215
2018-01-23,1,UG,31,154,444480,21963764017,4686950836,26650714853
2018-01-23,1,Alumni,4,8,35348,1495634970,136324873,1631959843
2018-01-23,1,Others(HKUST),2,6,57721,2846161122,137304495,2983465617
2018-01-23,1,Non-HKUST,1,2,12644,744557543,51710875,796268418
2018-01-23,1,Total,160,994,3189221,157237871649,20938828187,178176699836
2018-01-23,G,Staff,94,386,821523,32054226842,5007885129,37062111971
2018-01-23,G,TPG,63,221,569451,25819521000,5344792496,31164313496
2018-01-23,G,RPG,49,185,443870,32504064093,14621168905,47125232998
2018-01-23,G,UG,85,210,414839,33742495346,3036072399,36778567745
2018-01-23,G,Alumni,7,33,140534,2966006395,241550533,3207556928
2018-01-23,G,Others(HKUST),8,11,118252,4142980771,144616133,4287596904
2018-01-23,G,Non-HKUST,12,41,65994,1918493924,200021209,2118515133
2018-01-23,G,Total,318,1087,2574463,133147788371,28596106804,161743895175
2018-01-23,LG1,Staff,100,343,569126,80850110563,15096269871,95946380434
2018-01-23,LG1,TPG,100,646,1538143,160100877023,23412947356,183513824379
2018-01-23,LG1,RPG,95,386,935936,148337485123,11577069306,159914554429
2018-01-23,LG1,UG,224,1128,2786781,282621196971,35644260551,318265457522
2018-01-23,LG1,Alumni,3,12,21081,1378710834,266692806,1645403640
2018-01-23,LG1,Others(HKUST),5,14,461437,2015696719,1101358301,3117055020
2018-01-23,LG1,Non-HKUST,11,22,28139,2005212082,208267123,2213479205
2018-01-23,LG1,Total,538,2551,6340643,677309289315,87306865314,764616154629
2018-01-23,LG3,Staff,52,167,223557,48225980661,1969454938,50195435599
2018-01-23,LG3,TPG,42,270,775922,73764126747,17527534897,91291661644
2018-01-23,LG3,RPG,40,190,608868,66002323209,5511067781,71513390990
2018-01-23,LG3,UG,47,314,485882,52397233249,6213921689,58611154938
2018-01-23,LG3,Alumni,0,0,0,0,0,0
2018-01-23,LG3,Others(HKUST),2,27,73823,8765295709,299582094,9064877803
2018-01-23,LG3,Non-HKUST,2,7,0,5301391,1367127,6668518
2018-01-23,LG3,Total,185,975,2168052,249160260966,31522928526,280683189492
2018-01-23,LG4,Staff,61,165,147002,14909641888,3133499666,18043141554
2018-01-23,LG4,TPG,27,141,360090,49232006713,4025031864,53257038577
2018-01-23,LG4,RPG,76,183,341211,51202287140,4176883195,55379170335
2018-01-23,LG4,UG,134,252,386602,69028234982,4382907254,73411142236
2018-01-23,LG4,Alumni,2,2,21578,34539262,9029047,43568309
2018-01-23,LG4,Others(HKUST),8,16,176953,1269125681,432571940,1701697621
2018-01-23,LG4,Non-HKUST,4,11,30002,2589718951,94507497,2684226448
2018-01-23,LG4,Total,312,770,1463438,188265554617,16254430463,204519985080
2018-01-23,All-Floors,Staff,235,1520,3069747,218026439771,32626969601,250653409372
2018-01-23,All-Floors,TPG,192,1552,4192800,372421612783,53919776389,426341389172
2018-01-23,All-Floors,RPG,206,1035,2711180,322742352445,40783396522,363525748967
2018-01-23,All-Floors,UG,421,2058,4518584,459752924565,53964112729,513717037294
2018-01-23,All-Floors,Alumni,12,55,218541,5874891461,653597259,6528488720
2018-01-23,All-Floors,Others(HKUST),16,74,888186,19039260002,2115432963,21154692965
2018-01-23,All-Floors,Non-HKUST,25,83,136779,7263283891,555873831,7819157722
2018-01-23,All-Floors,Total,1107,6377,15735817,1405120764918,184619159294,1589739924212
2018-01-24,1,Staff,82,558,1647451,34996724101,17360204857,52356928958
2018-01-24,1,TPG,43,281,957923,66686383645,9910035034,76596418679
2018-01-24,1,RPG,17,94,270222,23033005089,977124552,24010129641
2018-01-24,1,UG,30,130,326182,27901295496,6158454894,34059750390
2018-01-24,1,Alumni,1,2,16629,684099954,31328936,715428890
2018-01-24,1,Others(HKUST),3,4,30578,138441899,25151047,163592946
2018-01-24,1,Non-HKUST,1,4,9626,549414306,213877266,763291572
2018-01-24,1,Total,177,1073,3258611,153989364490,34676176586,188665541076
2018-01-24,G,Staff,88,322,654770,12700812950,7868382731,20569195681
2018-01-24,G,TPG,72,297,577918,72731167774,6109160558,78840328332
2018-01-24,G,RPG,56,154,362720,22658698366,1917493090,24576191456
2018-01-24,G,UG,76,240,338996,47026789405,4885424348,51912213753
2018-01-24,G,Alumni,3,41,126013,3161735185,165767179,3327502364
2018-01-24,G,Others(HKUST),8,33,174812,1619936126,89790603,1709726729
2018-01-24,G,Non-HKUST,7,42,67471,453984208,88856892,542841100
2018-01-24,G,Total,310,1129,2302700,160353124014,21124875401,181477999415
2018-01-24,LG1,Staff,98,316,367148,20459620581,3366785049,23826405630
2018-01-24,LG1,TPG,124,655,1856084,188876749233,17825939031,206702688264
2018-01-24,LG1,RPG,78,351,823447,195687972921,15327931526,211015904447
2018-01-24,LG1,UG,193,815,1841237,193606755038,32011049818,225617804856
2018-01-24,LG1,Alumni,2,2,4237,384220013,88801923,473021936
2018-01-24,LG1,Others(HKUST),8,14,465616,2391676330,1110962754,3502639084
2018-01-24,LG1,Non-HKUST,16,60,125239,23309451665,3050572345,26360024010
2018-01-24,LG1,Total,519,2213,5483008,624716445781,72782042446,697498488227
2018-01-24,LG3,Staff,38,130,246711,15675511850,1088849774,16764361624
2018-01-24,LG3,TPG,36,268,658457,92140002225,7760654021,99900656246
2018-01-24,LG3,RPG,47,228,524198,70550190890,7115244131,77665435021
2018-01-24,LG3,UG,51,201,329686,27655016368,6818962277,34473978645
2018-01-24,LG3,Alumni,2,14,19054,1812669952,96170700,1908840652
2018-01-24,LG3,Others(HKUST),2,17,75463,4259158996,149766680,4408925676
2018-01-24,LG3,Non-HKUST,4,15,24733,4101617807,118755321,4220373128
2018-01-24,LG3,Total,180,873,1878302,216194168088,23148402904,239342570992
2018-01-24,LG4,Staff,54,175,235086,22429530385,2898269207,25327799592
2018-01-24,LG4,TPG,45,180,455717,57519178632,3852191596,61371370228
2018-01-24,LG4,RPG,58,157,245597,44859723095,5553688696,50413411791
2018-01-24,LG4,UG,102,210,396238,52862523288,6104191475,58966714763
2018-01-24,LG4,Alumni,1,1,0,3306222,467786,3774008
2018-01-24,LG4,Others(HKUST),5,14,176297,895974739,245173391,1141148130
2018-01-24,LG4,Non-HKUST,7,8,0,236758383,9805435,246563818
2018-01-24,LG4,Total,272,745,1508935,178806994744,18663787586,197470782330
2018-01-24,All-Floors,Staff,231,1501,3151166,106262199867,32582491618,138844691485
2018-01-24,All-Floors,TPG,229,1681,4506099,477953481509,45457980240,523411461749
2018-01-24,All-Floors,RPG,205,984,2226184,356789590361,30891481995,387681072356
2018-01-24,All-Floors,UG,357,1596,3232339,349052379595,55978082812,405030462407
2018-01-24,All-Floors,Alumni,6,60,165933,6046031326,382536524,6428567850
2018-01-24,All-Floors,Others(HKUST),16,82,922766,9305188090,1620844475,10926032565
2018-01-24,All-Floors,Non-HKUST,24,129,227069,28651226369,3481867259,32133093628
2018-01-24,All-Floors,Total,1068,6033,14431556,1334060097117,170395284923,1504455382040
2018-01-25,1,Staff,72,488,1518536,38429551753,5612400858,44041952611
2018-01-25,1,TPG,46,330,1044598,123558278728,9578989902,133137268630
2018-01-25,1,RPG,16,90,259423,30404361558,1428724466,31833086024
2018-01-25,1,UG,39,189,459183,20485788110,3627824075,24113612185
2018-01-25,1,Alumni,1,1,19176,868501702,56197104,924698806
2018-01-25,1,Others(HKUST),2,4,25242,188605673,22956346,211562019
2018-01-25,1,Non-HKUST,3,10,31809,5390043041,452682943,5842725984
2018-01-25,1,Total,179,1112,3357967,219325130565,20779775694,240104906259
2018-01-25,G,Staff,110,348,838692,19514969165,3604018669,23118987834
2018-01-25,G,TPG,76,193,495163,24865119688,3716111527,28581231215
2018-01-25,G,RPG,62,199,479090,43088699949,4168430726,47257130675
2018-01-25,G,UG,117,305,430148,52060949906,5573833578,57634783484
2018-01-25,G,Alumni,12,52,152445,2208212945,321980728,2530193673
2018-01-25,G,Others(HKUST),9,17,217260,833250141,109122388,942372529
2018-01-25,G,Non-HKUST,11,46,84529,1042881431,353070665,1395952096
2018-01-25,G,Total,397,1160,2697327,143614083225,17846568281,161460651506
2018-01-25,LG1,Staff,100,312,517301,33447874446,5081525907,38529400353
2018-01-25,LG1,TPG,124,744,2156697,193980231434,17808028854,211788260288
2018-01-25,LG1,RPG,74,314,793438,96824767852,7419201977,104243969829
2018-01-25,LG1,UG,206,768,1940891,232507143429,34877056777,267384200206
2018-01-25,LG1,Alumni,8,27,51656,1655181615,327342913,1982524528
2018-01-25,LG1,Others(HKUST),6,16,463199,1958315934,1077469363,3035785297
2018-01-25,LG1,Non-HKUST,9,40,97131,4470082078,372107839,4842189917
2018-01-25,LG1,Total,527,2221,6020313,564843596788,66962733630,631806330418
2018-01-25,LG3,Staff,47,154,256800,15030500528,1834398038,16864898566
2018-01-25,LG3,TPG,39,269,774288,83795706295,17445296227,101241002522
2018-01-25,LG3,RPG,38,207,499336,87918045089,3958593090,91876638179
2018-01-25,LG3,UG,52,179,379746,44740815208,2076042182,46816857390
2018-01-25,LG3,Alumni,4,38,37763,1121261295,112220249,1233481544
2018-01-25,LG3,Others(HKUST),4,26,69581,3397490982,130593422,3528084404
2018-01-25,LG3,Non-HKUST,2,5,9006,165705931,62575344,228281275
2018-01-25,LG3,Total,186,878,2026520,236169525328,25619718552,261789243880
2018-01-25,LG4,Staff,76,164,153485,10428585347,1527901748,11956487095
2018-01-25,LG4,TPG,43,164,456149,66427170112,3369354970,69796525082
2018-01-25,LG4,RPG,51,128,171490,13049533721,1171689760,14221223481
2018-01-25,LG4,UG,119,291,560143,78091934424,5855075177,83947009601
2018-01-25,LG4,Alumni,6,9,22160,56258195,6885970,63144165
2018-01-25,LG4,Others(HKUST),7,13,182994,1209174784,466824733,1675999517
2018-01-25,LG4,Non-HKUST,8,18,24612,471105113,62030728,533135841
2018-01-25,LG4,Total,310,787,1571033,169733761696,12459763086,182193524782
2018-01-25,All-Floors,Staff,263,1466,3284814,116851481239,17660245220,134511726459
2018-01-25,All-Floors,TPG,234,1700,4926895,492626506257,51917781480,544544287737
2018-01-25,All-Floors,RPG,173,938,2202777,271285408169,18146640019,289432048188
2018-01-25,All-Floors,UG,411,1732,3770111,427886631077,52009831789,479896462866
2018-01-25,All-Floors,Alumni,21,127,283200,5909415752,824626964,6734042716
2018-01-25,All-Floors,Others(HKUST),15,76,958276,7586837514,1806966252,9393803766
2018-01-25,All-Floors,Non-HKUST,30,119,247087,11539817594,1302467519,12842285113
2018-01-25,All-Floors,Total,1147,6158,15673160,1333686097602,143668559243,1477354656845
2018-01-26,1,Staff,62,451,1395901,49065716922,4475954275,53541671197
2018-01-26,1,TPG,49,291,1008264,114297981980,41326127217,155624109197
2018-01-26,1,RPG,18,96,291735,30456633463,2021001903,32477635366
2018-01-26,1,UG,39,188,571082,35097075175,3046919581,38143994756
2018-01-26,1,Alumni,3,7,62377,3733256099,6158246771,9891502870
2018-01-26,1,Others(HKUST),1,4,22232,348093767,26836196,374929963
2018-01-26,1,Non-HKUST,4,14,46154,886642156,69150622,955792778
2018-01-26,1,Total,176,1051,3397745,233885399562,57124236565,291009636127
2018-01-26,G,Staff,92,332,661534,17096465870,14598300523,31694766393
2018-01-26,G,TPG,75,230,335264,56879688072,19407857792,76287545864
2018-01-26,G,RPG,61,185,398936,40759847899,9227290350,49987138249
2018-01-26,G,UG,98,256,379180,40313607484,5154434970,45468042454
2018-01-26,G,Alumni,3,18,120592,1851941567,108538695,1960480262
2018-01-26,G,Others(HKUST),5,17,205260,1076111145,1042879165,2118990310
2018-01-26,G,Non-HKUST,7,38,82073,8752694461,988831739,9741526200
2018-01-26,G,Total,341,1076,2182839,166730356498,50528133234,217258489732
2018-01-26,LG1,Staff,95,283,475370,28802349170,3336031771,32138380941
2018-01-26,LG1,TPG,117,667,1770878,176197485814,13167005262,189364491076
2018-01-26,LG1,RPG,74,298,683905,117089223518,10265888840,127355112358
2018-01-26,LG1,UG,228,949,2423136,199003400464,21836078437,220839478901
2018-01-26,LG1,Alumni,6,13,23396,1249161391,2597804775,3846966166
2018-01-26,LG1,Others(HKUST),7,19,468024,2675577756,908753983,3584331739
2018-01-26,LG1,Non-HKUST,10,57,129490,4644280911,313210250,4957491161
2018-01-26,LG1,Total,537,2286,5974199,529661479024,52424773318,582086252342
2018-01-26,LG3,Staff,44,143,170402,11218550433,5224579828,16443130261
2018-01-26,LG3,TPG,38,285,859753,100703251633,5506378824,106209630457
2018-01-26,LG3,RPG,45,219,464021,82762158097,35414734700,118176892797
2018-01-26,LG3,UG,51,168,361638,19156528143,1318511399,20475039542
2018-01-26,LG3,Alumni,6,17,30543,212952254,48161575,261113829
2018-01-26,LG3,Others(HKUST),3,30,85738,6034472497,453487660,6487960157
2018-01-26,LG3,Non-HKUST,2,3,21527,6548361340,519511971,7067873311
2018-01-26,LG3,Total,189,865,1993622,226636274397,48485365957,275121640354
2018-01-26,LG4,Staff,45,144,130129,14095572980,2107793332,16203366312
2018-01-26,LG4,TPG,47,153,461368,55023948829,7338982244,62362931073
2018-01-26,LG4,RPG,54,127,226369,22897233813,1649850313,24547084126
2018-01-26,LG4,UG,91,183,255426,26055861161,6651227600,32707088761
2018-01-26,LG4,Alumni,3,8,23375,1413031553,2826639670,4239671223
2018-01-26,LG4,Others(HKUST),8,12,176393,756327332,278202028,1034529360
2018-01-26,LG4,Non-HKUST,6,25,20372,2848793016,386755681,3235548697
2018-01-26,LG4,Total,254,652,1293432,123090768684,21239450868,144330219552
2018-01-26,All-Floors,Staff,208,1353,2833336,120278655375,29742659729,150021315104
2018-01-26,All-Floors,TPG,235,1626,4435527,503102356328,86746351339,589848707667
2018-01-26,All-Floors,RPG,185,925,2064966,293965096790,58578766106,352543862896
2018-01-26,All-Floors,UG,403,1744,3990462,319626472427,38007171987,357633644414
2018-01-26,All-Floors,Alumni,14,63,260283,8460342864,11739391486,20199734350
2018-01-26,All-Floors,Others(HKUST),15,82,957647,10890582497,2710159032,13600741529
2018-01-26,All-Floors,Non-HKUST,23,137,299616,23680771884,2277460263,25958232147
2018-01-26,All-Floors,Total,1083,5930,14841837,1280004278165,229801959942,1509806238107
2018-01-27,1,Staff,21,68,637922,21930553151,2773662102,24704215253
2018-01-27,1,TPG,46,254,932441,70579017217,7985666416,78564683633
2018-01-27,1,RPG,20,93,296366,20829021573,1242985735,22072007308
2018-01-27,1,UG,14,39,81660,6594598892,1086797906,7681396798
2018-01-27,1,Alumni,7,36,123604,14349796008,2269978651,16619774659
2018-01-27,1,Others(HKUST),1,2,10214,231756188,45387504,277143692
2018-01-27,1,Non-HKUST,4,17,49790,1711970955,1378830618,3090801573
2018-01-27,1,Total,113,509,2131997,136226713984,16783308932,153010022916
2018-01-27,G,Staff,28,119,266395,7382850266,1455529329,8838379595
2018-01-27,G,TPG,71,188,478302,47871524720,5143274451,53014799171
2018-01-27,G,RPG,37,92,234684,13144013737,1003366869,14147380606
2018-01-27,G,UG,55,166,217879,35567370047,3143908241,38711278288
2018-01-27,G,Alumni,17,70,128314,7486880721,465223352,7952104073
2018-01-27,G,Others(HKUST),7,17,207646,1196452015,2221827223,3418279238
2018-01-27,G,Non-HKUST,10,40,85806,6361797302,461288637,6823085939
2018-01-27,G,Total,225,692,1619026,119010888808,13894418102,132905306910
2018-01-27,LG1,Staff,39,143,225106,17785374636,5157453808,22942828444
2018-01-27,LG1,TPG,125,800,1938423,235332010423,24299457096,259631467519
2018-01-27,LG1,RPG,50,197,466218,45363589772,2763624415,48127214187
2018-01-27,LG1,UG,136,609,1407285,142065475309,40980494347,183045969656
2018-01-27,LG1,Alumni,7,74,61714,15983855994,847651987,16831507981
2018-01-27,LG1,Others(HKUST),5,15,445180,2500205763,1188027678,3688233441
2018-01-27,LG1,Non-HKUST,7,24,52180,10382698683,377180881,10759879564
2018-01-27,LG1,Total,369,1862,4596106,469413210580,75613890212,545027100792
2018-01-27,LG3,Staff,19,63,130212,13709206388,2268293730,15977500118
2018-01-27,LG3,TPG,50,406,1020283,84803686974,21847627047,106651314021
2018-01-27,LG3,RPG,32,148,324124,64957119484,3574433861,68531553345
2018-01-27,LG3,UG,23,88,196788,28865351646,1119513723,29984865369
2018-01-27,LG3,Alumni,4,12,62973,2639182570,126582245,2765764815
2018-01-27,LG3,Others(HKUST),9,35,94181,7288713877,3670720096,10959433973
2018-01-27,LG3,Non-HKUST,3,9,24565,609953154,51811924,661765078
2018-01-27,LG3,Total,140,761,1853126,202873214093,32658982626,235532196719
2018-01-27,LG4,Staff,18,43,70214,3924677997,287233130,4211911127
2018-01-27,LG4,TPG,44,196,565532,154979896089,26183784319,181163680408
2018-01-27,LG4,RPG,39,113,298339,39350492522,2561809621,41912302143
2018-01-27,LG4,UG,71,165,299457,32361751258,3345216418,35706967676
2018-01-27,LG4,Alumni,6,21,76932,13483648800,1537147265,15020796065
2018-01-27,LG4,Others(HKUST),4,10,177600,1129821309,301392921,1431214230
2018-01-27,LG4,Non-HKUST,9,18,20996,4102439688,167410483,4269850171
2018-01-27,LG4,Total,191,566,1509070,249332727663,34383994157,283716721820
2018-01-27,All-Floors,Staff,84,436,1329849,64732662438,11942172099,76674834537
2018-01-27,All-Floors,TPG,228,1844,4934981,593566135423,85459809329,679025944752
2018-01-27,All-Floors,RPG,128,643,1619731,183644237088,11146220501,194790457589
2018-01-27,All-Floors,UG,225,1067,2203069,245454547152,49675930635,295130477787
2018-01-27,All-Floors,Alumni,31,213,453537,53943364093,5246583500,59189947593
2018-01-27,All-Floors,Others(HKUST),17,79,934821,12346949152,7427355422,19774304574
2018-01-27,All-Floors,Non-HKUST,24,108,233337,23168859782,2436522543,25605382325
2018-01-27,All-Floors,Total,737,4390,11709325,1176856755128,173334594029,1350191349157
2018-01-28,1,Staff,10,38,426633,8359759113,1651134142,10010893255
2018-01-28,1,TPG,25,105,384671,12918326655,1712564649,14630891304
2018-01-28,1,RPG,9,30,100231,9941179924,1144078511,11085258435
2018-01-28,1,UG,6,18,73225,8041276064,2371093645,10412369709
2018-01-28,1,Alumni,3,18,27007,1648515949,95239830,1743755779
2018-01-28,1,Others(HKUST),0,0,0,0,0,0
2018-01-28,1,Non-HKUST,2,9,22207,1179875773,63122278,1242998051
2018-01-28,1,Total,55,218,1033974,42088933478,7037233055,49126166533
2018-01-28,G,Staff,18,56,168609,3973820507,474568940,4448389447
2018-01-28,G,TPG,42,107,277288,17136673443,1004712214,18141385657
2018-01-28,G,RPG,17,46,94217,7210683093,1077532025,8288215118
2018-01-28,G,UG,26,71,91840,9689177014,3159169882,12848346896
2018-01-28,G,Alumni,6,22,47424,402484984,55121555,457606539
2018-01-28,G,Others(HKUST),4,9,196791,973825345,186035866,1159861211
2018-01-28,G,Non-HKUST,6,17,61818,3795929310,231921720,4027851030
2018-01-28,G,Total,119,328,937987,43182593696,6189062202,49371655898
2018-01-28,LG1,Staff,21,54,133870,7699154840,368225938,8067380778
2018-01-28,LG1,TPG,71,296,840281,71922525929,12427232367,84349758296
2018-01-28,LG1,RPG,24,75,143429,22873711027,2011535844,24885246871
2018-01-28,LG1,UG,50,170,386489,38208037294,9535471674,47743508968
2018-01-28,LG1,Alumni,5,10,7801,977613223,42586307,1020199530
2018-01-28,LG1,Others(HKUST),1,9,429596,3013955793,1692295306,4706251099
2018-01-28,LG1,Non-HKUST,6,16,28220,1485757852,133638183,1619396035
2018-01-28,LG1,Total,178,630,1969686,146180755958,26210985619,172391741577
2018-01-28,LG3,Staff,11,25,24617,3366729136,159521947,3526251083
2018-01-28,LG3,TPG,26,103,324091,14037740598,1928178700,15965919298
2018-01-28,LG3,RPG,13,32,63014,8424036524,315377703,8739414227
2018-01-28,LG3,UG,23,81,139236,8661778420,991089554,9652867974
2018-01-28,LG3,Alumni,7,26,68415,7788319115,2263399452,10051718567
2018-01-28,LG3,Others(HKUST),1,1,0,0,0,0
2018-01-28,LG3,Non-HKUST,1,1,0,3163001,20643434,23806435
2018-01-28,LG3,Total,82,269,619373,42281766794,5678210790,47959977584
2018-01-28,LG4,Staff,9,16,16209,227355827,40242904,267598731
2018-01-28,LG4,TPG,21,46,110419,3952485452,508014827,4460500279
2018-01-28,LG4,RPG,30,36,50400,4240449931,274370822,4514820753
2018-01-28,LG4,UG,49,78,55198,9066939822,2100789964,11167729786
2018-01-28,LG4,Alumni,4,5,9610,12663659,934594,13598253
2018-01-28,LG4,Others(HKUST),3,4,172798,571941802,259056847,830998649
2018-01-28,LG4,Non-HKUST,7,22,20998,8737191215,230454039,8967645254
2018-01-28,LG4,Total,123,207,435632,26809027708,3413863997,30222891705
2018-01-28,All-Floors,Staff,52,189,769938,23626819423,2693693871,26320513294
2018-01-28,All-Floors,TPG,133,657,1936750,119967752077,17580702757,137548454834
2018-01-28,All-Floors,RPG,76,219,451291,52690060499,4822894905,57512955404
2018-01-28,All-Floors,UG,121,418,745988,73667208614,18157614719,91824823333
2018-01-28,All-Floors,Alumni,17,81,160257,10829596930,2457281738,13286878668
2018-01-28,All-Floors,Others(HKUST),6,23,799185,4559722940,2137388019,6697110959
2018-01-28,All-Floors,Non-HKUST,17,65,133243,15201917151,679779654,15881696805
2018-01-28,All-Floors,Total,422,1652,4996652,300543077634,48529355663,349072433297
2018-01-29,1,Staff,71,531,1334722,61329976171,6161117974,67491094145
2018-01-29,1,TPG,66,413,1391972,204961600749,8654338532,213615939281
2018-01-29,1,RPG,15,75,230619,14030021899,1802092971,15832114870
2018-01-29,1,UG,48,173,467660,19987152300,3874557125,23861709425
2018-01-29,1,Alumni,4,11,113976,4965180773,232247273,5197428046
2018-01-29,1,Others(HKUST),1,3,24658,283754923,10410769,294165692
2018-01-29,1,Non-HKUST,5,26,47946,875807397,78204344,954011741
2018-01-29,1,Total,210,1232,3611553,306433494212,20812968988,327246463200
2018-01-29,G,Staff,103,378,681218,19253198392,4205739530,23458937922
2018-01-29,G,TPG,98,400,785611,56195921866,4841810281,61037732147
2018-01-29,G,RPG,53,177,425594,27113503920,4642238448,31755742368
2018-01-29,G,UG,115,300,480640,46503334649,5665487752,52168822401
2018-01-29,G,Alumni,2,24,126042,2426018104,152015670,2578033774
2018-01-29,G,Others(HKUST),7,18,190301,442645023,173424630,616069653
2018-01-29,G,Non-HKUST,10,28,60079,1369511938,928564026,2298075964
2018-01-29,G,Total,388,1325,2749485,153304133892,20609280337,173913414229
2018-01-29,LG1,Staff,92,269,390297,20700079094,2333747958,23033827052
2018-01-29,LG1,TPG,157,802,2512408,263947915851,28017524841,291965440692
2018-01-29,LG1,RPG,86,355,809156,65416166497,4190724589,69606891086
2018-01-29,LG1,UG,192,945,1906974,187567575453,11818700634,199386276087
2018-01-29,LG1,Alumni,5,18,35421,705362331,221335541,926697872
2018-01-29,LG1,Others(HKUST),8,45,667975,3463979385,1447960077,4911939462
2018-01-29,LG1,Non-HKUST,13,41,88153,4526869864,234122043,4760991907
2018-01-29,LG1,Total,553,2475,6410384,546327948475,48264115683,594592064158
2018-01-29,LG3,Staff,65,171,191355,13047838217,2679443423,15727281640
2018-01-29,LG3,TPG,65,379,1183492,143784168726,9775044179,153559212905
2018-01-29,LG3,RPG,61,260,646299,73088132026,7318347049,80406479075
2018-01-29,LG3,UG,136,350,549429,43895543636,3653668401,47549212037
2018-01-29,LG3,Alumni,3,9,43152,180985040,105439720,286424760
2018-01-29,LG3,Others(HKUST),6,28,92946,4110300658,377864096,4488164754
2018-01-29,LG3,Non-HKUST,11,38,120796,5951371778,329710755,6281082533
2018-01-29,LG3,Total,347,1235,2827469,284058340081,24239517623,308297857704
2018-01-29,LG4,Staff,53,183,298311,12110621569,1975981234,14086602803
2018-01-29,LG4,TPG,44,209,606021,43862521244,6983414081,50845935325
2018-01-29,LG4,RPG,48,124,291539,37483729027,2022735698,39506464725
2018-01-29,LG4,UG,89,265,377057,40308509765,7748906533,48057416298
2018-01-29,LG4,Alumni,1,3,31822,740324430,172846901,913171331
2018-01-29,LG4,Others(HKUST),6,12,218991,582160346,293445702,875606048
2018-01-29,LG4,Non-HKUST,8,11,58154,3118634688,616233297,3734867985
2018-01-29,LG4,Total,249,807,1881895,138206501069,19813563446,158020064515
2018-01-29,All-Floors,Staff,246,1532,2895903,126441713443,17356030119,143797743562
2018-01-29,All-Floors,TPG,323,2203,6479504,712752128436,58272131914,771024260350
2018-01-29,All-Floors,RPG,198,991,2403207,217131553369,19976138755,237107692124
2018-01-29,All-Floors,UG,432,2033,3781760,338262115803,32761320445,371023436248
2018-01-29,All-Floors,Alumni,12,65,350413,9017870678,883885105,9901755783
2018-01-29,All-Floors,Others(HKUST),17,106,1194871,8882840335,2303105274,11185945609
2018-01-29,All-Floors,Non-HKUST,38,144,375128,15842195665,2186834465,18029030130
2018-01-29,All-Floors,Total,1266,7074,17480786,1428330417729,133739446077,1562069863806
2018-01-30,1,Staff,68,485,1526699,30414249041,3867794900,34282043941
2018-01-30,1,TPG,70,497,1299831,170587063097,9024562198,179611625295
2018-01-30,1,RPG,12,62,232820,39258059324,1167647452,40425706776
2018-01-30,1,UG,47,222,615846,34451588857,15566636926,50018225783
2018-01-30,1,Alumni,2,8,160070,1188441454,185874874,1374316328
2018-01-30,1,Others(HKUST),1,6,21655,1735451089,116904466,1852355555
2018-01-30,1,Non-HKUST,3,31,68866,1363837639,273683182,1637520821
2018-01-30,1,Total,203,1311,3925787,278998690501,30203103998,309201794499
2018-01-30,G,Staff,89,401,744844,28667788390,3948692949,32616481339
2018-01-30,G,TPG,96,365,641447,78944235258,4582092800,83526328058
2018-01-30,G,RPG,52,194,381640,39028288172,3844165966,42872454138
2018-01-30,G,UG,122,304,361199,38366034252,15391597314,53757631566
2018-01-30,G,Alumni,4,42,106259,4600760656,307065058,4907825714
2018-01-30,G,Others(HKUST),5,22,195670,661788304,66638612,728426916
2018-01-30,G,Non-HKUST,12,33,55772,620925863,171010920,791936783
2018-01-30,G,Total,380,1361,2486831,190889820895,28311263619,219201084514
2018-01-30,LG1,Staff,87,340,519739,16892622620,4138554243,21031176863
2018-01-30,LG1,TPG,185,1101,2913439,210452701457,31866672295,242319373752
2018-01-30,LG1,RPG,99,402,851103,106581334041,23339074807,129920408848
2018-01-30,LG1,UG,262,1319,2708221,218323119921,25405636252,243728756173
2018-01-30,LG1,Alumni,5,27,39609,1021686723,164704254,1186390977
2018-01-30,LG1,Others(HKUST),7,33,677201,1155678003,345011157,1500689160
2018-01-30,LG1,Non-HKUST,20,58,115734,5786114510,470818744,6256933254
2018-01-30,LG1,Total,665,3280,7825046,560213257275,85730471752,645943729027
2018-01-30,LG3,Staff,35,170,284256,11518395665,931663218,12450058883
2018-01-30,LG3,TPG,64,419,981238,95414861782,7029886954,102444748736
2018-01-30,LG3,RPG,44,237,582407,70385963484,8052886182,78438849666
2018-01-30,LG3,UG,67,267,558637,26326836332,1860153114,28186989446
2018-01-30,LG3,Alumni,3,17,35994,158443863,71768545,230212408
2018-01-30,LG3,Others(HKUST),5,27,85104,12603903407,346892272,12950795679
2018-01-30,LG3,Non-HKUST,3,13,17989,969648435,84401182,1054049617
2018-01-30,LG3,Total,221,1150,2545625,217378052968,18377651467,235755704435
2018-01-30,LG4,Staff,56,179,195018,11778772953,1159401963,12938174916
2018-01-30,LG4,TPG,54,242,637713,61918629412,5255987862,67174617274
2018-01-30,LG4,RPG,44,160,423730,27619458102,1727605411,29347063513
2018-01-30,LG4,UG,120,286,420069,55679219808,5976965302,61656185110
2018-01-30,LG4,Alumni,1,2,3558,12565610,1574807,14140417
2018-01-30,LG4,Others(HKUST),9,25,336029,8760073063,589032435,9349105498
2018-01-30,LG4,Non-HKUST,10,22,35874,2440095471,219006496,2659101967
2018-01-30,LG4,Total,294,916,2051991,168208814419,14929574276,183138388695
2018-01-30,All-Floors,Staff,207,1575,3270556,99271828669,14046107273,113317935942
2018-01-30,All-Floors,TPG,331,2624,6473668,617317491006,57759202109,675076693115
2018-01-30,All-Floors,RPG,183,1055,2471700,282873103123,38131379818,321004482941
2018-01-30,All-Floors,UG,461,2398,4663972,373146799170,64200988908,437347788078
2018-01-30,All-Floors,Alumni,11,96,345490,6981898306,730987538,7712885844
2018-01-30,All-Floors,Others(HKUST),16,113,1315659,24916893866,1464478942,26381372808
2018-01-30,All-Floors,Non-HKUST,34,157,294235,11180621918,1218920524,12399542442
2018-01-30,All-Floors,Total,1243,8018,18835280,1415688636058,177552065112,1593240701170
2018-01-31,1,Staff,78,583,1535354,71413585885,25555770586,96969356471
2018-01-31,1,TPG,91,676,2156640,181215424773,16151083200,197366507973
2018-01-31,1,RPG,26,166,343933,25036068479,4873274752,29909343231
2018-01-31,1,UG,61,288,716808,49606894905,4755990541,54362885446
2018-01-31,1,Alumni,6,24,227288,3648120140,274605977,3922726117
2018-01-31,1,Others(HKUST),4,27,37323,2048725192,237534197,2286259389
2018-01-31,1,Non-HKUST,5,39,83784,2466441030,215441134,2681882164
2018-01-31,1,Total,271,1803,5101130,335435260404,52063700387,387498960791
2018-01-31,G,Staff,96,318,756713,29410544174,8914368204,38324912378
2018-01-31,G,TPG,126,459,849435,99367697990,7111650332,106479348322
2018-01-31,G,RPG,72,282,622129,45144581231,16853184422,61997765653
2018-01-31,G,UG,236,688,1030888,107379053469,8288811955,115667865424
2018-01-31,G,Alumni,9,51,120037,4110065511,293487140,4403552651
2018-01-31,G,Others(HKUST),10,28,178194,1548437752,266565618,1815003370
2018-01-31,G,Non-HKUST,14,40,99934,3473910026,279009744,3752919770
2018-01-31,G,Total,563,1866,3657330,290434290153,42007077415,332441367568
2018-01-31,LG1,Staff,86,269,461111,32064417606,4066060275,36130477881
2018-01-31,LG1,TPG,221,1315,3554773,409023156473,36710526945,445733683418
2018-01-31,LG1,RPG,91,330,791169,112900889177,11877388905,124778278082
2018-01-31,LG1,UG,399,1852,3954894,309326701507,37074803171,346401504678
2018-01-31,LG1,Alumni,8,28,51706,2800755847,245099024,3045854871
2018-01-31,LG1,Others(HKUST),9,33,884382,1576169384,466953406,2043122790
2018-01-31,LG1,Non-HKUST,22,71,185950,15205876058,5106063728,20311939786
2018-01-31,LG1,Total,836,3898,9883985,882897966052,95546895454,978444861506
2018-01-31,LG3,Staff,49,202,292526,11977540359,1241368923,13218909282
2018-01-31,LG3,TPG,81,566,1712738,182110253936,15000898885,197111152821
2018-01-31,LG3,RPG,54,328,712551,189157316183,9605119822,198762436005
2018-01-31,LG3,UG,99,294,495853,48667694016,3382956857,52050650873
2018-01-31,LG3,Alumni,4,27,47195,2041112261,224887036,2265999297
2018-01-31,LG3,Others(HKUST),3,30,101312,6941703151,288546556,7230249707
2018-01-31,LG3,Non-HKUST,6,35,54104,10058234120,474878084,10533112204
2018-01-31,LG3,Total,296,1482,3416279,450953854026,30218656163,481172510189
2018-01-31,LG4,Staff,50,167,139198,10673825924,1156331225,11830157149
2018-01-31,LG4,TPG,67,323,1156505,105259509814,8057545753,113317055567
2018-01-31,LG4,RPG,46,171,506533,53977206304,3519110561,57496316865
2018-01-31,LG4,UG,145,391,769284,130521796226,8978259392,139500055618
2018-01-31,LG4,Alumni,2,3,0,186662815,14948528,201611343
2018-01-31,LG4,Others(HKUST),9,24,376243,9146806788,748187685,9894994473
2018-01-31,LG4,Non-HKUST,12,41,80692,5759503002,282473808,6041976810
2018-01-31,LG4,Total,331,1120,3028455,315525310873,22756856952,338282167825
2018-01-31,All-Floors,Staff,215,1539,3184902,155539913948,40933899213,196473813161
2018-01-31,All-Floors,TPG,391,3339,9430091,976976042986,83031705115,1060007748101
2018-01-31,All-Floors,RPG,203,1277,2976315,426216061374,46728078462,472944139836
2018-01-31,All-Floors,UG,713,3513,6967727,645502140123,62480821916,707982962039
2018-01-31,All-Floors,Alumni,17,133,446226,12786716574,1053027705,13839744279
2018-01-31,All-Floors,Others(HKUST),19,142,1577454,21261842267,2007787462,23269629729
2018-01-31,All-Floors,Non-HKUST,43,226,504464,36963964236,6357866498,43321830734
2018-01-31,All-Floors,Total,1601,10169,25087179,2275246681508,242593186371,2517839867879
