Date,Floor,User-Group,User-Count,WiFi-Conn,Duration-Sec,Traffic-In-Byte,Traffic-Out-Byte,Traffic-Both-Byte
2018-10-01,1,Staff,4,16,66393,31270664,3273022914,3304293578
2018-10-01,1,TPG,25,85,446733,409492211,6266309386,6675801597
2018-10-01,1,RPG,2,5,36223,26066082,454399753,480465835
2018-10-01,1,UG,57,155,1086815,2833077977,23116249215,25949327192
2018-10-01,1,Alumni,3,6,36229,8243969,28352861,36596830
2018-10-01,1,Others(HKUST),0,0,0,0,0,0
2018-10-01,1,Non-HKUST,2,7,24128,3299718,15837392,19137110
2018-10-01,1,Total,93,274,1696521,3311450621,33154171521,36465622142
2018-10-01,G,Staff,11,39,183511,71051902,2846803685,2917855587
2018-10-01,G,TPG,32,62,350130,368660347,6259434285,6628094632
2018-10-01,G,RPG,7,14,54305,442798869,3783168070,4225966939
2018-10-01,G,UG,48,96,504736,868894794,8221965463,9090860257
2018-10-01,G,Alumni,2,4,21126,36787130,172314107,209101237
2018-10-01,G,Others(HKUST),4,4,36233,1625072,10474801,12099873
2018-10-01,G,Non-HKUST,4,6,57354,66678152,509824155,576502307
2018-10-01,G,Total,108,225,1207395,1856496266,21803984566,23660480832
2018-10-01,LG1,Staff,13,42,193109,328269109,3808899058,4137168167
2018-10-01,LG1,TPG,246,1102,7520692,28981630764,138648252368,167629883132
2018-10-01,LG1,RPG,51,135,812011,1485499840,9328092994,10813592834
2018-10-01,LG1,UG,711,2750,17578959,33855136863,372749615251,406604752114
2018-10-01,LG1,Alumni,6,25,114684,123094660,1132209061,1255303721
2018-10-01,LG1,Others(HKUST),4,17,88188,742478376,1330071291,2072549667
2018-10-01,LG1,Non-HKUST,30,70,361562,664129441,2758333168,3422462609
2018-10-01,LG1,Total,1061,4141,26669205,66180239053,529755473191,595935712244
2018-10-01,LG3,Staff,1,1,3018,85066,94061,179127
2018-10-01,LG3,TPG,36,76,389353,509890393,17414048748,17923939141
2018-10-01,LG3,RPG,6,11,51292,55340868,2618959847,2674300715
2018-10-01,LG3,UG,87,207,1104668,5158925285,24111767969,29270693254
2018-10-01,LG3,Alumni,3,10,42245,75359796,500092381,575452177
2018-10-01,LG3,Others(HKUST),0,0,0,0,0,0
2018-10-01,LG3,Non-HKUST,0,0,0,0,0,0
2018-10-01,LG3,Total,133,305,1590576,5799601408,44644963006,50444564414
2018-10-01,LG4,Staff,7,15,66413,260490495,386184188,646674683
2018-10-01,LG4,TPG,46,98,588651,2736699346,20687402306,23424101652
2018-10-01,LG4,RPG,4,8,36215,25257124,1367601847,1392858971
2018-10-01,LG4,UG,108,289,1430554,3395050532,40377466227,43772516759
2018-10-01,LG4,Alumni,2,5,30186,20003300,750652147,770655447
2018-10-01,LG4,Others(HKUST),3,6,39249,7861183,46185839,54047022
2018-10-01,LG4,Non-HKUST,2,2,12071,7820461,68723289,76543750
2018-10-01,LG4,Total,172,423,2203339,6453182441,63684215843,70137398284
2018-10-01,All-Floors,Staff,29,113,512444,691167236,10315003906,11006171142
2018-10-01,All-Floors,TPG,323,1423,9295559,33006373061,189275447093,222281820154
2018-10-01,All-Floors,RPG,66,173,990046,2034962783,17552222511,19587185294
2018-10-01,All-Floors,UG,857,3497,21705732,46111085451,468577064125,514688149576
2018-10-01,All-Floors,Alumni,15,50,244470,263488855,2583620557,2847109412
2018-10-01,All-Floors,Others(HKUST),7,27,163670,751964631,1386731931,2138696562
2018-10-01,All-Floors,Non-HKUST,33,85,455115,741927772,3352718004,4094645776
2018-10-01,All-Floors,Total,1330,5368,33367036,83600969789,693042808127,776643777916
2018-10-02,1,Staff,47,134,890808,391085917,4449092557,4840178474
2018-10-02,1,TPG,163,642,4885932,8391556481,89245717497,97637273978
2018-10-02,1,RPG,20,54,380225,681927869,12031734102,12713661971
2018-10-02,1,UG,406,1353,8218683,17412576846,126293967088,143706543934
2018-10-02,1,Alumni,2,7,59026,86037067,776705617,862742684
2018-10-02,1,Others(HKUST),0,0,0,0,0,0
2018-10-02,1,Non-HKUST,13,32,195612,205498378,2726210717,2931709095
2018-10-02,1,Total,651,2222,14630286,27168682558,235523427578,262692110136
2018-10-02,G,Staff,61,183,952596,1111082096,5303362683,6414444779
2018-10-02,G,TPG,171,434,2364425,4959723534,40928107642,45887831176
2018-10-02,G,RPG,42,92,436355,319808044,3355561184,3675369228
2018-10-02,G,UG,775,1679,7585655,9535345889,112366883538,121902229427
2018-10-02,G,Alumni,6,12,70762,49502062,1392887821,1442389883
2018-10-02,G,Others(HKUST),2,3,36366,4164664,20310276,24474940
2018-10-02,G,Non-HKUST,14,21,103866,91661418,783921522,875582940
2018-10-02,G,Total,1071,2424,11550025,16071287707,164151034666,180222322373
2018-10-02,LG1,Staff,24,40,267822,527541720,5007353770,5534895490
2018-10-02,LG1,TPG,226,606,3316950,9921536685,49363549875,59285086560
2018-10-02,LG1,RPG,105,207,1048381,739187466,6128474070,6867661536
2018-10-02,LG1,UG,1685,5225,26630578,53125516990,416494319646,469619836636
2018-10-02,LG1,Alumni,5,13,73504,41150896,338551619,379702515
2018-10-02,LG1,Others(HKUST),7,19,156479,71069839,1277832248,1348902087
2018-10-02,LG1,Non-HKUST,42,86,432931,1858856859,8204607105,10063463964
2018-10-02,LG1,Total,2094,6196,31926645,66284860455,486814688333,553099548788
2018-10-02,LG3,Staff,19,27,99641,23530101,181152396,204682497
2018-10-02,LG3,TPG,144,429,2680679,6065079860,39549170351,45614250211
2018-10-02,LG3,RPG,34,74,439798,1493254738,7185382814,8678637552
2018-10-02,LG3,UG,575,1312,6452032,11572954735,131929239537,143502194272
2018-10-02,LG3,Alumni,2,7,55004,90679015,908138602,998817617
2018-10-02,LG3,Others(HKUST),0,0,0,0,0,0
2018-10-02,LG3,Non-HKUST,8,10,52801,30424308,244787648,275211956
2018-10-02,LG3,Total,782,1859,9779955,19275922757,179997871348,199273794105
2018-10-02,LG4,Staff,25,61,385618,612647472,5328424573,5941072045
2018-10-02,LG4,TPG,370,1263,8847557,30830336023,325259113452,356089449475
2018-10-02,LG4,RPG,43,119,757739,2389662864,18447232551,20836895415
2018-10-02,LG4,UG,1243,3316,17470952,51944087621,502093472652,554037560273
2018-10-02,LG4,Alumni,5,14,122681,348101651,1531910286,1880011937
2018-10-02,LG4,Others(HKUST),5,12,76533,214270374,1031803464,1246073838
2018-10-02,LG4,Non-HKUST,36,76,445701,2599595241,13742156628,16341751869
2018-10-02,LG4,Total,1727,4861,28106781,88938701246,867434113606,956372814852
2018-10-02,All-Floors,Staff,130,445,2596485,2665887306,20269385979,22935273285
2018-10-02,All-Floors,TPG,836,3374,22095543,60168232583,544345658817,604513891400
2018-10-02,All-Floors,RPG,203,546,3062498,5623840981,47148384721,52772225702
2018-10-02,All-Floors,UG,3736,12885,66357900,143590482081,1289177882461,1432768364542
2018-10-02,All-Floors,Alumni,17,53,380977,615470691,4948193945,5563664636
2018-10-02,All-Floors,Others(HKUST),10,34,269378,289504877,2329945988,2619450865
2018-10-02,All-Floors,Non-HKUST,89,225,1230911,4786036204,25701683620,30487719824
2018-10-02,All-Floors,Total,5021,17562,95993692,217739454723,1933921135531,2151660590254
2018-10-03,1,Staff,55,195,1335916,2424275435,3425154925,5849430360
2018-10-03,1,TPG,167,668,4987176,7909165062,85530356970,93439522032
2018-10-03,1,RPG,20,73,578216,914952481,6302966421,7217918902
2018-10-03,1,UG,387,1337,8329613,20936211806,195161729976,216097941782
2018-10-03,1,Alumni,3,16,97937,154571864,4055047869,4209619733
2018-10-03,1,Others(HKUST),2,3,9668,12826050,150240301,163066351
2018-10-03,1,Non-HKUST,21,44,263276,476477439,3757088606,4233566045
2018-10-03,1,Total,655,2336,15601802,32828480137,298382585068,331211065205
2018-10-03,G,Staff,65,180,949313,483549696,2811597750,3295147446
2018-10-03,G,TPG,217,520,2717918,3413893887,38823411375,42237305262
2018-10-03,G,RPG,45,104,560626,1790822795,10039811473,11830634268
2018-10-03,G,UG,692,1515,7170419,11759031337,98989641938,110748673275
2018-10-03,G,Alumni,8,12,85933,52798226,1452267654,1505065880
2018-10-03,G,Others(HKUST),5,15,76922,14832776,75153661,89986437
2018-10-03,G,Non-HKUST,26,40,242645,915506552,2161093310,3076599862
2018-10-03,G,Total,1058,2386,11803776,18430435269,154352977161,172783412430
2018-10-03,LG1,Staff,24,41,188757,2117141104,12389142950,14506284054
2018-10-03,LG1,TPG,243,601,3309095,5838671093,65587830403,71426501496
2018-10-03,LG1,RPG,102,252,1309243,3883082357,17928752511,21811834868
2018-10-03,LG1,UG,1692,5266,27149261,53857334583,473634122539,527491457122
2018-10-03,LG1,Alumni,8,34,196760,526828396,2066111030,2592939426
2018-10-03,LG1,Others(HKUST),7,44,332618,151500945,1848999189,2000500134
2018-10-03,LG1,Non-HKUST,31,55,284719,334291020,5137769606,5472060626
2018-10-03,LG1,Total,2107,6293,32770453,66708849498,578592728228,645301577726
2018-10-03,LG3,Staff,18,32,192232,72441134,1777234368,1849675502
2018-10-03,LG3,TPG,157,442,2810434,5225388226,81733746965,86959135191
2018-10-03,LG3,RPG,16,35,179529,110631094,1608066374,1718697468
2018-10-03,LG3,UG,508,1250,6591095,12603753629,139927044449,152530798078
2018-10-03,LG3,Alumni,5,13,92304,114675180,1834161904,1948837084
2018-10-03,LG3,Others(HKUST),0,0,0,0,0,0
2018-10-03,LG3,Non-HKUST,11,22,148855,121577793,2766031223,2887609016
2018-10-03,LG3,Total,715,1794,10014449,18248467056,229646285283,247894752339
2018-10-03,LG4,Staff,20,62,348204,1062816161,8839771845,9902588006
2018-10-03,LG4,TPG,392,1382,9290574,20394268263,291581846929,311976115192
2018-10-03,LG4,RPG,50,126,761567,2634742445,18423070120,21057812565
2018-10-03,LG4,UG,1268,3522,19058371,47360632699,571337205654,618697838353
2018-10-03,LG4,Alumni,3,13,116482,800175429,10267153450,11067328879
2018-10-03,LG4,Others(HKUST),4,14,96981,157072440,3346655408,3503727848
2018-10-03,LG4,Non-HKUST,23,41,240614,1097649607,10128640498,11226290105
2018-10-03,LG4,Total,1760,5160,29912793,73507357044,913924343904,987431700948
2018-10-03,All-Floors,Staff,136,510,3014422,6160223530,29242901838,35403125368
2018-10-03,All-Floors,TPG,896,3613,23115197,42781386531,563257192642,606038579173
2018-10-03,All-Floors,RPG,202,590,3389181,9334231172,54302666899,63636898071
2018-10-03,All-Floors,UG,3591,12890,68298759,146516964054,1479049744556,1625566708610
2018-10-03,All-Floors,Alumni,23,88,589416,1649049095,19674741907,21323791002
2018-10-03,All-Floors,Others(HKUST),13,76,516189,336232211,5421048559,5757280770
2018-10-03,All-Floors,Non-HKUST,88,202,1180109,2945502411,23950623243,26896125654
2018-10-03,All-Floors,Total,4949,17969,100103273,209723589004,2174898919644,2384622508648
2018-10-04,1,Staff,66,205,1276320,1015068318,8625783490,9640851808
2018-10-04,1,TPG,171,677,4883817,10187994852,93292710895,103480705747
2018-10-04,1,RPG,15,56,402997,586819655,5299001143,5885820798
2018-10-04,1,UG,414,1393,8121811,22280962786,195179786429,217460749215
2018-10-04,1,Alumni,4,11,135641,197063383,4413637452,4610700835
2018-10-04,1,Others(HKUST),4,11,59816,16774719,233148525,249923244
2018-10-04,1,Non-HKUST,10,15,83264,55053703,904220782,959274485
2018-10-04,1,Total,684,2368,14963666,34339737416,307948288716,342288026132
2018-10-04,G,Staff,67,190,1079897,607512353,9022866195,9630378548
2018-10-04,G,TPG,210,458,2602374,4093810664,33899073052,37992883716
2018-10-04,G,RPG,35,92,494808,528385464,8251861015,8780246479
2018-10-04,G,UG,672,1464,7329025,11546733514,109546933961,121093667475
2018-10-04,G,Alumni,7,14,90317,65534296,1041788792,1107323088
2018-10-04,G,Others(HKUST),5,9,87038,3670477,9107820,12778297
2018-10-04,G,Non-HKUST,18,36,194904,153063966,2740727590,2893791556
2018-10-04,G,Total,1014,2263,11878363,16998710734,164512358425,181511069159
2018-10-04,LG1,Staff,45,85,463927,571317178,5061437950,5632755128
2018-10-04,LG1,TPG,284,753,4017529,7619591397,64149501534,71769092931
2018-10-04,LG1,RPG,86,176,903172,1999838182,16910304608,18910142790
2018-10-04,LG1,UG,1606,4872,24862440,52052893750,430877955922,482930849672
2018-10-04,LG1,Alumni,8,24,165419,108527039,2864602485,2973129524
2018-10-04,LG1,Others(HKUST),7,39,282221,126369927,3422749951,3549119878
2018-10-04,LG1,Non-HKUST,32,53,245962,196440420,2896523526,3092963946
2018-10-04,LG1,Total,2068,6002,30940670,62674977893,526183075976,588858053869
2018-10-04,LG3,Staff,20,36,208962,162674044,5250493153,5413167197
2018-10-04,LG3,TPG,153,490,3303410,3757986243,37802028558,41560014801
2018-10-04,LG3,RPG,25,70,434919,2017585656,5620648416,7638234072
2018-10-04,LG3,UG,463,1129,5740099,18071776945,110442326840,128514103785
2018-10-04,LG3,Alumni,3,6,56763,89611725,1655789908,1745401633
2018-10-04,LG3,Others(HKUST),1,1,6361,7590973,56731111,64322084
2018-10-04,LG3,Non-HKUST,7,8,25695,24313131,1855341,26168472
2018-10-04,LG3,Total,672,1740,9776209,24131538717,160829873327,184961412044
2018-10-04,LG4,Staff,35,80,501203,2058160783,11169871311,13228032094
2018-10-04,LG4,TPG,409,1467,10924555,23448139215,276056154171,299504293386
2018-10-04,LG4,RPG,31,96,627614,1065160599,17296110921,18361271520
2018-10-04,LG4,UG,1236,3257,17995295,40334758672,505433413262,545768171934
2018-10-04,LG4,Alumni,3,7,95120,246421110,1664556267,1910977377
2018-10-04,LG4,Others(HKUST),5,7,83273,163429728,432022941,595452669
2018-10-04,LG4,Non-HKUST,21,44,286504,624234324,6100334749,6724569073
2018-10-04,LG4,Total,1740,4958,30513564,67940304431,818152463622,886092768053
2018-10-04,All-Floors,Staff,170,596,3530309,4414732676,39130452099,43545184775
2018-10-04,All-Floors,TPG,918,3845,25731685,49107522371,505199468210,554306990581
2018-10-04,All-Floors,RPG,169,490,2863510,6197789556,53377926103,59575715659
2018-10-04,All-Floors,UG,3568,12115,64048670,144287125667,1351480416414,1495767542081
2018-10-04,All-Floors,Alumni,22,62,543260,707157553,11640374904,12347532457
2018-10-04,All-Floors,Others(HKUST),14,67,518709,317835824,4153760348,4471596172
2018-10-04,All-Floors,Non-HKUST,76,156,836329,1053105544,12643661988,13696767532
2018-10-04,All-Floors,Total,4937,17331,98072472,206085269191,1977626060066,2183711329257
2018-10-05,1,Staff,48,203,1281424,4093017677,4268052593,8361070270
2018-10-05,1,TPG,179,727,5587687,8429561936,102685895230,111115457166
2018-10-05,1,RPG,13,49,391507,1213118895,17296417498,18509536393
2018-10-05,1,UG,350,1151,6680076,26885209495,133208981823,160094191318
2018-10-05,1,Alumni,6,33,210771,871567500,5423975769,6295543269
2018-10-05,1,Others(HKUST),2,5,33477,27754708,476647085,504401793
2018-10-05,1,Non-HKUST,11,21,135080,101919364,1411919126,1513838490
2018-10-05,1,Total,609,2189,14320022,41622149575,264771889124,306394038699
2018-10-05,G,Staff,60,170,899318,365226347,1834435610,2199661957
2018-10-05,G,TPG,167,400,2260671,2929751246,29594038840,32523790086
2018-10-05,G,RPG,34,85,482072,857665659,15186832737,16044498396
2018-10-05,G,UG,602,1266,5917310,7064678851,96001640199,103066319050
2018-10-05,G,Alumni,4,8,46364,77132665,2968165520,3045298185
2018-10-05,G,Others(HKUST),4,7,29868,822792,3656173,4478965
2018-10-05,G,Non-HKUST,24,60,296504,208851323,2799068583,3007919906
2018-10-05,G,Total,895,1996,9932107,11504128883,148387837662,159891966545
2018-10-05,LG1,Staff,25,45,246459,400593854,2464414733,2865008587
2018-10-05,LG1,TPG,231,626,3336539,6870643787,68849624790,75720268577
2018-10-05,LG1,RPG,126,276,1238451,1143107952,17350613436,18493721388
2018-10-05,LG1,UG,1531,4514,23149159,52123939811,387264475324,439388415135
2018-10-05,LG1,Alumni,6,20,132780,191076205,5186847574,5377923779
2018-10-05,LG1,Others(HKUST),8,33,179456,65161897,815623155,880785052
2018-10-05,LG1,Non-HKUST,25,49,264125,481267798,2378179483,2859447281
2018-10-05,LG1,Total,1952,5563,28546969,61275791304,484309778495,545585569799
2018-10-05,LG3,Staff,14,27,125308,48236946,643907833,692144779
2018-10-05,LG3,TPG,125,429,3087381,9486251927,69630960721,79117212648
2018-10-05,LG3,RPG,23,82,520654,292165521,4629147323,4921312844
2018-10-05,LG3,UG,428,1014,5307980,8890070249,92716112129,101606182378
2018-10-05,LG3,Alumni,4,6,31372,31621862,904860677,936482539
2018-10-05,LG3,Others(HKUST),2,2,6154,3597212,55957054,59554266
2018-10-05,LG3,Non-HKUST,7,12,81440,153130686,4830301255,4983431941
2018-10-05,LG3,Total,603,1572,9160289,18905074403,173411246992,192316321395
2018-10-05,LG4,Staff,43,100,503622,787974687,8880189846,9668164533
2018-10-05,LG4,TPG,334,1211,8670412,16927023587,238735640743,255662664330
2018-10-05,LG4,RPG,30,105,748169,1511149128,16549774048,18060923176
2018-10-05,LG4,UG,976,2595,14423104,36841729789,441453291439,478295021228
2018-10-05,LG4,Alumni,8,28,195004,1174555564,3735697097,4910252661
2018-10-05,LG4,Others(HKUST),6,10,57194,112546306,367405511,479951817
2018-10-05,LG4,Non-HKUST,32,62,373377,2610732690,9643445133,12254177823
2018-10-05,LG4,Total,1429,4111,24970882,59965711751,719365443817,779331155568
2018-10-05,All-Floors,Staff,141,545,3056131,5695049511,18091000615,23786050126
2018-10-05,All-Floors,TPG,793,3393,22942690,44643232483,509496160324,554139392807
2018-10-05,All-Floors,RPG,205,597,3380853,5017207155,71012785042,76029992197
2018-10-05,All-Floors,UG,3125,10540,55477629,131805628195,1150644500914,1282450129109
2018-10-05,All-Floors,Alumni,24,95,616291,2345953796,18219546637,20565500433
2018-10-05,All-Floors,Others(HKUST),15,57,306149,209882915,1719288978,1929171893
2018-10-05,All-Floors,Non-HKUST,86,204,1150526,3555901861,21062913580,24618815441
2018-10-05,All-Floors,Total,4389,15431,86930269,193272855916,1790246196090,1983519052006
2018-10-06,1,Staff,8,33,195524,10495010,93376569,103871579
2018-10-06,1,TPG,147,572,3987068,5414705091,69462978967,74877684058
2018-10-06,1,RPG,14,38,235796,266302473,2661617234,2927919707
2018-10-06,1,UG,111,430,3509506,13121517305,77263338201,90384855506
2018-10-06,1,Alumni,8,26,247616,1460056205,8688264843,10148321048
2018-10-06,1,Others(HKUST),1,1,3313,41318,55343,96661
2018-10-06,1,Non-HKUST,3,4,33219,28152210,985490252,1013642462
2018-10-06,1,Total,292,1104,8212042,20301269612,159155121409,179456391021
2018-10-06,G,Staff,12,49,236252,36626215,357896745,394522960
2018-10-06,G,TPG,152,357,2047147,2141966350,33558855260,35700821610
2018-10-06,G,RPG,22,61,378598,470296211,7929327423,8399623634
2018-10-06,G,UG,155,442,2593221,2743835491,43807526906,46551362397
2018-10-06,G,Alumni,9,23,103530,149974908,3846586078,3996560986
2018-10-06,G,Others(HKUST),2,7,64565,5179811,89572717,94752528
2018-10-06,G,Non-HKUST,8,20,122848,85983086,605006607,690989693
2018-10-06,G,Total,360,959,5546161,5633862072,90194771736,95828633808
2018-10-06,LG1,Staff,13,43,250383,410518128,5008268741,5418786869
2018-10-06,LG1,TPG,306,957,5383719,6911659274,87446878947,94358538221
2018-10-06,LG1,RPG,45,108,638497,1281619921,14235662190,15517282111
2018-10-06,LG1,UG,728,2849,17504934,40302107282,349818043104,390120150386
2018-10-06,LG1,Alumni,9,23,148252,324307407,750490197,1074797604
2018-10-06,LG1,Others(HKUST),2,17,99927,48730882,1165362131,1214093013
2018-10-06,LG1,Non-HKUST,19,37,231497,269760385,4417654000,4687414385
2018-10-06,LG1,Total,1122,4034,24257209,49548703279,462842359310,512391062589
2018-10-06,LG3,Staff,2,7,60387,81960489,3371990074,3453950563
2018-10-06,LG3,TPG,128,397,2484436,3608793863,62598314277,66207108140
2018-10-06,LG3,RPG,21,66,418477,675869416,9835426929,10511296345
2018-10-06,LG3,UG,118,306,2144177,9477767256,51826198544,61303965800
2018-10-06,LG3,Alumni,0,0,0,0,0,0
2018-10-06,LG3,Others(HKUST),1,1,3014,397611,3043518,3441129
2018-10-06,LG3,Non-HKUST,3,3,9350,5978358,37056854,43035212
2018-10-06,LG3,Total,273,780,5119841,13850766993,127672030196,141522797189
2018-10-06,LG4,Staff,9,36,230053,671503002,2445425141,3116928143
2018-10-06,LG4,TPG,186,624,4233772,15529510078,119515655154,135045165232
2018-10-06,LG4,RPG,23,76,514444,763016498,11722614391,12485630889
2018-10-06,LG4,UG,216,742,5158674,12744324531,160044794787,172789119318
2018-10-06,LG4,Alumni,12,41,277763,1256256326,14934424617,16190680943
2018-10-06,LG4,Others(HKUST),3,12,52498,54664280,794818484,849482764
2018-10-06,LG4,Non-HKUST,10,25,170283,1516920644,4719648761,6236569405
2018-10-06,LG4,Total,459,1556,10637487,32536195359,314177381335,346713576694
2018-10-06,All-Floors,Staff,39,168,972599,1211102844,11276957270,12488060114
2018-10-06,All-Floors,TPG,672,2907,18136142,33606634656,372582682605,406189317261
2018-10-06,All-Floors,RPG,100,349,2185812,3457104519,46384648167,49841752686
2018-10-06,All-Floors,UG,1080,4769,30910512,78389551865,682759901542,761149453407
2018-10-06,All-Floors,Alumni,28,113,777161,3190594846,28219765735,31410360581
2018-10-06,All-Floors,Others(HKUST),5,38,223317,109013902,2052852193,2161866095
2018-10-06,All-Floors,Non-HKUST,37,89,567197,1906794683,10764856474,12671651157
2018-10-06,All-Floors,Total,1961,8433,53772740,121870797315,1154041663986,1275912461301
2018-10-07,1,Staff,10,38,226458,245341718,1448601859,1693943577
2018-10-07,1,TPG,106,472,3685683,6785103471,81564874721,88349978192
2018-10-07,1,RPG,16,60,521643,483727061,8220882875,8704609936
2018-10-07,1,UG,136,572,4269744,7707954475,113193397561,120901352036
2018-10-07,1,Alumni,4,18,113361,4218604180,2952241937,7170846117
2018-10-07,1,Others(HKUST),0,0,0,0,0,0
2018-10-07,1,Non-HKUST,3,5,21141,19316911,612785634,632102545
2018-10-07,1,Total,275,1165,8838030,19460047816,207992784587,227452832403
2018-10-07,G,Staff,15,65,315610,66244427,1257086993,1323331420
2018-10-07,G,TPG,125,340,2158083,2099823185,26530767919,28630591104
2018-10-07,G,RPG,24,67,466572,651061611,4596875331,5247936942
2018-10-07,G,UG,158,448,2831575,5530609898,66152085916,71682695814
2018-10-07,G,Alumni,6,13,67064,33609942,858982159,892592101
2018-10-07,G,Others(HKUST),2,5,47702,11228128,47170111,58398239
2018-10-07,G,Non-HKUST,11,21,131419,125479889,1860838779,1986318668
2018-10-07,G,Total,341,959,6018025,8518057080,101303807208,109821864288
2018-10-07,LG1,Staff,12,35,142799,186167398,3066272976,3252440374
2018-10-07,LG1,TPG,299,1121,7456324,10328534478,105300512968,115629047446
2018-10-07,LG1,RPG,45,147,830629,5839002252,21128835533,26967837785
2018-10-07,LG1,UG,810,3009,18575340,55104356430,387137555340,442241911770
2018-10-07,LG1,Alumni,11,25,170250,587904007,21872062883,22459966890
2018-10-07,LG1,Others(HKUST),3,18,154540,152033775,1522277526,1674311301
2018-10-07,LG1,Non-HKUST,21,37,241518,396626791,5477050659,5873677450
2018-10-07,LG1,Total,1201,4392,27571400,72594625131,545504567885,618099193016
2018-10-07,LG3,Staff,6,9,57376,197333485,628949381,826282866
2018-10-07,LG3,TPG,113,380,2534803,3364197645,53415187757,56779385402
2018-10-07,LG3,RPG,23,59,529029,484385861,6481858007,6966243868
2018-10-07,LG3,UG,154,454,2973702,19637874833,64223832941,83861707774
2018-10-07,LG3,Alumni,4,14,76458,129406364,933963923,1063370287
2018-10-07,LG3,Others(HKUST),1,2,9069,337775,862049,1199824
2018-10-07,LG3,Non-HKUST,5,7,49260,167633081,790191965,957825046
2018-10-07,LG3,Total,306,925,6229697,23981169044,126474846023,150456015067
2018-10-07,LG4,Staff,10,45,210838,1430395082,11556035314,12986430396
2018-10-07,LG4,TPG,160,597,4493188,7888073075,119810755444,127698828519
2018-10-07,LG4,RPG,26,90,612340,4550285253,21948275333,26498560586
2018-10-07,LG4,UG,222,768,5056683,15890075897,188520216346,204410292243
2018-10-07,LG4,Alumni,19,56,381344,1825823968,12907919079,14733743047
2018-10-07,LG4,Others(HKUST),2,8,36277,74353388,2253182049,2327535437
2018-10-07,LG4,Non-HKUST,13,28,168011,278207378,1975588679,2253796057
2018-10-07,LG4,Total,452,1592,10958681,31937214041,358971972244,390909186285
2018-10-07,All-Floors,Staff,40,192,953081,2125482110,17956946523,20082428633
2018-10-07,All-Floors,TPG,559,2910,20328081,30465731854,386622098809,417087830663
2018-10-07,All-Floors,RPG,111,423,2960213,12008462038,62376727079,74385189117
2018-10-07,All-Floors,UG,1150,5251,33707044,103870871533,819227088104,923097959637
2018-10-07,All-Floors,Alumni,38,126,808477,6795348461,39525169981,46320518442
2018-10-07,All-Floors,Others(HKUST),4,33,247588,237953066,3823491735,4061444801
2018-10-07,All-Floors,Non-HKUST,48,98,611349,987264050,10716455716,11703719766
2018-10-07,All-Floors,Total,1950,9033,59615833,156491113112,1340247977947,1496739091059
2018-10-08,1,Staff,50,208,1297081,446594676,8538289185,8984883861
2018-10-08,1,TPG,187,768,5620851,7601203067,73948114812,81549317879
2018-10-08,1,RPG,23,80,528528,3691864464,6693535561,10385400025
2018-10-08,1,UG,388,1296,8059086,27788274585,157013380123,184801654708
2018-10-08,1,Alumni,3,17,132227,106331237,1344978676,1451309913
2018-10-08,1,Others(HKUST),2,6,61403,24969477,335702947,360672424
2018-10-08,1,Non-HKUST,12,25,185980,393176170,2861187085,3254363255
2018-10-08,1,Total,665,2400,15885156,40052413676,250735188389,290787602065
2018-10-08,G,Staff,68,162,869338,403842871,2234625330,2638468201
2018-10-08,G,TPG,218,553,3121479,3840602171,44543482295,48384084466
2018-10-08,G,RPG,44,110,571699,415389826,4193184504,4608574330
2018-10-08,G,UG,692,1551,7303415,8554300810,90576856548,99131157358
2018-10-08,G,Alumni,6,12,71304,70023303,911224466,981247769
2018-10-08,G,Others(HKUST),3,3,24805,2986418,16095895,19082313
2018-10-08,G,Non-HKUST,26,39,262886,312067453,5187736395,5499803848
2018-10-08,G,Total,1057,2430,12224926,13599212852,147663205433,161262418285
2018-10-08,LG1,Staff,25,48,289104,780167933,5238685958,6018853891
2018-10-08,LG1,TPG,244,699,4159722,6170423059,57264383746,63434806805
2018-10-08,LG1,RPG,53,110,505134,1879604415,18920997261,20800601676
2018-10-08,LG1,UG,1749,5428,27317218,73012691741,439151397646,512164089387
2018-10-08,LG1,Alumni,4,12,53480,59573775,1434530533,1494104308
2018-10-08,LG1,Others(HKUST),7,30,221158,159977350,1736816437,1896793787
2018-10-08,LG1,Non-HKUST,35,66,370549,377094598,8591242481,8968337079
2018-10-08,LG1,Total,2117,6393,32916365,82439532871,532338054062,614777586933
2018-10-08,LG3,Staff,16,27,136797,235903330,288546746,524450076
2018-10-08,LG3,TPG,170,525,3714759,6858027743,58448449423,65306477166
2018-10-08,LG3,RPG,24,59,381240,984226507,22939215405,23923441912
2018-10-08,LG3,UG,514,1271,6565185,19907260893,97590702539,117497963432
2018-10-08,LG3,Alumni,2,10,45944,27083262,352997764,380081026
2018-10-08,LG3,Others(HKUST),1,3,12405,15070797,342581885,357652682
2018-10-08,LG3,Non-HKUST,12,17,87848,1203770937,1924877641,3128648578
2018-10-08,LG3,Total,739,1912,10944178,29231343469,181887371403,211118714872
2018-10-08,LG4,Staff,27,60,335381,1472148214,4226005131,5698153345
2018-10-08,LG4,TPG,370,1315,9338630,16209852517,224070432680,240280285197
2018-10-08,LG4,RPG,40,129,919886,1907805729,27307034113,29214839842
2018-10-08,LG4,UG,1415,4219,23785686,53445373026,609999720759,663445093785
2018-10-08,LG4,Alumni,4,12,111545,303562245,3418396284,3721958529
2018-10-08,LG4,Others(HKUST),2,9,54728,56518863,869533420,926052283
2018-10-08,LG4,Non-HKUST,36,72,390821,649745441,12213878730,12863624171
2018-10-08,LG4,Total,1894,5816,34936677,74045006035,882105001117,956150007152
2018-10-08,All-Floors,Staff,139,505,2927701,3338657024,20526152350,23864809374
2018-10-08,All-Floors,TPG,914,3860,25955441,40680108557,458274862956,498954971513
2018-10-08,All-Floors,RPG,152,488,2906487,8878890941,80053966844,88932857785
2018-10-08,All-Floors,UG,3688,13765,73030590,182707901055,1394332057615,1577039958670
2018-10-08,All-Floors,Alumni,16,63,414500,566573822,7462127723,8028701545
2018-10-08,All-Floors,Others(HKUST),10,51,374499,259522905,3300730584,3560253489
2018-10-08,All-Floors,Non-HKUST,95,219,1298084,2935854599,30778922332,33714776931
2018-10-08,All-Floors,Total,5014,18951,106907302,239367508903,1994728820404,2234096329307
2018-10-09,1,Staff,52,185,1235005,752377304,8687919066,9440296370
2018-10-09,1,TPG,200,837,6594448,13704503529,141059961445,154764464974
2018-10-09,1,RPG,21,76,540018,1697393154,5810766485,7508159639
2018-10-09,1,UG,390,1299,8207011,20913050175,132257497778,153170547953
2018-10-09,1,Alumni,3,12,118799,51391354,1460865079,1512256433
2018-10-09,1,Others(HKUST),2,14,62627,21374776,205848241,227223017
2018-10-09,1,Non-HKUST,14,26,155359,166747000,3219561245,3386308245
2018-10-09,1,Total,682,2449,16913267,37306837292,292702419339,330009256631
2018-10-09,G,Staff,57,130,785489,635002486,2222070746,2857073232
2018-10-09,G,TPG,252,592,3296776,3187140156,45678976740,48866116896
2018-10-09,G,RPG,48,121,678811,566925596,6218115239,6785040835
2018-10-09,G,UG,710,1567,7284045,14325913272,109467937554,123793850826
2018-10-09,G,Alumni,4,8,49937,50659253,1890256886,1940916139
2018-10-09,G,Others(HKUST),4,8,58621,3441568,28653745,32095313
2018-10-09,G,Non-HKUST,20,34,184290,137691001,1290823123,1428514124
2018-10-09,G,Total,1095,2460,12337969,18906773332,166796834033,185703607365
2018-10-09,LG1,Staff,30,54,282932,2596488223,4308996874,6905485097
2018-10-09,LG1,TPG,264,712,4247520,10044223144,47625965926,57670189070
2018-10-09,LG1,RPG,100,207,999424,7304762147,12450856190,19755618337
2018-10-09,LG1,UG,1770,5639,29496719,58987479359,554588599698,613576079057
2018-10-09,LG1,Alumni,4,13,74149,205994679,1459979964,1665974643
2018-10-09,LG1,Others(HKUST),8,29,237261,172347708,6136935396,6309283104
2018-10-09,LG1,Non-HKUST,30,55,296948,319717453,3578226449,3897943902
2018-10-09,LG1,Total,2206,6709,35634953,79631012713,630149560497,709780573210
2018-10-09,LG3,Staff,16,33,166301,193459180,2642445987,2835905167
2018-10-09,LG3,TPG,163,505,3430149,5225332464,53707814172,58933146636
2018-10-09,LG3,RPG,27,73,395254,459307774,6484805859,6944113633
2018-10-09,LG3,UG,542,1317,6687373,39615386465,145771670789,185387057254
2018-10-09,LG3,Alumni,2,5,18755,4575748,28253627,32829375
2018-10-09,LG3,Others(HKUST),1,1,6046,1864933,17214422,19079355
2018-10-09,LG3,Non-HKUST,8,12,59523,110631683,3483264207,3593895890
2018-10-09,LG3,Total,759,1946,10763401,45610558247,212135469063,257746027310
2018-10-09,LG4,Staff,39,79,462727,1108295004,6429987003,7538282007
2018-10-09,LG4,TPG,407,1429,10377888,24926509821,267510760103,292437269924
2018-10-09,LG4,RPG,85,214,1279129,2843238581,19608460913,22451699494
2018-10-09,LG4,UG,1425,3964,22485751,56725027691,628464032770,685189060461
2018-10-09,LG4,Alumni,6,29,178877,277131417,3725168514,4002299931
2018-10-09,LG4,Others(HKUST),5,12,80867,247570397,2327571863,2575142260
2018-10-09,LG4,Non-HKUST,31,76,444445,1485625456,9857527971,11343153427
2018-10-09,LG4,Total,1998,5803,35309684,87613398367,937923509137,1025536907504
2018-10-09,All-Floors,Staff,141,481,2932454,5285622197,24291419676,29577041873
2018-10-09,All-Floors,TPG,972,4075,27946781,57087709114,555583478386,612671187500
2018-10-09,All-Floors,RPG,244,691,3892636,12871627252,50573004686,63444631938
2018-10-09,All-Floors,UG,3786,13786,74160899,190566856962,1570549738589,1761116595551
2018-10-09,All-Floors,Alumni,17,67,440517,589752451,8564524070,9154276521
2018-10-09,All-Floors,Others(HKUST),12,64,445422,446599382,8716223667,9162823049
2018-10-09,All-Floors,Non-HKUST,81,203,1140565,2220412593,21429402995,23649815588
2018-10-09,All-Floors,Total,5253,19367,110959274,269068579951,2239707792069,2508776372020
2018-10-10,1,Staff,53,202,1195486,774137827,12050185920,12824323747
2018-10-10,1,TPG,172,750,6108469,10680617841,126677540172,137358158013
2018-10-10,1,RPG,17,59,484424,1937687306,22891838619,24829525925
2018-10-10,1,UG,448,1470,9279012,33754425173,175073959066,208828384239
2018-10-10,1,Alumni,2,7,102256,49025484,888814346,937839830
2018-10-10,1,Others(HKUST),3,6,32726,32549250,40336664,72885914
2018-10-10,1,Non-HKUST,12,19,114210,232414261,3120127346,3352541607
2018-10-10,1,Total,707,2513,17316583,47460857142,340742802133,388203659275
2018-10-10,G,Staff,64,159,894852,429983111,2529309759,2959292870
2018-10-10,G,TPG,244,561,3108749,6898794506,54842383612,61741178118
2018-10-10,G,RPG,41,102,587821,729920542,9070268761,9800189303
2018-10-10,G,UG,680,1492,6980199,15364925389,107357666556,122722591945
2018-10-10,G,Alumni,8,18,108814,1505860636,1096780869,2602641505
2018-10-10,G,Others(HKUST),7,15,132093,84998838,323406615,408405453
2018-10-10,G,Non-HKUST,24,40,181165,184440698,2156775711,2341216409
2018-10-10,G,Total,1068,2387,11993693,25198923720,177376591883,202575515603
2018-10-10,LG1,Staff,26,49,271692,404742414,6543811176,6948553590
2018-10-10,LG1,TPG,262,696,4029264,9070574888,46587452359,55658027247
2018-10-10,LG1,RPG,44,110,572678,4470467045,10088576629,14559043674
2018-10-10,LG1,UG,1756,5734,29783122,69632808991,622633398954,692266207945
2018-10-10,LG1,Alumni,5,13,43059,25831443,470970163,496801606
2018-10-10,LG1,Others(HKUST),5,33,374318,132077660,1399392017,1531469677
2018-10-10,LG1,Non-HKUST,31,50,302255,421063850,5196565548,5617629398
2018-10-10,LG1,Total,2129,6685,35376388,84157566291,692920166846,777077733137
2018-10-10,LG3,Staff,21,45,253802,220885207,1488838249,1709723456
2018-10-10,LG3,TPG,165,521,3649216,5177610577,59548436352,64726046929
2018-10-10,LG3,RPG,35,99,495727,1359604654,5745083428,7104688082
2018-10-10,LG3,UG,476,1149,6112599,14439306596,135858457686,150297764282
2018-10-10,LG3,Alumni,0,0,0,0,0,0
2018-10-10,LG3,Others(HKUST),1,3,21906,44111943,128789865,172901808
2018-10-10,LG3,Non-HKUST,9,15,84155,115683215,1539356440,1655039655
2018-10-10,LG3,Total,707,1832,10617405,21357202192,204308962020,225666164212
2018-10-10,LG4,Staff,56,112,651561,1271284743,7842317004,9113601747
2018-10-10,LG4,TPG,403,1513,10896405,27498343924,483314461675,510812805599
2018-10-10,LG4,RPG,37,135,918524,3428726865,19766772472,23195499337
2018-10-10,LG4,UG,1305,3688,21025639,51454921699,661146390015,712601311714
2018-10-10,LG4,Alumni,6,32,214436,967209541,11252780158,12219989699
2018-10-10,LG4,Others(HKUST),5,8,44883,84167363,1702172624,1786339987
2018-10-10,LG4,Non-HKUST,33,65,330571,1675559138,6142107411,7817666549
2018-10-10,LG4,Total,1845,5553,34082019,86380213273,1191167001359,1277547214632
2018-10-10,All-Floors,Staff,150,567,3267393,3101033302,30454462108,33555495410
2018-10-10,All-Floors,TPG,930,4041,27792103,59325941736,770970274170,830296215906
2018-10-10,All-Floors,RPG,145,505,3059174,11926406412,67562539909,79488946321
2018-10-10,All-Floors,UG,3644,13533,73180571,184646387848,1702069872277,1886716260125
2018-10-10,All-Floors,Alumni,17,70,468565,2547927104,13709345536,16257272640
2018-10-10,All-Floors,Others(HKUST),15,65,605926,377905054,3594097785,3972002839
2018-10-10,All-Floors,Non-HKUST,85,189,1012356,2629161162,18154932456,20784093618
2018-10-10,All-Floors,Total,4986,18970,109386088,264554762618,2606515524241,2871070286859
2018-10-11,1,Staff,50,208,1232622,701764006,11689625753,12391389759
2018-10-11,1,TPG,184,786,5997060,7720668152,126471491881,134192160033
2018-10-11,1,RPG,19,62,498877,448539749,17803872141,18252411890
2018-10-11,1,UG,382,1341,8651192,29508436890,159580749013,189089185903
2018-10-11,1,Alumni,3,14,87008,36683814,523001574,559685388
2018-10-11,1,Others(HKUST),2,12,68210,59790369,426847505,486637874
2018-10-11,1,Non-HKUST,13,21,138145,198976849,885150719,1084127568
2018-10-11,1,Total,653,2444,16673114,38674859829,317380738586,356055598415
2018-10-11,G,Staff,47,114,682459,190787792,1556225572,1747013364
2018-10-11,G,TPG,204,521,3291924,4022950498,54351870758,58374821256
2018-10-11,G,RPG,53,113,668961,792786205,9531805323,10324591528
2018-10-11,G,UG,671,1527,7574933,9777644764,119380209002,129157853766
2018-10-11,G,Alumni,5,11,49257,93900232,202958895,296859127
2018-10-11,G,Others(HKUST),8,16,107149,221180423,675142053,896322476
2018-10-11,G,Non-HKUST,15,33,178670,155656659,3381403402,3537060061
2018-10-11,G,Total,1003,2335,12553353,15254906573,189079615005,204334521578
2018-10-11,LG1,Staff,24,47,206935,186946454,3565404273,3752350727
2018-10-11,LG1,TPG,278,781,4700119,12190142645,72372341807,84562484452
2018-10-11,LG1,RPG,51,143,829744,2710370357,18771042367,21481412724
2018-10-11,LG1,UG,1681,5160,27543607,62650479261,516853550662,579504029923
2018-10-11,LG1,Alumni,5,11,50214,73209929,442108286,515318215
2018-10-11,LG1,Others(HKUST),7,26,157417,338445243,1793916638,2132361881
2018-10-11,LG1,Non-HKUST,25,47,272414,536968313,3067144652,3604112965
2018-10-11,LG1,Total,2071,6215,33760450,78686562202,616865508685,695552070887
2018-10-11,LG3,Staff,34,53,274996,248136862,1686408089,1934544951
2018-10-11,LG3,TPG,149,492,3449954,5149396414,67091104771,72240501185
2018-10-11,LG3,RPG,27,82,515480,603862612,8227699501,8831562113
2018-10-11,LG3,UG,481,1128,6310821,17840202291,134767628865,152607831156
2018-10-11,LG3,Alumni,1,3,9043,311739,412448,724187
2018-10-11,LG3,Others(HKUST),2,2,6330,358805,1500089,1858894
2018-10-11,LG3,Non-HKUST,9,22,158255,583190570,4018773216,4601963786
2018-10-11,LG3,Total,703,1782,10724879,24425459293,215793526979,240218986272
2018-10-11,LG4,Staff,37,71,337570,694897001,4311796722,5006693723
2018-10-11,LG4,TPG,388,1383,9500178,17970788494,296042073830,314012862324
2018-10-11,LG4,RPG,40,132,913859,2839272476,18008147674,20847420150
2018-10-11,LG4,UG,1303,3620,20329376,68456596404,695804540325,764261136729
2018-10-11,LG4,Alumni,8,29,218933,3090911103,10501716389,13592627492
2018-10-11,LG4,Others(HKUST),3,8,40920,11382711,47357838,58740549
2018-10-11,LG4,Non-HKUST,27,56,372637,2352181726,7804564891,10156746617
2018-10-11,LG4,Total,1806,5299,31713473,95416029915,1032520197669,1127936227584
2018-10-11,All-Floors,Staff,142,493,2734582,2022532115,22809460409,24831992524
2018-10-11,All-Floors,TPG,939,3963,26939235,47053946203,616328883047,663382829250
2018-10-11,All-Floors,RPG,162,532,3426921,7394831399,72342567006,79737398405
2018-10-11,All-Floors,UG,3603,12776,70409929,188233359610,1626386677867,1814620037477
2018-10-11,All-Floors,Alumni,19,68,414455,3295016817,11670197592,14965214409
2018-10-11,All-Floors,Others(HKUST),16,64,380026,631157551,2944764123,3575921674
2018-10-11,All-Floors,Non-HKUST,77,179,1120121,3826974117,19157036880,22984010997
2018-10-11,All-Floors,Total,4958,18075,105425269,252457817812,2371639586924,2624097404736
2018-10-12,1,Staff,57,197,1338566,626712905,7086780669,7713493574
2018-10-12,1,TPG,165,728,5671328,9645276473,110933607553,120578884026
2018-10-12,1,RPG,8,29,220009,2764208594,2096042310,4860250904
2018-10-12,1,UG,322,1081,6678386,16066568144,118814486966,134881055110
2018-10-12,1,Alumni,5,20,230116,354276604,9649382132,10003658736
2018-10-12,1,Others(HKUST),1,2,20057,14610564,6874095,21484659
2018-10-12,1,Non-HKUST,7,12,73027,85962074,763150521,849112595
2018-10-12,1,Total,565,2069,14231489,29557615358,249350324246,278907939604
2018-10-12,G,Staff,53,105,616850,546681675,4530053395,5076735070
2018-10-12,G,TPG,167,379,2367012,3002053705,30647364734,33649418439
2018-10-12,G,RPG,45,104,653320,706606677,21522005319,22228611996
2018-10-12,G,UG,539,1213,5955510,8150482966,75982704960,84133187926
2018-10-12,G,Alumni,3,13,86472,73227518,2183820445,2257047963
2018-10-12,G,Others(HKUST),7,14,122725,78362862,533451283,611814145
2018-10-12,G,Non-HKUST,19,32,165918,57574808,623531490,681106298
2018-10-12,G,Total,833,1860,9967807,12614990211,136022931626,148637921837
2018-10-12,LG1,Staff,18,43,197720,457804741,1324467930,1782272671
2018-10-12,LG1,TPG,246,714,4352522,8879505941,81955838782,90835344723
2018-10-12,LG1,RPG,59,124,640144,5228827153,35753277609,40982104762
2018-10-12,LG1,UG,1573,4900,26405465,76894933683,513425918210,590320851893
2018-10-12,LG1,Alumni,2,10,68276,132977783,2639212835,2772190618
2018-10-12,LG1,Others(HKUST),4,20,142391,70013463,2372644165,2442657628
2018-10-12,LG1,Non-HKUST,20,44,338382,448055397,4189617283,4637672680
2018-10-12,LG1,Total,1922,5855,32144900,92112118161,641660976814,733773094975
2018-10-12,LG3,Staff,13,22,127356,35514558,526983576,562498134
2018-10-12,LG3,TPG,147,458,3487283,4063299063,68491683588,72554982651
2018-10-12,LG3,RPG,29,91,569563,12139566554,10048635044,22188201598
2018-10-12,LG3,UG,443,1066,5452843,14923115663,120521348537,135444464200
2018-10-12,LG3,Alumni,1,1,3028,5251208,33789812,39041020
2018-10-12,LG3,Others(HKUST),5,10,44097,57826086,639222582,697048668
2018-10-12,LG3,Non-HKUST,10,18,117691,104686929,3652523224,3757210153
2018-10-12,LG3,Total,648,1666,9801861,31329260061,203914186363,235243446424
2018-10-12,LG4,Staff,23,49,251092,683592893,7750271203,8433864096
2018-10-12,LG4,TPG,322,1261,9277576,21589523110,292006739701,313596262811
2018-10-12,LG4,RPG,34,118,783969,1200010130,17392665519,18592675649
2018-10-12,LG4,UG,895,2537,15051005,48692451414,536282621733,584975073147
2018-10-12,LG4,Alumni,8,37,259226,3459933348,13470726338,16930659686
2018-10-12,LG4,Others(HKUST),4,10,60817,59110800,1473920712,1533031512
2018-10-12,LG4,Non-HKUST,25,45,312539,2917269488,7785516867,10702786355
2018-10-12,LG4,Total,1311,4057,25996224,78601891183,876162462073,954764353256
2018-10-12,All-Floors,Staff,122,416,2531584,2350306772,21218556773,23568863545
2018-10-12,All-Floors,TPG,816,3540,25155721,47179658292,584035234358,631214892650
2018-10-12,All-Floors,RPG,154,466,2867005,22039219108,86812625801,108851844909
2018-10-12,All-Floors,UG,3082,10797,59543209,164727551870,1365027080406,1529754632276
2018-10-12,All-Floors,Alumni,18,81,647118,4025666461,27976931562,32002598023
2018-10-12,All-Floors,Others(HKUST),15,56,390087,279923775,5026112837,5306036612
2018-10-12,All-Floors,Non-HKUST,72,151,1007557,3613548696,17014339385,20627888081
2018-10-12,All-Floors,Total,4279,15507,92142281,244215874974,2107110881122,2351326756096
2018-10-13,1,Staff,9,51,304558,65764214,1101571699,1167335913
2018-10-13,1,TPG,125,525,4151764,7446339223,94657537298,102103876521
2018-10-13,1,RPG,14,50,394981,1553246068,10952548590,12505794658
2018-10-13,1,UG,153,609,5174201,8063116792,71080579751,79143696543
2018-10-13,1,Alumni,5,29,212177,467969063,2839996279,3307965342
2018-10-13,1,Others(HKUST),1,1,6384,0,0,0
2018-10-13,1,Non-HKUST,7,11,79418,47126239,955146550,1002272789
2018-10-13,1,Total,314,1276,10323483,17643561599,181587380167,199230941766
2018-10-13,G,Staff,8,17,124464,127052822,442672642,569725464
2018-10-13,G,TPG,140,334,2125784,2050864491,23751696531,25802561022
2018-10-13,G,RPG,19,50,309634,368630894,3883426985,4252057879
2018-10-13,G,UG,193,575,3646496,14869172850,57505086612,72374259462
2018-10-13,G,Alumni,6,11,57877,77426418,1065195746,1142622164
2018-10-13,G,Others(HKUST),4,5,62756,12500967,98025625,110526592
2018-10-13,G,Non-HKUST,14,26,202029,92549113,1431193504,1523742617
2018-10-13,G,Total,384,1018,6529040,17598197555,88177297645,105775495200
2018-10-13,LG1,Staff,8,24,154304,1050191513,5388872370,6439063883
2018-10-13,LG1,TPG,306,1007,6474167,12250820077,113057133906,125307953983
2018-10-13,LG1,RPG,48,125,783330,8214620350,40936064204,49150684554
2018-10-13,LG1,UG,753,2848,17981640,42996876843,457182115009,500178991852
2018-10-13,LG1,Alumni,6,15,106947,149296553,3902406658,4051703211
2018-10-13,LG1,Others(HKUST),3,28,186824,105770719,2289266959,2395037678
2018-10-13,LG1,Non-HKUST,15,26,221352,257902287,1864358508,2122260795
2018-10-13,LG1,Total,1139,4073,25908564,65025478342,624620217614,689645695956
2018-10-13,LG3,Staff,4,10,44809,5001143,79137947,84139090
2018-10-13,LG3,TPG,132,452,3081543,9336255650,77815810328,87152065978
2018-10-13,LG3,RPG,19,55,397984,317062003,4073152740,4390214743
2018-10-13,LG3,UG,153,440,3049824,9209412172,78565229320,87774641492
2018-10-13,LG3,Alumni,4,7,27508,28668056,266578885,295246941
2018-10-13,LG3,Others(HKUST),0,0,0,0,0,0
2018-10-13,LG3,Non-HKUST,5,16,153828,252924653,1015767711,1268692364
2018-10-13,LG3,Total,317,980,6755496,19149323677,161815676931,180965000608
2018-10-13,LG4,Staff,8,27,153258,2320310686,2548241490,4868552176
2018-10-13,LG4,TPG,197,717,5158089,13866264138,156535397180,170401661318
2018-10-13,LG4,RPG,16,57,447185,1150989670,9768778446,10919768116
2018-10-13,LG4,UG,311,1034,7409323,19938440814,291292165279,311230606093
2018-10-13,LG4,Alumni,7,33,244040,651035044,9431886716,10082921760
2018-10-13,LG4,Others(HKUST),2,2,6337,2620128,13346861,15966989
2018-10-13,LG4,Non-HKUST,15,61,363593,650253960,10533280909,11183534869
2018-10-13,LG4,Total,556,1931,13781825,38579914440,480123096881,518703011321
2018-10-13,All-Floors,Staff,32,129,781393,3568320378,9560496148,13128816526
2018-10-13,All-Floors,TPG,703,3035,20991347,44950543579,465817575243,510768118822
2018-10-13,All-Floors,RPG,100,337,2333114,11604548985,69613970965,81218519950
2018-10-13,All-Floors,UG,1254,5506,37261484,95077019471,955625175971,1050702195442
2018-10-13,All-Floors,Alumni,25,95,648549,1374395134,17506064284,18880459418
2018-10-13,All-Floors,Others(HKUST),8,36,262301,120891814,2400639445,2521531259
2018-10-13,All-Floors,Non-HKUST,51,140,1020220,1300756252,15799747182,17100503434
2018-10-13,All-Floors,Total,2173,9278,63298408,157996475613,1536323669238,1694320144851
2018-10-14,1,Staff,6,28,105453,28157613,286312073,314469686
2018-10-14,1,TPG,107,515,4325876,10255620031,92661625254,102917245285
2018-10-14,1,RPG,10,39,316930,331778440,16535288678,16867067118
2018-10-14,1,UG,174,747,6198407,14449228306,90536855337,104986083643
2018-10-14,1,Alumni,5,26,162276,157677665,1855365727,2013043392
2018-10-14,1,Others(HKUST),1,2,6653,928229,5395262,6323491
2018-10-14,1,Non-HKUST,5,11,87946,173816599,6220850003,6394666602
2018-10-14,1,Total,308,1368,11203541,25397206883,208101692334,233498899217
2018-10-14,G,Staff,10,21,108809,38395270,774547261,812942531
2018-10-14,G,TPG,133,301,1988501,3392061059,26783348590,30175409649
2018-10-14,G,RPG,29,63,376141,1070800472,5841762522,6912562994
2018-10-14,G,UG,164,456,2791094,7521931945,45729532497,53251464442
2018-10-14,G,Alumni,7,20,99408,124461340,1920128448,2044589788
2018-10-14,G,Others(HKUST),2,2,12710,12129462,55736251,67865713
2018-10-14,G,Non-HKUST,12,18,132683,84879263,1675690244,1760569507
2018-10-14,G,Total,357,881,5509346,12244658811,82780745813,95025404624
2018-10-14,LG1,Staff,14,38,204471,201914628,4285181045,4487095673
2018-10-14,LG1,TPG,323,1231,8297174,15054589984,148184952540,163239542524
2018-10-14,LG1,RPG,57,199,1076731,5206831752,18923565352,24130397104
2018-10-14,LG1,UG,877,3194,19810486,49407032584,417984283194,467391315778
2018-10-14,LG1,Alumni,5,13,85844,190676729,1804340657,1995017386
2018-10-14,LG1,Others(HKUST),3,12,193861,133838923,1097223877,1231062800
2018-10-14,LG1,Non-HKUST,29,49,347509,47974933753,6562146464,54537080217
2018-10-14,LG1,Total,1308,4736,30016076,118169818353,598841693129,717011511482
2018-10-14,LG3,Staff,3,20,75025,6232612,46864628,53097240
2018-10-14,LG3,TPG,109,344,2371956,2696241755,45426647120,48122888875
2018-10-14,LG3,RPG,8,23,132769,69592555,1114375469,1183968024
2018-10-14,LG3,UG,180,559,3550266,10829259365,93953783409,104783042774
2018-10-14,LG3,Alumni,2,8,38126,221441823,5616039878,5837481701
2018-10-14,LG3,Others(HKUST),0,0,0,0,0,0
2018-10-14,LG3,Non-HKUST,6,14,102781,390041137,753842125,1143883262
2018-10-14,LG3,Total,308,968,6270923,14212809247,146911552629,161124361876
2018-10-14,LG4,Staff,7,14,89122,172215560,2005491258,2177706818
2018-10-14,LG4,TPG,169,608,4382790,9117026524,125160251371,134277277895
2018-10-14,LG4,RPG,26,92,619479,1100512546,8964322200,10064834746
2018-10-14,LG4,UG,356,1232,7922194,23104885024,298685904435,321790789459
2018-10-14,LG4,Alumni,12,30,202759,377481412,11391391885,11768873297
2018-10-14,LG4,Others(HKUST),0,0,0,0,0,0
2018-10-14,LG4,Non-HKUST,20,52,396813,1295463071,9368343128,10663806199
2018-10-14,LG4,Total,590,2028,13613157,35167584137,455575704277,490743288414
2018-10-14,All-Floors,Staff,31,121,582880,446915683,7398396265,7845311948
2018-10-14,All-Floors,TPG,604,2999,21366297,40515539353,438216824875,478732364228
2018-10-14,All-Floors,RPG,108,416,2522050,7779515765,51379314221,59158829986
2018-10-14,All-Floors,UG,1351,6188,40272447,105312337224,946890358872,1052202696096
2018-10-14,All-Floors,Alumni,27,97,588413,1071738969,22587266595,23659005564
2018-10-14,All-Floors,Others(HKUST),4,16,213224,146896614,1158355390,1305252004
2018-10-14,All-Floors,Non-HKUST,55,144,1067732,49919133823,24580871964,74500005787
2018-10-14,All-Floors,Total,2180,9981,66613043,205192077431,1492211388182,1697403465613
2018-10-15,1,Staff,52,184,1254498,521538874,20146520502,20668059376
2018-10-15,1,TPG,179,777,6394884,12364107547,134153303568,146517411115
2018-10-15,1,RPG,17,35,239865,1087879767,3558258693,4646138460
2018-10-15,1,UG,413,1435,10199646,16865457635,167622293586,184487751221
2018-10-15,1,Alumni,3,18,113041,33203340,662296278,695499618
2018-10-15,1,Others(HKUST),4,8,57365,18063127,388459394,406522521
2018-10-15,1,Non-HKUST,13,37,241032,345878050,2438748188,2784626238
2018-10-15,1,Total,681,2494,18500331,31236128340,328969880209,360206008549
2018-10-15,G,Staff,52,125,785198,192472940,2891545413,3084018353
2018-10-15,G,TPG,199,491,3049383,3902103836,52742205045,56644308881
2018-10-15,G,RPG,43,87,485872,799425374,3935861094,4735286468
2018-10-15,G,UG,654,1547,8232138,11926722881,123654855407,135581578288
2018-10-15,G,Alumni,4,5,35695,34043941,831349706,865393647
2018-10-15,G,Others(HKUST),4,4,51822,6256492,55647610,61904102
2018-10-15,G,Non-HKUST,10,21,136135,103415207,516748056,620163263
2018-10-15,G,Total,966,2280,12776243,16964440671,184628212331,201592653002
2018-10-15,LG1,Staff,27,63,435854,429793399,4985895660,5415689059
2018-10-15,LG1,TPG,269,793,5165795,8432045785,62827584122,71259629907
2018-10-15,LG1,RPG,37,109,769304,1597937613,21796797089,23394734702
2018-10-15,LG1,UG,1617,4964,27965912,54380927548,453066906992,507447834540
2018-10-15,LG1,Alumni,4,9,44515,43136858,480336214,523473072
2018-10-15,LG1,Others(HKUST),3,23,161357,55898270,1014608117,1070506387
2018-10-15,LG1,Non-HKUST,26,43,288381,18471253188,7264899574,25736152762
2018-10-15,LG1,Total,1983,6004,34831118,83410992661,551437027768,634848020429
2018-10-15,LG3,Staff,13,27,162267,8992750,139725064,148717814
2018-10-15,LG3,TPG,163,472,3325448,5240610891,62999734084,68240344975
2018-10-15,LG3,RPG,33,79,510624,518193755,6160611832,6678805587
2018-10-15,LG3,UG,514,1293,7750961,12493288355,151651104532,164144392887
2018-10-15,LG3,Alumni,1,1,6710,248301,673346,921647
2018-10-15,LG3,Others(HKUST),3,9,52390,51269730,382823514,434093244
2018-10-15,LG3,Non-HKUST,11,16,104414,907773594,1176003287,2083776881
2018-10-15,LG3,Total,738,1897,11912814,19220377376,222510675659,241731053035
2018-10-15,LG4,Staff,20,42,263567,342529317,2696740344,3039269661
2018-10-15,LG4,TPG,371,1263,9717323,21261793877,332309767232,353571561109
2018-10-15,LG4,RPG,44,141,1124928,2139216687,30849397226,32988613913
2018-10-15,LG4,UG,1386,4001,25766787,66259408503,813421275451,879680683954
2018-10-15,LG4,Alumni,8,33,275841,462620932,10003403528,10466024460
2018-10-15,LG4,Others(HKUST),3,6,38233,10391520,30695866,41087386
2018-10-15,LG4,Non-HKUST,40,83,554377,1451299118,13792092473,15243391591
2018-10-15,LG4,Total,1872,5569,37741056,91927259954,1203103372120,1295030632074
2018-10-15,All-Floors,Staff,130,441,2901384,1495327280,30860426983,32355754263
2018-10-15,All-Floors,TPG,917,3796,27652833,51200661936,645032594051,696233255987
2018-10-15,All-Floors,RPG,152,451,3130593,6142653196,66300925934,72443579130
2018-10-15,All-Floors,UG,3586,13240,79915444,161925804922,1709416435968,1871342240890
2018-10-15,All-Floors,Alumni,16,66,475802,573253372,11978059072,12551312444
2018-10-15,All-Floors,Others(HKUST),12,50,361167,141879139,1872234501,2014113640
2018-10-15,All-Floors,Non-HKUST,83,200,1324339,21279619157,25188491578,46468110735
2018-10-15,All-Floors,Total,4896,18244,115761562,242759199002,2490649168087,2733408367089
2018-10-16,1,Staff,42,170,1049911,967623292,8864394246,9832017538
2018-10-16,1,TPG,177,796,6458770,8528885065,119663780463,128192665528
2018-10-16,1,RPG,10,29,164972,172414362,4067220241,4239634603
2018-10-16,1,UG,398,1428,9677931,38769487082,163487861733,202257348815
2018-10-16,1,Alumni,2,8,73731,97586384,2710087555,2807673939
2018-10-16,1,Others(HKUST),2,3,22358,24973381,24734628,49708009
2018-10-16,1,Non-HKUST,10,20,151101,254621313,6523891465,6778512778
2018-10-16,1,Total,641,2454,17598774,48815590879,305341970331,354157561210
2018-10-16,G,Staff,49,93,610946,183205246,2223143029,2406348275
2018-10-16,G,TPG,200,471,3039411,3057187559,33969565706,37026753265
2018-10-16,G,RPG,51,108,696796,1593284962,5190170929,6783455891
2018-10-16,G,UG,670,1478,7328853,19351482929,164140131637,183491614566
2018-10-16,G,Alumni,1,1,3322,254142,689175,943317
2018-10-16,G,Others(HKUST),6,11,44694,35010679,854173544,889184223
2018-10-16,G,Non-HKUST,24,52,250044,185826840,2691925689,2877752529
2018-10-16,G,Total,1001,2214,11974066,24406252357,209069799709,233476052066
2018-10-16,LG1,Staff,19,42,224250,210611448,6280820316,6491431764
2018-10-16,LG1,TPG,306,853,5286958,7576226315,84060805102,91637031417
2018-10-16,LG1,RPG,56,123,613650,2385881956,12341395315,14727277271
2018-10-16,LG1,UG,1630,5120,27697468,61909372075,521826448495,583735820570
2018-10-16,LG1,Alumni,5,16,112223,427654563,4010673217,4438327780
2018-10-16,LG1,Others(HKUST),4,24,146584,85226325,2630116362,2715342687
2018-10-16,LG1,Non-HKUST,36,87,460623,992481766,8839383392,9831865158
2018-10-16,LG1,Total,2056,6265,34541756,73587454448,639989642199,713577096647
2018-10-16,LG3,Staff,14,36,219052,59965290,884456567,944421857
2018-10-16,LG3,TPG,170,563,3661807,4763282345,74650967545,79414249890
2018-10-16,LG3,RPG,29,83,552276,665676095,7431870972,8097547067
2018-10-16,LG3,UG,467,1150,6342797,12333439181,124454618579,136788057760
2018-10-16,LG3,Alumni,0,0,0,0,0,0
2018-10-16,LG3,Others(HKUST),2,4,13319,4874430,11485201,16359631
2018-10-16,LG3,Non-HKUST,8,20,107256,83072491,1851821647,1934894138
2018-10-16,LG3,Total,690,1856,10896507,17910309832,209285220511,227195530343
2018-10-16,LG4,Staff,42,76,375436,388628291,4390886142,4779514433
2018-10-16,LG4,TPG,430,1626,12021003,26185675586,423156443351,449342118937
2018-10-16,LG4,RPG,129,237,1250366,1731966043,26513918179,28245884222
2018-10-16,LG4,UG,1329,3819,21591017,63010648205,680730812085,743741460290
2018-10-16,LG4,Alumni,4,19,125982,138105008,2021426910,2159531918
2018-10-16,LG4,Others(HKUST),3,5,34518,9320725,121082493,130403218
2018-10-16,LG4,Non-HKUST,35,74,504669,1316653581,13675587828,14992241409
2018-10-16,LG4,Total,1972,5856,35902991,92780997439,1150610156988,1243391154427
2018-10-16,All-Floors,Staff,122,417,2479595,1810033567,22643700300,24453733867
2018-10-16,All-Floors,TPG,968,4309,30467949,50111256870,735501562167,785612819037
2018-10-16,All-Floors,RPG,240,580,3278060,6549223418,55544575636,62093799054
2018-10-16,All-Floors,UG,3543,12995,72638066,195374429472,1654639872529,1850014302001
2018-10-16,All-Floors,Alumni,10,44,315258,663600097,8742876857,9406476954
2018-10-16,All-Floors,Others(HKUST),12,47,261473,159405540,3641592228,3800997768
2018-10-16,All-Floors,Non-HKUST,94,253,1473693,2832655991,33582610021,36415266012
2018-10-16,All-Floors,Total,4989,18645,110914094,257500604955,2514296789738,2771797394693
2018-10-17,1,Staff,5,30,170870,394535871,1207554001,1602089872
2018-10-17,1,TPG,68,179,1240140,1980388074,22017754640,23998142714
2018-10-17,1,RPG,5,9,60113,28060060,388578501,416638561
2018-10-17,1,UG,119,290,1799282,2663864158,44613126969,47276991127
2018-10-17,1,Alumni,5,13,74577,317557489,7317769387,7635326876
2018-10-17,1,Others(HKUST),1,1,3022,460869,19237111,19697980
2018-10-17,1,Non-HKUST,2,5,25068,54454214,461393255,515847469
2018-10-17,1,Total,205,527,3373072,5439320735,76025413864,81464734599
2018-10-17,G,Staff,4,6,24450,5381653,62172727,67554380
2018-10-17,G,TPG,79,170,1056461,981060646,14155699764,15136760410
2018-10-17,G,RPG,14,27,164631,100115680,728160645,828276325
2018-10-17,G,UG,134,282,1455390,2115883039,19118123561,21234006600
2018-10-17,G,Alumni,3,3,18723,4490365,54241324,58731689
2018-10-17,G,Others(HKUST),3,5,37755,27214192,421627354,448841546
2018-10-17,G,Non-HKUST,7,16,89099,96468400,1579248791,1675717191
2018-10-17,G,Total,244,509,2846509,3330613975,36119274166,39449888141
2018-10-17,LG1,Staff,8,31,164580,95344215,995168048,1090512263
2018-10-17,LG1,TPG,385,1663,12245440,16429893192,219248079375,235677972567
2018-10-17,LG1,RPG,47,152,891468,2475909832,31244281764,33720191596
2018-10-17,LG1,UG,866,3502,23350951,49629530192,534718698260,584348228452
2018-10-17,LG1,Alumni,3,8,71625,48492804,768921359,817414163
2018-10-17,LG1,Others(HKUST),5,22,232564,87595218,1893818184,1981413402
2018-10-17,LG1,Non-HKUST,27,91,684149,1097984080,11465343737,12563327817
2018-10-17,LG1,Total,1341,5469,37640777,69864749533,800334310727,870199060260
2018-10-17,LG3,Staff,4,25,93061,32853005,447246079,480099084
2018-10-17,LG3,TPG,85,217,1250081,2519221485,45481708233,48000929718
2018-10-17,LG3,RPG,9,22,114272,986655775,1234997815,2221653590
2018-10-17,LG3,UG,110,251,1290088,2150254404,29869034587,32019288991
2018-10-17,LG3,Alumni,2,3,15404,30694968,515073025,545767993
2018-10-17,LG3,Others(HKUST),0,0,0,0,0,0
2018-10-17,LG3,Non-HKUST,4,4,22046,5968160,11385276,17353436
2018-10-17,LG3,Total,214,522,2784952,5725647797,77559445015,83285092812
2018-10-17,LG4,Staff,5,9,43780,13584903,102603934,116188837
2018-10-17,LG4,TPG,79,205,1275844,2710275935,39822471817,42532747752
2018-10-17,LG4,RPG,17,42,247975,391381043,7894444487,8285825530
2018-10-17,LG4,UG,280,694,3866367,7135491664,121578310630,128713802294
2018-10-17,LG4,Alumni,4,8,49247,354363385,3895055955,4249419340
2018-10-17,LG4,Others(HKUST),1,1,6339,49040571,2111836663,2160877234
2018-10-17,LG4,Non-HKUST,8,10,43770,39221362,1180861619,1220082981
2018-10-17,LG4,Total,394,969,5533322,10693358863,176585585105,187278943968
2018-10-17,All-Floors,Staff,22,101,496741,541699647,2814744789,3356444436
2018-10-17,All-Floors,TPG,572,2434,17067966,24620839332,340725713829,365346553161
2018-10-17,All-Floors,RPG,82,252,1478459,3982122390,41490463212,45472585602
2018-10-17,All-Floors,UG,1261,5019,31762078,63695023457,749897294007,813592317464
2018-10-17,All-Floors,Alumni,16,35,229576,755599011,12551061050,13306660061
2018-10-17,All-Floors,Others(HKUST),8,29,279680,164310850,4446519312,4610830162
2018-10-17,All-Floors,Non-HKUST,41,126,864132,1294096216,14698232678,15992328894
2018-10-17,All-Floors,Total,2002,7996,52178632,95053690903,1166624028877,1261677719780
2018-10-18,1,Staff,52,179,1288024,703805217,10319585250,11023390467
2018-10-18,1,TPG,177,785,6801171,8504346060,94167795731,102672141791
2018-10-18,1,RPG,17,50,369323,1111294112,3188822643,4300116755
2018-10-18,1,UG,409,1390,9467801,26049162166,190054781666,216103943832
2018-10-18,1,Alumni,3,8,80161,62927873,1632839452,1695767325
2018-10-18,1,Others(HKUST),3,5,22978,1187803,5500508,6688311
2018-10-18,1,Non-HKUST,7,14,95348,150162297,6402644447,6552806744
2018-10-18,1,Total,668,2431,18124806,36582885528,305771969697,342354855225
2018-10-18,G,Staff,48,115,656224,124937372,1709700047,1834637419
2018-10-18,G,TPG,213,545,3517715,3670762092,38614471535,42285233627
2018-10-18,G,RPG,47,108,623892,3341263908,9924138317,13265402225
2018-10-18,G,UG,676,1548,7697335,17077746022,113216716743,130294462765
2018-10-18,G,Alumni,2,8,71827,332113885,6396094721,6728208606
2018-10-18,G,Others(HKUST),5,6,31552,2962792,23807129,26769921
2018-10-18,G,Non-HKUST,22,52,335990,332039288,3964282754,4296322042
2018-10-18,G,Total,1013,2382,12934535,24881825359,173849211246,198731036605
2018-10-18,LG1,Staff,24,57,301953,1053460282,7164272331,8217732613
2018-10-18,LG1,TPG,274,826,5289344,6572569166,92522179711,99094748877
2018-10-18,LG1,RPG,46,94,465825,1157690533,11963505630,13121196163
2018-10-18,LG1,UG,1749,5440,29593576,61515695537,595502455670,657018151207
2018-10-18,LG1,Alumni,1,4,29229,22433884,272851572,295285456
2018-10-18,LG1,Others(HKUST),7,29,136920,236216793,4922739680,5158956473
2018-10-18,LG1,Non-HKUST,32,57,333927,425330842,4471660827,4896991669
2018-10-18,LG1,Total,2133,6507,36150774,70983397037,716819665421,787803062458
2018-10-18,LG3,Staff,27,64,330388,268873320,1578083794,1846957114
2018-10-18,LG3,TPG,163,569,4193807,9028729905,75496972580,84525702485
2018-10-18,LG3,RPG,22,58,359653,373395701,7263663106,7637058807
2018-10-18,LG3,UG,540,1315,7155878,16241171936,142853925265,159095097201
2018-10-18,LG3,Alumni,0,0,0,0,0,0
2018-10-18,LG3,Others(HKUST),3,3,13248,217849,924161,1142010
2018-10-18,LG3,Non-HKUST,8,17,108610,632390405,894079090,1526469495
2018-10-18,LG3,Total,763,2026,12161584,26544779116,228087647996,254632427112
2018-10-18,LG4,Staff,22,40,210690,396195820,2102264631,2498460451
2018-10-18,LG4,TPG,446,1783,13113836,28002863095,315647847433,343650710528
2018-10-18,LG4,RPG,50,180,1236534,1729235712,25001302227,26730537939
2018-10-18,LG4,UG,1414,4322,25754977,60582171646,762219461192,822801632838
2018-10-18,LG4,Alumni,5,30,180912,538373705,11065507657,11603881362
2018-10-18,LG4,Others(HKUST),5,11,63053,48650839,1001703402,1050354241
2018-10-18,LG4,Non-HKUST,40,97,599297,1697415952,26169917928,27867333880
2018-10-18,LG4,Total,1982,6463,41159299,92994906769,1143208004470,1236202911239
2018-10-18,All-Floors,Staff,120,455,2787279,2547272011,22873906053,25421178064
2018-10-18,All-Floors,TPG,981,4508,32915873,55779270318,616449266990,672228537308
2018-10-18,All-Floors,RPG,154,490,3055227,7712879966,57341431923,65054311889
2018-10-18,All-Floors,UG,3719,14015,79669567,181465947307,1803847340536,1985313287843
2018-10-18,All-Floors,Alumni,10,50,362129,955849347,19367293402,20323142749
2018-10-18,All-Floors,Others(HKUST),17,54,267751,289236076,5954674880,6243910956
2018-10-18,All-Floors,Non-HKUST,83,237,1473172,3237338784,41902585046,45139923830
2018-10-18,All-Floors,Total,5084,19809,120530998,251987793809,2567736498830,2819724292639
2018-10-19,1,Staff,55,181,1293766,1597217498,7711500515,9308718013
2018-10-19,1,TPG,180,731,6088270,8205643354,94314691718,102520335072
2018-10-19,1,RPG,17,51,373703,354609539,8290883155,8645492694
2018-10-19,1,UG,391,1336,9337666,34990335769,180328060053,215318395822
2018-10-19,1,Alumni,3,28,144118,275360313,4420604500,4695964813
2018-10-19,1,Others(HKUST),3,5,20342,22543635,33090558,55634193
2018-10-19,1,Non-HKUST,13,28,187405,134720522,1511749701,1646470223
2018-10-19,1,Total,662,2360,17445270,45580430630,296610580200,342191010830
2018-10-19,G,Staff,48,104,626445,241731982,1631106592,1872838574
2018-10-19,G,TPG,215,440,2676532,8628186927,53820393633,62448580560
2018-10-19,G,RPG,39,106,613241,556006092,8630801013,9186807105
2018-10-19,G,UG,647,1444,7530981,10225799707,123299152274,133524951981
2018-10-19,G,Alumni,3,6,49697,58315644,2471345695,2529661339
2018-10-19,G,Others(HKUST),6,16,120443,17675347,127583964,145259311
2018-10-19,G,Non-HKUST,21,42,238707,370882584,11045359429,11416242013
2018-10-19,G,Total,979,2158,11856046,20098598283,201025742600,221124340883
2018-10-19,LG1,Staff,32,43,239577,175144326,2354448384,2529592710
2018-10-19,LG1,TPG,286,850,5195351,8641391768,79480448717,88121840485
2018-10-19,LG1,RPG,36,97,563639,2373349840,34407085790,36780435630
2018-10-19,LG1,UG,1653,5164,29130397,72479800557,557527930410,630007730967
2018-10-19,LG1,Alumni,4,11,80200,83550739,1772979233,1856529972
2018-10-19,LG1,Others(HKUST),5,42,294970,324159054,6224432546,6548591600
2018-10-19,LG1,Non-HKUST,29,50,266484,151528794,1860897076,2012425870
2018-10-19,LG1,Total,2045,6257,35770618,84228925078,683628222156,767857147234
2018-10-19,LG3,Staff,19,67,291084,85817296,326874793,412692089
2018-10-19,LG3,TPG,156,547,3685908,8234159572,54831499360,63065658932
2018-10-19,LG3,RPG,21,47,337739,348349584,6009069736,6357419320
2018-10-19,LG3,UG,479,1201,6771169,12277411694,167892104950,180169516644
2018-10-19,LG3,Alumni,2,2,6351,620589,2137442,2758031
2018-10-19,LG3,Others(HKUST),3,3,23126,5767290,15732113,21499403
2018-10-19,LG3,Non-HKUST,9,18,88301,106720636,2040049558,2146770194
2018-10-19,LG3,Total,689,1885,11203678,21058846661,231117467952,252176314613
2018-10-19,LG4,Staff,19,42,252747,518014796,8894669384,9412684180
2018-10-19,LG4,TPG,398,1506,11886108,49375350825,379075643077,428450993902
2018-10-19,LG4,RPG,36,113,870220,2155282570,27205530638,29360813208
2018-10-19,LG4,UG,1172,3456,20595012,57675459753,676050567150,733726026903
2018-10-19,LG4,Alumni,4,17,163705,442246461,3186378281,3628624742
2018-10-19,LG4,Others(HKUST),2,8,33880,67134191,1305144828,1372279019
2018-10-19,LG4,Non-HKUST,34,55,477214,775189549,10677373296,11452562845
2018-10-19,LG4,Total,1665,5197,34278886,111008678145,1106395306654,1217403984799
2018-10-19,All-Floors,Staff,123,437,2703619,2617925898,20918599668,23536525566
2018-10-19,All-Floors,TPG,921,4074,29532169,83084732446,661522676505,744607408951
2018-10-19,All-Floors,RPG,126,414,2758542,5787597625,84543370332,90330967957
2018-10-19,All-Floors,UG,3477,12601,73365225,187648807480,1705097814837,1892746622317
2018-10-19,All-Floors,Alumni,14,64,444071,860093746,11853445151,12713538897
2018-10-19,All-Floors,Others(HKUST),12,74,492761,437279517,7705984009,8143263526
2018-10-19,All-Floors,Non-HKUST,84,193,1258111,1539042085,27135429060,28674471145
2018-10-19,All-Floors,Total,4757,17857,110554498,281975478797,2518777319562,2800752798359
2018-10-20,1,Staff,16,49,297077,197646166,2672279100,2869925266
2018-10-20,1,TPG,142,599,4812646,10452611069,169521448140,179974059209
2018-10-20,1,RPG,13,35,266090,846168178,6608249791,7454417969
2018-10-20,1,UG,169,699,5839145,14894022578,161981293142,176875315720
2018-10-20,1,Alumni,5,17,123752,78352881,1580997571,1659350452
2018-10-20,1,Others(HKUST),1,2,17563,1634031,18208258,19842289
2018-10-20,1,Non-HKUST,4,10,59897,18113692,146169390,164283082
2018-10-20,1,Total,350,1411,11416170,26488548595,342528645392,369017193987
2018-10-20,G,Staff,13,26,106462,47494859,315748334,363243193
2018-10-20,G,TPG,156,360,2165056,3449222942,41726787147,45176010089
2018-10-20,G,RPG,25,62,455639,322261884,2580555738,2902817622
2018-10-20,G,UG,238,597,3527862,4312512051,56478688695,60791200746
2018-10-20,G,Alumni,12,19,100939,2830146985,2970194279,5800341264
2018-10-20,G,Others(HKUST),1,1,3943,0,0,0
2018-10-20,G,Non-HKUST,14,24,177329,247272726,2678161192,2925433918
2018-10-20,G,Total,459,1089,6537230,11208911447,106750135385,117959046832
2018-10-20,LG1,Staff,18,32,136974,111449473,910873505,1022322978
2018-10-20,LG1,TPG,352,1176,7968017,32498352342,197159454632,229657806974
2018-10-20,LG1,RPG,46,126,809100,3921530076,52672299023,56593829099
2018-10-20,LG1,UG,868,2949,18811921,47550963523,470192160987,517743124510
2018-10-20,LG1,Alumni,10,20,124824,236104020,1615966483,1852070503
2018-10-20,LG1,Others(HKUST),7,50,497420,173221932,1082127834,1255349766
2018-10-20,LG1,Non-HKUST,15,24,173589,4781428177,3572525226,8353953403
2018-10-20,LG1,Total,1316,4377,28521845,89273049543,727205407690,816478457233
2018-10-20,LG3,Staff,4,28,94091,49342584,362404402,411746986
2018-10-20,LG3,TPG,144,456,3185368,5064599954,86916982670,91981582624
2018-10-20,LG3,RPG,18,50,386650,466503358,8871357865,9337861223
2018-10-20,LG3,UG,187,541,3450888,6537858287,113176129380,119713987667
2018-10-20,LG3,Alumni,4,5,19334,6967214,115862974,122830188
2018-10-20,LG3,Others(HKUST),0,0,0,0,0,0
2018-10-20,LG3,Non-HKUST,2,2,9971,14973896,221110051,236083947
2018-10-20,LG3,Total,359,1082,7146302,12140245293,209663847342,221804092635
2018-10-20,LG4,Staff,17,45,264125,335097185,3618222452,3953319637
2018-10-20,LG4,TPG,213,805,5891210,18647079894,197648174932,216295254826
2018-10-20,LG4,RPG,29,101,697806,1184579074,17326361586,18510940660
2018-10-20,LG4,UG,286,931,6489503,22925270166,312155949550,335081219716
2018-10-20,LG4,Alumni,8,22,187043,328312186,8946751760,9275063946
2018-10-20,LG4,Others(HKUST),5,6,32667,15372580,159419786,174792366
2018-10-20,LG4,Non-HKUST,12,29,232743,719625991,4723887876,5443513867
2018-10-20,LG4,Total,570,1939,13795097,44155337076,544578767942,588734105018
2018-10-20,All-Floors,Staff,45,180,898729,741030267,7879527793,8620558060
2018-10-20,All-Floors,TPG,752,3396,24022297,70111866201,692972847521,763084713722
2018-10-20,All-Floors,RPG,108,374,2615285,6741042570,88058824003,94799866573
2018-10-20,All-Floors,UG,1458,5717,38119319,96220626605,1113984221754,1210204848359
2018-10-20,All-Floors,Alumni,31,83,555892,3479883286,15229773067,18709656353
2018-10-20,All-Floors,Others(HKUST),11,59,551593,190228543,1259755878,1449984421
2018-10-20,All-Floors,Non-HKUST,39,89,653529,5781414482,11341853735,17123268217
2018-10-20,All-Floors,Total,2444,9898,67416644,183266091954,1930726803751,2113992895705
2018-10-21,1,Staff,6,27,113898,24283456,309019209,333302665
2018-10-21,1,TPG,122,619,5096092,6582660480,85992509872,92575170352
2018-10-21,1,RPG,12,42,327809,1074012333,2797644528,3871656861
2018-10-21,1,UG,121,539,4537250,16333567755,97512016962,113845584717
2018-10-21,1,Alumni,3,12,104572,819576567,8605934333,9425510900
2018-10-21,1,Others(HKUST),0,0,0,0,0,0
2018-10-21,1,Non-HKUST,9,39,272762,165812370,1756277359,1922089729
2018-10-21,1,Total,273,1278,10452383,24999912961,196973402263,221973315224
2018-10-21,G,Staff,9,17,99985,115806264,150050142,265856406
2018-10-21,G,TPG,115,343,2537085,4422428411,54362328033,58784756444
2018-10-21,G,RPG,20,40,239529,306817798,7082094198,7388911996
2018-10-21,G,UG,131,399,2437435,4631224187,34291785393,38923009580
2018-10-21,G,Alumni,4,7,32313,18863897,131872901,150736798
2018-10-21,G,Others(HKUST),3,9,51945,31193391,518949393,550142784
2018-10-21,G,Non-HKUST,10,23,166785,105708268,3251444583,3357152851
2018-10-21,G,Total,292,838,5565077,9632042216,99788524643,109420566859
2018-10-21,LG1,Staff,5,10,74931,605740901,20870592012,21476332913
2018-10-21,LG1,TPG,337,1244,9267921,12396482321,192349988845,204746471166
2018-10-21,LG1,RPG,47,134,959288,3360896540,21603239697,24964136237
2018-10-21,LG1,UG,659,2595,17678459,42948578924,438710058164,481658637088
2018-10-21,LG1,Alumni,6,14,101777,244820147,4432290952,4677111099
2018-10-21,LG1,Others(HKUST),4,25,175313,62518321,759980717,822499038
2018-10-21,LG1,Non-HKUST,16,36,227744,355064310,6118957405,6474021715
2018-10-21,LG1,Total,1074,4058,28485433,59974101464,684845107792,744819209256
2018-10-21,LG3,Staff,6,33,121080,116223915,506244517,622468432
2018-10-21,LG3,TPG,125,536,4069588,11192293295,98980418795,110172712090
2018-10-21,LG3,RPG,21,50,377652,4539555160,10857528046,15397083206
2018-10-21,LG3,UG,155,546,3184707,14647893241,87753167670,102401060911
2018-10-21,LG3,Alumni,3,13,113017,459340479,5559888285,6019228764
2018-10-21,LG3,Others(HKUST),0,0,0,0,0,0
2018-10-21,LG3,Non-HKUST,5,24,136793,189430167,560489280,749919447
2018-10-21,LG3,Total,315,1202,8002837,31144736257,204217736593,235362472850
2018-10-21,LG4,Staff,8,18,101469,380019628,7456118530,7836138158
2018-10-21,LG4,TPG,219,927,6906036,21490413013,249241617306,270732030319
2018-10-21,LG4,RPG,26,68,474915,1467164004,6479042006,7946206010
2018-10-21,LG4,UG,307,1038,7514667,26193831939,288374269264,314568101203
2018-10-21,LG4,Alumni,15,43,247051,741213243,8337351734,9078564977
2018-10-21,LG4,Others(HKUST),3,12,67382,140050607,2194748599,2334799206
2018-10-21,LG4,Non-HKUST,12,39,261840,690834291,9372558166,10063392457
2018-10-21,LG4,Total,590,2145,15573360,51103526725,571455705605,622559232330
2018-10-21,All-Floors,Staff,28,105,511363,1242074164,29292024410,30534098574
2018-10-21,All-Floors,TPG,656,3669,27876722,56084277520,680926862851,737011140371
2018-10-21,All-Floors,RPG,110,334,2379193,10748445835,48819548475,59567994310
2018-10-21,All-Floors,UG,1103,5117,35352518,104755096046,946641297453,1051396393499
2018-10-21,All-Floors,Alumni,27,89,598730,2283814333,27067338205,29351152538
2018-10-21,All-Floors,Others(HKUST),7,46,294640,233762319,3473678709,3707441028
2018-10-21,All-Floors,Non-HKUST,42,161,1065924,1506849406,21059726793,22566576199
2018-10-21,All-Floors,Total,1973,9521,68079090,176854319623,1757280476896,1934134796519
2018-10-22,1,Staff,49,170,1151179,582915477,5312631701,5895547178
2018-10-22,1,TPG,172,740,6224177,7308795009,126028961937,133337756946
2018-10-22,1,RPG,18,51,357838,1762942570,8002919941,9765862511
2018-10-22,1,UG,365,1300,9432340,16365147613,196047039948,212412187561
2018-10-22,1,Alumni,1,9,49120,91876409,4712899009,4804775418
2018-10-22,1,Others(HKUST),3,4,13021,419598,1991023,2410621
2018-10-22,1,Non-HKUST,12,25,210647,236267503,2294479426,2530746929
2018-10-22,1,Total,620,2299,17438322,26348364179,342400922985,368749287164
2018-10-22,G,Staff,57,109,658923,212711226,1759955759,1972666985
2018-10-22,G,TPG,198,429,2638403,4596640630,33369398500,37966039130
2018-10-22,G,RPG,50,104,626951,2256761723,7568194041,9824955764
2018-10-22,G,UG,658,1590,8472792,23833280675,162392756719,186226037394
2018-10-22,G,Alumni,6,11,78970,99655817,4639555127,4739210944
2018-10-22,G,Others(HKUST),7,15,113138,16412263,236943155,253355418
2018-10-22,G,Non-HKUST,19,33,195110,94801575,1810337218,1905138793
2018-10-22,G,Total,995,2291,12784287,31110263909,211777140519,242887404428
2018-10-22,LG1,Staff,29,53,256936,528784387,10426717630,10955502017
2018-10-22,LG1,TPG,277,976,6301518,7086828991,71038361821,78125190812
2018-10-22,LG1,RPG,46,122,659613,1510121678,18720223649,20230345327
2018-10-22,LG1,UG,1674,5231,29421708,61413791335,536038425976,597452217311
2018-10-22,LG1,Alumni,3,9,67200,43614167,502855346,546469513
2018-10-22,LG1,Others(HKUST),5,21,201061,82127060,1473421848,1555548908
2018-10-22,LG1,Non-HKUST,20,51,326455,477585526,7201810571,7679396097
2018-10-22,LG1,Total,2054,6463,37234491,71142853144,645401816841,716544669985
2018-10-22,LG3,Staff,17,54,280875,98737894,1684171684,1782909578
2018-10-22,LG3,TPG,164,577,4229376,5847484031,63454918569,69302402600
2018-10-22,LG3,RPG,27,61,358484,463050452,5242938671,5705989123
2018-10-22,LG3,UG,502,1332,7571016,12171635318,147193673471,159365308789
2018-10-22,LG3,Alumni,0,0,0,0,0,0
2018-10-22,LG3,Others(HKUST),0,0,0,0,0,0
2018-10-22,LG3,Non-HKUST,9,12,72640,240832877,846363140,1087196017
2018-10-22,LG3,Total,719,2036,12512391,18821740572,218422065535,237243806107
2018-10-22,LG4,Staff,18,37,177666,359710666,3963665898,4323376564
2018-10-22,LG4,TPG,407,1686,13387304,29887704634,420164107751,450051812385
2018-10-22,LG4,RPG,48,181,1247361,7592897235,38693533762,46286430997
2018-10-22,LG4,UG,1327,4074,25418880,63707587458,740855024343,804562611801
2018-10-22,LG4,Alumni,4,21,136316,149167031,4550949003,4700116034
2018-10-22,LG4,Others(HKUST),3,10,49756,271037500,628733714,899771214
2018-10-22,LG4,Non-HKUST,27,59,392408,820575300,11871342405,12691917705
2018-10-22,LG4,Total,1834,6068,40809691,102788679824,1220727356876,1323516036700
2018-10-22,All-Floors,Staff,126,423,2525579,1782859650,23147142672,24930002322
2018-10-22,All-Floors,TPG,892,4408,32780778,54727453295,714055748578,768783201873
2018-10-22,All-Floors,RPG,159,519,3250247,13585773658,78227810064,91813583722
2018-10-22,All-Floors,UG,3540,13527,80316736,177491442399,1782526920457,1960018362856
2018-10-22,All-Floors,Alumni,12,50,331606,384313424,14406258485,14790571909
2018-10-22,All-Floors,Others(HKUST),15,50,376976,369996421,2341089740,2711086161
2018-10-22,All-Floors,Non-HKUST,72,180,1197260,1870062781,24024332760,25894395541
2018-10-22,All-Floors,Total,4816,19157,120779182,250211901628,2638729302756,2888941204384
2018-10-23,1,Staff,64,191,1334364,1087216941,9845476563,10932693504
2018-10-23,1,TPG,191,802,6911549,12681633329,153924511582,166606144911
2018-10-23,1,RPG,12,47,335836,425633753,10488771673,10914405426
2018-10-23,1,UG,396,1401,9026711,31899047116,183017629787,214916676903
2018-10-23,1,Alumni,4,28,236921,327681424,1959167498,2286848922
2018-10-23,1,Others(HKUST),3,4,64557,4074552,14403010,18477562
2018-10-23,1,Non-HKUST,9,16,94320,139603993,1715071266,1854675259
2018-10-23,1,Total,679,2489,18004258,46564891108,360965031379,407529922487
2018-10-23,G,Staff,47,110,697287,221227133,3842187687,4063414820
2018-10-23,G,TPG,210,554,3431236,6257246241,43470259276,49727505517
2018-10-23,G,RPG,55,110,578655,284327713,3033713449,3318041162
2018-10-23,G,UG,653,1474,7315903,10922480176,127380795250,138303275426
2018-10-23,G,Alumni,5,21,111699,212814467,7073215279,7286029746
2018-10-23,G,Others(HKUST),7,14,105802,54611748,717717541,772329289
2018-10-23,G,Non-HKUST,19,36,195841,215440382,5885065700,6100506082
2018-10-23,G,Total,996,2319,12436423,18168147860,191402954182,209571102042
2018-10-23,LG1,Staff,26,43,240307,122182491,2250992600,2373175091
2018-10-23,LG1,TPG,258,765,4508498,4198613638,52362659488,56561273126
2018-10-23,LG1,RPG,49,117,649294,10444027109,15320644101,25764671210
2018-10-23,LG1,UG,1673,5144,27927320,58173695197,544911793436,603085488633
2018-10-23,LG1,Alumni,5,15,135811,268255645,1281608035,1549863680
2018-10-23,LG1,Others(HKUST),6,21,139326,71592857,725795735,797388592
2018-10-23,LG1,Non-HKUST,22,56,306604,735117337,2483018814,3218136151
2018-10-23,LG1,Total,2039,6161,33907160,74013484274,619336512209,693349996483
2018-10-23,LG3,Staff,19,52,293060,243789016,1211888098,1455677114
2018-10-23,LG3,TPG,171,571,4268618,8408390691,83614451405,92022842096
2018-10-23,LG3,RPG,36,93,687677,1845530533,11584061647,13429592180
2018-10-23,LG3,UG,478,1174,6498623,11372548272,138167984739,149540533011
2018-10-23,LG3,Alumni,1,3,9386,6251078,40462752,46713830
2018-10-23,LG3,Others(HKUST),1,4,19634,26128077,253720488,279848565
2018-10-23,LG3,Non-HKUST,9,11,64175,40789399,281926812,322716211
2018-10-23,LG3,Total,715,1908,11841173,21943427066,235154495941,257097923007
2018-10-23,LG4,Staff,29,47,215371,4677661012,4904259486,9581920498
2018-10-23,LG4,TPG,410,1686,13171229,30442085248,359730761224,390172846472
2018-10-23,LG4,RPG,103,256,1533734,3230467095,39718266736,42948733831
2018-10-23,LG4,UG,1261,3557,21097175,63354003555,783524366688,846878370243
2018-10-23,LG4,Alumni,5,9,82499,243433013,1325090292,1568523305
2018-10-23,LG4,Others(HKUST),5,13,68899,103067631,1357761375,1460829006
2018-10-23,LG4,Non-HKUST,32,64,411562,1635832464,19681353801,21317186265
2018-10-23,LG4,Total,1845,5632,36580469,103686550018,1210241859602,1313928409620
2018-10-23,All-Floors,Staff,133,443,2780389,6352076593,22054804434,28406881027
2018-10-23,All-Floors,TPG,945,4378,32291130,61987969147,693102642975,755090612122
2018-10-23,All-Floors,RPG,222,623,3785196,16229986203,80145457606,96375443809
2018-10-23,All-Floors,UG,3481,12750,71865732,175721774316,1777002569900,1952724344216
2018-10-23,All-Floors,Alumni,16,76,576316,1058435627,11679543856,12737979483
2018-10-23,All-Floors,Others(HKUST),15,56,398218,259474865,3069398149,3328873014
2018-10-23,All-Floors,Non-HKUST,70,183,1072502,2766783575,30046436393,32813219968
2018-10-23,All-Floors,Total,4882,18509,112769483,264376500326,2617100853313,2881477353639
2018-10-24,1,Staff,52,205,1305401,528930330,10112672320,10641602650
2018-10-24,1,TPG,160,742,6011124,11663060933,76001842148,87664903081
2018-10-24,1,RPG,17,50,423318,464772749,2781733925,3246506674
2018-10-24,1,UG,391,1409,9586289,30294285137,197027540971,227321826108
2018-10-24,1,Alumni,2,8,70269,83410867,1391661564,1475072431
2018-10-24,1,Others(HKUST),1,3,13560,11883892,356059151,367943043
2018-10-24,1,Non-HKUST,8,18,123535,189727827,507754247,697482074
2018-10-24,1,Total,631,2435,17533496,43236071735,288179264326,331415336061
2018-10-24,G,Staff,62,119,654616,195660676,4368890673,4564551349
2018-10-24,G,TPG,219,517,3110777,4152979667,67068374879,71221354546
2018-10-24,G,RPG,50,106,601581,488391564,3935668652,4424060216
2018-10-24,G,UG,615,1463,7612643,15332369769,117112091013,132444460782
2018-10-24,G,Alumni,4,10,68998,209433696,5048933219,5258366915
2018-10-24,G,Others(HKUST),4,11,73832,12830924,69495393,82326317
2018-10-24,G,Non-HKUST,12,21,128992,1085121764,1300578724,2385700488
2018-10-24,G,Total,966,2247,12251439,21476788060,198904032553,220380820613
2018-10-24,LG1,Staff,30,54,236891,342975827,4154084463,4497060290
2018-10-24,LG1,TPG,228,679,4270195,6941079000,94630541924,101571620924
2018-10-24,LG1,RPG,55,159,980205,1366375196,21326068221,22692443417
2018-10-24,LG1,UG,1665,5174,28906638,68226350668,615557063901,683783414569
2018-10-24,LG1,Alumni,3,7,41538,136652676,2383098447,2519751123
2018-10-24,LG1,Others(HKUST),8,18,167039,36112367,254277911,290390278
2018-10-24,LG1,Non-HKUST,28,65,425076,767093430,7499648159,8266741589
2018-10-24,LG1,Total,2017,6156,35027582,77816639164,745804783026,823621422190
2018-10-24,LG3,Staff,13,45,198881,57613558,330458489,388072047
2018-10-24,LG3,TPG,166,554,4141735,11640381501,82959214038,94599595539
2018-10-24,LG3,RPG,27,91,616073,658887424,11551419923,12210307347
2018-10-24,LG3,UG,412,1043,5790481,11561914266,138146908803,149708823069
2018-10-24,LG3,Alumni,0,0,0,0,0,0
2018-10-24,LG3,Others(HKUST),1,2,13349,9869293,116550664,126419957
2018-10-24,LG3,Non-HKUST,2,4,33012,29273801,554607877,583881678
2018-10-24,LG3,Total,621,1739,10793531,23957939843,233659159794,257617099637
2018-10-24,LG4,Staff,28,46,230930,743027552,1992977730,2736005282
2018-10-24,LG4,TPG,367,1426,10265473,65358519540,282263769684,347622289224
2018-10-24,LG4,RPG,44,157,1166311,3000666461,29644465678,32645132139
2018-10-24,LG4,UG,1283,3789,22801742,58686365760,732393079554,791079445314
2018-10-24,LG4,Alumni,6,20,192410,427361577,5791433427,6218795004
2018-10-24,LG4,Others(HKUST),6,10,65417,290982725,952581524,1243564249
2018-10-24,LG4,Non-HKUST,24,52,305854,536862032,9005907744,9542769776
2018-10-24,LG4,Total,1758,5500,35028137,129043785647,1062044215341,1191088000988
2018-10-24,All-Floors,Staff,133,469,2626719,1868207943,20959083675,22827291618
2018-10-24,All-Floors,TPG,880,3918,27799304,99756020641,602923742673,702679763314
2018-10-24,All-Floors,RPG,156,563,3787488,5979093394,69239356399,75218449793
2018-10-24,All-Floors,UG,3450,12878,74697793,184101285600,1800236684242,1984337969842
2018-10-24,All-Floors,Alumni,13,45,373215,856858816,14615126657,15471985473
2018-10-24,All-Floors,Others(HKUST),16,44,333197,361679201,1748964643,2110643844
2018-10-24,All-Floors,Non-HKUST,65,160,1016469,2608078854,18868496751,21476575605
2018-10-24,All-Floors,Total,4713,18077,110634185,295531224449,2528591455040,2824122679489
2018-10-25,1,Staff,57,197,1306241,686934735,6915004775,7601939510
2018-10-25,1,TPG,153,664,5376469,8481743677,105810847486,114292591163
2018-10-25,1,RPG,21,85,642201,974444800,5758542643,6732987443
2018-10-25,1,UG,378,1359,9670954,30185802859,192862104196,223047907055
2018-10-25,1,Alumni,2,15,139578,98146228,1257770255,1355916483
2018-10-25,1,Others(HKUST),1,1,6352,158318,556857,715175
2018-10-25,1,Non-HKUST,7,14,92556,125628844,5436622693,5562251537
2018-10-25,1,Total,619,2335,17234351,40552859461,318041448905,358594308366
2018-10-25,G,Staff,54,119,692800,194789724,3651742887,3846532611
2018-10-25,G,TPG,201,464,2662145,6571761227,19185093350,25756854577
2018-10-25,G,RPG,40,95,543417,338711662,5108661274,5447372936
2018-10-25,G,UG,660,1553,7824240,11113718800,114251527525,125365246325
2018-10-25,G,Alumni,7,13,90309,75663911,1519078787,1594742698
2018-10-25,G,Others(HKUST),5,11,57800,28662968,174398456,203061424
2018-10-25,G,Non-HKUST,18,24,123442,114172498,1967877325,2082049823
2018-10-25,G,Total,985,2279,11994153,18437480790,145858379604,164295860394
2018-10-25,LG1,Staff,34,44,228389,71988671,1216074201,1288062872
2018-10-25,LG1,TPG,248,818,4856688,15877543532,79849865213,95727408745
2018-10-25,LG1,RPG,59,140,822937,1744421987,12990235295,14734657282
2018-10-25,LG1,UG,1687,5476,29426421,65180473684,571288382013,636468855697
2018-10-25,LG1,Alumni,4,9,34294,44621594,1143353276,1187974870
2018-10-25,LG1,Others(HKUST),6,15,148358,38403134,678340319,716743453
2018-10-25,LG1,Non-HKUST,23,69,413464,596361523,5464560452,6060921975
2018-10-25,LG1,Total,2061,6571,35930551,83553814125,672630810769,756184624894
2018-10-25,LG3,Staff,27,57,258209,101357965,2872378673,2973736638
2018-10-25,LG3,TPG,140,476,3625094,4897581351,61447082021,66344663372
2018-10-25,LG3,RPG,19,58,362806,281566840,2375059146,2656625986
2018-10-25,LG3,UG,454,1118,6205101,14021474494,127962566381,141984040875
2018-10-25,LG3,Alumni,0,0,0,0,0,0
2018-10-25,LG3,Others(HKUST),2,4,16267,15319982,305862154,321182136
2018-10-25,LG3,Non-HKUST,6,8,35978,47346083,709622713,756968796
2018-10-25,LG3,Total,648,1721,10503455,19364646715,195672571088,215037217803
2018-10-25,LG4,Staff,20,40,191918,215653921,1457583483,1673237404
2018-10-25,LG4,TPG,330,1198,9276268,19887548447,240798233297,260685781744
2018-10-25,LG4,RPG,45,152,1053933,2332423885,30449248557,32781672442
2018-10-25,LG4,UG,1224,3572,21653621,57570999874,767949367343,825520367217
2018-10-25,LG4,Alumni,3,7,52873,68509459,2960141458,3028650917
2018-10-25,LG4,Others(HKUST),5,9,52510,80164546,776494685,856659231
2018-10-25,LG4,Non-HKUST,16,37,245833,400326729,10789224095,11189550824
2018-10-25,LG4,Total,1643,5015,32526956,80555626861,1055180292918,1135735919779
2018-10-25,All-Floors,Staff,135,457,2677557,1270725016,16112784019,17383509035
2018-10-25,All-Floors,TPG,813,3620,25796664,55716178234,507091121367,562807299601
2018-10-25,All-Floors,RPG,155,530,3425294,5671569174,56681746915,62353316089
2018-10-25,All-Floors,UG,3511,13078,74780337,178072469711,1774313947458,1952386417169
2018-10-25,All-Floors,Alumni,14,44,317054,286941192,6880343776,7167284968
2018-10-25,All-Floors,Others(HKUST),15,40,281287,162708948,1935652471,2098361419
2018-10-25,All-Floors,Non-HKUST,62,152,911273,1283835677,24367907278,25651742955
2018-10-25,All-Floors,Total,4705,17921,108189466,242464427952,2387383503284,2629847931236
2018-10-26,1,Staff,51,156,1015422,675791881,6030084502,6705876383
2018-10-26,1,TPG,129,572,4633777,9628927083,84330867595,93959794678
2018-10-26,1,RPG,13,47,391402,1396916950,2345152416,3742069366
2018-10-26,1,UG,335,1273,8499466,38873365725,204959673383,243833039108
2018-10-26,1,Alumni,1,6,40814,44062807,858712352,902775159
2018-10-26,1,Others(HKUST),1,2,22670,1355090,13292346,14647436
2018-10-26,1,Non-HKUST,10,26,169837,389545735,834924869,1224470604
2018-10-26,1,Total,540,2082,14773388,51009965271,299372707463,350382672734
2018-10-26,G,Staff,55,120,633999,563521633,3754561630,4318083263
2018-10-26,G,TPG,154,435,2482645,4878954981,46842517151,51721472132
2018-10-26,G,RPG,45,110,613560,347551405,4122650973,4470202378
2018-10-26,G,UG,588,1434,7283247,10558513172,132155464499,142713977671
2018-10-26,G,Alumni,4,12,63422,148364007,4434187558,4582551565
2018-10-26,G,Others(HKUST),4,15,123238,140298288,164653401,304951689
2018-10-26,G,Non-HKUST,14,24,178096,144119601,2495938572,2640058173
2018-10-26,G,Total,864,2150,11378207,16781323087,193969973784,210751296871
2018-10-26,LG1,Staff,20,31,138856,79160132,1882205111,1961365243
2018-10-26,LG1,TPG,212,675,4401213,5379808816,60472075746,65851884562
2018-10-26,LG1,RPG,41,88,472147,947039837,6136312931,7083352768
2018-10-26,LG1,UG,1520,5087,27662432,50722670630,531441387579,582164058209
2018-10-26,LG1,Alumni,3,10,77987,113473896,4137509844,4250983740
2018-10-26,LG1,Others(HKUST),6,23,192595,121749137,2143980856,2265729993
2018-10-26,LG1,Non-HKUST,17,36,213645,213827425,6125495975,6339323400
2018-10-26,LG1,Total,1819,5950,33158875,57577729873,612338968042,669916697915
2018-10-26,LG3,Staff,11,37,166890,10217222,166307523,176524745
2018-10-26,LG3,TPG,127,384,2872516,3892342541,67150474559,71042817100
2018-10-26,LG3,RPG,31,78,489401,370400810,3129790220,3500191030
2018-10-26,LG3,UG,419,1094,6026487,10428099589,175467438065,185895537654
2018-10-26,LG3,Alumni,0,0,0,0,0,0
2018-10-26,LG3,Others(HKUST),2,3,22950,15951130,83565908,99517038
2018-10-26,LG3,Non-HKUST,6,16,109669,86964507,810609408,897573915
2018-10-26,LG3,Total,596,1612,9687913,14803975799,246808185683,261612161482
2018-10-26,LG4,Staff,21,39,182551,184591103,1571108623,1755699726
2018-10-26,LG4,TPG,260,1065,7820174,17572583110,227963335767,245535918877
2018-10-26,LG4,RPG,36,141,888729,1616044607,22861888705,24477933312
2018-10-26,LG4,UG,1058,3181,19113250,56860576632,696130883515,752991460147
2018-10-26,LG4,Alumni,2,4,56009,18343619,341839688,360183307
2018-10-26,LG4,Others(HKUST),5,11,48068,26467718,898458170,924925888
2018-10-26,LG4,Non-HKUST,25,47,366519,1306309676,8065420733,9371730409
2018-10-26,LG4,Total,1407,4488,28475300,77584916465,957832935201,1035417851666
2018-10-26,All-Floors,Staff,118,383,2137718,1513281971,13404267389,14917549360
2018-10-26,All-Floors,TPG,694,3131,22210325,41352616531,486759270818,528111887349
2018-10-26,All-Floors,RPG,145,464,2855239,4677953609,38595795245,43273748854
2018-10-26,All-Floors,UG,3092,12069,68584882,167443225748,1740154847041,1907598072789
2018-10-26,All-Floors,Alumni,10,32,238232,324244329,9772249442,10096493771
2018-10-26,All-Floors,Others(HKUST),13,54,409521,305821363,3303950681,3609772044
2018-10-26,All-Floors,Non-HKUST,62,149,1037766,2140766944,18332389557,20473156501
2018-10-26,All-Floors,Total,4134,16282,97473683,217757910495,2310322770173,2528080680668
2018-10-27,1,Staff,6,39,201250,114340462,687933722,802274184
2018-10-27,1,TPG,102,374,2901286,9667459147,84632148580,94299607727
2018-10-27,1,RPG,12,49,390725,1199971175,4100123386,5300094561
2018-10-27,1,UG,154,696,5683302,9821980073,115489899485,125311879558
2018-10-27,1,Alumni,4,16,155674,295066897,10942537721,11237604618
2018-10-27,1,Others(HKUST),0,0,0,0,0,0
2018-10-27,1,Non-HKUST,2,8,46254,20760542,206932957,227693499
2018-10-27,1,Total,280,1182,9378491,21119578296,216059575851,237179154147
2018-10-27,G,Staff,10,21,96365,22887467,231714776,254602243
2018-10-27,G,TPG,118,315,1967389,3126940989,42218245057,45345186046
2018-10-27,G,RPG,22,53,306407,376999367,12324051092,12701050459
2018-10-27,G,UG,190,517,3217300,2770467539,57005205651,59775673190
2018-10-27,G,Alumni,7,16,68256,19244170723,926950371,20171121094
2018-10-27,G,Others(HKUST),2,8,74105,17415529,232466562,249882091
2018-10-27,G,Non-HKUST,7,15,93060,57424324,2726736162,2784160486
2018-10-27,G,Total,356,945,5822882,25616305938,115665369671,141281675609
2018-10-27,LG1,Staff,9,27,187728,142569631,1613649534,1756219165
2018-10-27,LG1,TPG,241,795,5251589,7371889995,84563780663,91935670658
2018-10-27,LG1,RPG,39,110,563781,1056109747,19470829542,20526939289
2018-10-27,LG1,UG,807,2994,19425549,36476273542,443698688955,480174962497
2018-10-27,LG1,Alumni,9,27,220466,275248230,6336494062,6611742292
2018-10-27,LG1,Others(HKUST),4,13,135230,60267558,526571757,586839315
2018-10-27,LG1,Non-HKUST,14,28,199659,302828089,4333375676,4636203765
2018-10-27,LG1,Total,1123,3994,25984002,45685186792,560543390189,606228576981
2018-10-27,LG3,Staff,3,24,80101,1037335,6193592,7230927
2018-10-27,LG3,TPG,88,309,2127611,3288898618,51290858344,54579756962
2018-10-27,LG3,RPG,25,62,470027,678168663,7422452593,8100621256
2018-10-27,LG3,UG,137,427,2787282,7192753910,62657682079,69850435989
2018-10-27,LG3,Alumni,3,4,28105,20744664,171966693,192711357
2018-10-27,LG3,Others(HKUST),0,0,0,0,0,0
2018-10-27,LG3,Non-HKUST,1,12,73108,82578680,196438812,279017492
2018-10-27,LG3,Total,257,838,5566234,11264181870,121745592113,133009773983
2018-10-27,LG4,Staff,5,9,44977,107653100,812849953,920503053
2018-10-27,LG4,TPG,120,417,2886391,10743898628,96959529991,107703428619
2018-10-27,LG4,RPG,24,88,629383,1822604671,21433192758,23255797429
2018-10-27,LG4,UG,269,946,6512507,15351820545,249174850786,264526671331
2018-10-27,LG4,Alumni,14,39,259310,671394478,8452514138,9123908616
2018-10-27,LG4,Others(HKUST),2,7,24778,10154075,133271624,143425699
2018-10-27,LG4,Non-HKUST,11,25,138093,367634972,6417191606,6784826578
2018-10-27,LG4,Total,445,1531,10495439,29075160469,383383400856,412458561325
2018-10-27,All-Floors,Staff,29,120,610421,388487995,3352341577,3740829572
2018-10-27,All-Floors,TPG,515,2210,15134266,34199087377,359664562635,393863650012
2018-10-27,All-Floors,RPG,99,362,2360323,5133853623,64750649371,69884502994
2018-10-27,All-Floors,UG,1249,5580,37625940,71613295609,928026326956,999639622565
2018-10-27,All-Floors,Alumni,30,102,731811,20506624992,26830462985,47337087977
2018-10-27,All-Floors,Others(HKUST),6,28,234113,87837162,892309943,980147105
2018-10-27,All-Floors,Non-HKUST,29,88,550174,831226607,13880675213,14711901820
2018-10-27,All-Floors,Total,1957,8490,57247048,132760413365,1397397328680,1530157742045
2018-10-28,1,Staff,6,9,38033,13175631,91603461,104779092
2018-10-28,1,TPG,75,314,2549794,3538190469,67149350883,70687541352
2018-10-28,1,RPG,13,44,272289,165089242,1182141421,1347230663
2018-10-28,1,UG,140,592,4374999,15177911499,82626066408,97803977907
2018-10-28,1,Alumni,6,21,196161,235606094,4324594684,4560200778
2018-10-28,1,Others(HKUST),0,0,0,0,0,0
2018-10-28,1,Non-HKUST,3,5,38131,34013996,138980225,172994221
2018-10-28,1,Total,243,985,7469407,19163986931,155512737082,174676724013
2018-10-28,G,Staff,12,34,136795,144794042,1257399488,1402193530
2018-10-28,G,TPG,92,297,1988071,2927477742,47499531378,50427009120
2018-10-28,G,RPG,32,68,343694,591996618,2805432099,3397428717
2018-10-28,G,UG,206,491,2690294,4332895413,37640967351,41973862764
2018-10-28,G,Alumni,8,20,99046,93261923,1209610685,1302872608
2018-10-28,G,Others(HKUST),3,5,38935,113467005,3228577144,3342044149
2018-10-28,G,Non-HKUST,9,25,151988,109978341,2231069900,2341048241
2018-10-28,G,Total,362,940,5448823,8313871084,95872588045,104186459129
2018-10-28,LG1,Staff,11,24,125450,115157158,1208301646,1323458804
2018-10-28,LG1,TPG,264,983,6825480,13308525843,123225585720,136534111563
2018-10-28,LG1,RPG,65,194,1110254,3617138630,35196976533,38814115163
2018-10-28,LG1,UG,899,3176,19652679,67488102204,433643015864,501131118068
2018-10-28,LG1,Alumni,8,16,145445,767834195,2956514387,3724348582
2018-10-28,LG1,Others(HKUST),4,22,112183,290329696,2127555637,2417885333
2018-10-28,LG1,Non-HKUST,16,31,265987,354506850,3562645232,3917152082
2018-10-28,LG1,Total,1267,4446,28237478,85941594576,601920595019,687862189595
2018-10-28,LG3,Staff,4,33,162178,442284959,6266470291,6708755250
2018-10-28,LG3,TPG,75,303,2194185,3130885048,48538388984,51669274032
2018-10-28,LG3,RPG,15,42,231839,198363814,3050499805,3248863619
2018-10-28,LG3,UG,161,475,2914075,11219801125,75514814052,86734615177
2018-10-28,LG3,Alumni,3,5,60152,85647104,1700713268,1786360372
2018-10-28,LG3,Others(HKUST),0,0,0,0,0,0
2018-10-28,LG3,Non-HKUST,3,8,56792,30715237,385949934,416665171
2018-10-28,LG3,Total,261,866,5619221,15107697287,135456836334,150564533621
2018-10-28,LG4,Staff,8,26,153717,298655277,2745156435,3043811712
2018-10-28,LG4,TPG,116,470,3824488,12905270822,128354851855,141260122677
2018-10-28,LG4,RPG,25,99,631430,1300903900,16325655323,17626559223
2018-10-28,LG4,UG,270,938,6249400,26217356395,194912201231,221129557626
2018-10-28,LG4,Alumni,14,38,309372,759764009,17613809768,18373573777
2018-10-28,LG4,Others(HKUST),4,14,65835,41395576,401118903,442514479
2018-10-28,LG4,Non-HKUST,13,40,240441,569083734,5726570650,6295654384
2018-10-28,LG4,Total,450,1625,11474683,42092429713,366079364165,408171793878
2018-10-28,All-Floors,Staff,36,126,616173,1014067067,11568931321,12582998388
2018-10-28,All-Floors,TPG,456,2367,17382018,35810349924,414767708820,450578058744
2018-10-28,All-Floors,RPG,121,447,2589506,5873492204,58560705181,64434197385
2018-10-28,All-Floors,UG,1390,5672,35881447,124436066636,824337064906,948773131542
2018-10-28,All-Floors,Alumni,32,100,810176,1942113325,27805242792,29747356117
2018-10-28,All-Floors,Others(HKUST),7,41,216953,445192277,5757251684,6202443961
2018-10-28,All-Floors,Non-HKUST,39,109,753339,1098298158,12045215941,13143514099
2018-10-28,All-Floors,Total,2081,8862,58249612,170619579591,1354842120645,1525461700236
2018-10-29,1,Staff,50,181,1233530,445071828,7496528323,7941600151
2018-10-29,1,TPG,134,623,5159665,6147034983,77756145823,83903180806
2018-10-29,1,RPG,18,62,427518,591909817,5435507954,6027417771
2018-10-29,1,UG,387,1515,10725827,30931511055,184779119915,215710630970
2018-10-29,1,Alumni,3,9,54997,21249671,795615075,816864746
2018-10-29,1,Others(HKUST),2,3,9648,619945,15009910,15629855
2018-10-29,1,Non-HKUST,7,11,84523,38248448,566610256,604858704
2018-10-29,1,Total,601,2404,17695708,38175645747,276844537256,315020183003
2018-10-29,G,Staff,58,104,645233,318573249,1625516380,1944089629
2018-10-29,G,TPG,184,459,2777802,3980607605,38854521155,42835128760
2018-10-29,G,RPG,43,83,447545,391943947,3100547344,3492491291
2018-10-29,G,UG,671,1585,8357008,19305188958,172214040519,191519229477
2018-10-29,G,Alumni,7,14,67940,147763248,4258478267,4406241515
2018-10-29,G,Others(HKUST),1,1,3016,24104,20788,44892
2018-10-29,G,Non-HKUST,15,29,173026,170066018,976465980,1146531998
2018-10-29,G,Total,979,2275,12471570,24314167129,221029590433,245343757562
2018-10-29,LG1,Staff,22,36,176635,292294378,1105486991,1397781369
2018-10-29,LG1,TPG,232,683,4269060,4947095205,67794112755,72741207960
2018-10-29,LG1,RPG,49,116,704726,3135648973,15953116745,19088765718
2018-10-29,LG1,UG,1425,4651,26398299,75279933457,476803693440,552083626897
2018-10-29,LG1,Alumni,1,1,3367,3851298,271057650,274908948
2018-10-29,LG1,Others(HKUST),4,10,91220,25854236,205458064,231312300
2018-10-29,LG1,Non-HKUST,20,46,259257,259443154,3469544531,3728987685
2018-10-29,LG1,Total,1753,5543,31902564,83944120701,565602470176,649546590877
2018-10-29,LG3,Staff,14,49,197684,82127473,1150962235,1233089708
2018-10-29,LG3,TPG,135,406,3002517,3291395109,58889874487,62181269596
2018-10-29,LG3,RPG,26,75,436096,536527041,14677413862,15213940903
2018-10-29,LG3,UG,441,1126,6335480,16427354363,118582908211,135010262574
2018-10-29,LG3,Alumni,2,4,21883,7978232,127609799,135588031
2018-10-29,LG3,Others(HKUST),0,0,0,0,0,0
2018-10-29,LG3,Non-HKUST,12,21,100520,39504744,797055519,836560263
2018-10-29,LG3,Total,630,1681,10094180,20384886962,194225824113,214610711075
2018-10-29,LG4,Staff,32,53,258901,394679494,3009141753,3403821247
2018-10-29,LG4,TPG,299,1147,8669929,23322664114,431575037453,454897701567
2018-10-29,LG4,RPG,40,147,1088533,2866685411,25798494598,28665180009
2018-10-29,LG4,UG,1061,3170,19803076,55123874847,566888964020,622012838867
2018-10-29,LG4,Alumni,3,12,136064,707947825,6902384994,7610332819
2018-10-29,LG4,Others(HKUST),4,19,125829,92015288,616347771,708363059
2018-10-29,LG4,Non-HKUST,22,44,337097,1059924138,14316894446,15376818584
2018-10-29,LG4,Total,1461,4592,30419429,83567791117,1049107265035,1132675056152
2018-10-29,All-Floors,Staff,138,423,2511983,1532746422,14387635682,15920382104
2018-10-29,All-Floors,TPG,765,3318,23878973,41688797016,674869691673,716558488689
2018-10-29,All-Floors,RPG,151,483,3104418,7522715189,64965080503,72487795692
2018-10-29,All-Floors,UG,3124,12047,71619690,197067862680,1519268726105,1716336588785
2018-10-29,All-Floors,Alumni,11,40,284251,888790274,12355145785,13243936059
2018-10-29,All-Floors,Others(HKUST),9,33,229713,118513573,836836533,955350106
2018-10-29,All-Floors,Non-HKUST,63,151,954423,1567186502,20126570732,21693757234
2018-10-29,All-Floors,Total,4261,16495,102583451,250386611656,2306809687013,2557196298669
2018-10-30,1,Staff,56,201,1245342,925609531,13262326185,14187935716
2018-10-30,1,TPG,161,709,5777299,10112725865,151178917176,161291643041
2018-10-30,1,RPG,20,66,483978,4531367313,5239049934,9770417247
2018-10-30,1,UG,413,1501,9747012,20014249690,158416432151,178430681841
2018-10-30,1,Alumni,4,28,175797,462951706,3162652559,3625604265
2018-10-30,1,Others(HKUST),1,3,9323,358260,1101925,1460185
2018-10-30,1,Non-HKUST,10,21,105554,57061230,311851211,368912441
2018-10-30,1,Total,665,2529,17544305,36104323595,331572331141,367676654736
2018-10-30,G,Staff,48,106,595016,620122466,3006939599,3627062065
2018-10-30,G,TPG,223,584,3476420,4758275438,53421812561,58180087999
2018-10-30,G,RPG,51,114,642418,977636106,9642309091,10619945197
2018-10-30,G,UG,720,1599,8034667,17095011180,121963652084,139058663264
2018-10-30,G,Alumni,6,8,73223,515837892,2287223940,2803061832
2018-10-30,G,Others(HKUST),5,7,34428,3361541,81937534,85299075
2018-10-30,G,Non-HKUST,18,31,152925,74500423,989142489,1063642912
2018-10-30,G,Total,1071,2449,13009097,24044745046,191393017298,215437762344
2018-10-30,LG1,Staff,20,42,169421,660366152,1577626514,2237992666
2018-10-30,LG1,TPG,242,747,4576837,22894586396,68007330065,90901916461
2018-10-30,LG1,RPG,47,119,680032,762210350,9177447755,9939658105
2018-10-30,LG1,UG,1516,4995,28379108,58545553747,512677776701,571223330448
2018-10-30,LG1,Alumni,3,6,27333,112167290,685122186,797289476
2018-10-30,LG1,Others(HKUST),7,17,171962,33524625,268913490,302438115
2018-10-30,LG1,Non-HKUST,32,61,334223,900530657,5195503636,6096034293
2018-10-30,LG1,Total,1867,5987,34338916,83908939217,597589720347,681498659564
2018-10-30,LG3,Staff,13,46,212980,232862216,3298675026,3531537242
2018-10-30,LG3,TPG,150,483,3523381,8943097886,81175547656,90118645542
2018-10-30,LG3,RPG,31,90,545351,601838515,12160316836,12762155351
2018-10-30,LG3,UG,440,1053,5814886,8750708151,108565235695,117315943846
2018-10-30,LG3,Alumni,2,4,23299,147948830,212810203,360759033
2018-10-30,LG3,Others(HKUST),2,4,46384,29019642,259930718,288950360
2018-10-30,LG3,Non-HKUST,11,25,151823,191091854,1129902189,1320994043
2018-10-30,LG3,Total,649,1705,10318104,18896567094,206802418323,225698985417
2018-10-30,LG4,Staff,47,72,303466,444703858,1121679513,1566383371
2018-10-30,LG4,TPG,362,1272,9635448,26744889304,292421231619,319166120923
2018-10-30,LG4,RPG,54,169,1297159,2152843417,26682154290,28834997707
2018-10-30,LG4,UG,1109,2922,17621430,48080860205,617463723814,665544584019
2018-10-30,LG4,Alumni,7,23,189572,2421147577,7147474111,9568621688
2018-10-30,LG4,Others(HKUST),4,8,28379,63364306,45794367,109158673
2018-10-30,LG4,Non-HKUST,26,41,305453,1300727808,11218624411,12519352219
2018-10-30,LG4,Total,1609,4507,29380907,81208536475,956100682125,1037309218600
2018-10-30,All-Floors,Staff,131,467,2526225,2883664223,22267246837,25150911060
2018-10-30,All-Floors,TPG,883,3795,26989385,73453574889,646204839077,719658413966
2018-10-30,All-Floors,RPG,168,558,3648938,9025895701,62901277906,71927173607
2018-10-30,All-Floors,UG,3349,12070,69597103,152486382973,1519086820445,1671573203418
2018-10-30,All-Floors,Alumni,18,69,489224,3660053295,13495282999,17155336294
2018-10-30,All-Floors,Others(HKUST),16,39,290476,129628374,657678034,787306408
2018-10-30,All-Floors,Non-HKUST,82,179,1049978,2523911972,18845023936,21368935908
2018-10-30,All-Floors,Total,4647,17177,104591329,244163111427,2283458169234,2527621280661
2018-10-31,1,Staff,52,195,1210031,722812564,8850359903,9573172467
2018-10-31,1,TPG,149,635,4997381,6683490138,94530966842,101214456980
2018-10-31,1,RPG,11,47,306333,1131224472,4569761970,5700986442
2018-10-31,1,UG,389,1416,9667886,36292922418,160393995080,196686917498
2018-10-31,1,Alumni,3,22,196661,367684179,4049442069,4417126248
2018-10-31,1,Others(HKUST),1,4,29839,22514595,58125290,80639885
2018-10-31,1,Non-HKUST,8,17,127757,217303380,3910594514,4127897894
2018-10-31,1,Total,613,2336,16535888,45437951746,276363245668,321801197414
2018-10-31,G,Staff,59,117,728418,550198368,12224744142,12774942510
2018-10-31,G,TPG,188,468,2824672,17038097868,33912707754,50950805622
2018-10-31,G,RPG,37,86,490036,1200632323,9073761340,10274393663
2018-10-31,G,UG,681,1557,7920159,19836633096,111261456543,131098089639
2018-10-31,G,Alumni,4,8,57048,43031291,1304625637,1347656928
2018-10-31,G,Others(HKUST),3,4,19343,22781664,194937787,217719451
2018-10-31,G,Non-HKUST,13,25,170083,251690610,2954030434,3205721044
2018-10-31,G,Total,985,2265,12209759,38943065220,170926263637,209869328857
2018-10-31,LG1,Staff,22,34,174453,130332005,1816533989,1946865994
2018-10-31,LG1,TPG,255,830,5016782,10645843889,118598661871,129244505760
2018-10-31,LG1,RPG,47,132,722169,1309890717,38494811991,39804702708
2018-10-31,LG1,UG,1425,4506,25389090,76305200998,533886877000,610192077998
2018-10-31,LG1,Alumni,3,5,40583,49369596,396151491,445521087
2018-10-31,LG1,Others(HKUST),6,19,200668,103769282,2584959631,2688728913
2018-10-31,LG1,Non-HKUST,22,39,176779,193603056,3149838966,3343442022
2018-10-31,LG1,Total,1780,5565,31720524,88738009543,698927834939,787665844482
2018-10-31,LG3,Staff,17,58,301400,350631901,5595160605,5945792506
2018-10-31,LG3,TPG,126,423,3050331,3739952659,46171094757,49911047416
2018-10-31,LG3,RPG,33,80,415171,442200913,8604979885,9047180798
2018-10-31,LG3,UG,401,1016,5690841,12056898497,114187311331,126244209828
2018-10-31,LG3,Alumni,1,1,6345,26984758,1009820919,1036805677
2018-10-31,LG3,Others(HKUST),1,2,6325,589183,7342010,7931193
2018-10-31,LG3,Non-HKUST,11,21,128261,105027995,954994497,1060022492
2018-10-31,LG3,Total,590,1601,9598674,16722285906,176530704004,193252989910
2018-10-31,LG4,Staff,17,32,159735,105881786,2082831200,2188712986
2018-10-31,LG4,TPG,309,1183,8427807,21890849768,223354984368,245245834136
2018-10-31,LG4,RPG,49,164,1112785,2375643932,40669106529,43044750461
2018-10-31,LG4,UG,887,2529,15463973,56646871654,458586541489,515233413143
2018-10-31,LG4,Alumni,3,16,145434,789846568,6032059089,6821905657
2018-10-31,LG4,Others(HKUST),3,11,57469,109432597,684897432,794330029
2018-10-31,LG4,Non-HKUST,19,35,300193,982756239,14806117143,15788873382
2018-10-31,LG4,Total,1287,3970,25667396,82901282544,746216537250,829117819794
2018-10-31,All-Floors,Staff,122,436,2574037,1859856624,30569629839,32429486463
2018-10-31,All-Floors,TPG,804,3539,24316973,59998234322,516568415592,576566649914
2018-10-31,All-Floors,RPG,141,509,3046494,6459592357,101412421715,107872014072
2018-10-31,All-Floors,UG,3022,11024,64131949,201138526663,1378316181443,1579454708106
2018-10-31,All-Floors,Alumni,12,52,446071,1276916392,12792099205,14069015597
2018-10-31,All-Floors,Others(HKUST),12,40,313644,259087321,3530262150,3789349471
2018-10-31,All-Floors,Non-HKUST,60,137,903073,1750381280,25775575554,27525956834
2018-10-31,All-Floors,Total,4173,15737,95732241,272742594959,2068964585498,2341707180457
