Date,Floor,User-Group,User-Count,WiFi-Conn,Duration-Sec,Traffic-In-Byte,Traffic-Out-Byte,Traffic-Both-Byte
2018-09-01,1,Staff,8,35,193151,120158193,4626026441,4746184634
2018-09-01,1,TPG,45,111,645824,1233559556,14466755069,15700314625
2018-09-01,1,RPG,10,33,289839,323947091,3683147715,4007094806
2018-09-01,1,UG,16,43,238474,380090928,6086766691,6466857619
2018-09-01,1,Alumni,3,7,30192,10271544,224500185,234771729
2018-09-01,1,Others(HKUST),0,0,0,0,0,0
2018-09-01,1,Non-HKUST,3,3,12061,4457057,64180427,68637484
2018-09-01,1,Total,85,232,1409541,2072484369,29151376528,31223860897
2018-09-01,G,Staff,17,37,215155,3878122904,721528387,4599651291
2018-09-01,G,TPG,116,178,738968,2757349941,21736785174,24494135115
2018-09-01,G,RPG,41,77,349913,215424587,2915794412,3131218999
2018-09-01,G,UG,63,118,570414,622505493,10257359423,10879864916
2018-09-01,G,Alumni,6,16,69383,24856099,151664196,176520295
2018-09-01,G,Others(HKUST),2,7,24146,17363044,181889488,199252532
2018-09-01,G,Non-HKUST,16,25,117626,52216988,580372209,632589197
2018-09-01,G,Total,261,458,2085605,7567839056,36545393289,44113232345
2018-09-01,LG1,Staff,14,43,253520,623566995,3919704804,4543271799
2018-09-01,LG1,TPG,165,458,2544549,5499914395,50749244528,56249158923
2018-09-01,LG1,RPG,62,188,1156061,1654397885,21987901501,23642299386
2018-09-01,LG1,UG,267,884,5044727,20664396350,98124812421,118789208771
2018-09-01,LG1,Alumni,7,37,259625,1247457168,7391536722,8638993890
2018-09-01,LG1,Others(HKUST),2,10,133721,87379323,716510014,803889337
2018-09-01,LG1,Non-HKUST,20,48,304894,534993704,3129454785,3664448489
2018-09-01,LG1,Total,537,1668,9697097,30312105820,186019164775,216331270595
2018-09-01,LG3,Staff,7,15,72427,72878490,278436727,351315217
2018-09-01,LG3,TPG,33,59,316842,948450240,19301636167,20250086407
2018-09-01,LG3,RPG,18,45,316866,544815748,5808916138,6353731886
2018-09-01,LG3,UG,39,70,353068,368724135,6318863805,6687587940
2018-09-01,LG3,Alumni,1,10,42244,38207011,967548751,1005755762
2018-09-01,LG3,Others(HKUST),0,0,0,0,0,0
2018-09-01,LG3,Non-HKUST,2,2,30206,17689970,353687048,371377018
2018-09-01,LG3,Total,100,201,1131653,1990765594,33029088636,35019854230
2018-09-01,LG4,Staff,8,15,54327,44660679,388897804,433558483
2018-09-01,LG4,TPG,61,73,229169,490681364,3471980750,3962662114
2018-09-01,LG4,RPG,44,67,301684,645419699,7357166262,8002585961
2018-09-01,LG4,UG,20,37,181057,428529340,7274789844,7703319184
2018-09-01,LG4,Alumni,4,9,39237,23792661,291863074,315655735
2018-09-01,LG4,Others(HKUST),2,2,6936,4535846,43007045,47542891
2018-09-01,LG4,Non-HKUST,12,19,60285,121240472,1836669201,1957909673
2018-09-01,LG4,Total,151,222,872695,1758860061,20664373980,22423234041
2018-09-01,All-Floors,Staff,41,145,788580,4739387261,9934594163,14673981424
2018-09-01,All-Floors,TPG,317,879,4475352,10929955496,109726401688,120656357184
2018-09-01,All-Floors,RPG,132,410,2414363,3384005010,41752926028,45136931038
2018-09-01,All-Floors,UG,358,1152,6387740,22464246246,128062592184,150526838430
2018-09-01,All-Floors,Alumni,18,79,440681,1344584483,9027112928,10371697411
2018-09-01,All-Floors,Others(HKUST),4,19,164803,109278213,941406547,1050684760
2018-09-01,All-Floors,Non-HKUST,38,97,525072,730598191,5964363670,6694961861
2018-09-01,All-Floors,Total,908,2781,15196591,43702054900,305409397208,349111452108
2018-09-02,1,Staff,10,45,239360,111131836,1125752527,1236884363
2018-09-02,1,TPG,51,208,1565364,3295440332,27096908775,30392349107
2018-09-02,1,RPG,4,12,87868,35897051,572380458,608277509
2018-09-02,1,UG,23,95,623116,11520269417,11901329104,23421598521
2018-09-02,1,Alumni,7,25,166024,505244598,12995182178,13500426776
2018-09-02,1,Others(HKUST),2,2,6033,207532,1016784,1224316
2018-09-02,1,Non-HKUST,3,18,112634,68181792,1225891319,1294073111
2018-09-02,1,Total,100,405,2800399,15536372558,54918461145,70454833703
2018-09-02,G,Staff,15,33,136712,23379590,293536348,316915938
2018-09-02,G,TPG,77,190,1043935,2094284622,14525873719,16620158341
2018-09-02,G,RPG,27,58,297280,410334127,4253813487,4664147614
2018-09-02,G,UG,75,150,765919,1513438611,15059458381,16572896992
2018-09-02,G,Alumni,12,20,76300,47610833,917273372,964884205
2018-09-02,G,Others(HKUST),2,6,21713,2262086,8701490,10963576
2018-09-02,G,Non-HKUST,4,10,57346,30329062,763254103,793583165
2018-09-02,G,Total,212,467,2399205,4121638931,35821910900,39943549831
2018-09-02,LG1,Staff,13,32,178087,349854909,3208920602,3558775511
2018-09-02,LG1,TPG,116,353,2363356,4082692653,30568816236,34651508889
2018-09-02,LG1,RPG,59,175,1140383,1906851088,18594097381,20500948469
2018-09-02,LG1,UG,323,962,6047700,31891649486,110183979742,142075629228
2018-09-02,LG1,Alumni,11,48,246864,464153943,11997322344,12461476287
2018-09-02,LG1,Others(HKUST),3,9,117747,17946601,65674588,83621189
2018-09-02,LG1,Non-HKUST,16,40,260129,292138364,2521522660,2813661024
2018-09-02,LG1,Total,541,1619,10354266,39005287044,177140333553,216145620597
2018-09-02,LG3,Staff,7,11,85747,113003716,2366671224,2479674940
2018-09-02,LG3,TPG,40,132,882802,3095330397,31824889323,34920219720
2018-09-02,LG3,RPG,15,48,270720,1566131034,2460970348,4027101382
2018-09-02,LG3,UG,36,75,428047,426226687,7412586865,7838813552
2018-09-02,LG3,Alumni,2,2,9058,25152816,388966142,414118958
2018-09-02,LG3,Others(HKUST),0,0,0,0,0,0
2018-09-02,LG3,Non-HKUST,3,4,39247,60269536,1097836445,1158105981
2018-09-02,LG3,Total,103,272,1715621,5286114186,45551920347,50838034533
2018-09-02,LG4,Staff,3,3,27189,6411479,443966203,450377682
2018-09-02,LG4,TPG,26,75,498146,876986555,17242363570,18119350125
2018-09-02,LG4,RPG,14,40,299857,1212236100,7393367733,8605603833
2018-09-02,LG4,UG,37,76,505485,1637809738,21927910056,23565719794
2018-09-02,LG4,Alumni,8,39,259923,1403893390,9164216919,10568110309
2018-09-02,LG4,Others(HKUST),2,3,9059,4220540,19742354,23962894
2018-09-02,LG4,Non-HKUST,2,4,21119,39762651,923379506,963142157
2018-09-02,LG4,Total,92,240,1620778,5181320453,57114946341,62296266794
2018-09-02,All-Floors,Staff,37,124,667095,603781530,7438846904,8042628434
2018-09-02,All-Floors,TPG,244,958,6353603,13444734559,121258851623,134703586182
2018-09-02,All-Floors,RPG,100,333,2096108,5131449400,33274629407,38406078807
2018-09-02,All-Floors,UG,431,1358,8370267,46989393939,166485264148,213474658087
2018-09-02,All-Floors,Alumni,31,134,758169,2446055580,35462960955,37909016535
2018-09-02,All-Floors,Others(HKUST),5,20,154552,24636759,95135216,119771975
2018-09-02,All-Floors,Non-HKUST,25,76,490475,490681405,6531884033,7022565438
2018-09-02,All-Floors,Total,873,3003,18890269,69130733172,370547572286,439678305458
2018-09-03,1,Staff,62,248,1540789,1404355974,19431507150,20835863124
2018-09-03,1,TPG,158,465,2979418,5551724912,49412071946,54963796858
2018-09-03,1,RPG,32,90,599581,717514456,6204665737,6922180193
2018-09-03,1,UG,235,673,3436328,7900576411,41644152824,49544729235
2018-09-03,1,Alumni,4,12,72555,50211010,1071607877,1121818887
2018-09-03,1,Others(HKUST),3,6,49237,31659700,1433280143,1464939843
2018-09-03,1,Non-HKUST,20,46,205294,244593006,1609266428,1853859434
2018-09-03,1,Total,514,1540,8883202,15900635469,120806552105,136707187574
2018-09-03,G,Staff,61,157,823392,6665217662,1955789028,8621006690
2018-09-03,G,TPG,211,462,2238879,5554391817,29030307268,34584699085
2018-09-03,G,RPG,53,97,453581,850213857,3153659681,4003873538
2018-09-03,G,UG,669,1267,4911182,12639244823,77200540136,89839784959
2018-09-03,G,Alumni,2,8,75634,34588285,539857239,574445524
2018-09-03,G,Others(HKUST),6,16,66489,21519403,209076910,230596313
2018-09-03,G,Non-HKUST,43,65,268714,378303585,3040647364,3418950949
2018-09-03,G,Total,1045,2072,8837871,26143479432,115129877626,141273357058
2018-09-03,LG1,Staff,34,78,400612,2619686493,6259374998,8879061491
2018-09-03,LG1,TPG,196,444,2126641,3993634551,44313911215,48307545766
2018-09-03,LG1,RPG,60,147,752942,709573641,9237176742,9946750383
2018-09-03,LG1,UG,1158,3333,15559256,50684574126,268512572426,319197146552
2018-09-03,LG1,Alumni,5,18,108804,152725801,1370886723,1523612524
2018-09-03,LG1,Others(HKUST),4,7,45999,31613825,229810348,261424173
2018-09-03,LG1,Non-HKUST,39,67,317105,201839520,3476312791,3678152311
2018-09-03,LG1,Total,1496,4094,19311359,58393647957,333400045243,391793693200
2018-09-03,LG3,Staff,22,41,232728,298017640,11265575279,11563592919
2018-09-03,LG3,TPG,99,285,1751726,2913901179,38020838888,40934740067
2018-09-03,LG3,RPG,50,111,610427,695953803,5122590208,5818544011
2018-09-03,LG3,UG,341,694,3139258,9238958670,96119851781,105358810451
2018-09-03,LG3,Alumni,0,0,0,0,0,0
2018-09-03,LG3,Others(HKUST),4,5,27272,16014726,28430471,44445197
2018-09-03,LG3,Non-HKUST,9,17,60348,806774765,1001754373,1808529138
2018-09-03,LG3,Total,525,1153,5821759,13969620783,151559041000,165528661783
2018-09-03,LG4,Staff,28,66,311143,326644660,4249321976,4575966636
2018-09-03,LG4,TPG,165,476,2780929,5918078995,91220204343,97138283338
2018-09-03,LG4,RPG,33,128,823037,2231751336,21129038183,23360789519
2018-09-03,LG4,UG,479,1126,5232966,17421025473,174431133532,191852159005
2018-09-03,LG4,Alumni,5,20,157190,231017908,2934254629,3165272537
2018-09-03,LG4,Others(HKUST),1,2,9088,4075653,16873902,20949555
2018-09-03,LG4,Non-HKUST,23,43,214522,275824070,5446297046,5722121116
2018-09-03,LG4,Total,734,1861,9528875,26408418095,299427123611,325835541706
2018-09-03,All-Floors,Staff,147,590,3308664,11313922429,43161568431,54475490860
2018-09-03,All-Floors,TPG,627,2132,11877593,23931731454,251997333660,275929065114
2018-09-03,All-Floors,RPG,191,573,3239568,5205007093,44847130551,50052137644
2018-09-03,All-Floors,UG,2423,7093,32278990,97884379503,657908250699,755792630202
2018-09-03,All-Floors,Alumni,13,58,414183,468543004,5916606468,6385149472
2018-09-03,All-Floors,Others(HKUST),11,36,198085,104883307,1917471774,2022355081
2018-09-03,All-Floors,Non-HKUST,110,238,1065983,1907334946,14574278002,16481612948
2018-09-03,All-Floors,Total,3522,10720,52383066,140815801736,1020322639585,1161138441321
2018-09-04,1,Staff,63,211,1560980,1178135251,9934662763,11112798014
2018-09-04,1,TPG,193,612,3670096,4874845327,65436383877,70311229204
2018-09-04,1,RPG,23,75,513099,449024469,5665526816,6114551285
2018-09-04,1,UG,273,708,3649135,26682241829,78345127420,105027369249
2018-09-04,1,Alumni,2,3,9038,2455734,27817793,30273527
2018-09-04,1,Others(HKUST),5,13,80057,14949112,112868369,127817481
2018-09-04,1,Non-HKUST,16,27,145635,173222574,3259549803,3432772377
2018-09-04,1,Total,575,1649,9628040,33374874296,162781936841,196156811137
2018-09-04,G,Staff,54,149,809685,228778344,1830017699,2058796043
2018-09-04,G,TPG,214,420,2024907,3672811284,36542871579,40215682863
2018-09-04,G,RPG,44,99,475708,1095970758,2836511253,3932482011
2018-09-04,G,UG,691,1310,5224703,8500641036,69287934259,77788575295
2018-09-04,G,Alumni,7,19,143261,163830466,1713586972,1877417438
2018-09-04,G,Others(HKUST),5,6,52249,40515443,500180488,540695931
2018-09-04,G,Non-HKUST,33,50,194315,147065720,866879624,1013945344
2018-09-04,G,Total,1048,2053,8924828,13849613051,113577981874,127427594925
2018-09-04,LG1,Staff,36,47,214214,437871518,1209802181,1647673699
2018-09-04,LG1,TPG,201,472,2454946,2769298981,40097704691,42867003672
2018-09-04,LG1,RPG,87,240,1216965,2408670353,17714087126,20122757479
2018-09-04,LG1,UG,1243,3662,16711397,52339694854,275956528317,328296223171
2018-09-04,LG1,Alumni,3,8,20285,16986866,606670623,623657489
2018-09-04,LG1,Others(HKUST),7,21,135071,86586838,1011284798,1097871636
2018-09-04,LG1,Non-HKUST,49,93,387554,526176545,5679194377,6205370922
2018-09-04,LG1,Total,1626,4543,21140432,58585285955,342275272113,400860558068
2018-09-04,LG3,Staff,20,60,287237,123277005,1605268679,1728545684
2018-09-04,LG3,TPG,155,394,2479311,5125485608,55852811479,60978297087
2018-09-04,LG3,RPG,38,84,467473,1832808725,6527933749,8360742474
2018-09-04,LG3,UG,363,807,3610184,4561913075,85051789685,89613702760
2018-09-04,LG3,Alumni,2,3,9057,2323968,13773049,16097017
2018-09-04,LG3,Others(HKUST),2,7,36348,22132481,57868539,80001020
2018-09-04,LG3,Non-HKUST,14,36,178127,141945997,1086622690,1228568687
2018-09-04,LG3,Total,594,1391,7067737,11809886859,150196067870,162005954729
2018-09-04,LG4,Staff,29,68,357201,533521564,4955728392,5489249956
2018-09-04,LG4,TPG,196,567,3512400,10893029487,104399714357,115292743844
2018-09-04,LG4,RPG,38,138,976526,3162860737,22708614196,25871474933
2018-09-04,LG4,UG,531,1218,5687487,16187119771,241581520604,257768640375
2018-09-04,LG4,Alumni,9,33,241114,357018014,9846171542,10203189556
2018-09-04,LG4,Others(HKUST),2,2,9388,8054058,454411619,462465677
2018-09-04,LG4,Non-HKUST,21,35,212609,2328835988,5762821296,8091657284
2018-09-04,LG4,Total,826,2061,10996725,33470439619,389708982006,423179421625
2018-09-04,All-Floors,Staff,145,535,3229317,2501583682,19535479714,22037063396
2018-09-04,All-Floors,TPG,732,2465,14141660,27335470687,302329485983,329664956670
2018-09-04,All-Floors,RPG,189,636,3649771,8949335042,55452673140,64402008182
2018-09-04,All-Floors,UG,2604,7705,34882906,108271610565,750222900285,858494510850
2018-09-04,All-Floors,Alumni,17,66,422755,542615048,12208019979,12750635027
2018-09-04,All-Floors,Others(HKUST),14,49,313113,172237932,2136613813,2308851745
2018-09-04,All-Floors,Non-HKUST,115,241,1118240,3317246824,16655067790,19972314614
2018-09-04,All-Floors,Total,3816,11697,57757762,151090099780,1158540240704,1309630340484
2018-09-05,1,Staff,51,189,1149418,765159276,6747807790,7512967066
2018-09-05,1,TPG,180,597,3774745,8469086488,75951396461,84420482949
2018-09-05,1,RPG,29,86,527226,719163809,10403486715,11122650524
2018-09-05,1,UG,306,907,4794888,8370452244,100775234258,109145686502
2018-09-05,1,Alumni,2,7,39336,11048695,2486214,13534909
2018-09-05,1,Others(HKUST),0,0,0,0,0,0
2018-09-05,1,Non-HKUST,15,31,142658,187909432,4879105570,5067015002
2018-09-05,1,Total,583,1817,10428271,18522819944,198759517008,217282336952
2018-09-05,G,Staff,65,198,924788,432658484,2517044686,2949703170
2018-09-05,G,TPG,183,403,2073869,2693377423,29651293828,32344671251
2018-09-05,G,RPG,40,80,408022,1456107335,4733490194,6189597529
2018-09-05,G,UG,693,1363,5515397,10857138249,106500240103,117357378352
2018-09-05,G,Alumni,9,23,137223,186736396,5327708828,5514445224
2018-09-05,G,Others(HKUST),5,11,111760,19216007,326143736,345359743
2018-09-05,G,Non-HKUST,46,74,309535,274108380,2136705340,2410813720
2018-09-05,G,Total,1041,2152,9480594,15919342274,151192626715,167111968989
2018-09-05,LG1,Staff,31,50,227528,576115312,1156198013,1732313325
2018-09-05,LG1,TPG,206,499,2549147,4326381043,66354076166,70680457209
2018-09-05,LG1,RPG,50,138,771373,843880263,8206431637,9050311900
2018-09-05,LG1,UG,1332,3970,18749220,58844443242,347705714337,406550157579
2018-09-05,LG1,Alumni,4,13,56316,63115699,524722171,587837870
2018-09-05,LG1,Others(HKUST),4,34,229812,106146679,1620059605,1726206284
2018-09-05,LG1,Non-HKUST,48,77,306065,256759187,3139308222,3396067409
2018-09-05,LG1,Total,1675,4781,22889461,65016841425,428706510151,493723351576
2018-09-05,LG3,Staff,19,62,312971,729423181,1760860151,2490283332
2018-09-05,LG3,TPG,161,463,2707256,4465501358,76763516831,81229018189
2018-09-05,LG3,RPG,44,97,461488,1423882240,7286865339,8710747579
2018-09-05,LG3,UG,415,890,4148253,10357482929,81105206918,91462689847
2018-09-05,LG3,Alumni,1,1,6347,46766226,762278966,809045192
2018-09-05,LG3,Others(HKUST),1,2,6052,1560119,44368468,45928587
2018-09-05,LG3,Non-HKUST,20,30,145136,1005286011,1780417187,2785703198
2018-09-05,LG3,Total,661,1545,7787503,18029902064,169503513860,187533415924
2018-09-05,LG4,Staff,24,48,245780,395808950,4575966038,4971774988
2018-09-05,LG4,TPG,213,668,4139162,16523144146,107602344225,124125488371
2018-09-05,LG4,RPG,36,118,869833,3050497784,22522071646,25572569430
2018-09-05,LG4,UG,597,1431,7068558,22720352039,249314294028,272034646067
2018-09-05,LG4,Alumni,9,36,269296,721894471,12103649109,12825543580
2018-09-05,LG4,Others(HKUST),3,9,58386,170053105,2126412326,2296465431
2018-09-05,LG4,Non-HKUST,25,46,239166,2493902173,8183017516,10676919689
2018-09-05,LG4,Total,907,2356,12890181,46075652668,406427754888,452503407556
2018-09-05,All-Floors,Staff,131,547,2860485,2899165203,16757876678,19657041881
2018-09-05,All-Floors,TPG,717,2630,15244179,36477490458,356322627511,392800117969
2018-09-05,All-Floors,RPG,175,519,3037942,7493531431,53152345531,60645876962
2018-09-05,All-Floors,UG,2752,8561,40276316,111149868703,885400689644,996550558347
2018-09-05,All-Floors,Alumni,21,80,508518,1029561487,18720845288,19750406775
2018-09-05,All-Floors,Others(HKUST),10,56,406010,296975910,4116984135,4413960045
2018-09-05,All-Floors,Non-HKUST,127,258,1142560,4217965183,20118553835,24336519018
2018-09-05,All-Floors,Total,3933,12651,63476010,163564558375,1354589922622,1518154480997
2018-09-06,1,Staff,61,209,1226075,2769685107,13549117537,16318802644
2018-09-06,1,TPG,171,553,3395439,5537033661,59212870233,64749903894
2018-09-06,1,RPG,19,76,543682,528491067,4184051263,4712542330
2018-09-06,1,UG,348,1015,5721914,21160951538,113598557496,134759509034
2018-09-06,1,Alumni,5,19,84588,203158293,3350738550,3553896843
2018-09-06,1,Others(HKUST),3,4,73015,6844627,82319474,89164101
2018-09-06,1,Non-HKUST,17,34,128160,95089058,1435533308,1530622366
2018-09-06,1,Total,624,1910,11172873,30301253351,195413187861,225714441212
2018-09-06,G,Staff,67,173,1024258,481173638,6220709094,6701882732
2018-09-06,G,TPG,217,471,2260816,8349787688,28413784610,36763572298
2018-09-06,G,RPG,38,81,407461,460873914,5732213784,6193087698
2018-09-06,G,UG,683,1261,5219767,9241715059,115250927487,124492642546
2018-09-06,G,Alumni,9,14,74665,62592098,1956011468,2018603566
2018-09-06,G,Others(HKUST),6,9,79443,3841040,39203311,43044351
2018-09-06,G,Non-HKUST,29,49,229100,165550285,1687961874,1853512159
2018-09-06,G,Total,1049,2058,9295510,18765533722,159300811628,178066345350
2018-09-06,LG1,Staff,38,59,277845,165206926,1684385441,1849592367
2018-09-06,LG1,TPG,196,458,2452122,3066760720,42509526210,45576286930
2018-09-06,LG1,RPG,79,171,927420,8937371185,10508721616,19446092801
2018-09-06,LG1,UG,1338,3748,17442189,76451652716,321560487444,398012140160
2018-09-06,LG1,Alumni,3,11,80674,409251858,1845621415,2254873273
2018-09-06,LG1,Others(HKUST),8,23,223810,287641414,2708105187,2995746601
2018-09-06,LG1,Non-HKUST,40,66,312109,394398548,4795458978,5189857526
2018-09-06,LG1,Total,1702,4536,21716169,89712283367,385612306291,475324589658
2018-09-06,LG3,Staff,24,55,207795,464493122,739654674,1204147796
2018-09-06,LG3,TPG,179,512,2894061,5606980000,54707514087,60314494087
2018-09-06,LG3,RPG,30,76,473792,902390498,4813402113,5715792611
2018-09-06,LG3,UG,391,874,4051964,5577129256,78962594027,84539723283
2018-09-06,LG3,Alumni,2,3,9224,13578584,196027431,209606015
2018-09-06,LG3,Others(HKUST),2,6,24329,25920601,86044485,111965086
2018-09-06,LG3,Non-HKUST,16,28,159064,965194023,4010471995,4975666018
2018-09-06,LG3,Total,644,1554,7820229,13555686084,143515708812,157071394896
2018-09-06,LG4,Staff,19,44,223576,227193057,3759790227,3986983284
2018-09-06,LG4,TPG,232,650,4221344,8739113449,118236233131,126975346580
2018-09-06,LG4,RPG,35,132,1056272,2646654336,23617081374,26263735710
2018-09-06,LG4,UG,653,1542,7517862,18685764328,259831350599,278517114927
2018-09-06,LG4,Alumni,6,33,181116,362800314,3612864734,3975665048
2018-09-06,LG4,Others(HKUST),3,4,30330,29524742,926508299,956033041
2018-09-06,LG4,Non-HKUST,35,58,346830,1354087025,9638389776,10992476801
2018-09-06,LG4,Total,983,2463,13577330,32045137251,419622218140,451667355391
2018-09-06,All-Floors,Staff,145,540,2959549,4107751850,25953656973,30061408823
2018-09-06,All-Floors,TPG,766,2644,15223782,31299675518,303079928271,334379603789
2018-09-06,All-Floors,RPG,173,536,3408627,13475781000,48855470150,62331251150
2018-09-06,All-Floors,UG,2843,8440,39953696,131117212897,889203917053,1020321129950
2018-09-06,All-Floors,Alumni,19,80,430267,1051381147,10961263598,12012644745
2018-09-06,All-Floors,Others(HKUST),13,46,430927,353772424,3842180756,4195953180
2018-09-06,All-Floors,Non-HKUST,117,235,1175263,2974318939,21567815931,24542134870
2018-09-06,All-Floors,Total,4076,12521,63582111,184379893775,1303464232732,1487844126507
2018-09-07,1,Staff,56,201,1231977,602842020,14463649059,15066491079
2018-09-07,1,TPG,166,551,3483851,8839441460,86622329814,95461771274
2018-09-07,1,RPG,22,80,557290,479019424,6773219445,7252238869
2018-09-07,1,UG,321,920,4885498,12550786955,100881184234,113431971189
2018-09-07,1,Alumni,1,3,33594,7201651,93896548,101098199
2018-09-07,1,Others(HKUST),4,14,54312,12582152,168943292,181525444
2018-09-07,1,Non-HKUST,20,30,212801,190623699,1149746800,1340370499
2018-09-07,1,Total,590,1799,10459323,22682497361,210152969192,232835466553
2018-09-07,G,Staff,70,189,990806,284043419,2798713935,3082757354
2018-09-07,G,TPG,201,427,2139665,3927439837,44865240732,48792680569
2018-09-07,G,RPG,43,84,430044,416673576,2291145171,2707818747
2018-09-07,G,UG,592,1085,4439648,8700756383,72603650358,81304406741
2018-09-07,G,Alumni,4,14,127546,173611269,3020515931,3194127200
2018-09-07,G,Others(HKUST),5,9,54443,56144384,2020167995,2076312379
2018-09-07,G,Non-HKUST,39,66,322836,592534118,4468552637,5061086755
2018-09-07,G,Total,954,1874,8504988,14151202986,132067986759,146219189745
2018-09-07,LG1,Staff,41,74,338055,6052096461,2784224727,8836321188
2018-09-07,LG1,TPG,203,498,2659462,4107185148,40846281770,44953466918
2018-09-07,LG1,RPG,51,102,476227,586550670,6859081550,7445632220
2018-09-07,LG1,UG,1210,3492,16718356,44187804125,306570597343,350758401468
2018-09-07,LG1,Alumni,2,6,21553,1007137,3235926,4243063
2018-09-07,LG1,Others(HKUST),8,29,179353,155219830,4545304536,4700524366
2018-09-07,LG1,Non-HKUST,41,62,258728,220739747,3668855029,3889594776
2018-09-07,LG1,Total,1556,4263,20651734,55310603118,365277580881,420588183999
2018-09-07,LG3,Staff,31,55,334780,182019712,2105001071,2287020783
2018-09-07,LG3,TPG,136,424,2518308,12960065994,58025478695,70985544689
2018-09-07,LG3,RPG,36,123,793343,2208727226,18814261131,21022988357
2018-09-07,LG3,UG,343,747,3750127,6859619002,66988174864,73847793866
2018-09-07,LG3,Alumni,2,5,27202,63585946,1276781266,1340367212
2018-09-07,LG3,Others(HKUST),1,1,3020,0,0,0
2018-09-07,LG3,Non-HKUST,16,30,201525,365706318,3329742792,3695449110
2018-09-07,LG3,Total,565,1385,7628305,22639724198,150539439819,173179164017
2018-09-07,LG4,Staff,24,67,338667,637902458,6914669518,7552571976
2018-09-07,LG4,TPG,196,590,3617353,8706581346,92953134058,101659715404
2018-09-07,LG4,RPG,36,130,871124,3113313311,21132423681,24245736992
2018-09-07,LG4,UG,573,1333,6594775,17341693934,216204922157,233546616091
2018-09-07,LG4,Alumni,8,36,244259,6419869113,9580950228,16000819341
2018-09-07,LG4,Others(HKUST),2,6,36947,19408534,146081726,165490260
2018-09-07,LG4,Non-HKUST,26,45,217715,2035772066,7205033145,9240805211
2018-09-07,LG4,Total,865,2207,11920840,38274540762,354137214513,392411755275
2018-09-07,All-Floors,Staff,159,586,3234285,7758904070,29066258310,36825162380
2018-09-07,All-Floors,TPG,683,2490,14418639,38540713785,323312465069,361853178854
2018-09-07,All-Floors,RPG,156,519,3128028,6804284207,55870130978,62674415185
2018-09-07,All-Floors,UG,2523,7577,36388404,89640660399,763248528956,852889189355
2018-09-07,All-Floors,Alumni,15,64,454154,6665275116,13975379899,20640655015
2018-09-07,All-Floors,Others(HKUST),15,59,328075,243354900,6880497549,7123852449
2018-09-07,All-Floors,Non-HKUST,111,233,1213605,3405375948,19821930403,23227306351
2018-09-07,All-Floors,Total,3662,11528,59165190,153058568425,1212175191164,1365233759589
2018-09-08,1,Staff,11,34,224779,250729525,2564033218,2814762743
2018-09-08,1,TPG,120,453,3137100,14164338741,85690573085,99854911826
2018-09-08,1,RPG,10,36,317119,277086517,4699725328,4976811845
2018-09-08,1,UG,72,266,1968710,4088059854,46164008524,50252068378
2018-09-08,1,Alumni,7,27,271831,306135923,5665082032,5971217955
2018-09-08,1,Others(HKUST),3,15,55711,34576920,19461817,54038737
2018-09-08,1,Non-HKUST,5,9,69443,49111649,1764340348,1813451997
2018-09-08,1,Total,228,840,6044693,19170039129,146567224352,165737263481
2018-09-08,G,Staff,23,57,321309,544884182,615394303,1160278485
2018-09-08,G,TPG,180,407,2100750,3023500752,32456975942,35480476694
2018-09-08,G,RPG,33,76,359071,428334215,8709349608,9137683823
2018-09-08,G,UG,140,278,1430752,2177252649,29447902681,31625155330
2018-09-08,G,Alumni,17,32,181080,305920851,10965452409,11271373260
2018-09-08,G,Others(HKUST),2,3,24157,4165130,45854408,50019538
2018-09-08,G,Non-HKUST,11,18,105683,159587098,1670014876,1829601974
2018-09-08,G,Total,406,871,4522802,6643644877,83910944227,90554589104
2018-09-08,LG1,Staff,16,44,276291,2513116812,9108181684,11621298496
2018-09-08,LG1,TPG,250,637,3250021,6210985784,73764928093,79975913877
2018-09-08,LG1,RPG,55,153,982819,3527953235,16542284771,20070238006
2018-09-08,LG1,UG,504,1610,9210447,36035683075,225239293744,261274976819
2018-09-08,LG1,Alumni,9,26,122959,77841631,1237167000,1315008631
2018-09-08,LG1,Others(HKUST),3,20,157641,62324224,947306327,1009630551
2018-09-08,LG1,Non-HKUST,15,36,160646,211175508,2831835045,3043010553
2018-09-08,LG1,Total,852,2526,14160824,48639080269,329670996664,378310076933
2018-09-08,LG3,Staff,4,9,81505,26227441,141336003,167563444
2018-09-08,LG3,TPG,98,339,2206808,5434792349,64630027060,70064819409
2018-09-08,LG3,RPG,18,37,205215,242669221,4970297523,5212966744
2018-09-08,LG3,UG,103,259,1333974,5070330378,18055633081,23125963459
2018-09-08,LG3,Alumni,2,10,72476,21224880,594941410,616166290
2018-09-08,LG3,Others(HKUST),0,0,0,0,0,0
2018-09-08,LG3,Non-HKUST,5,13,69414,153893658,2667994940,2821888598
2018-09-08,LG3,Total,230,667,3969392,10949137927,91060230017,102009367944
2018-09-08,LG4,Staff,15,46,268675,577706536,7483318274,8061024810
2018-09-08,LG4,TPG,127,313,1732952,6006475121,72376132408,78382607529
2018-09-08,LG4,RPG,28,80,564709,1723275023,19535488220,21258763243
2018-09-08,LG4,UG,111,317,1923418,8174667595,75630733276,83805400871
2018-09-08,LG4,Alumni,9,20,156975,634147312,8991044645,9625191957
2018-09-08,LG4,Others(HKUST),3,5,71714,27880632,224811191,252691823
2018-09-08,LG4,Non-HKUST,12,15,105637,253859312,3814036308,4067895620
2018-09-08,LG4,Total,305,796,4824080,17398011531,188055564322,205453575853
2018-09-08,All-Floors,Staff,60,190,1172559,3912664496,19912263482,23824927978
2018-09-08,All-Floors,TPG,562,2149,12427631,34840092747,328918636588,363758729335
2018-09-08,All-Floors,RPG,121,382,2428933,6199318211,54457145450,60656463661
2018-09-08,All-Floors,UG,752,2730,15867301,55545993551,394537571306,450083564857
2018-09-08,All-Floors,Alumni,34,115,805321,1345270597,27453687496,28798958093
2018-09-08,All-Floors,Others(HKUST),7,43,309223,128946906,1237433743,1366380649
2018-09-08,All-Floors,Non-HKUST,41,91,510823,827627225,12748221517,13575848742
2018-09-08,All-Floors,Total,1577,5700,33521791,102799913733,839264959582,942064873315
2018-09-09,1,Staff,11,51,299984,102368633,2142677590,2245046223
2018-09-09,1,TPG,82,343,2438718,3636919329,51336156197,54973075526
2018-09-09,1,RPG,15,49,377485,962377314,4286045558,5248422872
2018-09-09,1,UG,82,257,2019818,5319834601,43505951610,48825786211
2018-09-09,1,Alumni,9,42,244394,1028973976,13084543611,14113517587
2018-09-09,1,Others(HKUST),1,16,46311,40663,241386,282049
2018-09-09,1,Non-HKUST,5,10,36226,270076717,1882731413,2152808130
2018-09-09,1,Total,205,768,5462936,11320591233,116238347365,127558938598
2018-09-09,G,Staff,12,37,330203,234721091,4194210324,4428931415
2018-09-09,G,TPG,97,282,1660179,5115715951,44430655466,49546371417
2018-09-09,G,RPG,24,51,265553,161447725,2431169872,2592617597
2018-09-09,G,UG,112,265,1463779,4974975874,23997308848,28972284722
2018-09-09,G,Alumni,5,13,69448,38473444,1184640733,1223114177
2018-09-09,G,Others(HKUST),2,4,91653,640720,2723999,3364719
2018-09-09,G,Non-HKUST,7,11,57333,86029446,1070046053,1156075499
2018-09-09,G,Total,259,663,3938148,10612004251,77310755295,87922759546
2018-09-09,LG1,Staff,15,50,284892,208252787,3476522805,3684775592
2018-09-09,LG1,TPG,221,850,5069712,9411717415,120195910747,129607628162
2018-09-09,LG1,RPG,52,181,1093152,3271776310,10795078254,14066854564
2018-09-09,LG1,UG,469,1520,8938499,26900428056,220351636141,247252064197
2018-09-09,LG1,Alumni,10,23,151935,446274749,4636075871,5082350620
2018-09-09,LG1,Others(HKUST),4,31,268816,257767999,4715881311,4973649310
2018-09-09,LG1,Non-HKUST,22,63,397495,1635927375,10152954764,11788882139
2018-09-09,LG1,Total,793,2718,16204501,42132144691,374324059893,416456204584
2018-09-09,LG3,Staff,4,6,33177,11679840,61903671,73583511
2018-09-09,LG3,TPG,74,301,2091959,4521822998,50104983132,54626806130
2018-09-09,LG3,RPG,23,46,292873,2531643810,5005182364,7536826174
2018-09-09,LG3,UG,97,284,1772109,4621176958,34673293659,39294470617
2018-09-09,LG3,Alumni,3,9,39207,10494567,113834922,124329489
2018-09-09,LG3,Others(HKUST),0,0,0,0,0,0
2018-09-09,LG3,Non-HKUST,5,14,96681,67036029,1949265008,2016301037
2018-09-09,LG3,Total,206,660,4326006,11763854202,91908462756,103672316958
2018-09-09,LG4,Staff,7,28,168978,1087285446,4896230463,5983515909
2018-09-09,LG4,TPG,70,247,1585132,5007721722,51340562023,56348283745
2018-09-09,LG4,RPG,28,117,778727,5820504658,29439079870,35259584528
2018-09-09,LG4,UG,134,372,2372583,10512088372,103998673864,114510762236
2018-09-09,LG4,Alumni,9,22,153936,300309519,5425284887,5725594406
2018-09-09,LG4,Others(HKUST),1,1,3015,25079075,172077626,197156701
2018-09-09,LG4,Non-HKUST,13,27,184212,288942640,9260436801,9549379441
2018-09-09,LG4,Total,262,814,5246583,23041931432,204532345534,227574276966
2018-09-09,All-Floors,Staff,43,172,1117234,1644307797,14771544853,16415852650
2018-09-09,All-Floors,TPG,413,2023,12845700,27693897415,317408267565,345102164980
2018-09-09,All-Floors,RPG,117,444,2807790,12747749817,51956555918,64704305735
2018-09-09,All-Floors,UG,726,2698,16566788,52328503861,426526864122,478855367983
2018-09-09,All-Floors,Alumni,31,109,658920,1824526255,24444380024,26268906279
2018-09-09,All-Floors,Others(HKUST),6,52,409795,283528457,4890924322,5174452779
2018-09-09,All-Floors,Non-HKUST,48,125,771947,2348012207,24315434039,26663446246
2018-09-09,All-Floors,Total,1384,5623,35178174,98870525809,864313970843,963184496652
2018-09-10,1,Staff,53,204,1360488,456555450,7836672737,8293228187
2018-09-10,1,TPG,174,628,4222519,8108546039,71289972620,79398518659
2018-09-10,1,RPG,20,84,609459,7250593784,10087196922,17337790706
2018-09-10,1,UG,325,1067,6072801,20647769495,110130897690,130778667185
2018-09-10,1,Alumni,5,18,137397,551670786,8481478450,9033149236
2018-09-10,1,Others(HKUST),3,18,123725,61597876,307250975,368848851
2018-09-10,1,Non-HKUST,19,38,193673,453385885,11225004777,11678390662
2018-09-10,1,Total,599,2057,12720062,37530119315,219358474171,256888593486
2018-09-10,G,Staff,68,182,1124733,277845921,1209241990,1487087911
2018-09-10,G,TPG,179,439,2313910,3390121293,38750987645,42141108938
2018-09-10,G,RPG,48,97,527737,495903412,4212428172,4708331584
2018-09-10,G,UG,658,1314,5737389,8199858899,105370466205,113570325104
2018-09-10,G,Alumni,5,10,69761,94106574,3644750556,3738857130
2018-09-10,G,Others(HKUST),4,12,81979,33759660,203786758,237546418
2018-09-10,G,Non-HKUST,31,60,278831,438775604,3089168116,3527943720
2018-09-10,G,Total,993,2114,10134340,12930371363,156480829442,169411200805
2018-09-10,LG1,Staff,37,76,422561,847599977,6740429350,7588029327
2018-09-10,LG1,TPG,215,540,2887159,18829770609,39234213675,58063984284
2018-09-10,LG1,RPG,63,132,555224,1218342821,4039992310,5258335131
2018-09-10,LG1,UG,1372,4069,19907217,37691468030,351373656203,389065124233
2018-09-10,LG1,Alumni,6,12,47641,22570347,286651078,309221425
2018-09-10,LG1,Others(HKUST),7,18,123638,66648764,1454549192,1521197956
2018-09-10,LG1,Non-HKUST,46,99,473289,598498993,10277363290,10875862283
2018-09-10,LG1,Total,1746,4946,24416729,59274899541,413406855098,472681754639
2018-09-10,LG3,Staff,17,21,139366,233575671,1937509345,2171085016
2018-09-10,LG3,TPG,174,543,3714801,6049581497,73434193957,79483775454
2018-09-10,LG3,RPG,28,82,593183,700121819,5535806185,6235928004
2018-09-10,LG3,UG,398,901,4370338,11549790407,100567957480,112117747887
2018-09-10,LG3,Alumni,1,4,12118,6773468,4171942,10945410
2018-09-10,LG3,Others(HKUST),2,4,12105,1976185,33478683,35454868
2018-09-10,LG3,Non-HKUST,14,26,130367,438521104,2127421097,2565942201
2018-09-10,LG3,Total,634,1581,8972278,18980340151,183640538689,202620878840
2018-09-10,LG4,Staff,31,96,425758,359439558,6074009526,6433449084
2018-09-10,LG4,TPG,285,898,5974667,18601723104,183292021557,201893744661
2018-09-10,LG4,RPG,38,129,914285,2978560056,24314427276,27292987332
2018-09-10,LG4,UG,883,2153,11045307,30669187925,396764878339,427434066264
2018-09-10,LG4,Alumni,8,36,251760,1748007346,5437342275,7185349621
2018-09-10,LG4,Others(HKUST),2,7,57468,66368352,540815967,607184319
2018-09-10,LG4,Non-HKUST,39,68,376597,1431139139,13584852835,15015991974
2018-09-10,LG4,Total,1286,3387,19045842,55854425480,630008347775,685862773255
2018-09-10,All-Floors,Staff,150,579,3472906,2175016577,23797862948,25972879525
2018-09-10,All-Floors,TPG,795,3048,19113056,54979742542,406001389454,460981131996
2018-09-10,All-Floors,RPG,160,524,3199888,12643521892,48189850865,60833372757
2018-09-10,All-Floors,UG,2974,9504,47133052,108758074756,1064207855917,1172965930673
2018-09-10,All-Floors,Alumni,22,80,518677,2423128521,17854394301,20277522822
2018-09-10,All-Floors,Others(HKUST),13,59,398915,230350837,2539881575,2770232412
2018-09-10,All-Floors,Non-HKUST,127,291,1452757,3360320725,40303810115,43664130840
2018-09-10,All-Floors,Total,4241,14085,75289251,184570155850,1602895045175,1787465201025
2018-09-11,1,Staff,60,238,1504029,1086435527,11907265855,12993701382
2018-09-11,1,TPG,178,653,4363905,7274329732,84348609449,91622939181
2018-09-11,1,RPG,21,89,683912,1048461796,18917706108,19966167904
2018-09-11,1,UG,339,1099,6349465,17369147376,143796559721,161165707097
2018-09-11,1,Alumni,4,24,121996,220714346,1637643317,1858357663
2018-09-11,1,Others(HKUST),3,9,48824,5101192,35365052,40466244
2018-09-11,1,Non-HKUST,14,31,185544,296299965,2404222708,2700522673
2018-09-11,1,Total,619,2143,13257675,27300489934,263047372210,290347862144
2018-09-11,G,Staff,74,212,1075975,479659951,4221669020,4701328971
2018-09-11,G,TPG,184,414,2165246,2600964401,31576747668,34177712069
2018-09-11,G,RPG,40,82,409429,232522828,3330946677,3563469505
2018-09-11,G,UG,643,1320,5475002,11645721000,73940314926,85586035926
2018-09-11,G,Alumni,8,26,138613,177851149,2357294413,2535145562
2018-09-11,G,Others(HKUST),5,17,89400,51381775,388170648,439552423
2018-09-11,G,Non-HKUST,31,44,207754,139284094,1485374975,1624659069
2018-09-11,G,Total,985,2115,9561419,15327385198,117300518327,132627903525
2018-09-11,LG1,Staff,27,40,186012,238427049,1991457395,2229884444
2018-09-11,LG1,TPG,232,646,3209973,4836535818,60440255303,65276791121
2018-09-11,LG1,RPG,57,135,588928,950923954,27450287220,28401211174
2018-09-11,LG1,UG,1404,4188,19740531,52904168630,400255312523,453159481153
2018-09-11,LG1,Alumni,1,1,3018,4096019,173858889,177954908
2018-09-11,LG1,Others(HKUST),7,34,302067,205600742,4144888903,4350489645
2018-09-11,LG1,Non-HKUST,48,89,413270,1019640752,5518785816,6538426568
2018-09-11,LG1,Total,1776,5133,24443799,60159392964,499974846049,560134239013
2018-09-11,LG3,Staff,16,38,220490,283319681,7756834986,8040154667
2018-09-11,LG3,TPG,179,494,3044787,4921131519,66074146917,70995278436
2018-09-11,LG3,RPG,33,72,486012,521102816,3812357161,4333459977
2018-09-11,LG3,UG,413,919,4244787,7861903948,82203912090,90065816038
2018-09-11,LG3,Alumni,0,0,0,0,0,0
2018-09-11,LG3,Others(HKUST),1,1,9380,46060510,274793362,320853872
2018-09-11,LG3,Non-HKUST,14,23,122378,188578741,2932655445,3121234186
2018-09-11,LG3,Total,656,1547,8127834,13822097215,163054699961,176876797176
2018-09-11,LG4,Staff,27,73,388069,610646528,4672037271,5282683799
2018-09-11,LG4,TPG,330,1040,6426073,16354121902,215505497497,231859619399
2018-09-11,LG4,RPG,49,171,1058897,2337977031,20071598085,22409575116
2018-09-11,LG4,UG,867,2091,10089242,22220982982,364672436104,386893419086
2018-09-11,LG4,Alumni,4,17,107951,180470166,3215032518,3395502684
2018-09-11,LG4,Others(HKUST),7,17,113435,41801193,373855558,415656751
2018-09-11,LG4,Non-HKUST,40,86,472031,645696729,8906821659,9552518388
2018-09-11,LG4,Total,1324,3495,18655698,42391696531,617417278692,659808975223
2018-09-11,All-Floors,Staff,148,601,3374575,2698488736,30549264527,33247753263
2018-09-11,All-Floors,TPG,850,3247,19209984,35987083372,457945256834,493932340206
2018-09-11,All-Floors,RPG,167,549,3227178,5090988425,73582895251,78673883676
2018-09-11,All-Floors,UG,3070,9617,45899027,112001923936,1064868535364,1176870459300
2018-09-11,All-Floors,Alumni,16,68,371578,583131680,7383829137,7966960817
2018-09-11,All-Floors,Others(HKUST),14,78,563106,349945412,5217073523,5567018935
2018-09-11,All-Floors,Non-HKUST,124,273,1400977,2289500281,21247860603,23537360884
2018-09-11,All-Floors,Total,4389,14433,74046425,159001061842,1660794715239,1819795777081
2018-09-12,1,Staff,51,176,1084124,954730400,16110321480,17065051880
2018-09-12,1,TPG,151,568,3982605,6556702588,80951812944,87508515532
2018-09-12,1,RPG,17,65,510147,814617477,5488107667,6302725144
2018-09-12,1,UG,318,1023,5811373,11602998584,121670839539,133273838123
2018-09-12,1,Alumni,3,23,107004,2223250279,3010059067,5233309346
2018-09-12,1,Others(HKUST),2,3,12048,670908,3271388,3942296
2018-09-12,1,Non-HKUST,16,36,333150,433326736,2769770679,3203097415
2018-09-12,1,Total,558,1894,11840451,22586296972,230004182764,252590479736
2018-09-12,G,Staff,81,184,993358,717880296,2721173530,3439053826
2018-09-12,G,TPG,221,472,2467016,4153537467,44044514608,48198052075
2018-09-12,G,RPG,45,99,483654,1007408838,4032251920,5039660758
2018-09-12,G,UG,610,1208,5247565,32413357008,89359249425,121772606433
2018-09-12,G,Alumni,13,23,118403,155834704,4121726670,4277561374
2018-09-12,G,Others(HKUST),7,15,108605,8858795,77830740,86689535
2018-09-12,G,Non-HKUST,34,51,254245,245406726,2753607095,2999013821
2018-09-12,G,Total,1011,2052,9672846,38702283834,147110353988,185812637822
2018-09-12,LG1,Staff,35,55,224800,548755029,921189833,1469944862
2018-09-12,LG1,TPG,236,579,3057045,4399976294,42370719858,46770696152
2018-09-12,LG1,RPG,46,104,543027,813919725,7506871484,8320791209
2018-09-12,LG1,UG,1318,3873,18730457,44384154757,447888919204,492273073961
2018-09-12,LG1,Alumni,2,14,71929,67109869,963913333,1031023202
2018-09-12,LG1,Others(HKUST),9,31,192685,163607600,4292788935,4456396535
2018-09-12,LG1,Non-HKUST,57,100,496996,696061772,12500607001,13196668773
2018-09-12,LG1,Total,1703,4756,23316939,51073585046,516445009648,567518594694
2018-09-12,LG3,Staff,13,28,139549,53124769,1455198962,1508323731
2018-09-12,LG3,TPG,172,521,3291426,5333052715,73548362354,78881415069
2018-09-12,LG3,RPG,33,93,617477,1208048777,25902328227,27110377004
2018-09-12,LG3,UG,430,893,4276223,10335612289,106287814886,116623427175
2018-09-12,LG3,Alumni,3,8,31385,48396083,329230394,377626477
2018-09-12,LG3,Others(HKUST),5,9,32428,5590530,68902249,74492779
2018-09-12,LG3,Non-HKUST,11,24,138027,185842312,3661062250,3846904562
2018-09-12,LG3,Total,667,1576,8526515,17169667475,211252899322,228422566797
2018-09-12,LG4,Staff,30,86,409372,1252153730,6559373691,7811527421
2018-09-12,LG4,TPG,295,930,5916438,13897590094,186398913898,200296503992
2018-09-12,LG4,RPG,88,212,1314805,1500730700,29407852867,30908583567
2018-09-12,LG4,UG,862,2127,10592449,28539586734,407092404533,435631991267
2018-09-12,LG4,Alumni,6,21,163216,841380501,5252947778,6094328279
2018-09-12,LG4,Others(HKUST),3,12,67165,129532889,2652232623,2781765512
2018-09-12,LG4,Non-HKUST,48,84,474627,679909931,18232738123,18912648054
2018-09-12,LG4,Total,1332,3472,18938072,46840884579,655596463513,702437348092
2018-09-12,All-Floors,Staff,150,529,2851203,3526644224,27767257496,31293901720
2018-09-12,All-Floors,TPG,806,3070,18714530,34340859158,427314323662,461655182820
2018-09-12,All-Floors,RPG,198,573,3469110,5344725517,72337412165,77682137682
2018-09-12,All-Floors,UG,2897,9124,44658067,127275709372,1172299227587,1299574936959
2018-09-12,All-Floors,Alumni,23,89,491937,3335971436,13677877242,17013848678
2018-09-12,All-Floors,Others(HKUST),16,70,412931,308260722,7095025935,7403286657
2018-09-12,All-Floors,Non-HKUST,144,295,1697045,2240547477,39917785148,42158332625
2018-09-12,All-Floors,Total,4234,13750,72294823,176372717906,1760408909235,1936781627141
2018-09-13,1,Staff,63,225,1205446,937936977,11047986377,11985923354
2018-09-13,1,TPG,174,643,4279521,10101897151,119262568341,129364465492
2018-09-13,1,RPG,28,81,582135,902754008,5990481293,6893235301
2018-09-13,1,UG,301,909,5216680,11961218303,104919372861,116880591164
2018-09-13,1,Alumni,4,22,150971,152327945,1668385615,1820713560
2018-09-13,1,Others(HKUST),2,9,37278,63012107,33974918,96987025
2018-09-13,1,Non-HKUST,10,17,103966,112077099,1799543417,1911620516
2018-09-13,1,Total,582,1906,11575997,24231223590,244722312822,268953536412
2018-09-13,G,Staff,65,163,930724,221572776,3658192518,3879765294
2018-09-13,G,TPG,223,505,2890004,5954350591,48809562694,54763913285
2018-09-13,G,RPG,45,106,525243,678757255,5106592610,5785349865
2018-09-13,G,UG,645,1278,5425198,8353680998,102144859428,110498540426
2018-09-13,G,Alumni,5,13,64084,108610316,2233504060,2342114376
2018-09-13,G,Others(HKUST),5,8,83256,5903763,44170085,50073848
2018-09-13,G,Non-HKUST,26,37,212069,225744354,4471622937,4697367291
2018-09-13,G,Total,1014,2110,10130578,15548620053,166468504332,182017124385
2018-09-13,LG1,Staff,30,42,217266,127272212,1142112246,1269384458
2018-09-13,LG1,TPG,231,567,2928819,4641954689,46068907603,50710862292
2018-09-13,LG1,RPG,47,105,466243,806266492,4713507799,5519774291
2018-09-13,LG1,UG,1441,4110,19311376,43432280318,372303458965,415735739283
2018-09-13,LG1,Alumni,1,6,45465,209769898,2026918559,2236688457
2018-09-13,LG1,Others(HKUST),6,27,178020,92384398,1120183256,1212567654
2018-09-13,LG1,Non-HKUST,47,90,376330,484029699,4817621810,5301651509
2018-09-13,LG1,Total,1803,4947,23523519,49793957706,432192710238,481986667944
2018-09-13,LG3,Staff,32,68,330454,249012219,2079917453,2328929672
2018-09-13,LG3,TPG,148,464,3062486,5959622277,88588866109,94548488386
2018-09-13,LG3,RPG,28,65,374244,675914977,7786181154,8462096131
2018-09-13,LG3,UG,391,930,4368017,10391811815,113951058858,124342870673
2018-09-13,LG3,Alumni,2,9,65582,51536564,734130006,785666570
2018-09-13,LG3,Others(HKUST),2,6,27149,2754117,25404470,28158587
2018-09-13,LG3,Non-HKUST,15,27,182869,184501632,2314359064,2498860696
2018-09-13,LG3,Total,618,1569,8410801,17515153601,215479917114,232995070715
2018-09-13,LG4,Staff,25,65,424140,1209096557,8059328662,9268425219
2018-09-13,LG4,TPG,288,885,5813854,13915416705,198687896188,212603312893
2018-09-13,LG4,RPG,39,148,923747,3573835406,38850734744,42424570150
2018-09-13,LG4,UG,883,2164,10594262,32280606384,425877178469,458157784853
2018-09-13,LG4,Alumni,5,26,198113,514673514,8724989137,9239662651
2018-09-13,LG4,Others(HKUST),5,25,150647,333048268,1645476946,1978525214
2018-09-13,LG4,Non-HKUST,36,77,426729,2208852915,10591320917,12800173832
2018-09-13,LG4,Total,1281,3390,18531492,54035529749,692436925063,746472454812
2018-09-13,All-Floors,Staff,162,563,3108030,2744890741,25987537256,28732427997
2018-09-13,All-Floors,TPG,814,3064,18974684,40573241413,501417800935,541991042348
2018-09-13,All-Floors,RPG,161,505,2871612,6637528138,62447497600,69085025738
2018-09-13,All-Floors,UG,2989,9391,44915533,106419597818,1119195928581,1225615526399
2018-09-13,All-Floors,Alumni,15,76,524215,1036918237,15387927377,16424845614
2018-09-13,All-Floors,Others(HKUST),14,75,476350,497102653,2869209675,3366312328
2018-09-13,All-Floors,Non-HKUST,113,248,1301963,3215205699,23994468145,27209673844
2018-09-13,All-Floors,Total,4268,13922,72172387,161124484699,1751300369569,1912424854268
2018-09-14,1,Staff,55,169,1092913,623155881,5323946614,5947102495
2018-09-14,1,TPG,149,552,3758815,9962311852,183753567669,193715879521
2018-09-14,1,RPG,22,72,497795,1241572704,4847386065,6088958769
2018-09-14,1,UG,291,845,4574964,12402715070,82270987348,94673702418
2018-09-14,1,Alumni,2,11,91776,81394781,591692623,673087404
2018-09-14,1,Others(HKUST),1,5,40769,104689761,385902451,490592212
2018-09-14,1,Non-HKUST,15,33,217560,850318110,8056440130,8906758240
2018-09-14,1,Total,535,1687,10274592,25266158159,285229922900,310496081059
2018-09-14,G,Staff,60,163,905205,369262386,4625144559,4994406945
2018-09-14,G,TPG,171,381,1868921,6579557910,33744370413,40323928323
2018-09-14,G,RPG,59,132,607323,374169711,4173454198,4547623909
2018-09-14,G,UG,582,1185,5199232,7926576801,84823671440,92750248241
2018-09-14,G,Alumni,4,6,49931,108499408,4806853717,4915353125
2018-09-14,G,Others(HKUST),7,15,109241,25352118,469367571,494719689
2018-09-14,G,Non-HKUST,25,45,223170,157447661,1402756528,1560204189
2018-09-14,G,Total,908,1927,8963023,15540865995,134045618426,149586484421
2018-09-14,LG1,Staff,30,54,263923,186996052,1064162212,1251158264
2018-09-14,LG1,TPG,213,540,2826346,4381328968,55113044176,59494373144
2018-09-14,LG1,RPG,53,114,518998,749782554,13195514778,13945297332
2018-09-14,LG1,UG,1303,3519,16779365,37641396341,358810650410,396452046751
2018-09-14,LG1,Alumni,2,6,64710,122346474,844090670,966437144
2018-09-14,LG1,Others(HKUST),9,31,246945,139122120,715899927,855022047
2018-09-14,LG1,Non-HKUST,45,83,361955,327619237,5103490971,5431110208
2018-09-14,LG1,Total,1655,4347,21062242,43548591746,434846853144,478395444890
2018-09-14,LG3,Staff,12,17,89562,201751952,1162246894,1363998846
2018-09-14,LG3,TPG,149,432,2846550,5764606399,63769161913,69533768312
2018-09-14,LG3,RPG,29,73,496862,27009846063,7997618138,35007464201
2018-09-14,LG3,UG,376,846,4239382,22189115950,92562770496,114751886446
2018-09-14,LG3,Alumni,3,9,55491,49191814,2969897265,3019089079
2018-09-14,LG3,Others(HKUST),2,4,18903,23111316,88016789,111128105
2018-09-14,LG3,Non-HKUST,9,13,87263,104640766,1121604241,1226245007
2018-09-14,LG3,Total,580,1394,7834013,55342264260,169671315736,225013579996
2018-09-14,LG4,Staff,28,76,394357,2951032024,8861492867,11812524891
2018-09-14,LG4,TPG,256,820,5363158,15112381889,179047834036,194160215925
2018-09-14,LG4,RPG,42,139,878249,1459029260,36103576006,37562605266
2018-09-14,LG4,UG,795,1998,10247673,24085212596,347264905015,371350117611
2018-09-14,LG4,Alumni,3,12,112994,696149001,9211858334,9908007335
2018-09-14,LG4,Others(HKUST),6,22,120698,133531029,1446181110,1579712139
2018-09-14,LG4,Non-HKUST,36,64,371922,1389298563,19084562195,20473860758
2018-09-14,LG4,Total,1166,3131,17489051,45826634362,601020409563,646847043925
2018-09-14,All-Floors,Staff,129,479,2745960,4332198295,21036993146,25369191441
2018-09-14,All-Floors,TPG,708,2725,16663790,41800187018,515427978207,557228165225
2018-09-14,All-Floors,RPG,160,530,2999227,30834400292,66317549185,97151949477
2018-09-14,All-Floors,UG,2735,8393,41040616,104245016758,965732984709,1069978001467
2018-09-14,All-Floors,Alumni,13,44,374902,1057581478,18424392609,19481974087
2018-09-14,All-Floors,Others(HKUST),14,77,536556,425806344,3105367848,3531174192
2018-09-14,All-Floors,Non-HKUST,112,238,1261870,2829324337,34768854065,37598178402
2018-09-14,All-Floors,Total,3871,12486,65622921,185524514522,1624814119769,1810338634291
2018-09-15,1,Staff,6,34,181041,125713233,1113219995,1238933228
2018-09-15,1,TPG,85,323,2091623,5660138837,34627002496,40287141333
2018-09-15,1,RPG,7,24,147878,218028359,3242637294,3460665653
2018-09-15,1,UG,66,245,1732707,3460531537,40170687234,43631218771
2018-09-15,1,Alumni,6,16,96612,136682779,3653447248,3790130027
2018-09-15,1,Others(HKUST),1,1,3019,0,0,0
2018-09-15,1,Non-HKUST,3,4,45272,50537312,1021927871,1072465183
2018-09-15,1,Total,174,647,4298152,9651632057,83828922138,93480554195
2018-09-15,G,Staff,17,43,256380,159787800,4140297337,4300085137
2018-09-15,G,TPG,99,198,962788,1563141816,17144758348,18707900164
2018-09-15,G,RPG,28,71,380263,354972837,2814909409,3169882246
2018-09-15,G,UG,95,259,1500059,1259949179,19219624576,20479573755
2018-09-15,G,Alumni,4,13,69414,85413641,773687470,859101111
2018-09-15,G,Others(HKUST),3,7,63363,41794167,90986917,132781084
2018-09-15,G,Non-HKUST,10,18,111684,51914453,627693514,679607967
2018-09-15,G,Total,256,609,3343951,3516973893,44811957571,48328931464
2018-09-15,LG1,Staff,12,18,90473,58878723,1372741217,1431619940
2018-09-15,LG1,TPG,100,256,1400344,3022265121,53712860948,56735126069
2018-09-15,LG1,RPG,30,85,503892,547784576,8489015158,9036799734
2018-09-15,LG1,UG,398,1240,6791626,14360426222,108584592320,122945018542
2018-09-15,LG1,Alumni,7,21,81468,203976484,959951217,1163927701
2018-09-15,LG1,Others(HKUST),4,25,256374,101808574,1600809243,1702617817
2018-09-15,LG1,Non-HKUST,10,17,102653,89929381,998622841,1088552222
2018-09-15,LG1,Total,561,1662,9226830,18385069081,175718592944,194103662025
2018-09-15,LG3,Staff,7,10,39109,90771339,1813901886,1904673225
2018-09-15,LG3,TPG,68,176,1083663,3954167030,28885508216,32839675246
2018-09-15,LG3,RPG,19,45,347186,806446982,10349591540,11156038522
2018-09-15,LG3,UG,77,190,1062509,1804749562,18116712977,19921462539
2018-09-15,LG3,Alumni,1,5,33205,6191001,77086315,83277316
2018-09-15,LG3,Others(HKUST),1,3,18099,6050061,66675613,72725674
2018-09-15,LG3,Non-HKUST,3,7,81560,63023342,928936165,991959507
2018-09-15,LG3,Total,176,436,2665331,6731399317,60238412712,66969812029
2018-09-15,LG4,Staff,11,27,120619,115994494,2198750491,2314744985
2018-09-15,LG4,TPG,62,204,1131861,4759519924,44217025354,48976545278
2018-09-15,LG4,RPG,18,48,307939,590500863,7245695022,7836195885
2018-09-15,LG4,UG,79,224,1464001,2723225257,49364559409,52087784666
2018-09-15,LG4,Alumni,5,23,126796,1072006969,3383620466,4455627435
2018-09-15,LG4,Others(HKUST),0,0,0,0,0,0
2018-09-15,LG4,Non-HKUST,7,10,99627,134773361,906813165,1041586526
2018-09-15,LG4,Total,182,536,3250843,9396020868,107316463907,116712484775
2018-09-15,All-Floors,Staff,44,132,687622,551145589,10638910926,11190056515
2018-09-15,All-Floors,TPG,340,1157,6670279,18959232728,178587155362,197546388090
2018-09-15,All-Floors,RPG,91,273,1687158,2517733617,32141848423,34659582040
2018-09-15,All-Floors,UG,612,2158,12550902,23608881757,235456176516,259065058273
2018-09-15,All-Floors,Alumni,18,78,407495,1504270874,8847792716,10352063590
2018-09-15,All-Floors,Others(HKUST),6,36,340855,149652802,1758471773,1908124575
2018-09-15,All-Floors,Non-HKUST,31,56,440796,390177849,4483993556,4874171405
2018-09-15,All-Floors,Total,1142,3890,22785107,47681095216,471914349272,519595444488
2018-09-16,1,Staff,2,27,139368,1619676,2941540,4561216
2018-09-16,1,TPG,0,0,0,0,0,0
2018-09-16,1,RPG,0,0,0,0,0,0
2018-09-16,1,UG,0,0,0,0,0,0
2018-09-16,1,Alumni,0,0,0,0,0,0
2018-09-16,1,Others(HKUST),0,0,0,0,0,0
2018-09-16,1,Non-HKUST,0,0,0,0,0,0
2018-09-16,1,Total,2,27,139368,1619676,2941540,4561216
2018-09-16,G,Staff,2,4,18096,3499149,74519302,78018451
2018-09-16,G,TPG,0,0,0,0,0,0
2018-09-16,G,RPG,0,0,0,0,0,0
2018-09-16,G,UG,0,0,0,0,0,0
2018-09-16,G,Alumni,0,0,0,0,0,0
2018-09-16,G,Others(HKUST),0,0,0,0,0,0
2018-09-16,G,Non-HKUST,0,0,0,0,0,0
2018-09-16,G,Total,2,4,18096,3499149,74519302,78018451
2018-09-16,LG1,Staff,0,0,0,0,0,0
2018-09-16,LG1,TPG,0,0,0,0,0,0
2018-09-16,LG1,RPG,0,0,0,0,0,0
2018-09-16,LG1,UG,0,0,0,0,0,0
2018-09-16,LG1,Alumni,0,0,0,0,0,0
2018-09-16,LG1,Others(HKUST),1,1,4785,13731719,23473124,37204843
2018-09-16,LG1,Non-HKUST,0,0,0,0,0,0
2018-09-16,LG1,Total,1,1,4785,13731719,23473124,37204843
2018-09-16,LG3,Staff,0,0,0,0,0,0
2018-09-16,LG3,TPG,0,0,0,0,0,0
2018-09-16,LG3,RPG,0,0,0,0,0,0
2018-09-16,LG3,UG,0,0,0,0,0,0
2018-09-16,LG3,Alumni,0,0,0,0,0,0
2018-09-16,LG3,Others(HKUST),0,0,0,0,0,0
2018-09-16,LG3,Non-HKUST,0,0,0,0,0,0
2018-09-16,LG3,Total,0,0,0,0,0,0
2018-09-16,LG4,Staff,0,0,0,0,0,0
2018-09-16,LG4,TPG,0,0,0,0,0,0
2018-09-16,LG4,RPG,0,0,0,0,0,0
2018-09-16,LG4,UG,0,0,0,0,0,0
2018-09-16,LG4,Alumni,0,0,0,0,0,0
2018-09-16,LG4,Others(HKUST),0,0,0,0,0,0
2018-09-16,LG4,Non-HKUST,0,0,0,0,0,0
2018-09-16,LG4,Total,0,0,0,0,0,0
2018-09-16,All-Floors,Staff,4,31,157464,5118825,77460842,82579667
2018-09-16,All-Floors,TPG,0,0,0,0,0,0
2018-09-16,All-Floors,RPG,0,0,0,0,0,0
2018-09-16,All-Floors,UG,0,0,0,0,0,0
2018-09-16,All-Floors,Alumni,0,0,0,0,0,0
2018-09-16,All-Floors,Others(HKUST),1,1,4785,13731719,23473124,37204843
2018-09-16,All-Floors,Non-HKUST,0,0,0,0,0,0
2018-09-16,All-Floors,Total,5,32,162249,18850544,100933966,119784510
2018-09-17,1,Staff,3,23,109941,1257951,2447478,3705429
2018-09-17,1,TPG,0,0,0,0,0,0
2018-09-17,1,RPG,0,0,0,0,0,0
2018-09-17,1,UG,5,5,15090,338862,20642243,20981105
2018-09-17,1,Alumni,0,0,0,0,0,0
2018-09-17,1,Others(HKUST),0,0,0,0,0,0
2018-09-17,1,Non-HKUST,0,0,0,0,0,0
2018-09-17,1,Total,8,28,125031,1596813,23089721,24686534
2018-09-17,G,Staff,4,4,21118,13084942,387168112,400253054
2018-09-17,G,TPG,0,0,0,0,0,0
2018-09-17,G,RPG,0,0,0,0,0,0
2018-09-17,G,UG,0,0,0,0,0,0
2018-09-17,G,Alumni,0,0,0,0,0,0
2018-09-17,G,Others(HKUST),0,0,0,0,0,0
2018-09-17,G,Non-HKUST,0,0,0,0,0,0
2018-09-17,G,Total,4,4,21118,13084942,387168112,400253054
2018-09-17,LG1,Staff,1,1,3019,23010,113058,136068
2018-09-17,LG1,TPG,0,0,0,0,0,0
2018-09-17,LG1,RPG,0,0,0,0,0,0
2018-09-17,LG1,UG,1,1,3017,1304802,4004562,5309364
2018-09-17,LG1,Alumni,0,0,0,0,0,0
2018-09-17,LG1,Others(HKUST),0,0,0,0,0,0
2018-09-17,LG1,Non-HKUST,0,0,0,0,0,0
2018-09-17,LG1,Total,2,2,6036,1327812,4117620,5445432
2018-09-17,LG3,Staff,6,8,24121,44234824,265466418,309701242
2018-09-17,LG3,TPG,0,0,0,0,0,0
2018-09-17,LG3,RPG,1,1,3031,0,0,0
2018-09-17,LG3,UG,1,1,3013,49478,274780,324258
2018-09-17,LG3,Alumni,0,0,0,0,0,0
2018-09-17,LG3,Others(HKUST),0,0,0,0,0,0
2018-09-17,LG3,Non-HKUST,0,0,0,0,0,0
2018-09-17,LG3,Total,8,10,30165,44284302,265741198,310025500
2018-09-17,LG4,Staff,0,0,0,0,0,0
2018-09-17,LG4,TPG,0,0,0,0,0,0
2018-09-17,LG4,RPG,0,0,0,0,0,0
2018-09-17,LG4,UG,2,2,6027,1160065,14767066,15927131
2018-09-17,LG4,Alumni,0,0,0,0,0,0
2018-09-17,LG4,Others(HKUST),0,0,0,0,0,0
2018-09-17,LG4,Non-HKUST,0,0,0,0,0,0
2018-09-17,LG4,Total,2,2,6027,1160065,14767066,15927131
2018-09-17,All-Floors,Staff,11,36,158199,58600727,655195066,713795793
2018-09-17,All-Floors,TPG,0,0,0,0,0,0
2018-09-17,All-Floors,RPG,1,1,3031,0,0,0
2018-09-17,All-Floors,UG,9,9,27147,2853207,39688651,42541858
2018-09-17,All-Floors,Alumni,0,0,0,0,0,0
2018-09-17,All-Floors,Others(HKUST),0,0,0,0,0,0
2018-09-17,All-Floors,Non-HKUST,0,0,0,0,0,0
2018-09-17,All-Floors,Total,21,46,188377,61453934,694883717,756337651
2018-09-18,1,Staff,53,175,1148338,1324775452,6195162400,7519937852
2018-09-18,1,TPG,181,837,5942887,9695071908,104894906132,114589978040
2018-09-18,1,RPG,21,73,501875,1332079612,17480742033,18812821645
2018-09-18,1,UG,381,1185,7269530,14180735507,132161346318,146342081825
2018-09-18,1,Alumni,3,11,71557,53090194,830029677,883119871
2018-09-18,1,Others(HKUST),2,2,6061,678614,8699336,9377950
2018-09-18,1,Non-HKUST,11,15,121979,61257441,485318248,546575689
2018-09-18,1,Total,652,2298,15062227,26647688728,262056204144,288703892872
2018-09-18,G,Staff,68,181,993917,1441941394,3292834533,4734775927
2018-09-18,G,TPG,190,373,2052131,2215731485,35433835201,37649566686
2018-09-18,G,RPG,58,120,671839,1045177912,8254452661,9299630573
2018-09-18,G,UG,692,1395,5918557,9103132059,87019775856,96122907915
2018-09-18,G,Alumni,2,3,34301,98627149,4728308479,4826935628
2018-09-18,G,Others(HKUST),4,4,82193,7490849,57492327,64983176
2018-09-18,G,Non-HKUST,27,42,191192,203385009,4717630107,4921015116
2018-09-18,G,Total,1041,2118,9944130,14115485857,143504329164,157619815021
2018-09-18,LG1,Staff,36,63,284596,204363910,2454149733,2658513643
2018-09-18,LG1,TPG,257,629,3509249,5357167477,45200854267,50558021744
2018-09-18,LG1,RPG,72,148,636182,851889738,7092818870,7944708608
2018-09-18,LG1,UG,1542,4562,21871352,48726393245,361806283488,410532676733
2018-09-18,LG1,Alumni,1,1,12396,1151218,4152075,5303293
2018-09-18,LG1,Others(HKUST),4,9,111490,23946447,382545016,406491463
2018-09-18,LG1,Non-HKUST,43,69,312691,1037884984,3662409027,4700294011
2018-09-18,LG1,Total,1955,5481,26737956,56202797019,420603212476,476806009495
2018-09-18,LG3,Staff,18,33,176534,380846782,1532420362,1913267144
2018-09-18,LG3,TPG,195,602,4063009,10884267079,80145747557,91030014636
2018-09-18,LG3,RPG,23,63,384082,607082766,10461594914,11068677680
2018-09-18,LG3,UG,435,989,4685482,10938260086,89334548356,100272808442
2018-09-18,LG3,Alumni,0,0,0,0,0,0
2018-09-18,LG3,Others(HKUST),0,0,0,0,0,0
2018-09-18,LG3,Non-HKUST,8,17,77629,67614476,702031479,769645955
2018-09-18,LG3,Total,679,1704,9386736,22878071189,182176342668,205054413857
2018-09-18,LG4,Staff,31,70,352755,802202841,7811499804,8613702645
2018-09-18,LG4,TPG,359,1165,7793234,21459298913,264357301441,285816600354
2018-09-18,LG4,RPG,38,127,956916,1408832943,29603090466,31011923409
2018-09-18,LG4,UG,1124,2934,15446007,41030122852,531282651712,572312774564
2018-09-18,LG4,Alumni,1,5,44229,131660653,810406456,942067109
2018-09-18,LG4,Others(HKUST),6,12,82760,37611273,268583860,306195133
2018-09-18,LG4,Non-HKUST,41,89,557160,4080471738,10790435304,14870907042
2018-09-18,LG4,Total,1600,4402,25233061,68950201213,844923969043,913874170256
2018-09-18,All-Floors,Staff,150,522,2956140,4154130379,21286066832,25440197211
2018-09-18,All-Floors,TPG,887,3606,23360510,49611536862,530032644598,579644181460
2018-09-18,All-Floors,RPG,171,531,3150894,5245062971,72892698944,78137761915
2018-09-18,All-Floors,UG,3300,11065,55190928,123978643749,1201604605730,1325583249479
2018-09-18,All-Floors,Alumni,7,20,162483,284529214,6372896687,6657425901
2018-09-18,All-Floors,Others(HKUST),10,27,282504,69727183,717320539,787047722
2018-09-18,All-Floors,Non-HKUST,103,232,1260651,5450613648,20357824165,25808437813
2018-09-18,All-Floors,Total,4628,16003,86364110,188794244006,1853264057495,2042058301501
2018-09-19,1,Staff,51,193,1224677,1585212563,18665745842,20250958405
2018-09-19,1,TPG,178,702,4911492,7450683617,99371467845,106822151462
2018-09-19,1,RPG,20,67,535160,1275714513,8801989429,10077703942
2018-09-19,1,UG,401,1261,7382504,12729993791,131648080198,144378073989
2018-09-19,1,Alumni,3,7,69541,94744897,2171648358,2266393255
2018-09-19,1,Others(HKUST),2,2,15122,1303766,6066074,7369840
2018-09-19,1,Non-HKUST,11,22,154153,1014665478,3680247039,4694912517
2018-09-19,1,Total,666,2254,14292649,24152318625,264345244785,288497563410
2018-09-19,G,Staff,69,185,1011701,6023218351,5021662462,11044880813
2018-09-19,G,TPG,215,488,2521993,2793775123,39718124864,42511899987
2018-09-19,G,RPG,40,84,416763,256584967,1676324380,1932909347
2018-09-19,G,UG,741,1513,6562832,10481181199,108587672896,119068854095
2018-09-19,G,Alumni,3,15,139079,573538114,4850892537,5424430651
2018-09-19,G,Others(HKUST),6,8,37057,9099001,210730528,219829529
2018-09-19,G,Non-HKUST,24,32,147882,113025603,2326465445,2439491048
2018-09-19,G,Total,1098,2325,10837307,20250422358,162391873112,182642295470
2018-09-19,LG1,Staff,41,71,292625,237531502,1483384460,1720915962
2018-09-19,LG1,TPG,221,568,2794214,6152757084,41425005921,47577763005
2018-09-19,LG1,RPG,61,128,588121,2031852592,6620704964,8652557556
2018-09-19,LG1,UG,1770,5479,26231191,65575985792,410202730499,475778716291
2018-09-19,LG1,Alumni,0,0,0,0,0,0
2018-09-19,LG1,Others(HKUST),6,28,215351,73615419,1069904236,1143519655
2018-09-19,LG1,Non-HKUST,26,49,245375,225227292,3263830320,3489057612
2018-09-19,LG1,Total,2125,6323,30366877,74296969681,464065560400,538362530081
2018-09-19,LG3,Staff,17,28,147923,109522191,2051553746,2161075937
2018-09-19,LG3,TPG,190,603,3775102,21250464601,92452556075,113703020676
2018-09-19,LG3,RPG,39,85,532053,2791955363,8540759071,11332714434
2018-09-19,LG3,UG,480,1115,5341172,10372353083,110610051994,120982405077
2018-09-19,LG3,Alumni,0,0,0,0,0,0
2018-09-19,LG3,Others(HKUST),2,2,6045,3668003,60758509,64426512
2018-09-19,LG3,Non-HKUST,9,17,87503,195201511,1155744573,1350946084
2018-09-19,LG3,Total,737,1850,9889798,34723164752,214871423968,249594588720
2018-09-19,LG4,Staff,42,85,422917,2158509429,9333014958,11491524387
2018-09-19,LG4,TPG,314,1013,6597668,18591231520,267597662013,286188893533
2018-09-19,LG4,RPG,56,196,1263032,2664856493,39888444825,42553301318
2018-09-19,LG4,UG,1143,2966,15413596,51763628879,484100890937,535864519816
2018-09-19,LG4,Alumni,8,41,232737,1840659315,11386249295,13226908610
2018-09-19,LG4,Others(HKUST),5,15,72513,99233198,1838290303,1937523501
2018-09-19,LG4,Non-HKUST,36,55,329142,545057953,10931559741,11476617694
2018-09-19,LG4,Total,1604,4371,24331605,77663176787,825076112072,902739288859
2018-09-19,All-Floors,Staff,176,562,3099843,10113994036,36555361468,46669355504
2018-09-19,All-Floors,TPG,843,3374,20600469,56238911945,540564816718,596803728663
2018-09-19,All-Floors,RPG,172,560,3335129,9020963928,65528222669,74549186597
2018-09-19,All-Floors,UG,3594,12334,60931295,150923142744,1245149426524,1396072569268
2018-09-19,All-Floors,Alumni,13,63,441357,2508942326,18408790190,20917732516
2018-09-19,All-Floors,Others(HKUST),14,55,346088,186919387,3185749650,3372669037
2018-09-19,All-Floors,Non-HKUST,87,175,964055,2093177837,21357847118,23451024955
2018-09-19,All-Floors,Total,4899,17123,89718236,231086052203,1930750214337,2161836266540
2018-09-20,1,Staff,46,163,1034725,802933326,8544845131,9347778457
2018-09-20,1,TPG,174,697,4902301,6470838756,94901063575,101371902331
2018-09-20,1,RPG,20,86,624659,565625418,7054960156,7620585574
2018-09-20,1,UG,328,1005,5770827,14624097930,114702984191,129327082121
2018-09-20,1,Alumni,3,10,88484,158535030,3011087715,3169622745
2018-09-20,1,Others(HKUST),2,3,30376,6282444,46872614,53155058
2018-09-20,1,Non-HKUST,7,19,124932,110179584,1013864986,1124044570
2018-09-20,1,Total,580,1983,12576304,22738492488,229275678368,252014170856
2018-09-20,G,Staff,79,187,1042128,446241758,6153866364,6600108122
2018-09-20,G,TPG,218,525,2757243,2981630710,40305039414,43286670124
2018-09-20,G,RPG,40,91,534133,284889992,3304697858,3589587850
2018-09-20,G,UG,720,1467,6315520,9112346039,116696010033,125808356072
2018-09-20,G,Alumni,6,21,117750,266612951,5170320921,5436933872
2018-09-20,G,Others(HKUST),2,3,45808,1352166,7203446,8555612
2018-09-20,G,Non-HKUST,26,63,325277,178978929,2271791768,2450770697
2018-09-20,G,Total,1091,2357,11137859,13272052545,173908929804,187180982349
2018-09-20,LG1,Staff,40,85,427261,251474052,12312657619,12564131671
2018-09-20,LG1,TPG,240,608,2918634,11903172261,42294328051,54197500312
2018-09-20,LG1,RPG,75,152,712196,7731916334,11569028937,19300945271
2018-09-20,LG1,UG,1598,4726,22787190,61713534064,388387183144,450100717208
2018-09-20,LG1,Alumni,3,7,45346,45911200,354697735,400608935
2018-09-20,LG1,Others(HKUST),7,33,231483,156385332,1385101714,1541487046
2018-09-20,LG1,Non-HKUST,35,60,306496,750646670,4300157249,5050803919
2018-09-20,LG1,Total,1998,5671,27428606,82553039913,460603154449,543156194362
2018-09-20,LG3,Staff,19,31,140108,235405753,353158780,588564533
2018-09-20,LG3,TPG,188,562,3428902,9043203359,76586761806,85629965165
2018-09-20,LG3,RPG,36,91,543804,1710198940,5146787674,6856986614
2018-09-20,LG3,UG,490,1148,5526730,15323468722,116651649642,131975118364
2018-09-20,LG3,Alumni,0,0,0,0,0,0
2018-09-20,LG3,Others(HKUST),1,1,3013,0,0,0
2018-09-20,LG3,Non-HKUST,8,11,67170,135032013,2247052769,2382084782
2018-09-20,LG3,Total,742,1844,9709727,26447308787,200985410671,227432719458
2018-09-20,LG4,Staff,37,72,384228,510791014,4073988161,4584779175
2018-09-20,LG4,TPG,333,1065,7019480,17381398847,191518092023,208899490870
2018-09-20,LG4,RPG,44,143,954144,3568832233,20665584720,24234416953
2018-09-20,LG4,UG,1110,2816,14031912,36932585249,493057677215,529990262464
2018-09-20,LG4,Alumni,6,29,213471,439472700,12993544009,13433016709
2018-09-20,LG4,Others(HKUST),6,20,107374,118686506,1115118427,1233804933
2018-09-20,LG4,Non-HKUST,30,38,233467,4551658541,4273292691,8824951232
2018-09-20,LG4,Total,1566,4183,22944076,63503425090,727697297246,791200722336
2018-09-20,All-Floors,Staff,158,538,3028450,2246845903,31438516055,33685361958
2018-09-20,All-Floors,TPG,873,3457,21026560,47780243933,445605284869,493385528802
2018-09-20,All-Floors,RPG,182,563,3368936,13861462917,47741059345,61602522262
2018-09-20,All-Floors,UG,3405,11162,54432179,137706032004,1229495504225,1367201536229
2018-09-20,All-Floors,Alumni,17,67,465051,910531881,21529650380,22440182261
2018-09-20,All-Floors,Others(HKUST),12,60,418054,282706448,2554296201,2837002649
2018-09-20,All-Floors,Non-HKUST,93,191,1057342,5726495737,14106159463,19832655200
2018-09-20,All-Floors,Total,4740,16038,83796572,208514318823,1792470470538,2000984789361
2018-09-21,1,Staff,48,183,1203357,489988918,9034914175,9524903093
2018-09-21,1,TPG,161,653,4643856,7277196305,97990560079,105267756384
2018-09-21,1,RPG,16,63,511751,1373065914,10794071802,12167137716
2018-09-21,1,UG,295,868,5051636,8170753235,108121145345,116291898580
2018-09-21,1,Alumni,0,0,0,0,0,0
2018-09-21,1,Others(HKUST),2,4,24487,10710601,177241665,187952266
2018-09-21,1,Non-HKUST,11,30,183017,146115238,1636810612,1782925850
2018-09-21,1,Total,533,1801,11618104,17467830211,227754743678,245222573889
2018-09-21,G,Staff,63,181,973669,392178851,2739852459,3132031310
2018-09-21,G,TPG,194,442,2358731,3264609434,38967092550,42231701984
2018-09-21,G,RPG,48,108,564514,731497084,14427409848,15158906932
2018-09-21,G,UG,613,1224,5358913,18573731468,109118392450,127692123918
2018-09-21,G,Alumni,8,20,139943,237348479,3325843631,3563192110
2018-09-21,G,Others(HKUST),3,5,30840,34708636,472210491,506919127
2018-09-21,G,Non-HKUST,28,40,175677,130642794,2158752073,2289394867
2018-09-21,G,Total,957,2020,9602287,23364716746,171209553502,194574270248
2018-09-21,LG1,Staff,29,56,231126,202872602,1379648499,1582521101
2018-09-21,LG1,TPG,221,565,3149541,5730886384,75090946965,80821833349
2018-09-21,LG1,RPG,42,90,478454,4953184251,6594125642,11547309893
2018-09-21,LG1,UG,1507,4220,20460718,53060965867,307377321506,360438287373
2018-09-21,LG1,Alumni,5,8,34074,219564633,1135150959,1354715592
2018-09-21,LG1,Others(HKUST),5,26,165276,2093419058,3184840132,5278259190
2018-09-21,LG1,Non-HKUST,26,51,230879,241442433,3024925327,3266367760
2018-09-21,LG1,Total,1835,5016,24750068,66502335228,397786959030,464289294258
2018-09-21,LG3,Staff,13,27,168638,188381402,2560335389,2748716791
2018-09-21,LG3,TPG,137,385,2504715,4150411185,40185761732,44336172917
2018-09-21,LG3,RPG,23,87,608656,562866613,13695751514,14258618127
2018-09-21,LG3,UG,425,993,4909566,9720601429,88034104820,97754706249
2018-09-21,LG3,Alumni,4,5,24160,17290178,220887714,238177892
2018-09-21,LG3,Others(HKUST),0,0,0,0,0,0
2018-09-21,LG3,Non-HKUST,8,16,88732,69067301,389084127,458151428
2018-09-21,LG3,Total,610,1513,8304467,14708618108,145085925296,159794543404
2018-09-21,LG4,Staff,23,53,253969,858854131,9343851352,10202705483
2018-09-21,LG4,TPG,284,918,5832175,17493676487,228517405710,246011082197
2018-09-21,LG4,RPG,36,122,862302,1237080072,29568828706,30805908778
2018-09-21,LG4,UG,821,2080,10774022,25062206214,349350642343,374412848557
2018-09-21,LG4,Alumni,7,22,183579,1158287580,4641495773,5799783353
2018-09-21,LG4,Others(HKUST),4,6,27501,15523448,285536408,301059856
2018-09-21,LG4,Non-HKUST,22,47,282935,388968131,5464355481,5853323612
2018-09-21,LG4,Total,1197,3248,18216483,46214596063,627172115773,673386711836
2018-09-21,All-Floors,Staff,124,500,2830759,2132275904,25058601874,27190877778
2018-09-21,All-Floors,TPG,773,2963,18489018,37916779795,480751767036,518668546831
2018-09-21,All-Floors,RPG,135,470,3025677,8857693934,75080187512,83937881446
2018-09-21,All-Floors,UG,2990,9385,46554855,114588258213,962001606464,1076589864677
2018-09-21,All-Floors,Alumni,20,55,381756,1632490870,9323378077,10955868947
2018-09-21,All-Floors,Others(HKUST),11,41,248104,2154361743,4119828696,6274190439
2018-09-21,All-Floors,Non-HKUST,79,184,961240,976235897,12673927620,13650163517
2018-09-21,All-Floors,Total,4132,13598,72491409,168258096356,1569009297279,1737267393635
2018-09-22,1,Staff,9,42,318260,172323284,2894871753,3067195037
2018-09-22,1,TPG,114,402,2710799,7108815986,52715541921,59824357907
2018-09-22,1,RPG,9,28,190855,3918967722,3022439477,6941407199
2018-09-22,1,UG,90,313,2639628,3171968274,42800821815,45972790089
2018-09-22,1,Alumni,4,21,129875,354283818,2470158537,2824442355
2018-09-22,1,Others(HKUST),0,0,0,0,0,0
2018-09-22,1,Non-HKUST,7,12,63352,23131662,173301242,196432904
2018-09-22,1,Total,233,818,6052769,14749490746,104077134745,118826625491
2018-09-22,G,Staff,17,41,191418,77508965,1671103610,1748612575
2018-09-22,G,TPG,133,314,1760355,1739597223,28091366607,29830963830
2018-09-22,G,RPG,36,81,440197,12784232379,13110083558,25894315937
2018-09-22,G,UG,129,327,1621028,2961715211,37557562855,40519278066
2018-09-22,G,Alumni,10,18,75390,118604428,1805234153,1923838581
2018-09-22,G,Others(HKUST),2,4,41676,34521847,71364978,105886825
2018-09-22,G,Non-HKUST,14,26,173289,104166464,1265476951,1369643415
2018-09-22,G,Total,341,811,4303353,17820346517,83572192712,101392539229
2018-09-22,LG1,Staff,21,45,211246,219584422,3584488119,3804072541
2018-09-22,LG1,TPG,237,685,3982337,9510905176,71852980166,81363885342
2018-09-22,LG1,RPG,39,114,707516,1481454988,11570067838,13051522826
2018-09-22,LG1,UG,489,1855,11112144,38221428779,246039183113,284260611892
2018-09-22,LG1,Alumni,10,42,244479,508868330,13532135555,14041003885
2018-09-22,LG1,Others(HKUST),3,19,128568,30215928,127883281,158099209
2018-09-22,LG1,Non-HKUST,15,28,191386,1230128549,4994543473,6224672022
2018-09-22,LG1,Total,814,2788,16577676,51202586172,351701281545,402903867717
2018-09-22,LG3,Staff,8,15,85721,15133495,121261079,136394574
2018-09-22,LG3,TPG,85,249,1676230,3283101543,59716004520,62999106063
2018-09-22,LG3,RPG,20,60,419929,1392823364,4115762825,5508586189
2018-09-22,LG3,UG,86,255,1578830,4284654249,29154716054,33439370303
2018-09-22,LG3,Alumni,5,26,157791,277707274,4504523266,4782230540
2018-09-22,LG3,Others(HKUST),0,0,0,0,0,0
2018-09-22,LG3,Non-HKUST,3,8,57412,120171249,1417932175,1538103424
2018-09-22,LG3,Total,207,613,3975913,9373591174,99030199919,108403791093
2018-09-22,LG4,Staff,11,30,202927,336887031,3246232358,3583119389
2018-09-22,LG4,TPG,109,376,2417039,5576401183,72804078808,78380479991
2018-09-22,LG4,RPG,13,45,286315,969358929,6827892361,7797251290
2018-09-22,LG4,UG,132,437,2921879,13410482616,128518590300,141929072916
2018-09-22,LG4,Alumni,7,25,164398,145300081,1404500861,1549800942
2018-09-22,LG4,Others(HKUST),0,0,0,0,0,0
2018-09-22,LG4,Non-HKUST,3,4,24162,49516061,667427362,716943423
2018-09-22,LG4,Total,275,917,6016720,20487945901,213468722050,233956667951
2018-09-22,All-Floors,Staff,55,173,1009572,821437197,11517956919,12339394116
2018-09-22,All-Floors,TPG,533,2026,12546760,27218821111,285179972022,312398793133
2018-09-22,All-Floors,RPG,100,328,2044812,20546837382,38646246059,59193083441
2018-09-22,All-Floors,UG,777,3187,19873509,62050249129,484070874137,546121123266
2018-09-22,All-Floors,Alumni,29,132,771933,1404763931,23716552372,25121316303
2018-09-22,All-Floors,Others(HKUST),3,23,170244,64737775,199248259,263986034
2018-09-22,All-Floors,Non-HKUST,38,78,509601,1527113985,8518681203,10045795188
2018-09-22,All-Floors,Total,1535,5947,36926431,113633960510,851849530971,965483491481
2018-09-23,1,Staff,8,34,215598,69015055,722368825,791383880
2018-09-23,1,TPG,64,261,2037781,2146194991,37828871697,39975066688
2018-09-23,1,RPG,12,56,434757,1089502721,3971276295,5060779016
2018-09-23,1,UG,89,355,2734843,4313841297,51312239295,55626080592
2018-09-23,1,Alumni,4,9,42251,1896595,69555115,71451710
2018-09-23,1,Others(HKUST),0,0,0,0,0,0
2018-09-23,1,Non-HKUST,4,10,78494,606379894,1241222661,1847602555
2018-09-23,1,Total,181,725,5543724,8226830553,95145533888,103372364441
2018-09-23,G,Staff,13,35,156966,346828204,1650718208,1997546412
2018-09-23,G,TPG,81,219,1306926,2251536299,28894041343,31145577642
2018-09-23,G,RPG,20,56,292771,697572522,13728400160,14425972682
2018-09-23,G,UG,110,265,1469722,3323498107,18489564401,21813062508
2018-09-23,G,Alumni,5,9,48289,24279012,473390461,497669473
2018-09-23,G,Others(HKUST),1,2,12065,32246597,100770843,133017440
2018-09-23,G,Non-HKUST,9,17,87503,53347406,745957268,799304674
2018-09-23,G,Total,239,603,3374242,6729308147,64082842684,70812150831
2018-09-23,LG1,Staff,16,30,136416,98403683,933023624,1031427307
2018-09-23,LG1,TPG,168,604,3932317,8437351166,68002726643,76440077809
2018-09-23,LG1,RPG,57,190,1194262,4705148846,15352093740,20057242586
2018-09-23,LG1,UG,548,1991,12235920,26230768359,285489066852,311719835211
2018-09-23,LG1,Alumni,3,5,21134,32152446,930884860,963037306
2018-09-23,LG1,Others(HKUST),3,26,234289,76247845,2573024616,2649272461
2018-09-23,LG1,Non-HKUST,16,32,202234,166903292,1106357044,1273260336
2018-09-23,LG1,Total,811,2878,17956572,39746975637,374387177379,414134153016
2018-09-23,LG3,Staff,3,7,30169,41997789,458974182,500971971
2018-09-23,LG3,TPG,64,242,1892874,6169668725,41579795618,47749464343
2018-09-23,LG3,RPG,12,31,238444,803933096,6097750415,6901683511
2018-09-23,LG3,UG,85,265,1635814,1834246620,28379082731,30213329351
2018-09-23,LG3,Alumni,2,5,27150,5361285,137204772,142566057
2018-09-23,LG3,Others(HKUST),0,0,0,0,0,0
2018-09-23,LG3,Non-HKUST,1,1,3014,4052885,49061991,53114876
2018-09-23,LG3,Total,167,551,3827465,8859260400,76701869709,85561130109
2018-09-23,LG4,Staff,10,19,108637,551323985,1513588865,2064912850
2018-09-23,LG4,TPG,83,309,2058229,5233243226,53057993221,58291236447
2018-09-23,LG4,RPG,14,48,395443,669632576,10992639992,11662272568
2018-09-23,LG4,UG,111,398,2589441,9023128083,98518090682,107541218765
2018-09-23,LG4,Alumni,8,23,105584,193112336,3022471808,3215584144
2018-09-23,LG4,Others(HKUST),2,6,30174,60812918,372549295,433362213
2018-09-23,LG4,Non-HKUST,12,28,147729,1339521025,5632994338,6972515363
2018-09-23,LG4,Total,240,831,5435237,17070774149,173110328201,190181102350
2018-09-23,All-Floors,Staff,38,125,647786,1107568716,5278673704,6386242420
2018-09-23,All-Floors,TPG,330,1635,11228127,24237994407,229363428522,253601422929
2018-09-23,All-Floors,RPG,96,381,2555677,7965789761,50142160602,58107950363
2018-09-23,All-Floors,UG,771,3274,20665740,44725482466,482188043961,526913526427
2018-09-23,All-Floors,Alumni,19,51,244408,256801674,4633507016,4890308690
2018-09-23,All-Floors,Others(HKUST),5,34,276528,169307360,3046344754,3215652114
2018-09-23,All-Floors,Non-HKUST,36,88,518974,2170204502,8775593302,10945797804
2018-09-23,All-Floors,Total,1295,5588,36137240,80633148886,783427751861,864060900747
2018-09-24,1,Staff,50,183,1090197,695655467,10987465433,11683120900
2018-09-24,1,TPG,107,328,2205637,3538057474,36551376335,40089433809
2018-09-24,1,RPG,11,32,206670,439123775,2610875413,3049999188
2018-09-24,1,UG,230,579,3055658,6175013522,57969528464,64144541986
2018-09-24,1,Alumni,0,0,0,0,0,0
2018-09-24,1,Others(HKUST),1,1,9365,2684380,14841574,17525954
2018-09-24,1,Non-HKUST,10,13,116897,589905217,5325144909,5915050126
2018-09-24,1,Total,409,1136,6684424,11440439835,113459232128,124899671963
2018-09-24,G,Staff,62,148,787850,460755059,3929350516,4390105575
2018-09-24,G,TPG,104,220,1057278,1314235384,13571402517,14885637901
2018-09-24,G,RPG,35,65,261175,209447734,1923968023,2133415757
2018-09-24,G,UG,465,878,3751747,7318585508,57468664991,64787250499
2018-09-24,G,Alumni,2,4,28083,54326737,2884224713,2938551450
2018-09-24,G,Others(HKUST),5,12,107508,38873749,629124383,667998132
2018-09-24,G,Non-HKUST,12,21,83885,54515375,751109060,805624435
2018-09-24,G,Total,685,1348,6077526,9450739546,81157844203,90608583749
2018-09-24,LG1,Staff,34,70,308983,148289858,2698752411,2847042269
2018-09-24,LG1,TPG,223,708,3865743,5756578819,42463895897,48220474716
2018-09-24,LG1,RPG,43,125,634760,2110022419,10845554560,12955576979
2018-09-24,LG1,UG,1336,3880,19523422,39476219700,303237095083,342713314783
2018-09-24,LG1,Alumni,2,5,21134,19563315,93259529,112822844
2018-09-24,LG1,Others(HKUST),7,19,190302,115332251,862732026,978064277
2018-09-24,LG1,Non-HKUST,25,44,208919,152920796,1618812011,1771732807
2018-09-24,LG1,Total,1670,4851,24753263,47778927158,361820101517,409599028675
2018-09-24,LG3,Staff,15,30,134231,23091077,205843601,228934678
2018-09-24,LG3,TPG,104,255,1524075,2075324151,21016190598,23091514749
2018-09-24,LG3,RPG,33,74,434859,1390404144,8313400203,9703804347
2018-09-24,LG3,UG,306,633,2905283,6577257071,93182809847,99760066918
2018-09-24,LG3,Alumni,0,0,0,0,0,0
2018-09-24,LG3,Others(HKUST),1,4,15399,1464265,4980493,6444758
2018-09-24,LG3,Non-HKUST,5,7,43764,39194779,1421485563,1460680342
2018-09-24,LG3,Total,464,1003,5057611,10106735487,124144710305,134251445792
2018-09-24,LG4,Staff,16,40,162775,143541079,2754735865,2898276944
2018-09-24,LG4,TPG,176,475,3025178,8606778192,91824208997,100430987189
2018-09-24,LG4,RPG,23,54,324917,475565216,8344103141,8819668357
2018-09-24,LG4,UG,647,1490,7142066,13875416840,226651798782,240527215622
2018-09-24,LG4,Alumni,4,8,46449,104174269,876863916,981038185
2018-09-24,LG4,Others(HKUST),4,11,83104,31672051,278781260,310453311
2018-09-24,LG4,Non-HKUST,12,21,108542,477036845,4153912298,4630949143
2018-09-24,LG4,Total,882,2099,10893031,23714184492,334884404259,358598588751
2018-09-24,All-Floors,Staff,132,471,2484036,1471332540,20576147826,22047480366
2018-09-24,All-Floors,TPG,549,1986,11677911,21290974020,205427074344,226718048364
2018-09-24,All-Floors,RPG,124,350,1862381,4624563288,32037901340,36662464628
2018-09-24,All-Floors,UG,2515,7460,36378176,73422492641,738509897167,811932389808
2018-09-24,All-Floors,Alumni,8,17,95666,178064321,3854348158,4032412479
2018-09-24,All-Floors,Others(HKUST),11,47,405678,190026696,1790459736,1980486432
2018-09-24,All-Floors,Non-HKUST,58,106,562007,1313573012,13270463841,14584036853
2018-09-24,All-Floors,Total,3397,10437,53465855,102491026518,1015466292412,1117957318930
2018-09-25,1,Staff,1,19,69489,451063,2866341,3317404
2018-09-25,1,TPG,0,0,0,0,0,0
2018-09-25,1,RPG,0,0,0,0,0,0
2018-09-25,1,UG,2,2,6028,0,0,0
2018-09-25,1,Alumni,0,0,0,0,0,0
2018-09-25,1,Others(HKUST),0,0,0,0,0,0
2018-09-25,1,Non-HKUST,0,0,0,0,0,0
2018-09-25,1,Total,3,21,75517,451063,2866341,3317404
2018-09-25,G,Staff,0,0,0,0,0,0
2018-09-25,G,TPG,1,3,12068,3305725,137098705,140404430
2018-09-25,G,RPG,0,0,0,0,0,0
2018-09-25,G,UG,7,9,82878,28207144,83221115,111428259
2018-09-25,G,Alumni,0,0,0,0,0,0
2018-09-25,G,Others(HKUST),0,0,0,0,0,0
2018-09-25,G,Non-HKUST,0,0,0,0,0,0
2018-09-25,G,Total,8,12,94946,31512869,220319820,251832689
2018-09-25,LG1,Staff,15,63,460905,5259809811,16041921953,21301731764
2018-09-25,LG1,TPG,220,1058,7709876,10106543481,121594471448,131701014929
2018-09-25,LG1,RPG,60,198,1235824,2433422603,11625756959,14059179562
2018-09-25,LG1,UG,691,2645,17064145,42641937139,358321300281,400963237420
2018-09-25,LG1,Alumni,4,8,57394,46115733,899550340,945666073
2018-09-25,LG1,Others(HKUST),3,9,118106,30098844,177092612,207191456
2018-09-25,LG1,Non-HKUST,20,41,264155,418252013,4312118799,4730370812
2018-09-25,LG1,Total,1013,4022,26910405,60936179624,512972212392,573908392016
2018-09-25,LG3,Staff,2,14,42199,255197,745219,1000416
2018-09-25,LG3,TPG,0,0,0,0,0,0
2018-09-25,LG3,RPG,0,0,0,0,0,0
2018-09-25,LG3,UG,7,7,24730,240969763,849698632,1090668395
2018-09-25,LG3,Alumni,0,0,0,0,0,0
2018-09-25,LG3,Others(HKUST),0,0,0,0,0,0
2018-09-25,LG3,Non-HKUST,0,0,0,0,0,0
2018-09-25,LG3,Total,9,21,66929,241224960,850443851,1091668811
2018-09-25,LG4,Staff,0,0,0,0,0,0
2018-09-25,LG4,TPG,0,0,0,0,0,0
2018-09-25,LG4,RPG,0,0,0,0,0,0
2018-09-25,LG4,UG,1,1,3016,0,36060,36060
2018-09-25,LG4,Alumni,0,0,0,0,0,0
2018-09-25,LG4,Others(HKUST),1,1,3016,1892800,77473236,79366036
2018-09-25,LG4,Non-HKUST,0,0,0,0,0,0
2018-09-25,LG4,Total,2,2,6032,1892800,77509296,79402096
2018-09-25,All-Floors,Staff,18,96,572593,5260516071,16045533513,21306049584
2018-09-25,All-Floors,TPG,220,1061,7721944,10109849206,121731570153,131841419359
2018-09-25,All-Floors,RPG,60,198,1235824,2433422603,11625756959,14059179562
2018-09-25,All-Floors,UG,702,2664,17180797,42911114046,359254256088,402165370134
2018-09-25,All-Floors,Alumni,4,8,57394,46115733,899550340,945666073
2018-09-25,All-Floors,Others(HKUST),4,10,121122,31991644,254565848,286557492
2018-09-25,All-Floors,Non-HKUST,20,41,264155,418252013,4312118799,4730370812
2018-09-25,All-Floors,Total,1028,4078,27153829,61211261316,514123351700,575334613016
2018-09-26,1,Staff,50,175,1047217,894297846,10062317546,10956615392
2018-09-26,1,TPG,194,683,4816664,8160887607,71389548180,79550435787
2018-09-26,1,RPG,20,58,399819,1773240407,12934430804,14707671211
2018-09-26,1,UG,420,1314,7490196,25416433854,134201311241,159617745095
2018-09-26,1,Alumni,5,16,120762,121955232,2236486518,2358441750
2018-09-26,1,Others(HKUST),1,1,6356,5240268,48348237,53588505
2018-09-26,1,Non-HKUST,16,36,314190,826054394,8145191342,8971245736
2018-09-26,1,Total,706,2283,14195204,37198109608,239017633868,276215743476
2018-09-26,G,Staff,51,124,746697,273332862,3755181189,4028514051
2018-09-26,G,TPG,207,482,2676509,5589568587,40053127192,45642695779
2018-09-26,G,RPG,48,108,606835,549496283,3958949380,4508445663
2018-09-26,G,UG,744,1460,6372518,12063104713,90029995517,102093100230
2018-09-26,G,Alumni,3,4,52637,69956922,1244205504,1314162426
2018-09-26,G,Others(HKUST),3,6,75033,9970741,33227074,43197815
2018-09-26,G,Non-HKUST,28,41,192574,154828359,1500207725,1655036084
2018-09-26,G,Total,1084,2225,10722803,18710258467,140574893581,159285152048
2018-09-26,LG1,Staff,34,74,345041,1696085450,4445469196,6141554646
2018-09-26,LG1,TPG,285,795,3959199,6924364675,54194114193,61118478868
2018-09-26,LG1,RPG,62,157,868597,1197468311,11668768201,12866236512
2018-09-26,LG1,UG,1770,5102,24274167,48912737744,387996851348,436909589092
2018-09-26,LG1,Alumni,6,17,113546,80317183,1680840680,1761157863
2018-09-26,LG1,Others(HKUST),6,30,260089,95964265,425364474,521328739
2018-09-26,LG1,Non-HKUST,41,74,352595,629462794,5142083649,5771546443
2018-09-26,LG1,Total,2204,6249,30173234,59536400422,465553491741,525089892163
2018-09-26,LG3,Staff,18,39,195262,112050885,3996215294,4108266179
2018-09-26,LG3,TPG,156,474,3108254,8158494057,48861323996,57019818053
2018-09-26,LG3,RPG,33,95,571383,1345384565,13196620881,14542005446
2018-09-26,LG3,UG,508,1161,5724295,13535158847,124686485003,138221643850
2018-09-26,LG3,Alumni,2,6,21445,4260384,257699496,261959880
2018-09-26,LG3,Others(HKUST),0,0,0,0,0,0
2018-09-26,LG3,Non-HKUST,9,15,88805,369043749,6121527553,6490571302
2018-09-26,LG3,Total,726,1790,9709444,23524392487,197119872223,220644264710
2018-09-26,LG4,Staff,35,85,424837,1168577604,6553971841,7722549445
2018-09-26,LG4,TPG,353,1207,8012160,14807587068,252696522238,267504109306
2018-09-26,LG4,RPG,42,147,890096,2286771822,26530431745,28817203567
2018-09-26,LG4,UG,1149,3093,16405892,42549155176,518807496315,561356651491
2018-09-26,LG4,Alumni,3,13,138564,637814465,2702779637,3340594102
2018-09-26,LG4,Others(HKUST),2,14,98889,104372378,1881120721,1985493099
2018-09-26,LG4,Non-HKUST,25,44,235247,366722621,8774186442,9140909063
2018-09-26,LG4,Total,1609,4603,26205685,61921001134,817946508939,879867510073
2018-09-26,All-Floors,Staff,140,497,2759054,4144344647,28813155066,32957499713
2018-09-26,All-Floors,TPG,911,3641,22572786,43640901994,467194635799,510835537793
2018-09-26,All-Floors,RPG,168,565,3336730,7152361388,68289201011,75441562399
2018-09-26,All-Floors,UG,3615,12130,60267068,142476590334,1255722139424,1398198729758
2018-09-26,All-Floors,Alumni,17,56,446954,914304186,8122011835,9036316021
2018-09-26,All-Floors,Others(HKUST),7,51,440367,215547652,2388060506,2603608158
2018-09-26,All-Floors,Non-HKUST,99,210,1183411,2346111917,29683196711,32029308628
2018-09-26,All-Floors,Total,4957,17150,91006370,200890162118,1860212400352,2061102562470
2018-09-27,1,Staff,54,206,1263809,1262500058,7537327258,8799827316
2018-09-27,1,TPG,166,646,4678241,6414948982,98874984858,105289933840
2018-09-27,1,RPG,15,54,449863,1157002184,7236384273,8393386457
2018-09-27,1,UG,354,1174,7077445,17521233502,150727866477,168249099979
2018-09-27,1,Alumni,5,32,216733,355372043,4820125276,5175497319
2018-09-27,1,Others(HKUST),1,3,18140,7508509,270124601,277633110
2018-09-27,1,Non-HKUST,5,8,46484,75475404,837686730,913162134
2018-09-27,1,Total,600,2123,13750715,26794040682,270304499473,297098540155
2018-09-27,G,Staff,67,165,872267,271705865,5207619999,5479325864
2018-09-27,G,TPG,239,536,2863763,6209345048,40652581206,46861926254
2018-09-27,G,RPG,48,110,556163,347777591,3943565003,4291342594
2018-09-27,G,UG,680,1438,6511606,18685040512,109741550616,128426591128
2018-09-27,G,Alumni,6,16,107848,230706933,4341545882,4572252815
2018-09-27,G,Others(HKUST),4,6,49387,20288905,43899849,64188754
2018-09-27,G,Non-HKUST,22,37,196765,2419348100,2432040582,4851388682
2018-09-27,G,Total,1066,2308,11157799,28184212954,166362803137,194547016091
2018-09-27,LG1,Staff,27,41,222213,738771311,4289859779,5028631090
2018-09-27,LG1,TPG,263,682,3379827,5843378002,40540381046,46383759048
2018-09-27,LG1,RPG,105,237,1299478,1186082920,15064128406,16250211326
2018-09-27,LG1,UG,1640,4805,24125371,47536324018,374284448409,421820772427
2018-09-27,LG1,Alumni,3,15,95082,109560824,895113667,1004674491
2018-09-27,LG1,Others(HKUST),5,22,239292,33526244,176118169,209644413
2018-09-27,LG1,Non-HKUST,31,56,316179,549217779,8418974421,8968192200
2018-09-27,LG1,Total,2074,5858,29677442,55996861098,443669023897,499665884995
2018-09-27,LG3,Staff,30,50,214558,157243106,3704811544,3862054650
2018-09-27,LG3,TPG,141,439,3063368,4288221512,52939273559,57227495071
2018-09-27,LG3,RPG,27,58,387643,500311104,9190453474,9690764578
2018-09-27,LG3,UG,494,1143,5834951,10224951074,103377446182,113602397256
2018-09-27,LG3,Alumni,2,3,9057,58510,22216,80726
2018-09-27,LG3,Others(HKUST),1,1,3023,3550335,18464020,22014355
2018-09-27,LG3,Non-HKUST,8,10,53518,12112323,161570129,173682452
2018-09-27,LG3,Total,703,1704,9566118,15186447964,169392041124,184578489088
2018-09-27,LG4,Staff,39,99,568586,1087391418,13140305957,14227697375
2018-09-27,LG4,TPG,389,1341,9081922,24103304828,278917393785,303020698613
2018-09-27,LG4,RPG,48,170,1114177,2487063818,38958390651,41445454469
2018-09-27,LG4,UG,1183,3083,15974213,47604657267,516083691299,563688348566
2018-09-27,LG4,Alumni,5,28,216525,653976352,7212644915,7866621267
2018-09-27,LG4,Others(HKUST),3,8,60562,22588789,171964686,194553475
2018-09-27,LG4,Non-HKUST,27,60,412250,2204075955,5779558206,7983634161
2018-09-27,LG4,Total,1694,4789,27428235,78163058427,860263949499,938427007926
2018-09-27,All-Floors,Staff,156,561,3141433,3517611758,33879924537,37397536295
2018-09-27,All-Floors,TPG,896,3644,23067121,46859198372,511924614454,558783812826
2018-09-27,All-Floors,RPG,209,629,3807324,5678237617,74392921807,80071159424
2018-09-27,All-Floors,UG,3505,11643,59523586,141572206373,1254215002983,1395787209356
2018-09-27,All-Floors,Alumni,15,94,645245,1349674662,17269451956,18619126618
2018-09-27,All-Floors,Others(HKUST),9,40,370404,87462782,680571325,768034107
2018-09-27,All-Floors,Non-HKUST,78,171,1025196,5260229561,17629830068,22890059629
2018-09-27,All-Floors,Total,4868,16782,91580309,204324621125,1909992317130,2114316938255
2018-09-28,1,Staff,50,166,1054052,1863404180,9137993510,11001397690
2018-09-28,1,TPG,150,650,4963875,6275851891,95874607786,102150459677
2018-09-28,1,RPG,13,49,365709,901457316,6300473439,7201930755
2018-09-28,1,UG,315,981,5528683,13861463233,116912939558,130774402791
2018-09-28,1,Alumni,4,21,159362,355163444,4190617140,4545780584
2018-09-28,1,Others(HKUST),3,8,78165,61978384,502947944,564926328
2018-09-28,1,Non-HKUST,6,9,65454,390241332,650626089,1040867421
2018-09-28,1,Total,541,1884,12215300,23709559780,233570205466,257279765246
2018-09-28,G,Staff,56,168,878707,336136178,4179779881,4515916059
2018-09-28,G,TPG,210,505,2749968,5063268198,39475274780,44538542978
2018-09-28,G,RPG,41,77,384741,317175325,3328327001,3645502326
2018-09-28,G,UG,607,1202,5563695,8853319647,85930411956,94783731603
2018-09-28,G,Alumni,6,12,65284,148347653,4942376466,5090724119
2018-09-28,G,Others(HKUST),4,5,53225,7106023,59951590,67057613
2018-09-28,G,Non-HKUST,11,22,124974,40163399,566475139,606638538
2018-09-28,G,Total,935,1991,9820594,14765516423,138482596813,153248113236
2018-09-28,LG1,Staff,28,45,211737,651344019,2679614589,3330958608
2018-09-28,LG1,TPG,216,607,3377063,4917026856,44781139143,49698165999
2018-09-28,LG1,RPG,65,145,740451,1492369941,11845473933,13337843874
2018-09-28,LG1,UG,1419,4127,20656453,46900680969,442717813807,489618494776
2018-09-28,LG1,Alumni,3,15,96121,195680863,3614900319,3810581182
2018-09-28,LG1,Others(HKUST),7,27,229405,91548436,2100940856,2192489292
2018-09-28,LG1,Non-HKUST,16,28,138077,158182331,1849136980,2007319311
2018-09-28,LG1,Total,1754,4994,25449307,54406833415,509589019627,563995853042
2018-09-28,LG3,Staff,12,24,154326,143046158,6231646079,6374692237
2018-09-28,LG3,TPG,129,387,2848398,2791170528,46401077566,49192248094
2018-09-28,LG3,RPG,29,77,488175,1083621519,10193652975,11277274494
2018-09-28,LG3,UG,383,881,4691989,14164033184,103403587418,117567620602
2018-09-28,LG3,Alumni,5,23,138981,662422203,4673916455,5336338658
2018-09-28,LG3,Others(HKUST),2,2,19287,8770228,98213333,106983561
2018-09-28,LG3,Non-HKUST,7,11,75108,69516900,1167124501,1236641401
2018-09-28,LG3,Total,567,1405,8416264,18922580720,172169218327,191091799047
2018-09-28,LG4,Staff,21,55,346581,1516614614,8659279339,10175893953
2018-09-28,LG4,TPG,288,976,6860525,12773036388,177871783970,190644820358
2018-09-28,LG4,RPG,32,109,606563,945677374,15430469240,16376146614
2018-09-28,LG4,UG,895,2289,12180828,28651633909,409082434318,437734068227
2018-09-28,LG4,Alumni,4,14,102259,127457735,1149001079,1276458814
2018-09-28,LG4,Others(HKUST),1,5,21848,36407276,25840510,62247786
2018-09-28,LG4,Non-HKUST,19,35,265495,1050091986,6036984727,7087076713
2018-09-28,LG4,Total,1260,3483,20384099,45100919282,618255793183,663356712465
2018-09-28,All-Floors,Staff,118,458,2645403,4510545149,30888313398,35398858547
2018-09-28,All-Floors,TPG,772,3125,20799829,31820353861,404403883245,436224237106
2018-09-28,All-Floors,RPG,149,457,2585639,4740301475,47098396588,51838698063
2018-09-28,All-Floors,UG,2962,9480,48621648,112431130942,1158047187057,1270478317999
2018-09-28,All-Floors,Alumni,19,85,562007,1489071898,18570811459,20059883357
2018-09-28,All-Floors,Others(HKUST),12,47,401930,205810347,2787894233,2993704580
2018-09-28,All-Floors,Non-HKUST,52,105,669108,1708195948,10270347436,11978543384
2018-09-28,All-Floors,Total,4084,13757,76285564,156905409620,1672066833416,1828972243036
2018-09-29,1,Staff,9,20,135611,57624800,1385983048,1443607848
2018-09-29,1,TPG,107,455,3225997,3951109218,57890026074,61841135292
2018-09-29,1,RPG,10,42,299025,1518307728,5696063340,7214371068
2018-09-29,1,UG,72,305,2459220,5518189102,37256117666,42774306768
2018-09-29,1,Alumni,6,16,114770,879668177,3561868938,4441537115
2018-09-29,1,Others(HKUST),0,0,0,0,0,0
2018-09-29,1,Non-HKUST,5,10,96727,142614578,2675435891,2818050469
2018-09-29,1,Total,209,848,6331350,12067513603,108465494957,120533008560
2018-09-29,G,Staff,22,83,452453,138852624,455755856,594608480
2018-09-29,G,TPG,121,271,1349615,1007680908,18900801577,19908482485
2018-09-29,G,RPG,28,60,413808,407504652,4253008980,4660513632
2018-09-29,G,UG,128,283,1500306,1418401613,16193529547,17611931160
2018-09-29,G,Alumni,10,30,178219,1665803276,4414501493,6080304769
2018-09-29,G,Others(HKUST),1,5,35931,1601381,44854602,46455983
2018-09-29,G,Non-HKUST,12,24,96622,7231465774,1520994462,8752460236
2018-09-29,G,Total,322,756,4026954,11871310228,45783446517,57654756745
2018-09-29,LG1,Staff,15,44,301120,247802265,2165746488,2413548753
2018-09-29,LG1,TPG,249,780,4328576,7621703124,85084083695,92705786819
2018-09-29,LG1,RPG,48,129,843601,1466856008,26406653742,27873509750
2018-09-29,LG1,UG,611,1998,12094075,59101705630,298609995606,357711701236
2018-09-29,LG1,Alumni,9,20,114137,1561336863,2137967971,3699304834
2018-09-29,LG1,Others(HKUST),8,31,159418,143946174,2265570470,2409516644
2018-09-29,LG1,Non-HKUST,21,52,237867,281169883,4196649464,4477819347
2018-09-29,LG1,Total,961,3054,18078794,70424519947,420866667436,491291187383
2018-09-29,LG3,Staff,8,13,72433,80714280,1319049220,1399763500
2018-09-29,LG3,TPG,105,352,2283648,14615282829,65452586600,80067869429
2018-09-29,LG3,RPG,24,52,359490,573207179,4866364942,5439572121
2018-09-29,LG3,UG,90,214,1259393,10382214046,21174174628,31556388674
2018-09-29,LG3,Alumni,6,14,84563,140462385,2780175852,2920638237
2018-09-29,LG3,Others(HKUST),3,6,30160,27887738,475789951,503677689
2018-09-29,LG3,Non-HKUST,3,9,75514,24213827,481296477,505510304
2018-09-29,LG3,Total,239,660,4165201,25843982284,96549437670,122393419954
2018-09-29,LG4,Staff,10,34,163019,163580315,2287026181,2450606496
2018-09-29,LG4,TPG,119,430,2818430,7848044195,87146882909,94994927104
2018-09-29,LG4,RPG,17,67,413892,483851204,10460805559,10944656763
2018-09-29,LG4,UG,144,476,3320405,11021063819,106199488055,117220551874
2018-09-29,LG4,Alumni,4,12,102780,204059698,6354943365,6559003063
2018-09-29,LG4,Others(HKUST),2,5,27163,11375480,71984512,83359992
2018-09-29,LG4,Non-HKUST,8,18,84486,92989838,3289177466,3382167304
2018-09-29,LG4,Total,304,1042,6930175,19824964549,215810308047,235635272596
2018-09-29,All-Floors,Staff,56,194,1124636,688574284,7613560793,8302135077
2018-09-29,All-Floors,TPG,539,2288,14006266,35043820274,314474380855,349518201129
2018-09-29,All-Floors,RPG,112,350,2329816,4449726771,51682896563,56132623334
2018-09-29,All-Floors,UG,869,3276,20633399,87441574210,479433305502,566874879712
2018-09-29,All-Floors,Alumni,26,92,594469,4451330399,19249457619,23700788018
2018-09-29,All-Floors,Others(HKUST),11,47,252672,184810773,2858199535,3043010308
2018-09-29,All-Floors,Non-HKUST,40,113,591216,7772453900,12163553760,19936007660
2018-09-29,All-Floors,Total,1653,6360,39532474,140032290611,887475354627,1027507645238
2018-09-30,1,Staff,7,35,234267,198125017,1740201744,1938326761
2018-09-30,1,TPG,87,402,3038493,4641363276,55703051673,60344414949
2018-09-30,1,RPG,11,55,431609,446348261,7897758651,8344106912
2018-09-30,1,UG,94,409,3004282,7611632967,68738371312,76350004279
2018-09-30,1,Alumni,3,11,102639,72656132,1432465176,1505121308
2018-09-30,1,Others(HKUST),0,0,0,0,0,0
2018-09-30,1,Non-HKUST,4,8,42256,32864474,319495029,352359503
2018-09-30,1,Total,206,920,6853546,13002990127,135831343585,148834333712
2018-09-30,G,Staff,13,54,274631,166357461,209946293,376303754
2018-09-30,G,TPG,83,206,1393780,1599996404,21977953758,23577950162
2018-09-30,G,RPG,22,45,223302,292420773,3995694572,4288115345
2018-09-30,G,UG,74,194,1323078,2285408929,23832670683,26118079612
2018-09-30,G,Alumni,4,13,66403,281663435,8055296727,8336960162
2018-09-30,G,Others(HKUST),2,6,55561,13310469,445829511,459139980
2018-09-30,G,Non-HKUST,4,11,69401,33226188,1334100269,1367326457
2018-09-30,G,Total,202,529,3406156,4672383659,59851491813,64523875472
2018-09-30,LG1,Staff,12,28,157233,171924179,2629509018,2801433197
2018-09-30,LG1,TPG,233,904,5993182,21839721782,156840856060,178680577842
2018-09-30,LG1,RPG,38,95,601556,2387629556,13369070110,15756699666
2018-09-30,LG1,UG,536,2112,13564747,29541502618,264448387084,293989889702
2018-09-30,LG1,Alumni,7,19,145118,5680527611,6259066333,11939593944
2018-09-30,LG1,Others(HKUST),4,7,48289,16556534,567132756,583689290
2018-09-30,LG1,Non-HKUST,15,54,300180,333917392,6719325240,7053242632
2018-09-30,LG1,Total,845,3219,20810305,59971779672,450833346601,510805126273
2018-09-30,LG3,Staff,4,6,48288,69897268,2564562681,2634459949
2018-09-30,LG3,TPG,77,263,1916944,2491413115,45363372033,47854785148
2018-09-30,LG3,RPG,19,70,489565,1510785111,4768350578,6279135689
2018-09-30,LG3,UG,80,247,1637698,3121784535,36136282564,39258067099
2018-09-30,LG3,Alumni,5,9,60365,326928460,832735766,1159664226
2018-09-30,LG3,Others(HKUST),1,1,18119,2881207,19119878,22001085
2018-09-30,LG3,Non-HKUST,4,9,45275,26019014,349468365,375487379
2018-09-30,LG3,Total,190,605,4216254,7549708710,90033891865,97583600575
2018-09-30,LG4,Staff,7,28,138820,201691634,5723776919,5925468553
2018-09-30,LG4,TPG,110,423,3022557,5027304942,70922240238,75949545180
2018-09-30,LG4,RPG,12,39,253521,583155892,6847695974,7430851866
2018-09-30,LG4,UG,157,527,3665910,12459552403,140788582979,153248135382
2018-09-30,LG4,Alumni,10,39,286758,1041793614,7917517951,8959311565
2018-09-30,LG4,Others(HKUST),1,3,15086,3853866,43176786,47030652
2018-09-30,LG4,Non-HKUST,11,28,178084,790100873,4655839154,5445940027
2018-09-30,LG4,Total,308,1087,7560736,20107453224,236898830001,257006283225
2018-09-30,All-Floors,Staff,35,151,853239,807995559,12867996655,13675992214
2018-09-30,All-Floors,TPG,433,2198,15364956,35599799519,350807473762,386407273281
2018-09-30,All-Floors,RPG,89,304,1999553,5220339593,36878569885,42098909478
2018-09-30,All-Floors,UG,769,3489,23195715,55019881452,533944294622,588964176074
2018-09-30,All-Floors,Alumni,23,91,661283,7403569252,24497081953,31900651205
2018-09-30,All-Floors,Others(HKUST),5,17,137055,36602076,1075258931,1111861007
2018-09-30,All-Floors,Non-HKUST,34,110,635196,1216127941,13378228057,14594355998
2018-09-30,All-Floors,Total,1388,6360,42846997,105304315392,973448903865,1078753219257
