Date,Floor,User-Group,User-Count,WiFi-Conn,Duration-Sec,Traffic-In-Byte,Traffic-Out-Byte,Traffic-Both-Byte
2019-01-01,1,Staff,4,42,168119,370778323,48792954,419571277
2019-01-01,1,TPG,0,0,0,0,0,0
2019-01-01,1,RPG,4,4,0,5879345,1504315,7383660
2019-01-01,1,UG,6,6,720,390217,211863,602080
2019-01-01,1,Alumni,0,0,0,0,0,0
2019-01-01,1,Others(HKUST),1,33,68946,4461107,5888639,10349746
2019-01-01,1,Non-HKUST,0,0,0,0,0,0
2019-01-01,1,Total,15,85,237785,381508992,56397771,437906763
2019-01-01,G,Staff,8,16,86044,579795361,47911067,627706428
2019-01-01,G,TPG,0,0,0,0,0,0
2019-01-01,G,RPG,2,2,720,1041272,202747,1244019
2019-01-01,G,UG,2,2,179,4132488,852016,4984504
2019-01-01,G,Alumni,0,0,0,0,0,0
2019-01-01,G,Others(HKUST),2,2,172798,1583874245,209567124,1793441369
2019-01-01,G,Non-HKUST,1,1,0,34038,17670,51708
2019-01-01,G,Total,15,23,259741,2168877404,258550624,2427428028
2019-01-01,LG1,Staff,6,7,15485,20155120,17101727,37256847
2019-01-01,LG1,TPG,0,0,0,0,0,0
2019-01-01,LG1,RPG,2,2,0,2115726,358315,2474041
2019-01-01,LG1,UG,7,7,1441,1066566987,46109217,1112676204
2019-01-01,LG1,Alumni,1,1,0,52791464,5678458,58469922
2019-01-01,LG1,Others(HKUST),2,8,518036,7518177878,3092012475,10610190353
2019-01-01,LG1,Non-HKUST,2,2,1080,9304,7518,16822
2019-01-01,LG1,Total,20,27,536042,8659816479,3161267710,11821084189
2019-01-01,LG3,Staff,8,23,47863,239120027,37054273,276174300
2019-01-01,LG3,TPG,1,1,721,1233117,275551,1508668
2019-01-01,LG3,RPG,2,2,0,1425447,379966,1805413
2019-01-01,LG3,UG,16,16,5577,527038847,60754576,587793423
2019-01-01,LG3,Alumni,1,1,0,22380746,1779964,24160710
2019-01-01,LG3,Others(HKUST),0,0,0,0,0,0
2019-01-01,LG3,Non-HKUST,4,4,181,404398556,1303729085,1708127641
2019-01-01,LG3,Total,32,47,54342,1195596740,1403973415,2599570155
2019-01-01,LG4,Staff,5,6,1979,30094392,4370040,34464432
2019-01-01,LG4,TPG,1,1,0,224079,107134,331213
2019-01-01,LG4,RPG,13,14,180,162697680,9095977,171793657
2019-01-01,LG4,UG,26,59,21421,2159279914,664178707,2823458621
2019-01-01,LG4,Alumni,1,1,0,117978,93438,211416
2019-01-01,LG4,Others(HKUST),5,10,175128,9337201137,3454434951,12791636088
2019-01-01,LG4,Non-HKUST,3,3,0,32270485,3134107,35404592
2019-01-01,LG4,Total,54,94,198708,11721885665,4135414354,15857300019
2019-01-01,All-Floors,Staff,23,94,319490,1239943223,155230061,1395173284
2019-01-01,All-Floors,TPG,2,2,721,1457196,382685,1839881
2019-01-01,All-Floors,RPG,22,24,900,173159470,11541320,184700790
2019-01-01,All-Floors,UG,54,90,29338,3757408453,772106379,4529514832
2019-01-01,All-Floors,Alumni,3,3,0,75290188,7551860,82842048
2019-01-01,All-Floors,Others(HKUST),8,53,934908,18443714367,6761903189,25205617556
2019-01-01,All-Floors,Non-HKUST,10,10,1261,436712383,1306888380,1743600763
2019-01-01,All-Floors,Total,122,276,1286618,24127685280,9015603874,33143289154
2019-01-02,1,Staff,59,614,1123324,49247888484,3805636606,53053525090
2019-01-02,1,TPG,24,105,327468,28748113856,3306086171,32054200027
2019-01-02,1,RPG,10,38,80631,2620195060,674420594,3294615654
2019-01-02,1,UG,20,71,194399,3394755601,764604428,4159360029
2019-01-02,1,Alumni,4,20,106365,9823339556,1227066181,11050405737
2019-01-02,1,Others(HKUST),5,64,103511,1710351991,377189609,2087541600
2019-01-02,1,Non-HKUST,3,12,34932,796101237,61064685,857165922
2019-01-02,1,Total,125,924,1970630,96340745785,10216068274,106556814059
2019-01-02,G,Staff,123,414,785979,15419896634,17330012364,32749908998
2019-01-02,G,TPG,55,179,477949,42222773136,3854660444,46077433580
2019-01-02,G,RPG,58,210,237510,13284856496,2423734063,15708590559
2019-01-02,G,UG,81,273,383524,33994190819,2346165146,36340355965
2019-01-02,G,Alumni,5,9,28259,6749564865,138145157,6887710022
2019-01-02,G,Others(HKUST),10,38,242119,1709663267,239886631,1949549898
2019-01-02,G,Non-HKUST,5,18,42120,1473367214,74723087,1548090301
2019-01-02,G,Total,337,1141,2197460,114854312431,26407326892,141261639323
2019-01-02,LG1,Staff,77,259,296546,20889699877,1707723878,22597423755
2019-01-02,LG1,TPG,51,368,897733,68478524474,4968677711,73447202185
2019-01-02,LG1,RPG,51,165,270299,21628528502,9932739022,31561267524
2019-01-02,LG1,UG,126,675,1483268,180177594833,33829973037,214007567870
2019-01-02,LG1,Alumni,5,34,145630,16229265735,9859978641,26089244376
2019-01-02,LG1,Others(HKUST),9,49,536800,16950439945,2541093101,19491533046
2019-01-02,LG1,Non-HKUST,7,10,41221,1858108368,201417080,2059525448
2019-01-02,LG1,Total,326,1560,3671497,326212161734,63041602470,389253764204
2019-01-02,LG3,Staff,58,231,257261,6047362452,4716496519,10763858971
2019-01-02,LG3,TPG,15,57,163793,45453726177,2461788440,47915514617
2019-01-02,LG3,RPG,31,281,345862,45310748332,2962287832,48273036164
2019-01-02,LG3,UG,40,164,253377,29298879751,1403135026,30702014777
2019-01-02,LG3,Alumni,3,14,53266,582064208,53124681,635188889
2019-01-02,LG3,Others(HKUST),1,9,0,2375873621,36183817,2412057438
2019-01-02,LG3,Non-HKUST,0,0,0,0,0,0
2019-01-02,LG3,Total,148,756,1073559,129068654541,11633016315,140701670856
2019-01-02,LG4,Staff,56,136,35655,3099865728,149977228,3249842956
2019-01-02,LG4,TPG,12,42,111037,9632628955,573940213,10206569168
2019-01-02,LG4,RPG,62,143,228257,17760463476,1723987473,19484450949
2019-01-02,LG4,UG,75,159,154064,20756686555,1033146271,21789832826
2019-01-02,LG4,Alumni,5,20,116405,13268338834,552786139,13821124973
2019-01-02,LG4,Others(HKUST),5,13,181266,9843211645,3708212748,13551424393
2019-01-02,LG4,Non-HKUST,2,5,19261,1217407949,35214238,1252622187
2019-01-02,LG4,Total,217,518,845945,75578603142,7777264310,83355867452
2019-01-02,All-Floors,Staff,226,1654,2498765,94704713175,27709846595,122414559770
2019-01-02,All-Floors,TPG,114,751,1977980,194535766598,15165152979,209700919577
2019-01-02,All-Floors,RPG,153,837,1162559,100604791866,17717168984,118321960850
2019-01-02,All-Floors,UG,260,1342,2468632,267622107559,39377023908,306999131467
2019-01-02,All-Floors,Alumni,16,97,449925,46652573198,11831100799,58483673997
2019-01-02,All-Floors,Others(HKUST),17,173,1063696,32589540469,6902565906,39492106375
2019-01-02,All-Floors,Non-HKUST,15,45,137534,5344984768,372419090,5717403858
2019-01-02,All-Floors,Total,801,4899,9759091,742054477633,119075278261,861129755894
2019-01-03,1,Staff,59,666,1115211,55590172634,5434347723,61024520357
2019-01-03,1,TPG,13,84,240079,8919330416,887678031,9807008447
2019-01-03,1,RPG,11,35,59712,3151799346,295412521,3447211867
2019-01-03,1,UG,21,116,209347,11426008524,761137498,12187146022
2019-01-03,1,Alumni,2,11,64407,6617098195,261895856,6878994051
2019-01-03,1,Others(HKUST),4,39,104057,315442954,31599668,347042622
2019-01-03,1,Non-HKUST,1,1,5400,115328794,65838264,181167058
2019-01-03,1,Total,111,952,1798213,86135180863,7737909561,93873090424
2019-01-03,G,Staff,112,538,912740,23862629535,3831609302,27694238837
2019-01-03,G,TPG,57,259,505575,57063799847,3212188203,60275988050
2019-01-03,G,RPG,60,183,331975,18212272778,1081515109,19293787887
2019-01-03,G,UG,86,248,274649,33276356690,3058784364,36335141054
2019-01-03,G,Alumni,10,38,69867,14703113436,515852139,15218965575
2019-01-03,G,Others(HKUST),9,26,230796,2500714014,545614057,3046328071
2019-01-03,G,Non-HKUST,18,46,104795,4813308105,1016847472,5830155577
2019-01-03,G,Total,352,1338,2430397,154432194405,13262410646,167694605051
2019-01-03,LG1,Staff,79,364,340981,22686421227,2945351237,25631772464
2019-01-03,LG1,TPG,75,498,1240588,75501387300,11205635551,86707022851
2019-01-03,LG1,RPG,52,187,320663,35280924133,6388014381,41668938514
2019-01-03,LG1,UG,169,887,2034234,166565008415,18063453648,184628462063
2019-01-03,LG1,Alumni,7,56,184903,19627206969,1266092440,20893299409
2019-01-03,LG1,Others(HKUST),7,58,504362,7705764002,2106896900,9812660902
2019-01-03,LG1,Non-HKUST,7,13,32958,623755688,139061144,762816832
2019-01-03,LG1,Total,396,2063,4658689,327990467734,42114505301,370104973035
2019-01-03,LG3,Staff,52,200,239079,15178877811,1677201243,16856079054
2019-01-03,LG3,TPG,24,101,207546,20652131071,2216327891,22868458962
2019-01-03,LG3,RPG,30,170,334159,58592535116,2317878084,60910413200
2019-01-03,LG3,UG,74,231,328066,44023220568,2318998627,46342219195
2019-01-03,LG3,Alumni,2,2,0,19918,10907,30825
2019-01-03,LG3,Others(HKUST),1,5,0,123026543,5337749,128364292
2019-01-03,LG3,Non-HKUST,28,83,141145,12468647493,1211391167,13680038660
2019-01-03,LG3,Total,211,792,1249995,151038458520,9747145668,160785604188
2019-01-03,LG4,Staff,53,109,125268,9624242496,1098690165,10722932661
2019-01-03,LG4,TPG,18,55,110435,10987113811,857484166,11844597977
2019-01-03,LG4,RPG,72,161,312553,47914994202,2501093843,50416088045
2019-01-03,LG4,UG,98,213,253317,59851334786,2543941985,62395276771
2019-01-03,LG4,Alumni,7,18,94358,9728087757,973733855,10701821612
2019-01-03,LG4,Others(HKUST),5,10,173699,9383524872,3478085401,12861610273
2019-01-03,LG4,Non-HKUST,10,11,2160,8377252,3093736,11470988
2019-01-03,LG4,Total,263,577,1071790,147497675176,11456123151,158953798327
2019-01-03,All-Floors,Staff,205,1877,2733279,126942343703,14987199670,141929543373
2019-01-03,All-Floors,TPG,126,997,2304223,173123762445,18379313842,191503076287
2019-01-03,All-Floors,RPG,156,736,1359062,163152525575,12583913938,175736439513
2019-01-03,All-Floors,UG,324,1695,3099613,315141928983,26746316122,341888245105
2019-01-03,All-Floors,Alumni,16,125,413535,50675526275,3017585197,53693111472
2019-01-03,All-Floors,Others(HKUST),16,138,1012914,20028472385,6167533775,26196006160
2019-01-03,All-Floors,Non-HKUST,48,154,286458,18029417332,2436231783,20465649115
2019-01-03,All-Floors,Total,891,5722,11209084,867093976698,84318094327,951412071025
2019-01-04,1,Staff,61,581,1196602,36649524393,3266793725,39916318118
2019-01-04,1,TPG,12,53,214662,16403093730,1370002517,17773096247
2019-01-04,1,RPG,20,88,195704,7514788793,1517698746,9032487539
2019-01-04,1,UG,27,200,492606,30068609486,1933106348,32001715834
2019-01-04,1,Alumni,2,28,50739,2235948718,274215726,2510164444
2019-01-04,1,Others(HKUST),4,21,108899,321658837,192647871,514306708
2019-01-04,1,Non-HKUST,1,3,9537,5286459467,251607369,5538066836
2019-01-04,1,Total,127,974,2268749,98480083424,8806072302,107286155726
2019-01-04,G,Staff,125,551,969526,40718991788,3481357561,44200349349
2019-01-04,G,TPG,70,300,616709,121844652951,5655080425,127499733376
2019-01-04,G,RPG,59,165,300012,16251107948,1680234850,17931342798
2019-01-04,G,UG,98,319,353475,34956319560,2466061918,37422381478
2019-01-04,G,Alumni,9,72,68941,35351285101,1474608023,36825893124
2019-01-04,G,Others(HKUST),7,21,223192,1763301199,262025019,2025326218
2019-01-04,G,Non-HKUST,12,33,111403,5337078839,216918606,5553997445
2019-01-04,G,Total,380,1461,2643258,256222737386,15236286402,271459023788
2019-01-04,LG1,Staff,76,310,309304,46424367737,4278770954,50703138691
2019-01-04,LG1,TPG,94,694,1563312,215542568433,21338082073,236880650506
2019-01-04,LG1,RPG,62,304,541104,49662512050,3340628682,53003140732
2019-01-04,LG1,UG,176,1005,2301873,197955593517,32656455261,230612048778
2019-01-04,LG1,Alumni,6,39,92468,3891833370,328266008,4220099378
2019-01-04,LG1,Others(HKUST),6,43,484949,10982283498,2388928116,13371211614
2019-01-04,LG1,Non-HKUST,12,29,71082,4909858207,737480186,5647338393
2019-01-04,LG1,Total,432,2424,5364092,529369016812,65068611280,594437628092
2019-01-04,LG3,Staff,40,189,281631,10347952692,1241298618,11589251310
2019-01-04,LG3,TPG,21,140,256074,33980300797,12138098598,46118399395
2019-01-04,LG3,RPG,39,174,349796,26277023792,8270533323,34547557115
2019-01-04,LG3,UG,48,155,269728,26404902102,1283581937,27688484039
2019-01-04,LG3,Alumni,3,12,60821,3557351979,202542888,3759894867
2019-01-04,LG3,Others(HKUST),2,5,901,965559409,15517649,981077058
2019-01-04,LG3,Non-HKUST,1,3,5762,86713481,9095089,95808570
2019-01-04,LG3,Total,154,678,1224713,101619804252,23160668102,124780472354
2019-01-04,LG4,Staff,60,120,69093,9392900013,805797565,10198697578
2019-01-04,LG4,TPG,31,96,261920,20425821455,1367601695,21793423150
2019-01-04,LG4,RPG,67,165,300121,32072732746,2555186316,34627919062
2019-01-04,LG4,UG,78,158,149743,23547934512,8318959606,31866894118
2019-01-04,LG4,Alumni,0,0,0,0,0,0
2019-01-04,LG4,Others(HKUST),7,15,176392,9899057857,3472949884,13372007741
2019-01-04,LG4,Non-HKUST,20,26,0,669851441,800535023,1470386464
2019-01-04,LG4,Total,263,580,957269,96008298024,17321030089,113329328113
2019-01-04,All-Floors,Staff,210,1751,2826156,143533736623,13074018423,156607755046
2019-01-04,All-Floors,TPG,152,1283,2912677,408196437366,41868865308,450065302674
2019-01-04,All-Floors,RPG,176,896,1686737,131778165329,17364281917,149142447246
2019-01-04,All-Floors,UG,310,1837,3567425,312933359177,46658165070,359591524247
2019-01-04,All-Floors,Alumni,13,151,272969,45036419168,2279632645,47316051813
2019-01-04,All-Floors,Others(HKUST),14,105,994333,23931860800,6332068539,30263929339
2019-01-04,All-Floors,Non-HKUST,38,94,197784,16289961435,2015636273,18305597708
2019-01-04,All-Floors,Total,913,6117,12458081,1081699939898,129592668175,1211292608073
2019-01-05,1,Staff,13,50,206297,5801426432,559158453,6360584885
2019-01-05,1,TPG,19,79,330699,18858486811,2343630739,21202117550
2019-01-05,1,RPG,11,20,39797,5923606247,393387683,6316993930
2019-01-05,1,UG,14,102,294146,19882772038,2980251801,22863023839
2019-01-05,1,Alumni,3,13,51461,2660581846,72006275,2732588121
2019-01-05,1,Others(HKUST),2,2,86399,60803119,4798202,65601321
2019-01-05,1,Non-HKUST,3,7,43025,2139311925,169108172,2308420097
2019-01-05,1,Total,65,273,1051824,55326988418,6522341325,61849329743
2019-01-05,G,Staff,32,187,291231,24160615249,5148495375,29309110624
2019-01-05,G,TPG,54,169,402878,69196399976,3855245877,73051645853
2019-01-05,G,RPG,46,165,275923,11259270523,15431794660,26691065183
2019-01-05,G,UG,74,271,422896,31057758907,2030380769,33088139676
2019-01-05,G,Alumni,19,69,187417,4556622013,448637763,5005259776
2019-01-05,G,Others(HKUST),5,19,221583,3663647004,435548572,4099195576
2019-01-05,G,Non-HKUST,12,47,127440,5977909833,1028252899,7006162732
2019-01-05,G,Total,242,927,1929368,149872223505,28378355915,178250579420
2019-01-05,LG1,Staff,28,125,145641,9187660986,1231098775,10418759761
2019-01-05,LG1,TPG,79,506,1237158,153302905015,31300554911,184603459926
2019-01-05,LG1,RPG,38,173,319738,21922755041,2794416998,24717172039
2019-01-05,LG1,UG,105,473,1195524,116490238384,19634031144,136124269528
2019-01-05,LG1,Alumni,12,48,162207,13146846738,3309029973,16455876711
2019-01-05,LG1,Others(HKUST),4,32,460979,12709860373,2060617525,14770477898
2019-01-05,LG1,Non-HKUST,9,27,77034,7445123149,352008952,7797132101
2019-01-05,LG1,Total,275,1384,3598281,334205389686,60681758278,394887147964
2019-01-05,LG3,Staff,22,112,263180,7673972556,1731023454,9404996010
2019-01-05,LG3,TPG,26,152,530687,43635561852,4370150944,48005712796
2019-01-05,LG3,RPG,28,81,225549,13217082577,1400352040,14617434617
2019-01-05,LG3,UG,42,164,259768,14060849189,4597137830,18657987019
2019-01-05,LG3,Alumni,6,18,26085,2227209500,291947706,2519157206
2019-01-05,LG3,Others(HKUST),2,5,181,43742189,16422695,60164884
2019-01-05,LG3,Non-HKUST,11,21,50225,9229408075,1845840741,11075248816
2019-01-05,LG3,Total,137,553,1355675,90087825938,14252875410,104340701348
2019-01-05,LG4,Staff,18,26,10432,812488422,157380280,969868702
2019-01-05,LG4,TPG,21,110,264806,92836116448,6533717701,99369834149
2019-01-05,LG4,RPG,46,156,266783,33959278095,2697715988,36656994083
2019-01-05,LG4,UG,70,153,205443,30922020481,1533509474,32455529955
2019-01-05,LG4,Alumni,9,30,77917,8804590801,1745917216,10550508017
2019-01-05,LG4,Others(HKUST),5,18,180552,16662602822,5832761236,22495364058
2019-01-05,LG4,Non-HKUST,19,34,52197,4486117781,3431844971,7917962752
2019-01-05,LG4,Total,188,527,1058130,188483214850,21932846866,210416061716
2019-01-05,All-Floors,Staff,72,500,916781,47636163645,8827156337,56463319982
2019-01-05,All-Floors,TPG,129,1016,2766228,377829470102,48403300172,426232770274
2019-01-05,All-Floors,RPG,111,595,1127790,86281992483,22717667369,108999659852
2019-01-05,All-Floors,UG,225,1163,2377777,212413638999,30775311018,243188950017
2019-01-05,All-Floors,Alumni,35,178,505087,31395850898,5867538933,37263389831
2019-01-05,All-Floors,Others(HKUST),9,76,949694,33140655507,8350148230,41490803737
2019-01-05,All-Floors,Non-HKUST,41,136,349921,29277870763,6827055735,36104926498
2019-01-05,All-Floors,Total,622,3664,8993278,817975642397,131768177794,949743820191
2019-01-06,1,Staff,6,30,165950,533527601,73571054,607098655
2019-01-06,1,TPG,9,27,118277,9033676842,387661805,9421338647
2019-01-06,1,RPG,6,21,83356,2843329060,169708462,3013037522
2019-01-06,1,UG,13,54,140251,17009449500,686117646,17695567146
2019-01-06,1,Alumni,5,20,56530,1787629975,133067208,1920697183
2019-01-06,1,Others(HKUST),1,1,86399,6787623,3429369,10216992
2019-01-06,1,Non-HKUST,1,7,40327,2063515531,183981079,2247496610
2019-01-06,1,Total,41,160,691090,33277916132,1637536623,34915452755
2019-01-06,G,Staff,16,67,171188,1072747835,246715623,1319463458
2019-01-06,G,TPG,25,66,101539,26951372597,1623629797,28575002394
2019-01-06,G,RPG,24,60,85513,2144114166,305305223,2449419389
2019-01-06,G,UG,45,114,223970,11905727009,1035455360,12941182369
2019-01-06,G,Alumni,18,82,74357,6728106124,1527240036,8255346160
2019-01-06,G,Others(HKUST),3,6,175859,1903849768,255408432,2159258200
2019-01-06,G,Non-HKUST,12,32,21427,619621112,51385800,671006912
2019-01-06,G,Total,143,427,853853,51325538611,5045140271,56370678882
2019-01-06,LG1,Staff,24,69,99553,3858780627,596453336,4455233963
2019-01-06,LG1,TPG,41,264,559343,66005171837,2983851274,68989023111
2019-01-06,LG1,RPG,21,73,89654,4135619016,1208934983,5344553999
2019-01-06,LG1,UG,66,211,437276,38146042202,3629557816,41775600018
2019-01-06,LG1,Alumni,10,44,113606,5735557788,850245819,6585803607
2019-01-06,LG1,Others(HKUST),1,9,431275,7152268006,2696256979,9848524985
2019-01-06,LG1,Non-HKUST,3,14,27724,1403106442,116909425,1520015867
2019-01-06,LG1,Total,166,684,1758431,126436545918,12082209632,138518755550
2019-01-06,LG3,Staff,13,64,115742,1121592913,81769797,1203362710
2019-01-06,LG3,TPG,10,36,96320,4075784505,453123861,4528908366
2019-01-06,LG3,RPG,13,46,68953,7733761049,316951530,8050712579
2019-01-06,LG3,UG,51,285,270562,35875794701,3955742741,39831537442
2019-01-06,LG3,Alumni,3,10,28267,203996311,393076639,597072950
2019-01-06,LG3,Others(HKUST),2,3,7547,1963549,887346,2850895
2019-01-06,LG3,Non-HKUST,27,55,39782,6921339907,849696344,7771036251
2019-01-06,LG3,Total,119,499,627173,55934232935,6051248258,61985481193
2019-01-06,LG4,Staff,16,33,3062,1526627797,331771570,1858399367
2019-01-06,LG4,TPG,12,34,38888,3296778419,508671338,3805449757
2019-01-06,LG4,RPG,27,47,63197,3225098183,1222108179,4447206362
2019-01-06,LG4,UG,60,111,14045,9797032421,4222894478,14019926899
2019-01-06,LG4,Alumni,8,29,56344,12397495710,774066960,13171562670
2019-01-06,LG4,Others(HKUST),4,9,176937,13014160840,4617667276,17631828116
2019-01-06,LG4,Non-HKUST,10,13,15838,1162702150,84604214,1247306364
2019-01-06,LG4,Total,137,276,368311,44419895520,11761784015,56181679535
2019-01-06,All-Floors,Staff,53,263,555495,8113276773,1330281380,9443558153
2019-01-06,All-Floors,TPG,67,427,914367,109362784200,5956938075,115319722275
2019-01-06,All-Floors,RPG,73,247,390673,20081921474,3223008377,23304929851
2019-01-06,All-Floors,UG,171,775,1086104,112734045833,13529768041,126263813874
2019-01-06,All-Floors,Alumni,32,185,329104,26852785908,3677696662,30530482570
2019-01-06,All-Floors,Others(HKUST),8,28,878017,22079029786,7573649402,29652679188
2019-01-06,All-Floors,Non-HKUST,41,121,145098,12170285142,1286576862,13456862004
2019-01-06,All-Floors,Total,445,2046,4298858,311394129116,36577918799,347972047915
2019-01-07,1,Staff,63,642,1227523,57221321517,8372747884,65594069401
2019-01-07,1,TPG,22,137,455810,31348530471,8478967152,39827497623
2019-01-07,1,RPG,19,64,156833,4536543973,614764294,5151308267
2019-01-07,1,UG,31,137,421514,18512121129,1237715339,19749836468
2019-01-07,1,Alumni,2,32,19978,676889430,100758446,777647876
2019-01-07,1,Others(HKUST),4,9,113055,1165240303,123035282,1288275585
2019-01-07,1,Non-HKUST,2,7,39633,539298693,47000696,586299389
2019-01-07,1,Total,143,1028,2434346,113999945516,18974989093,132974934609
2019-01-07,G,Staff,121,538,969161,45225385858,11275430247,56500816105
2019-01-07,G,TPG,87,368,539903,55221652246,9934351035,65156003281
2019-01-07,G,RPG,73,252,403159,28101611022,1573522982,29675134004
2019-01-07,G,UG,109,463,553266,47410551629,3154815203,50565366832
2019-01-07,G,Alumni,13,74,85679,20132754199,711584824,20844339023
2019-01-07,G,Others(HKUST),10,28,247644,4457697625,392245148,4849942773
2019-01-07,G,Non-HKUST,10,26,35300,3364595921,93338783,3457934704
2019-01-07,G,Total,423,1749,2834112,203914248500,27135288222,231049536722
2019-01-07,LG1,Staff,89,327,357172,22536500022,2852561858,25389061880
2019-01-07,LG1,TPG,103,729,1763259,170622485266,17778578726,188401063992
2019-01-07,LG1,RPG,60,206,393096,40899000027,3461653723,44360653750
2019-01-07,LG1,UG,192,977,2205715,235505573102,24981157124,260486730226
2019-01-07,LG1,Alumni,3,20,45549,353546711,43586120,397132831
2019-01-07,LG1,Others(HKUST),6,37,483852,12524450347,2754153723,15278604070
2019-01-07,LG1,Non-HKUST,11,39,84178,11051587051,833418816,11885005867
2019-01-07,LG1,Total,464,2335,5332821,493493142526,52705110090,546198252616
2019-01-07,LG3,Staff,57,248,364837,28448990357,2563516449,31012506806
2019-01-07,LG3,TPG,20,103,328254,24616123082,1999904517,26616027599
2019-01-07,LG3,RPG,31,191,291613,41624069273,34681792963,76305862236
2019-01-07,LG3,UG,65,241,351292,37192081936,2493997556,39686079492
2019-01-07,LG3,Alumni,4,27,83004,1825761472,131228860,1956990332
2019-01-07,LG3,Others(HKUST),2,4,6308,1578021,466616,2044637
2019-01-07,LG3,Non-HKUST,4,12,64246,10610172742,454494050,11064666792
2019-01-07,LG3,Total,183,826,1489554,144318776883,42325401011,186644177894
2019-01-07,LG4,Staff,67,213,194068,25688474763,2740306318,28428781081
2019-01-07,LG4,TPG,37,99,375756,39878244312,1660484804,41538729116
2019-01-07,LG4,RPG,74,217,489740,73949871640,3504852146,77454723786
2019-01-07,LG4,UG,99,213,194817,21691779678,2706948448,24398728126
2019-01-07,LG4,Alumni,6,24,98225,7193716698,601670629,7795387327
2019-01-07,LG4,Others(HKUST),9,19,176935,9404235395,3494461688,12898697083
2019-01-07,LG4,Non-HKUST,5,17,30601,5358514528,345691212,5704205740
2019-01-07,LG4,Total,297,802,1560142,183164837014,15054415245,198219252259
2019-01-07,All-Floors,Staff,233,1968,3112761,179120672517,27804562756,206925235273
2019-01-07,All-Floors,TPG,174,1436,3462982,321687035377,39852286234,361539321611
2019-01-07,All-Floors,RPG,186,930,1734441,189111095935,43836586108,232947682043
2019-01-07,All-Floors,UG,356,2031,3726604,360312107474,34574633670,394886741144
2019-01-07,All-Floors,Alumni,17,177,332435,30182668510,1588828879,31771497389
2019-01-07,All-Floors,Others(HKUST),19,97,1027794,27553201691,6764362457,34317564148
2019-01-07,All-Floors,Non-HKUST,26,101,253958,30924168935,1773943557,32698112492
2019-01-07,All-Floors,Total,1011,6740,13650975,1138890950439,156195203661,1295086154100
2019-01-08,1,Staff,62,635,1425144,55298217449,6308258916,61606476365
2019-01-08,1,TPG,20,127,481260,35170448333,2760786325,37931234658
2019-01-08,1,RPG,22,108,373470,21107341579,1700134017,22807475596
2019-01-08,1,UG,30,188,506111,61045388263,3870545052,64915933315
2019-01-08,1,Alumni,2,15,18195,818967989,347056369,1166024358
2019-01-08,1,Others(HKUST),3,10,111076,1195924116,126227048,1322151164
2019-01-08,1,Non-HKUST,4,10,61375,706642429,179245636,885888065
2019-01-08,1,Total,143,1093,2976631,175342930158,15292253363,190635183521
2019-01-08,G,Staff,126,595,968451,32981045628,8484129488,41465175116
2019-01-08,G,TPG,78,269,545607,70745499405,14781790335,85527289740
2019-01-08,G,RPG,77,300,527770,38487032308,2501642816,40988675124
2019-01-08,G,UG,98,273,452906,57703636279,3386463078,61090099357
2019-01-08,G,Alumni,8,45,78686,25617517933,1107645585,26725163518
2019-01-08,G,Others(HKUST),7,17,216723,2637784346,297008706,2934793052
2019-01-08,G,Non-HKUST,9,18,53798,3236863684,365369157,3602232841
2019-01-08,G,Total,403,1517,2843941,231409379583,30924049165,262333428748
2019-01-08,LG1,Staff,76,298,362718,26327179731,2909803310,29236983041
2019-01-08,LG1,TPG,98,783,1869635,197056157565,21251841701,218307999266
2019-01-08,LG1,RPG,71,272,530711,51268770258,4772765995,56041536253
2019-01-08,LG1,UG,176,877,2073856,153694815661,17307107962,171001923623
2019-01-08,LG1,Alumni,4,29,123573,11156513651,589241466,11745755117
2019-01-08,LG1,Others(HKUST),7,18,480087,8967494536,2796664167,11764158703
2019-01-08,LG1,Non-HKUST,11,49,136643,13643421137,1417790574,15061211711
2019-01-08,LG1,Total,443,2326,5577223,462114352539,51045215175,513159567714
2019-01-08,LG3,Staff,47,233,250087,10684019785,1530772959,12214792744
2019-01-08,LG3,TPG,27,225,552046,30773565672,4504319419,35277885091
2019-01-08,LG3,RPG,49,266,522189,74347331903,5483128233,79830460136
2019-01-08,LG3,UG,38,155,203542,29207981831,1609184716,30817166547
2019-01-08,LG3,Alumni,3,5,20509,120946001,35156168,156102169
2019-01-08,LG3,Others(HKUST),0,0,0,0,0,0
2019-01-08,LG3,Non-HKUST,4,13,12614,4101109877,63465595,4164575472
2019-01-08,LG3,Total,168,897,1560987,149234955069,13226027090,162460982159
2019-01-08,LG4,Staff,60,239,217429,21056019677,2698367584,23754387261
2019-01-08,LG4,TPG,39,124,378588,35048610142,2318432921,37367043063
2019-01-08,LG4,RPG,81,284,487151,71945514905,5005201340,76950716245
2019-01-08,LG4,UG,92,186,250268,26042380894,5576509231,31618890125
2019-01-08,LG4,Alumni,3,11,26252,2316102459,89854666,2405957125
2019-01-08,LG4,Others(HKUST),6,16,218501,9803060591,3513135195,13316195786
2019-01-08,LG4,Non-HKUST,5,7,4683,350830881,77569626,428400507
2019-01-08,LG4,Total,286,867,1582872,166562519549,19279070563,185841590112
2019-01-08,All-Floors,Staff,226,2000,3223829,146346482270,21931332257,168277814527
2019-01-08,All-Floors,TPG,169,1528,3827136,368794281117,45617170701,414411451818
2019-01-08,All-Floors,RPG,196,1230,2441291,257155990953,19462872401,276618863354
2019-01-08,All-Floors,UG,327,1679,3486683,327694202928,31749810039,359444012967
2019-01-08,All-Floors,Alumni,15,105,267215,40030048033,2168954254,42199002287
2019-01-08,All-Floors,Others(HKUST),15,61,1026387,22604263589,6733035116,29337298705
2019-01-08,All-Floors,Non-HKUST,23,97,269113,22038868008,2103440588,24142308596
2019-01-08,All-Floors,Total,971,6700,14541654,1184664136898,129766615356,1314430752254
2019-01-09,1,Staff,78,816,1386549,48889366413,4178220573,53067586986
2019-01-09,1,TPG,23,107,445882,19485411833,2168725710,21654137543
2019-01-09,1,RPG,19,94,288977,14175924795,1241819708,15417744503
2019-01-09,1,UG,30,184,716836,107778584834,6135249057,113913833891
2019-01-09,1,Alumni,2,6,38833,383818204,18656719,402474923
2019-01-09,1,Others(HKUST),3,28,155494,3072408672,212151547,3284560219
2019-01-09,1,Non-HKUST,2,4,27733,62202979,12367129,74570108
2019-01-09,1,Total,157,1239,3060304,193847717730,13967190443,207814908173
2019-01-09,G,Staff,133,598,938584,52124347254,5057051984,57181399238
2019-01-09,G,TPG,75,354,776317,98437680381,4735608475,103173288856
2019-01-09,G,RPG,75,227,468224,23009330886,2317713361,25327044247
2019-01-09,G,UG,111,354,624651,47782372249,16542404353,64324776602
2019-01-09,G,Alumni,5,21,59254,8563059859,342296455,8905356314
2019-01-09,G,Others(HKUST),8,14,210791,3385567188,415654596,3801221784
2019-01-09,G,Non-HKUST,14,49,122037,3983877860,363216311,4347094171
2019-01-09,G,Total,421,1617,3199858,237286235677,29773945535,267060181212
2019-01-09,LG1,Staff,91,324,523533,33777125091,8595764339,42372889430
2019-01-09,LG1,TPG,120,785,1767184,191131143222,14572888459,205704031681
2019-01-09,LG1,RPG,60,288,654026,69562958546,4309518438,73872476984
2019-01-09,LG1,UG,195,925,2108424,222047397159,14145288504,236192685663
2019-01-09,LG1,Alumni,6,55,123855,12871858604,1305690219,14177548823
2019-01-09,LG1,Others(HKUST),6,15,466583,7700141740,2851733014,10551874754
2019-01-09,LG1,Non-HKUST,6,22,82265,1941471902,121872791,2063344693
2019-01-09,LG1,Total,484,2414,5725870,539032096264,45902755764,584934852028
2019-01-09,LG3,Staff,61,254,205102,17850899857,4033124181,21884024038
2019-01-09,LG3,TPG,42,240,530972,79111721386,3214289435,82326010821
2019-01-09,LG3,RPG,55,279,442026,45064804189,3775695910,48840500099
2019-01-09,LG3,UG,57,166,254875,32141715620,1984443889,34126159509
2019-01-09,LG3,Alumni,3,8,48621,4973542588,99620146,5073162734
2019-01-09,LG3,Others(HKUST),2,3,0,7950819,695594,8646413
2019-01-09,LG3,Non-HKUST,2,8,33649,21801526177,225110561,22026636738
2019-01-09,LG3,Total,222,958,1515245,200952160636,13332979716,214285140352
2019-01-09,LG4,Staff,67,222,186364,40995678338,3660000636,44655678974
2019-01-09,LG4,TPG,21,88,218608,22914999973,6233467650,29148467623
2019-01-09,LG4,RPG,69,201,352959,61307330977,2229854039,63537185016
2019-01-09,LG4,UG,83,165,135239,25564956653,3866835524,29431792177
2019-01-09,LG4,Alumni,3,13,66533,6771561248,271792426,7043353674
2019-01-09,LG4,Others(HKUST),6,34,264222,10772530037,3555955241,14328485278
2019-01-09,LG4,Non-HKUST,4,4,0,498958789,13896165,512854954
2019-01-09,LG4,Total,253,727,1223925,168826016015,19831801681,188657817696
2019-01-09,All-Floors,Staff,247,2214,3240132,193637416953,25524161713,219161578666
2019-01-09,All-Floors,TPG,182,1574,3738963,411080956795,30924979729,442005936524
2019-01-09,All-Floors,RPG,191,1089,2206212,213120349393,13874601456,226994950849
2019-01-09,All-Floors,UG,361,1794,3840025,435315026515,42674221327,477989247842
2019-01-09,All-Floors,Alumni,14,103,337096,33563840503,2038055965,35601896468
2019-01-09,All-Floors,Others(HKUST),14,94,1097090,24938598456,7036189992,31974788448
2019-01-09,All-Floors,Non-HKUST,23,87,265684,28288037707,736462957,29024500664
2019-01-09,All-Floors,Total,1032,6955,14725202,1339944226322,122808673139,1462752899461
2019-01-10,1,Staff,64,693,1392604,55910328677,11880070762,67790399439
2019-01-10,1,TPG,24,143,696314,108034738633,5854458464,113889197097
2019-01-10,1,RPG,23,112,284991,25825331546,1241284069,27066615615
2019-01-10,1,UG,36,192,615453,44941033319,2354933193,47295966512
2019-01-10,1,Alumni,3,23,50009,11754216490,1156571338,12910787828
2019-01-10,1,Others(HKUST),3,17,243697,659654109,112577713,772231822
2019-01-10,1,Non-HKUST,5,25,63112,996913016,136171490,1133084506
2019-01-10,1,Total,158,1205,3346180,248122215790,22736067029,270858282819
2019-01-10,G,Staff,140,643,990153,54989653881,12135071044,67124724925
2019-01-10,G,TPG,76,265,523083,55443286920,3310603315,58753890235
2019-01-10,G,RPG,86,302,651218,323224859165,5460902262,328685761427
2019-01-10,G,UG,124,342,537545,71268319747,19335832292,90604152039
2019-01-10,G,Alumni,7,27,34217,12343324149,381593422,12724917571
2019-01-10,G,Others(HKUST),11,26,256498,2399307935,576558665,2975866600
2019-01-10,G,Non-HKUST,12,18,29333,1121779723,81520984,1203300707
2019-01-10,G,Total,456,1623,3022047,520790531520,41282081984,562072613504
2019-01-10,LG1,Staff,97,412,519968,32368033320,2864712118,35232745438
2019-01-10,LG1,TPG,92,567,1663140,149188731128,20370853272,169559584400
2019-01-10,LG1,RPG,64,348,753984,59344941486,3388458314,62733399800
2019-01-10,LG1,UG,187,957,1682490,156636017416,20582187692,177218205108
2019-01-10,LG1,Alumni,5,37,141492,12943494287,702596242,13646090529
2019-01-10,LG1,Others(HKUST),7,29,494657,12129871340,2595868907,14725740247
2019-01-10,LG1,Non-HKUST,6,29,89864,405663697,86518118,492181815
2019-01-10,LG1,Total,458,2379,5345595,423016752674,50591194663,473607947337
2019-01-10,LG3,Staff,47,229,205602,9088526506,1483735546,10572262052
2019-01-10,LG3,TPG,34,172,373505,23968756352,4001777315,27970533667
2019-01-10,LG3,RPG,34,121,256207,39261792528,1562607829,40824400357
2019-01-10,LG3,UG,67,447,438581,81092771963,4625358824,85718130787
2019-01-10,LG3,Alumni,4,8,35620,3411097486,122693092,3533790578
2019-01-10,LG3,Others(HKUST),1,2,0,219282014,45948062,265230076
2019-01-10,LG3,Non-HKUST,1,4,29135,407538046,16305765,423843811
2019-01-10,LG3,Total,188,983,1338650,157449764895,11858426433,169308191328
2019-01-10,LG4,Staff,76,208,188060,29079644567,1959146817,31038791384
2019-01-10,LG4,TPG,33,104,346088,38884768642,2211644577,41096413219
2019-01-10,LG4,RPG,61,154,288528,16257391311,1325464565,17582855876
2019-01-10,LG4,UG,97,191,150511,45764352285,29369360475,75133712760
2019-01-10,LG4,Alumni,5,35,63671,2563267947,189450029,2752717976
2019-01-10,LG4,Others(HKUST),9,40,242976,29145008424,4491709264,33636717688
2019-01-10,LG4,Non-HKUST,5,12,15849,8557494785,489805986,9047300771
2019-01-10,LG4,Total,286,744,1295683,170251927961,40036581713,210288509674
2019-01-10,All-Floors,Staff,251,2185,3296387,181436186951,30322736287,211758923238
2019-01-10,All-Floors,TPG,164,1251,3602130,375520281675,35749336943,411269618618
2019-01-10,All-Floors,RPG,193,1037,2234928,463914316036,12978717039,476893033075
2019-01-10,All-Floors,UG,360,2129,3424580,399702494730,76267672476,475970167206
2019-01-10,All-Floors,Alumni,20,130,325009,43015400359,2552904123,45568304482
2019-01-10,All-Floors,Others(HKUST),21,114,1237828,44553123822,7822662611,52375786433
2019-01-10,All-Floors,Non-HKUST,22,88,227293,11489389267,810322343,12299711610
2019-01-10,All-Floors,Total,1031,6934,14348155,1519631192840,166504351822,1686135544662
2019-01-11,1,Staff,72,531,1238623,23403742150,2827157520,26230899670
2019-01-11,1,TPG,21,112,473115,26935650109,1455771758,28391421867
2019-01-11,1,RPG,9,42,104878,3185086161,391909522,3576995683
2019-01-11,1,UG,40,206,695898,46469762128,3570695099,50040457227
2019-01-11,1,Alumni,3,19,84385,4397759480,1702073711,6099833191
2019-01-11,1,Others(HKUST),4,15,235313,608451326,71476715,679928041
2019-01-11,1,Non-HKUST,2,3,14201,1107354057,403479090,1510833147
2019-01-11,1,Total,151,928,2846413,106107805411,10422563415,116530368826
2019-01-11,G,Staff,119,572,771212,56566576022,4719877463,61286453485
2019-01-11,G,TPG,82,390,771933,64994563517,10754998084,75749561601
2019-01-11,G,RPG,58,247,496723,34865721870,2922245445,37787967315
2019-01-11,G,UG,130,399,720355,71235655660,10232115654,81467771314
2019-01-11,G,Alumni,6,53,52796,26553119331,904457709,27457577040
2019-01-11,G,Others(HKUST),10,35,265678,5169772170,566870967,5736643137
2019-01-11,G,Non-HKUST,14,36,18692,3470247705,254408750,3724656455
2019-01-11,G,Total,419,1732,3097389,262855656275,30354974072,293210630347
2019-01-11,LG1,Staff,72,294,350413,97011358496,2411282671,99422641167
2019-01-11,LG1,TPG,109,734,1796901,208371706394,16987101523,225358807917
2019-01-11,LG1,RPG,62,193,314444,25329059829,2674096689,28003156518
2019-01-11,LG1,UG,201,962,1744386,211735801156,33669274695,245405075851
2019-01-11,LG1,Alumni,6,23,46648,4839584933,181777851,5021362784
2019-01-11,LG1,Others(HKUST),5,51,491045,18115527151,3304165311,21419692462
2019-01-11,LG1,Non-HKUST,5,12,47680,2970467346,106318578,3076785924
2019-01-11,LG1,Total,460,2269,4791517,568373505305,59334017318,627707522623
2019-01-11,LG3,Staff,54,226,192764,37061526545,2233841762,39295368307
2019-01-11,LG3,TPG,19,130,318222,30260741659,2815301025,33076042684
2019-01-11,LG3,RPG,43,244,417077,38490034333,1819731663,40309765996
2019-01-11,LG3,UG,64,275,464541,33392880812,1998418210,35391299022
2019-01-11,LG3,Alumni,4,8,28057,4635260617,135126874,4770387491
2019-01-11,LG3,Others(HKUST),2,20,28104,5555226588,166278397,5721504985
2019-01-11,LG3,Non-HKUST,7,38,110272,16337554957,531437641,16868992598
2019-01-11,LG3,Total,193,941,1559037,165733225511,9700135572,175433361083
2019-01-11,LG4,Staff,69,193,148872,102879802460,6980725195,109860527655
2019-01-11,LG4,TPG,30,71,218263,12476465435,863761963,13340227398
2019-01-11,LG4,RPG,56,195,482302,48602786125,7283256997,55886043122
2019-01-11,LG4,UG,110,282,293577,73836033674,12087285994,85923319668
2019-01-11,LG4,Alumni,6,25,65120,21184944224,846601072,22031545296
2019-01-11,LG4,Others(HKUST),8,20,177293,17493738069,5937165296,23430903365
2019-01-11,LG4,Non-HKUST,6,14,8973,9816017410,165103774,9981121184
2019-01-11,LG4,Total,285,800,1394400,286289787397,34163900291,320453687688
2019-01-11,All-Floors,Staff,236,1816,2701884,316923005673,19172884611,336095890284
2019-01-11,All-Floors,TPG,173,1437,3578434,343039127114,32876934353,375916061467
2019-01-11,All-Floors,RPG,146,921,1815424,150472688318,15091240316,165563928634
2019-01-11,All-Floors,UG,411,2124,3918757,436670133430,61557789652,498227923082
2019-01-11,All-Floors,Alumni,19,128,277006,61610668585,3770037217,65380705802
2019-01-11,All-Floors,Others(HKUST),19,141,1197433,46942715304,10045956686,56988671990
2019-01-11,All-Floors,Non-HKUST,22,103,199818,33701641475,1460747833,35162389308
2019-01-11,All-Floors,Total,1026,6670,13688756,1389359979899,143975590668,1533335570567
2019-01-12,1,Staff,7,45,363450,815877373,230103613,1045980986
2019-01-12,1,TPG,20,100,534020,41035741318,2530836019,43566577337
2019-01-12,1,RPG,14,64,208994,8949967439,3017351567,11967319006
2019-01-12,1,UG,16,79,286605,25586054004,4912756908,30498810912
2019-01-12,1,Alumni,4,18,45520,5667238562,269818366,5937056928
2019-01-12,1,Others(HKUST),1,2,172798,22244637,8127063,30371700
2019-01-12,1,Non-HKUST,3,15,60279,2536575673,138061277,2674636950
2019-01-12,1,Total,65,323,1671666,84613699006,11107054813,95720753819
2019-01-12,G,Staff,38,163,156610,15864651197,1701210077,17565861274
2019-01-12,G,TPG,59,212,503593,59720613835,15636206694,75356820529
2019-01-12,G,RPG,44,180,374085,41648328459,4973978754,46622307213
2019-01-12,G,UG,86,341,583927,85927318608,5629431116,91556749724
2019-01-12,G,Alumni,21,79,208945,13742973003,881820733,14624793736
2019-01-12,G,Others(HKUST),6,15,228422,2546764238,339858826,2886623064
2019-01-12,G,Non-HKUST,11,34,66067,2214796828,266183523,2480980351
2019-01-12,G,Total,265,1024,2121649,221665446168,29428689723,251094135891
2019-01-12,LG1,Staff,27,130,243349,90735731910,3243768017,93979499927
2019-01-12,LG1,TPG,99,619,1509253,153750316272,30044172274,183794488546
2019-01-12,LG1,RPG,44,237,491406,62049378688,5392189105,67441567793
2019-01-12,LG1,UG,113,531,1436386,130475785080,10234817457,140710602537
2019-01-12,LG1,Alumni,11,44,154418,10653124425,500673285,11153797710
2019-01-12,LG1,Others(HKUST),1,8,431454,7351814843,2709350677,10061165520
2019-01-12,LG1,Non-HKUST,5,12,31133,10531070960,1473788203,12004859163
2019-01-12,LG1,Total,300,1581,4297399,465547222178,53598759018,519145981196
2019-01-12,LG3,Staff,14,75,89626,9326757852,1917106143,11243863995
2019-01-12,LG3,TPG,33,202,535365,49508179908,4827104465,54335284373
2019-01-12,LG3,RPG,19,85,194602,36866068262,2574160826,39440229088
2019-01-12,LG3,UG,40,175,252692,15567886245,2289356009,17857242254
2019-01-12,LG3,Alumni,9,27,72853,9388631175,554454350,9943085525
2019-01-12,LG3,Others(HKUST),0,0,0,0,0,0
2019-01-12,LG3,Non-HKUST,5,60,67692,18238438461,991417270,19229855731
2019-01-12,LG3,Total,120,624,1212830,138895961903,13153599063,152049560966
2019-01-12,LG4,Staff,22,49,74555,9346236123,672211827,10018447950
2019-01-12,LG4,TPG,26,98,323070,44012716352,1849397556,45862113908
2019-01-12,LG4,RPG,45,111,268761,16957908056,916369444,17874277500
2019-01-12,LG4,UG,59,147,168277,9530038295,457877506,9987915801
2019-01-12,LG4,Alumni,8,24,60466,4438887064,344109337,4782996401
2019-01-12,LG4,Others(HKUST),4,7,174239,13200310825,4666699416,17867010241
2019-01-12,LG4,Non-HKUST,5,18,43916,1745650266,152166905,1897817171
2019-01-12,LG4,Total,169,454,1113284,99231746981,9058831991,108290578972
2019-01-12,All-Floors,Staff,70,462,927590,126089254455,7764399677,133853654132
2019-01-12,All-Floors,TPG,151,1231,3405301,348027567685,54887717008,402915284693
2019-01-12,All-Floors,RPG,113,677,1537848,166471650904,16874049696,183345700600
2019-01-12,All-Floors,UG,217,1273,2727887,267087082232,23524238996,290611321228
2019-01-12,All-Floors,Alumni,35,192,542202,43890854229,2550876071,46441730300
2019-01-12,All-Floors,Others(HKUST),9,32,1006913,23121134543,7724035982,30845170525
2019-01-12,All-Floors,Non-HKUST,19,139,269087,35266532188,3021617178,38288149366
2019-01-12,All-Floors,Total,614,4006,10416828,1009954076236,116346934608,1126301010844
2019-01-13,1,Staff,9,37,352431,603897485,136099164,739996649
2019-01-13,1,TPG,13,45,129075,6273234177,324413390,6597647567
2019-01-13,1,RPG,8,20,76867,4679629358,282683713,4962313071
2019-01-13,1,UG,7,17,53106,5172857513,205659681,5378517194
2019-01-13,1,Alumni,5,18,45193,1523877815,95658127,1619535942
2019-01-13,1,Others(HKUST),1,2,172798,22244637,8127063,30371700
2019-01-13,1,Non-HKUST,3,12,41050,1878186667,162312533,2040499200
2019-01-13,1,Total,46,151,870520,20153927652,1214953671,21368881323
2019-01-13,G,Staff,19,73,43555,3014688062,197931590,3212619652
2019-01-13,G,TPG,31,116,219290,23554065420,2294971827,25849037247
2019-01-13,G,RPG,24,91,155009,12011630780,2167656664,14179287444
2019-01-13,G,UG,29,110,189905,13046030521,751475898,13797506419
2019-01-13,G,Alumni,5,18,22139,1664258391,83572558,1747830949
2019-01-13,G,Others(HKUST),3,3,176219,2066687020,303487729,2370174749
2019-01-13,G,Non-HKUST,5,17,37085,1559566987,128559176,1688126163
2019-01-13,G,Total,116,428,843202,56916927181,5927655442,62844582623
2019-01-13,LG1,Staff,24,80,108919,3920784251,296403271,4217187522
2019-01-13,LG1,TPG,54,216,512777,36703251258,3819924865,40523176123
2019-01-13,LG1,RPG,25,90,167793,8607777283,485345565,9093122848
2019-01-13,LG1,UG,55,250,449205,26263340450,3706369998,29969710448
2019-01-13,LG1,Alumni,7,33,38703,7349833232,8033237436,15383070668
2019-01-13,LG1,Others(HKUST),2,14,451076,14435558796,3539142830,17974701626
2019-01-13,LG1,Non-HKUST,7,40,14217,1874595064,113804565,1988399629
2019-01-13,LG1,Total,174,723,1742690,99155140334,19994228530,119149368864
2019-01-13,LG3,Staff,14,40,36005,966620815,109631937,1076252752
2019-01-13,LG3,TPG,15,39,127107,5936492313,477570209,6414062522
2019-01-13,LG3,RPG,12,34,90734,12286127983,433295509,12719423492
2019-01-13,LG3,UG,19,50,28799,7146939500,556164406,7703103906
2019-01-13,LG3,Alumni,8,20,46091,7305786721,21046101779,28351888500
2019-01-13,LG3,Others(HKUST),0,0,0,0,0,0
2019-01-13,LG3,Non-HKUST,7,16,31679,10451161786,131347557,10582509343
2019-01-13,LG3,Total,75,199,360415,44093129118,22754111397,66847240515
2019-01-13,LG4,Staff,12,26,18365,2615841151,101042610,2716883761
2019-01-13,LG4,TPG,16,38,56531,6045763551,2535834407,8581597958
2019-01-13,LG4,RPG,28,56,27543,16042912265,609523325,16652435590
2019-01-13,LG4,UG,69,129,20341,12093979662,980492073,13074471735
2019-01-13,LG4,Alumni,3,5,10441,651449890,289272855,940722745
2019-01-13,LG4,Others(HKUST),4,6,174778,9586114508,3520923792,13107038300
2019-01-13,LG4,Non-HKUST,6,44,79933,8778087216,4017932243,12796019459
2019-01-13,LG4,Total,138,304,387932,55814148243,12055021305,67869169548
2019-01-13,All-Floors,Staff,54,256,559275,11121831764,841108572,11962940336
2019-01-13,All-Floors,TPG,88,454,1044780,78512806719,9452714698,87965521417
2019-01-13,All-Floors,RPG,80,291,517946,53628077669,3978504776,57606582445
2019-01-13,All-Floors,UG,151,556,741356,63723147646,6200162056,69923309702
2019-01-13,All-Floors,Alumni,20,94,162567,18495206049,29547842755,48043048804
2019-01-13,All-Floors,Others(HKUST),8,25,974871,26110604961,7371681414,33482286375
2019-01-13,All-Floors,Non-HKUST,17,129,203964,24541597720,4553956074,29095553794
2019-01-13,All-Floors,Total,418,1805,4204759,276133272528,61945970345,338079242873
2019-01-14,1,Staff,62,639,1198424,34014748904,4913350117,38928099021
2019-01-14,1,TPG,22,128,528051,30794904360,1820020768,32614925128
2019-01-14,1,RPG,21,108,322257,11477166230,2952095323,14429261553
2019-01-14,1,UG,42,218,606675,52990382835,3907932786,56898315621
2019-01-14,1,Alumni,1,1,9164,632605755,21042853,653648608
2019-01-14,1,Others(HKUST),4,17,197660,1946946633,539423015,2486369648
2019-01-14,1,Non-HKUST,1,1,11881,773252791,77793131,851045922
2019-01-14,1,Total,153,1112,2874112,132630007508,14231657993,146861665501
2019-01-14,G,Staff,135,626,986629,51126208697,6904924150,58031132847
2019-01-14,G,TPG,72,309,643781,44446634470,5334663616,49781298086
2019-01-14,G,RPG,69,192,342070,18411403367,1058385439,19469788806
2019-01-14,G,UG,138,461,869092,65875700396,16134430965,82010131361
2019-01-14,G,Alumni,7,20,84121,19923151073,42567721293,62490872366
2019-01-14,G,Others(HKUST),7,23,219212,3599218632,376357934,3975576566
2019-01-14,G,Non-HKUST,5,25,61763,1356970461,250754929,1607725390
2019-01-14,G,Total,433,1656,3206668,204739287096,72627238326,277366525422
2019-01-14,LG1,Staff,84,349,419384,32028467998,2270023697,34298491695
2019-01-14,LG1,TPG,110,828,1877100,196725676147,24051864223,220777540370
2019-01-14,LG1,RPG,71,338,638634,41942639610,5205508770,47148148380
2019-01-14,LG1,UG,204,945,1879492,158502903093,20391879839,178894782932
2019-01-14,LG1,Alumni,6,45,131432,11617693163,416206312,12033899475
2019-01-14,LG1,Others(HKUST),6,16,493382,7714506446,2494182245,10208688691
2019-01-14,LG1,Non-HKUST,6,26,63029,1341428907,96588079,1438016986
2019-01-14,LG1,Total,487,2547,5502453,449873315364,54926253165,504799568529
2019-01-14,LG3,Staff,62,266,346081,12194064385,4730672089,16924736474
2019-01-14,LG3,TPG,26,157,401809,26433978236,2421460735,28855438971
2019-01-14,LG3,RPG,36,194,434049,43391219596,6534012545,49925232141
2019-01-14,LG3,UG,64,246,440524,50250674242,1759489676,52010163918
2019-01-14,LG3,Alumni,4,7,46252,5827356919,258702793,6086059712
2019-01-14,LG3,Others(HKUST),1,1,0,0,0,0
2019-01-14,LG3,Non-HKUST,0,0,0,0,0,0
2019-01-14,LG3,Total,193,871,1668715,138097293378,15704337838,153801631216
2019-01-14,LG4,Staff,59,137,128198,13689806827,1256964326,14946771153
2019-01-14,LG4,TPG,36,113,337322,34038667695,1695905793,35734573488
2019-01-14,LG4,RPG,77,175,275539,53248900811,2842489841,56091390652
2019-01-14,LG4,UG,113,269,179898,78370471328,6186104587,84556575915
2019-01-14,LG4,Alumni,2,7,28403,4546471327,184484344,4730955671
2019-01-14,LG4,Others(HKUST),3,10,179264,9623212759,3526153510,13149366269
2019-01-14,LG4,Non-HKUST,6,24,59601,3246606093,389220086,3635826179
2019-01-14,LG4,Total,296,735,1188225,196764136840,16081322487,212845459327
2019-01-14,All-Floors,Staff,246,2017,3078716,143053296811,20075934379,163129231190
2019-01-14,All-Floors,TPG,181,1535,3788063,332439860908,35323915135,367763776043
2019-01-14,All-Floors,RPG,201,1007,2012549,168471329614,18592491918,187063821532
2019-01-14,All-Floors,UG,429,2139,3975681,405990131894,48379837853,454369969747
2019-01-14,All-Floors,Alumni,16,80,299372,42547278237,43448157595,85995435832
2019-01-14,All-Floors,Others(HKUST),15,67,1089518,22883884470,6936116704,29820001174
2019-01-14,All-Floors,Non-HKUST,14,76,196274,6718258252,814356225,7532614477
2019-01-14,All-Floors,Total,1102,6921,14440173,1122104040186,173570809809,1295674849995
2019-01-15,1,Staff,63,637,1287850,41041927782,3161214393,44203142175
2019-01-15,1,TPG,26,199,531893,35289688666,2288701892,37578390558
2019-01-15,1,RPG,18,68,263350,7325110019,529213785,7854323804
2019-01-15,1,UG,36,183,630034,38971789194,3159673005,42131462199
2019-01-15,1,Alumni,3,5,28803,1531401647,51597545,1582999192
2019-01-15,1,Others(HKUST),4,12,174302,251796229,68598699,320394928
2019-01-15,1,Non-HKUST,1,3,25937,72156356,4577931,76734287
2019-01-15,1,Total,151,1107,2942169,124483869893,9263577250,133747447143
2019-01-15,G,Staff,143,631,897471,26482063721,3955922993,30437986714
2019-01-15,G,TPG,76,280,571333,71988829894,3850234520,75839064414
2019-01-15,G,RPG,76,277,507693,42418546327,2135157748,44553704075
2019-01-15,G,UG,142,468,619968,41878498652,4090450849,45968949501
2019-01-15,G,Alumni,5,23,50434,14637335085,372735921,15010071006
2019-01-15,G,Others(HKUST),8,18,250961,4321702903,500905893,4822608796
2019-01-15,G,Non-HKUST,6,26,50405,3130233864,229365978,3359599842
2019-01-15,G,Total,456,1723,2948265,204857210446,15134773902,219991984348
2019-01-15,LG1,Staff,155,568,961992,100913843319,9051397524,109965240843
2019-01-15,LG1,TPG,108,776,2189087,218472056829,25698940749,244170997578
2019-01-15,LG1,RPG,57,229,433566,45390655929,2283248211,47673904140
2019-01-15,LG1,UG,208,1016,2013186,222245583375,32674708553,254920291928
2019-01-15,LG1,Alumni,6,50,107973,12372425590,486507602,12858933192
2019-01-15,LG1,Others(HKUST),12,66,520578,9397974854,2778703984,12176678838
2019-01-15,LG1,Non-HKUST,6,22,52413,818895264,66786113,885681377
2019-01-15,LG1,Total,552,2727,6278795,609611435160,73040292736,682651727896
2019-01-15,LG3,Staff,49,268,442015,28011503197,4277101733,32288604930
2019-01-15,LG3,TPG,36,216,519010,44261460521,3263533533,47524994054
2019-01-15,LG3,RPG,47,341,687583,115771296982,6471292745,122242589727
2019-01-15,LG3,UG,67,199,552588,44612138606,2252767725,46864906331
2019-01-15,LG3,Alumni,4,21,52341,8776917194,467898588,9244815782
2019-01-15,LG3,Others(HKUST),4,18,180,223251474,14006186,237257660
2019-01-15,LG3,Non-HKUST,3,3,0,490950,138525,629475
2019-01-15,LG3,Total,210,1066,2253717,241657058924,16746739035,258403797959
2019-01-15,LG4,Staff,67,131,163627,57666165343,5421226343,63087391686
2019-01-15,LG4,TPG,34,121,409098,44584065186,2788218602,47372283788
2019-01-15,LG4,RPG,63,179,365664,44233504960,1992213301,46225718261
2019-01-15,LG4,UG,114,254,255812,84087273825,16546073990,100633347815
2019-01-15,LG4,Alumni,4,22,81493,5766514261,295704581,6062218842
2019-01-15,LG4,Others(HKUST),9,17,186659,9790200363,3534818294,13325018657
2019-01-15,LG4,Non-HKUST,4,9,20536,4183500346,75942307,4259442653
2019-01-15,LG4,Total,295,733,1482889,250311224284,30654197418,280965421702
2019-01-15,All-Floors,Staff,298,2235,3752955,254115503362,25866862986,279982366348
2019-01-15,All-Floors,TPG,182,1592,4220421,414596101096,37889629296,452485730392
2019-01-15,All-Floors,RPG,179,1094,2257856,255139114217,13411125790,268550240007
2019-01-15,All-Floors,UG,415,2120,4071588,431795283652,58723674122,490518957774
2019-01-15,All-Floors,Alumni,14,121,321044,43084593777,1674444237,44759038014
2019-01-15,All-Floors,Others(HKUST),24,131,1132680,23984925823,6897033056,30881958879
2019-01-15,All-Floors,Non-HKUST,17,63,149291,8205276780,376810854,8582087634
2019-01-15,All-Floors,Total,1129,7356,15905835,1430920798707,144839580341,1575760379048
2019-01-16,1,Staff,79,701,1309581,42015355550,3551490859,45566846409
2019-01-16,1,TPG,24,125,628794,34366726546,2063013388,36429739934
2019-01-16,1,RPG,22,79,164972,2158203849,215377385,2373581234
2019-01-16,1,UG,44,258,858802,82278340365,5718718706,87997059071
2019-01-16,1,Alumni,2,9,55056,1966310015,89661435,2055971450
2019-01-16,1,Others(HKUST),5,20,101864,1652743905,303983369,1956727274
2019-01-16,1,Non-HKUST,2,2,4499,103320789,31777340,135098129
2019-01-16,1,Total,178,1194,3123568,164541001019,11974022482,176515023501
2019-01-16,G,Staff,140,704,1010232,39515953376,10285812190,49801765566
2019-01-16,G,TPG,85,363,689955,72818914049,7597052976,80415967025
2019-01-16,G,RPG,79,270,545450,22168973921,2114203371,24283177292
2019-01-16,G,UG,135,424,558607,73268308381,13009432058,86277740439
2019-01-16,G,Alumni,7,20,61562,12350035058,451342570,12801377628
2019-01-16,G,Others(HKUST),9,23,229154,7451590570,492437203,7944027773
2019-01-16,G,Non-HKUST,3,29,38538,1539701935,98349071,1638051006
2019-01-16,G,Total,458,1833,3133498,229113477290,34048629439,263162106729
2019-01-16,LG1,Staff,91,314,372914,36737396271,2782098649,39519494920
2019-01-16,LG1,TPG,104,650,1757694,176620703344,18467688930,195088392274
2019-01-16,LG1,RPG,80,355,623574,47864067374,9105697281,56969764655
2019-01-16,LG1,UG,217,1102,2481837,252350705851,23794285385,276144991236
2019-01-16,LG1,Alumni,5,26,85634,20169578851,633152185,20802731036
2019-01-16,LG1,Others(HKUST),6,13,465498,7271332457,2285430233,9556762690
2019-01-16,LG1,Non-HKUST,6,48,82998,16193937612,1240652401,17434590013
2019-01-16,LG1,Total,509,2508,5870149,557207721760,58309005064,615516726824
2019-01-16,LG3,Staff,48,243,400723,14501251145,1629841710,16131092855
2019-01-16,LG3,TPG,35,178,487483,38065204470,3072290292,41137494762
2019-01-16,LG3,RPG,38,226,686895,43628226125,5882661460,49510887585
2019-01-16,LG3,UG,62,249,512905,59763522646,2399128682,62162651328
2019-01-16,LG3,Alumni,2,2,14773,754627780,48014468,802642248
2019-01-16,LG3,Others(HKUST),0,0,0,0,0,0
2019-01-16,LG3,Non-HKUST,0,0,0,0,0,0
2019-01-16,LG3,Total,185,898,2102779,156712832166,13031936612,169744768778
2019-01-16,LG4,Staff,53,123,129647,13245087722,1592833560,14837921282
2019-01-16,LG4,TPG,36,89,263218,24488115454,6121514929,30609630383
2019-01-16,LG4,RPG,76,212,466895,46440541546,5330287253,51770828799
2019-01-16,LG4,UG,130,328,231951,192259865497,11144906129,203404771626
2019-01-16,LG4,Alumni,5,16,129650,5932545315,289680645,6222225960
2019-01-16,LG4,Others(HKUST),7,22,213638,10636995015,3591052390,14228047405
2019-01-16,LG4,Non-HKUST,5,12,37099,2046367735,59017825,2105385560
2019-01-16,LG4,Total,312,802,1472098,295049518284,28129292731,323178811015
2019-01-16,All-Floors,Staff,264,2085,3223097,146015044064,19842076968,165857121032
2019-01-16,All-Floors,TPG,188,1405,3827144,346359663863,37321560515,383681224378
2019-01-16,All-Floors,RPG,199,1142,2487786,162260012815,22648226750,184908239565
2019-01-16,All-Floors,UG,427,2361,4644102,659920742740,56066470960,715987213700
2019-01-16,All-Floors,Alumni,17,73,346675,41173097019,1511851303,42684948322
2019-01-16,All-Floors,Others(HKUST),18,78,1010154,27012661947,6672903195,33685565142
2019-01-16,All-Floors,Non-HKUST,12,91,163134,19883328071,1429796637,21313124708
2019-01-16,All-Floors,Total,1125,7235,15702092,1402624550519,145492886328,1548117436847
2019-01-17,1,Staff,71,803,1399346,100888955431,8059509370,108948464801
2019-01-17,1,TPG,36,211,671880,81017393451,6143019372,87160412823
2019-01-17,1,RPG,16,69,184885,13630539504,4174521764,17805061268
2019-01-17,1,UG,36,209,728355,44607314037,2484334294,47091648331
2019-01-17,1,Alumni,2,4,11342,640808982,23867840,664676822
2019-01-17,1,Others(HKUST),3,15,127831,508386423,247612029,755998452
2019-01-17,1,Non-HKUST,1,2,12603,333638051,65493673,399131724
2019-01-17,1,Total,165,1313,3136242,241627035879,21198358342,262825394221
2019-01-17,G,Staff,141,630,1046794,37832338576,7323058350,45155396926
2019-01-17,G,TPG,68,296,545036,79144356237,8246561739,87390917976
2019-01-17,G,RPG,73,258,474550,22697473215,1810166002,24507639217
2019-01-17,G,UG,117,388,517190,51256505541,4024811256,55281316797
2019-01-17,G,Alumni,6,28,61922,10961801479,379194305,11340995784
2019-01-17,G,Others(HKUST),8,30,217638,7536194319,727444568,8263638887
2019-01-17,G,Non-HKUST,3,22,49535,15946649874,547996786,16494646660
2019-01-17,G,Total,416,1652,2912665,225375319241,23059233006,248434552247
2019-01-17,LG1,Staff,92,333,356136,41006515427,6267278004,47273793431
2019-01-17,LG1,TPG,118,829,2189490,238511797310,40034559130,278546356440
2019-01-17,LG1,RPG,82,296,659638,62653314877,4634143046,67287457923
2019-01-17,LG1,UG,208,1015,2372993,283652292131,21860423769,305512715900
2019-01-17,LG1,Alumni,4,25,69297,7920334490,346564671,8266899161
2019-01-17,LG1,Others(HKUST),5,21,477737,7928161378,4201983209,12130144587
2019-01-17,LG1,Non-HKUST,5,26,100979,3679162290,342586793,4021749083
2019-01-17,LG1,Total,514,2545,6226270,645351577903,77687538622,723039116525
2019-01-17,LG3,Staff,64,346,440410,24256705607,3644486528,27901192135
2019-01-17,LG3,TPG,33,206,654111,82266882530,10869586086,93136468616
2019-01-17,LG3,RPG,50,384,588538,57356867548,3449228758,60806096306
2019-01-17,LG3,UG,68,254,327924,52610816832,11989590437,64600407269
2019-01-17,LG3,Alumni,3,3,0,76015465,6540361,82555826
2019-01-17,LG3,Others(HKUST),4,5,722,275960,955954,1231914
2019-01-17,LG3,Non-HKUST,1,1,6651,56749177,20287095,77036272
2019-01-17,LG3,Total,223,1199,2018356,216624313119,29980675219,246604988338
2019-01-17,LG4,Staff,86,254,219628,12967821078,1918430632,14886251710
2019-01-17,LG4,TPG,38,165,445308,60942137997,2780239484,63722377481
2019-01-17,LG4,RPG,72,183,318946,28396105046,2711075888,31107180934
2019-01-17,LG4,UG,127,252,197191,49479566554,16657811368,66137377922
2019-01-17,LG4,Alumni,4,24,92026,5886662218,404631261,6291293479
2019-01-17,LG4,Others(HKUST),7,33,252372,19547682962,6328552966,25876235928
2019-01-17,LG4,Non-HKUST,0,0,0,0,0,0
2019-01-17,LG4,Total,334,911,1525471,177219975855,30800741599,208020717454
2019-01-17,All-Floors,Staff,262,2366,3462314,216952336119,27212762884,244165099003
2019-01-17,All-Floors,TPG,188,1707,4505825,541882567525,68073965811,609956533336
2019-01-17,All-Floors,RPG,192,1190,2226557,184734300190,16779135458,201513435648
2019-01-17,All-Floors,UG,400,2118,4143653,481606495095,57016971124,538623466219
2019-01-17,All-Floors,Alumni,12,84,234587,25485622634,1160798438,26646421072
2019-01-17,All-Floors,Others(HKUST),17,104,1076300,35520701042,11506548726,47027249768
2019-01-17,All-Floors,Non-HKUST,10,51,169768,20016199392,976364347,20992563739
2019-01-17,All-Floors,Total,1081,7620,15819004,1506198221997,182726546788,1688924768785
2019-01-18,1,Staff,56,651,1214202,66344742630,6117985247,72462727877
2019-01-18,1,TPG,27,176,701317,55926794257,4997669377,60924463634
2019-01-18,1,RPG,21,83,222872,8450929586,2508311099,10959240685
2019-01-18,1,UG,32,145,501169,33526100495,2255488703,35781589198
2019-01-18,1,Alumni,4,14,45894,2020656609,117514227,2138170836
2019-01-18,1,Others(HKUST),5,25,86260,1270479055,351653947,1622133002
2019-01-18,1,Non-HKUST,3,7,38518,760644932,302067460,1062712392
2019-01-18,1,Total,148,1101,2810232,168300347564,16650690060,184951037624
2019-01-18,G,Staff,141,661,850935,34119667593,3258973516,37378641109
2019-01-18,G,TPG,100,379,600761,64345634011,25120544154,89466178165
2019-01-18,G,RPG,56,160,289913,17823395075,1301213820,19124608895
2019-01-18,G,UG,100,294,449380,61181742079,3718104381,64899846460
2019-01-18,G,Alumni,8,23,88027,13032457781,465672106,13498129887
2019-01-18,G,Others(HKUST),11,31,284719,6454860595,501552614,6956413209
2019-01-18,G,Non-HKUST,5,18,52367,1661020162,219744033,1880764195
2019-01-18,G,Total,421,1566,2616102,198618777296,34585804624,233204581920
2019-01-18,LG1,Staff,70,302,307626,25905219108,3280122428,29185341536
2019-01-18,LG1,TPG,131,871,1881143,205487496618,18691493779,224178990397
2019-01-18,LG1,RPG,75,302,491768,53311667455,4993197446,58304864901
2019-01-18,LG1,UG,186,885,2074833,199632449585,18293207011,217925656596
2019-01-18,LG1,Alumni,4,13,53433,8142949723,422158240,8565107963
2019-01-18,LG1,Others(HKUST),5,15,468387,7484470982,2579359852,10063830834
2019-01-18,LG1,Non-HKUST,4,10,37459,1405684666,230067253,1635751919
2019-01-18,LG1,Total,475,2398,5314649,501369938137,48489606009,549859544146
2019-01-18,LG3,Staff,54,345,442065,28359530886,23341174077,51700704963
2019-01-18,LG3,TPG,38,287,655880,72387886394,6726460093,79114346487
2019-01-18,LG3,RPG,44,363,540635,70093390099,9907453381,80000843480
2019-01-18,LG3,UG,68,165,282435,24486328788,1346888507,25833217295
2019-01-18,LG3,Alumni,1,1,0,652413,423158,1075571
2019-01-18,LG3,Others(HKUST),1,1,361,36666,26803,63469
2019-01-18,LG3,Non-HKUST,2,2,0,118549333,11030210,129579543
2019-01-18,LG3,Total,208,1164,1921376,195446374579,41333456229,236779830808
2019-01-18,LG4,Staff,75,226,166840,27156677006,6172165640,33328842646
2019-01-18,LG4,TPG,50,163,485085,49350925335,3691569429,53042494764
2019-01-18,LG4,RPG,62,179,395709,40952913559,4992273550,45945187109
2019-01-18,LG4,UG,122,201,215198,25660360225,3488992062,29149352287
2019-01-18,LG4,Alumni,6,14,52168,5394217235,240661871,5634879106
2019-01-18,LG4,Others(HKUST),6,19,183245,16514287344,5184257804,21698545148
2019-01-18,LG4,Non-HKUST,9,16,15300,2555133426,316885650,2872019076
2019-01-18,LG4,Total,330,818,1513545,167584514130,24086806006,191671320136
2019-01-18,All-Floors,Staff,225,2185,2981668,181885837223,42170420908,224056258131
2019-01-18,All-Floors,TPG,203,1876,4324186,447498736615,59227736832,506726473447
2019-01-18,All-Floors,RPG,180,1087,1940897,190632295774,23702449296,214334745070
2019-01-18,All-Floors,UG,395,1690,3523015,344486981172,29102680664,373589661836
2019-01-18,All-Floors,Alumni,18,65,239522,28590933761,1246429602,29837363363
2019-01-18,All-Floors,Others(HKUST),19,91,1022972,31724134642,8616851020,40340985662
2019-01-18,All-Floors,Non-HKUST,20,53,143644,6501032519,1079794606,7580827125
2019-01-18,All-Floors,Total,1060,7047,14175904,1231319951706,165146362928,1396466314634
2019-01-19,1,Staff,11,57,320258,4484139383,290823145,4774962528
2019-01-19,1,TPG,15,105,420313,40610671083,3008704398,43619375481
2019-01-19,1,RPG,14,57,189419,12776831492,670218634,13447050126
2019-01-19,1,UG,23,59,282432,15589184571,814307886,16403492457
2019-01-19,1,Alumni,6,21,129201,2626333845,1325274917,3951608762
2019-01-19,1,Others(HKUST),1,1,5767,135546,82943,218489
2019-01-19,1,Non-HKUST,2,20,43199,6702536896,353023610,7055560506
2019-01-19,1,Total,72,320,1390589,82789832816,6462435533,89252268349
2019-01-19,G,Staff,32,120,234037,7176685822,492792281,7669478103
2019-01-19,G,TPG,62,183,400121,75837726012,6984533739,82822259751
2019-01-19,G,RPG,51,190,342082,13657784918,1332331677,14990116595
2019-01-19,G,UG,76,278,469603,54606893936,3883421232,58490315168
2019-01-19,G,Alumni,21,94,222824,9195281145,5518545203,14713826348
2019-01-19,G,Others(HKUST),9,26,255052,5025672523,474928046,5500600569
2019-01-19,G,Non-HKUST,12,59,72921,24720481940,1158277167,25878759107
2019-01-19,G,Total,263,950,1996640,190220526296,19844829345,210065355641
2019-01-19,LG1,Staff,30,94,244445,31569018524,1264952882,32833971406
2019-01-19,LG1,TPG,97,693,1994471,235885920511,26213906557,262099827068
2019-01-19,LG1,RPG,55,218,440608,24572763781,5633248550,30206012331
2019-01-19,LG1,UG,116,633,1519842,259375365986,17801636401,277177002387
2019-01-19,LG1,Alumni,17,108,212553,16895096671,982748790,17877845461
2019-01-19,LG1,Others(HKUST),4,52,451619,17750841215,3224617033,20975458248
2019-01-19,LG1,Non-HKUST,7,19,41932,12089050346,565579430,12654629776
2019-01-19,LG1,Total,326,1817,4905470,598138057034,55686689643,653824746677
2019-01-19,LG3,Staff,13,86,93401,1709548228,889016377,2598564605
2019-01-19,LG3,TPG,25,135,416005,43005412201,1935427027,44940839228
2019-01-19,LG3,RPG,34,150,393904,28585065747,4520873884,33105939631
2019-01-19,LG3,UG,38,119,221586,25459200888,1352929648,26812130536
2019-01-19,LG3,Alumni,10,57,129992,24587114786,9355407399,33942522185
2019-01-19,LG3,Others(HKUST),3,14,8639,2803816594,55371391,2859187985
2019-01-19,LG3,Non-HKUST,5,24,87855,5610702057,309309042,5920011099
2019-01-19,LG3,Total,128,585,1351382,131760860501,18418334768,150179195269
2019-01-19,LG4,Staff,24,34,24468,6179392695,191099635,6370492330
2019-01-19,LG4,TPG,26,104,274278,55439938554,1859422322,57299360876
2019-01-19,LG4,RPG,44,184,445869,31199580838,6000425389,37200006227
2019-01-19,LG4,UG,69,173,174948,25736676363,6929757545,32666433908
2019-01-19,LG4,Alumni,8,14,51103,3228340902,146250649,3374591551
2019-01-19,LG4,Others(HKUST),4,12,174239,11515479433,3888448811,15403928244
2019-01-19,LG4,Non-HKUST,6,7,0,1087287476,63389483,1150676959
2019-01-19,LG4,Total,181,528,1144905,134386696261,19078793834,153465490095
2019-01-19,All-Floors,Staff,78,391,916609,51118784652,3128684320,54247468972
2019-01-19,All-Floors,TPG,136,1220,3505188,450779668361,40001994043,490781662404
2019-01-19,All-Floors,RPG,139,799,1811882,110792026776,18157098134,128949124910
2019-01-19,All-Floors,UG,237,1262,2668411,380767321744,30782052712,411549374456
2019-01-19,All-Floors,Alumni,38,294,745673,56532167349,17328226958,73860394307
2019-01-19,All-Floors,Others(HKUST),14,105,895316,37095945311,7643448224,44739393535
2019-01-19,All-Floors,Non-HKUST,21,129,245907,50210058715,2449578732,52659637447
2019-01-19,All-Floors,Total,663,4200,10788986,1137295972908,119491083123,1256787056031
2019-01-20,1,Staff,9,54,292696,3261632550,150324728,3411957278
2019-01-20,1,TPG,8,41,87680,5640597325,588300687,6228898012
2019-01-20,1,RPG,16,29,28619,910695288,80022920,990718208
2019-01-20,1,UG,7,15,32385,22968572801,432117363,23400690164
2019-01-20,1,Alumni,6,25,86765,6563610373,297072128,6860682501
2019-01-20,1,Others(HKUST),0,0,0,0,0,0
2019-01-20,1,Non-HKUST,3,8,33479,2909913765,192676556,3102590321
2019-01-20,1,Total,49,172,561624,42255022102,1740514382,43995536484
2019-01-20,G,Staff,30,152,84602,7544140777,379233479,7923374256
2019-01-20,G,TPG,38,138,330504,28840631348,2255355598,31095986946
2019-01-20,G,RPG,32,103,130891,12166985093,728314598,12895299691
2019-01-20,G,UG,34,95,203051,72855986553,2559249523,75415236076
2019-01-20,G,Alumni,12,36,54720,1584986299,300518791,1885505090
2019-01-20,G,Others(HKUST),3,3,172798,4081046951,384457660,4465504611
2019-01-20,G,Non-HKUST,3,5,2343,25675128,16115101,41790229
2019-01-20,G,Total,152,532,978909,127099452149,6623244750,133722696899
2019-01-20,LG1,Staff,20,207,146185,11052971766,924793005,11977764771
2019-01-20,LG1,TPG,44,221,540784,58101394288,4915149038,63016543326
2019-01-20,LG1,RPG,22,104,200361,19003252607,1529370362,20532622969
2019-01-20,LG1,UG,61,263,688656,55951476512,4675466469,60626942981
2019-01-20,LG1,Alumni,3,15,24826,5371632219,203822590,5575454809
2019-01-20,LG1,Others(HKUST),2,6,437214,5755840715,2156275351,7912116066
2019-01-20,LG1,Non-HKUST,3,9,25023,127649861,57915793,185565654
2019-01-20,LG1,Total,155,825,2063049,155364217968,14462792608,169827010576
2019-01-20,LG3,Staff,17,90,92160,3180136566,493985120,3674121686
2019-01-20,LG3,TPG,8,21,110714,7275753760,316646018,7592399778
2019-01-20,LG3,RPG,12,42,63565,6246673648,753420506,7000094154
2019-01-20,LG3,UG,23,47,27004,183244675056,2960595553,186205270609
2019-01-20,LG3,Alumni,5,17,19995,1679608428,171468004,1851076432
2019-01-20,LG3,Others(HKUST),0,0,0,0,0,0
2019-01-20,LG3,Non-HKUST,3,18,37814,912712630,392418464,1305131094
2019-01-20,LG3,Total,68,235,351252,202539560088,5088533665,207628093753
2019-01-20,LG4,Staff,17,20,1983,900865130,46933689,947798819
2019-01-20,LG4,TPG,21,41,128331,11791137386,1132435515,12923572901
2019-01-20,LG4,RPG,33,62,50952,4424885236,479553164,4904438400
2019-01-20,LG4,UG,46,104,66056,70352340780,1560389550,71912730330
2019-01-20,LG4,Alumni,3,7,9004,667653654,59262839,726916493
2019-01-20,LG4,Others(HKUST),2,5,172798,10712280899,3861403483,14573684382
2019-01-20,LG4,Non-HKUST,3,14,17821,963006160,2270391717,3233397877
2019-01-20,LG4,Total,125,253,446945,99812169245,9410369957,109222539202
2019-01-20,All-Floors,Staff,64,523,617626,25939746789,1995270021,27935016810
2019-01-20,All-Floors,TPG,92,462,1198013,111649514107,9207886856,120857400963
2019-01-20,All-Floors,RPG,93,340,474388,42752491872,3570681550,46323173422
2019-01-20,All-Floors,UG,141,524,1017152,405373051702,12187818458,417560870160
2019-01-20,All-Floors,Alumni,20,100,195310,15867490973,1032144352,16899635325
2019-01-20,All-Floors,Others(HKUST),6,14,782810,20549168565,6402136494,26951305059
2019-01-20,All-Floors,Non-HKUST,12,54,116480,4938957544,2929517631,7868475175
2019-01-20,All-Floors,Total,428,2017,4401779,627070421552,37325455362,664395876914
2019-01-21,1,Staff,68,607,1186183,44471174910,2999491704,47470666614
2019-01-21,1,TPG,29,184,621750,48218811915,3335434496,51554246411
2019-01-21,1,RPG,20,57,186675,4646606488,1050282296,5696888784
2019-01-21,1,UG,49,249,669633,38273086741,4790355020,43063441761
2019-01-21,1,Alumni,3,14,33857,1377250680,48162543,1425413223
2019-01-21,1,Others(HKUST),4,20,56047,1066714696,160063366,1226778062
2019-01-21,1,Non-HKUST,0,0,0,0,0,0
2019-01-21,1,Total,173,1131,2754145,138053645430,12383789425,150437434855
2019-01-21,G,Staff,145,566,826710,20467126530,2875545220,23342671750
2019-01-21,G,TPG,98,321,535598,57380313584,6778165433,64158479017
2019-01-21,G,RPG,75,229,397201,27419670582,2626365593,30046036175
2019-01-21,G,UG,151,466,729433,46890091163,11674781512,58564872675
2019-01-21,G,Alumni,5,13,39640,9878899044,304106147,10183005191
2019-01-21,G,Others(HKUST),12,37,253799,7573227512,668752245,8241979757
2019-01-21,G,Non-HKUST,5,17,31155,3998531794,139461769,4137993563
2019-01-21,G,Total,491,1649,2813536,173607860209,25067177919,198675038128
2019-01-21,LG1,Staff,79,331,247469,25171777877,4284009587,29455787464
2019-01-21,LG1,TPG,120,809,2030544,166142413362,22635060375,188777473737
2019-01-21,LG1,RPG,72,366,761136,71670610856,27876249473,99546860329
2019-01-21,LG1,UG,220,1035,2084773,197506989436,20855033747,218362023183
2019-01-21,LG1,Alumni,4,42,116542,5583791384,178098356,5761889740
2019-01-21,LG1,Others(HKUST),11,50,482964,16900181916,2963303836,19863485752
2019-01-21,LG1,Non-HKUST,7,57,117772,10269099643,604830074,10873929717
2019-01-21,LG1,Total,513,2690,5841200,493244864474,79396585448,572641449922
2019-01-21,LG3,Staff,61,251,289867,7425604487,827446286,8253050773
2019-01-21,LG3,TPG,34,156,384487,55963880101,2154997924,58118878025
2019-01-21,LG3,RPG,48,313,576853,118165148225,5536051111,123701199336
2019-01-21,LG3,UG,73,246,492402,62358205166,3305927281,65664132447
2019-01-21,LG3,Alumni,0,0,0,0,0,0
2019-01-21,LG3,Others(HKUST),3,19,44637,3089321932,99553810,3188875742
2019-01-21,LG3,Non-HKUST,0,0,0,0,0,0
2019-01-21,LG3,Total,219,985,1788246,247002159911,11923976412,258926136323
2019-01-21,LG4,Staff,73,332,139319,13476462731,2141322410,15617785141
2019-01-21,LG4,TPG,43,157,547271,73987332179,4942575902,78929908081
2019-01-21,LG4,RPG,83,266,387927,49044280594,2383067529,51427348123
2019-01-21,LG4,UG,130,313,307933,58393457672,3523244218,61916701890
2019-01-21,LG4,Alumni,2,11,113269,6518946616,2356827184,8875773800
2019-01-21,LG4,Others(HKUST),9,31,187750,14216562406,3998754473,18215316879
2019-01-21,LG4,Non-HKUST,3,3,0,307116172,20791923,327908095
2019-01-21,LG4,Total,343,1113,1683469,215944158370,19366583639,235310742009
2019-01-21,All-Floors,Staff,261,2087,2689548,111012146535,13127815207,124139961742
2019-01-21,All-Floors,TPG,205,1627,4119650,401692751141,39846234130,441538985271
2019-01-21,All-Floors,RPG,197,1231,2309792,270946316745,39472016002,310418332747
2019-01-21,All-Floors,UG,453,2309,4284174,403421830178,44149341778,447571171956
2019-01-21,All-Floors,Alumni,12,80,303308,23358887724,2887194230,26246081954
2019-01-21,All-Floors,Others(HKUST),25,157,1025197,42846008462,7890427730,50736436192
2019-01-21,All-Floors,Non-HKUST,9,77,148927,14574747609,765083766,15339831375
2019-01-21,All-Floors,Total,1162,7568,14880596,1267852688394,148138112843,1415990801237
2019-01-22,1,Staff,73,675,1075883,49772805265,6031141715,55803946980
2019-01-22,1,TPG,34,296,1046390,62596454948,17880013821,80476468769
2019-01-22,1,RPG,17,47,157185,7971709692,519587355,8491297047
2019-01-22,1,UG,36,240,625274,51672193504,5450342330,57122535834
2019-01-22,1,Alumni,4,9,44963,1601391985,150891043,1752283028
2019-01-22,1,Others(HKUST),3,19,75611,1639642933,196849101,1836492034
2019-01-22,1,Non-HKUST,4,11,36353,131601912,15735724,147337636
2019-01-22,1,Total,171,1297,3061659,175385800239,30244561089,205630361328
2019-01-22,G,Staff,142,578,986643,40202500142,10273559395,50476059537
2019-01-22,G,TPG,92,327,635899,56196783753,5648702719,61845486472
2019-01-22,G,RPG,77,240,380357,14785953215,2013338424,16799291639
2019-01-22,G,UG,117,359,485386,64289702138,8384704194,72674406332
2019-01-22,G,Alumni,7,10,41243,10293359511,483515303,10776874814
2019-01-22,G,Others(HKUST),8,17,212434,5114324907,467038449,5581363356
2019-01-22,G,Non-HKUST,3,9,32371,331245782,101479971,432725753
2019-01-22,G,Total,446,1540,2774333,191213869448,27372338455,218586207903
2019-01-22,LG1,Staff,93,310,394278,137654201714,10730256858,148384458572
2019-01-22,LG1,TPG,135,969,2544096,225228502199,36844484396,262072986595
2019-01-22,LG1,RPG,72,338,619444,45022153850,5416474314,50438628164
2019-01-22,LG1,UG,252,1321,2719692,325897986826,38805007016,364702993842
2019-01-22,LG1,Alumni,6,35,121218,7483685298,10123551575,17607236873
2019-01-22,LG1,Others(HKUST),4,10,464241,6533042611,2347136363,8880178974
2019-01-22,LG1,Non-HKUST,11,38,117756,3971839013,365761447,4337600460
2019-01-22,LG1,Total,573,3021,6980725,751791411511,104632671969,856424083480
2019-01-22,LG3,Staff,65,336,450529,24583422756,4292917228,28876339984
2019-01-22,LG3,TPG,38,234,763005,75549697348,4099740849,79649438197
2019-01-22,LG3,RPG,43,193,334310,73618508630,4026648588,77645157218
2019-01-22,LG3,UG,82,268,509397,42637794027,4061520294,46699314321
2019-01-22,LG3,Alumni,4,5,0,369590301,58478070,428068371
2019-01-22,LG3,Others(HKUST),2,17,84175,923729433,150265673,1073995106
2019-01-22,LG3,Non-HKUST,2,5,11524,1059464922,77962909,1137427831
2019-01-22,LG3,Total,236,1058,2152940,218742207417,16767533611,235509741028
2019-01-22,LG4,Staff,63,176,135613,14406529923,3322778212,17729308135
2019-01-22,LG4,TPG,48,198,571592,71187945094,5022769428,76210714522
2019-01-22,LG4,RPG,81,260,495092,32993522610,2303265087,35296787697
2019-01-22,LG4,UG,118,250,269595,50336900426,2590391550,52927291976
2019-01-22,LG4,Alumni,3,8,34533,2462063380,283489882,2745553262
2019-01-22,LG4,Others(HKUST),7,17,175506,11079058593,3944965731,15024024324
2019-01-22,LG4,Non-HKUST,2,2,0,34613787,1534477,36148264
2019-01-22,LG4,Total,322,911,1681931,182500633813,17469194367,199969828180
2019-01-22,All-Floors,Staff,252,2075,3042946,266619459800,34650653408,301270113208
2019-01-22,All-Floors,TPG,219,2024,5560982,490759383342,69495711213,560255094555
2019-01-22,All-Floors,RPG,192,1078,1986388,174391847997,14279313768,188671161765
2019-01-22,All-Floors,UG,448,2438,4609344,534834576921,59291965384,594126542305
2019-01-22,All-Floors,Alumni,13,67,241957,22210090475,11099925873,33310016348
2019-01-22,All-Floors,Others(HKUST),16,80,1011967,25289798477,7106255317,32396053794
2019-01-22,All-Floors,Non-HKUST,19,65,198004,5528765416,562474528,6091239944
2019-01-22,All-Floors,Total,1159,7827,16651588,1519633922428,196486299491,1716120221919
2019-01-23,1,Staff,77,805,1110077,65236509492,7067839153,72304348645
2019-01-23,1,TPG,30,172,545654,58124901730,4290055957,62414957687
2019-01-23,1,RPG,18,61,186794,13722765650,701545720,14424311370
2019-01-23,1,UG,52,376,767948,94951895600,5533981741,100485877341
2019-01-23,1,Alumni,1,1,9337,964318168,26577335,990895503
2019-01-23,1,Others(HKUST),4,10,137674,1740457134,193996258,1934453392
2019-01-23,1,Non-HKUST,2,4,12794,177380993,19321154,196702147
2019-01-23,1,Total,184,1429,2770278,234918228767,17833317318,252751546085
2019-01-23,G,Staff,142,687,1005504,102915462697,15818233278,118733695975
2019-01-23,G,TPG,82,293,535472,49373298036,3379210598,52752508634
2019-01-23,G,RPG,79,281,505708,34063867810,3054705155,37118572965
2019-01-23,G,UG,135,481,676232,79536721437,4589686555,84126407992
2019-01-23,G,Alumni,8,12,51693,9870458050,221101529,10091559579
2019-01-23,G,Others(HKUST),11,46,232266,8470531567,1781777103,10252308670
2019-01-23,G,Non-HKUST,17,34,3604,1571013431,260957396,1831970827
2019-01-23,G,Total,474,1834,3010479,285801353028,29105671614,314907024642
2019-01-23,LG1,Staff,96,393,395229,53071548122,4847877832,57919425954
2019-01-23,LG1,TPG,147,833,1691508,201176666170,21799979352,222976645522
2019-01-23,LG1,RPG,81,375,651178,48054931876,4120480076,52175411952
2019-01-23,LG1,UG,268,1203,2379701,201761072012,27384703859,229145775871
2019-01-23,LG1,Alumni,3,33,57944,2570285953,285969639,2856255592
2019-01-23,LG1,Others(HKUST),10,31,496658,9777415863,3283892327,13061308190
2019-01-23,LG1,Non-HKUST,20,97,224112,4803025365,1461057107,6264082472
2019-01-23,LG1,Total,625,2965,5896330,521214945361,63183960192,584398905553
2019-01-23,LG3,Staff,50,316,464396,25540290045,6928050512,32468340557
2019-01-23,LG3,TPG,35,292,674724,84431970074,5262859249,89694829323
2019-01-23,LG3,RPG,39,182,336658,54002079751,4142110714,58144190465
2019-01-23,LG3,UG,74,345,635679,110560338638,5951704266,116512042904
2019-01-23,LG3,Alumni,2,11,84833,3550619100,12769734728,16320353828
2019-01-23,LG3,Others(HKUST),4,16,35413,610421571,327690324,938111895
2019-01-23,LG3,Non-HKUST,2,6,19800,106301243,21308902,127610145
2019-01-23,LG3,Total,206,1168,2251503,278802020422,35403458695,314205479117
2019-01-23,LG4,Staff,66,242,179635,15048453322,1735110136,16783563458
2019-01-23,LG4,TPG,39,111,449276,35156119431,2225792955,37381912386
2019-01-23,LG4,RPG,72,255,452453,67297874946,6316861557,73614736503
2019-01-23,LG4,UG,136,354,381400,1180529118226,197001354000,1377530472226
2019-01-23,LG4,Alumni,2,7,28217,5008890744,211456616,5220347360
2019-01-23,LG4,Others(HKUST),6,28,201034,34689103785,12715118096,47404221881
2019-01-23,LG4,Non-HKUST,4,6,14780,740957437,29408255,770365692
2019-01-23,LG4,Total,325,1003,1706795,1338470517891,220235101615,1558705619506
2019-01-23,All-Floors,Staff,247,2443,3154841,261812263678,36397110911,298209374589
2019-01-23,All-Floors,TPG,230,1701,3896634,428262955441,36957898111,465220853552
2019-01-23,All-Floors,RPG,187,1154,2132791,217141520033,18335703222,235477223255
2019-01-23,All-Floors,UG,471,2759,4840960,1667339145913,240461430421,1907800576334
2019-01-23,All-Floors,Alumni,12,64,232024,21964572015,13514839847,35479411862
2019-01-23,All-Floors,Others(HKUST),23,131,1103045,55287929920,18302474108,73590404028
2019-01-23,All-Floors,Non-HKUST,30,147,275090,7398678469,1792052814,9190731283
2019-01-23,All-Floors,Total,1200,8399,15635385,2659207065469,365761509434,3024968574903
2019-01-24,1,Staff,75,705,1230725,32292302059,4073410759,36365712818
2019-01-24,1,TPG,39,325,983143,89817263659,13043589522,102860853181
2019-01-24,1,RPG,18,81,269973,16770061263,946457105,17716518368
2019-01-24,1,UG,40,256,545169,42712081036,3346467401,46058548437
2019-01-24,1,Alumni,2,3,14908,699852520,21983122,721835642
2019-01-24,1,Others(HKUST),4,52,219139,7819870325,281903887,8101774212
2019-01-24,1,Non-HKUST,2,6,16201,2206851105,356469887,2563320992
2019-01-24,1,Total,180,1428,3279258,192318281967,22070281683,214388563650
2019-01-24,G,Staff,150,649,957899,38911922550,4543585949,43455508499
2019-01-24,G,TPG,94,295,681380,89182016634,11940582161,101122598795
2019-01-24,G,RPG,82,280,423767,31677722320,2360909322,34038631642
2019-01-24,G,UG,158,496,741926,63265540629,6722948868,69988489497
2019-01-24,G,Alumni,5,10,23973,10191339363,335673289,10527012652
2019-01-24,G,Others(HKUST),9,29,224790,5751171885,687052809,6438224694
2019-01-24,G,Non-HKUST,2,8,7712,2665613775,407495373,3073109148
2019-01-24,G,Total,500,1767,3061447,241645327156,26998247771,268643574927
2019-01-24,LG1,Staff,122,432,402113,27850743555,2471194934,30321938489
2019-01-24,LG1,TPG,186,1114,2812707,255364474537,29045172594,284409647131
2019-01-24,LG1,RPG,70,237,435387,26943777880,3967117072,30910894952
2019-01-24,LG1,UG,213,999,2329273,245172523249,26147922133,271320445382
2019-01-24,LG1,Alumni,6,42,118532,8857494206,682724557,9540218763
2019-01-24,LG1,Others(HKUST),9,26,505252,10006937533,3201620908,13208558441
2019-01-24,LG1,Non-HKUST,9,36,97602,6684444677,452451669,7136896346
2019-01-24,LG1,Total,615,2886,6700866,580880395637,65968203867,646848599504
2019-01-24,LG3,Staff,58,339,427618,19578244221,1586774052,21165018273
2019-01-24,LG3,TPG,43,254,595330,72004610436,3814663491,75819273927
2019-01-24,LG3,RPG,52,340,608036,70438030555,7081024706,77519055261
2019-01-24,LG3,UG,75,326,658336,84404483491,4168134032,88572617523
2019-01-24,LG3,Alumni,2,2,1810,459846344,20062575,479908919
2019-01-24,LG3,Others(HKUST),3,21,55331,1397804402,492526593,1890330995
2019-01-24,LG3,Non-HKUST,1,2,5768,266541193,16571627,283112820
2019-01-24,LG3,Total,234,1284,2352229,248549560642,17179757076,265729317718
2019-01-24,LG4,Staff,79,191,200771,32477109957,1922222297,34399332254
2019-01-24,LG4,TPG,62,515,927420,287260634357,21768357396,309028991753
2019-01-24,LG4,RPG,79,250,426024,72210153912,2607763989,74817917901
2019-01-24,LG4,UG,130,337,532440,89236356626,11787615454,101023972080
2019-01-24,LG4,Alumni,7,37,106487,7225884175,877551559,8103435734
2019-01-24,LG4,Others(HKUST),6,16,178746,11312006743,4062559946,15374566689
2019-01-24,LG4,Non-HKUST,7,24,38566,10159226376,1169948589,11329174965
2019-01-24,LG4,Total,370,1370,2410454,509881372146,44196019230,554077391376
2019-01-24,All-Floors,Staff,286,2316,3219126,151110322342,14597187991,165707510333
2019-01-24,All-Floors,TPG,271,2503,5999980,793628999623,79612365164,873241364787
2019-01-24,All-Floors,RPG,200,1188,2163187,218039745930,16963272194,235003018124
2019-01-24,All-Floors,UG,441,2414,4807144,524790985031,52173087888,576964072919
2019-01-24,All-Floors,Alumni,14,94,265710,27434416608,1937995102,29372411710
2019-01-24,All-Floors,Others(HKUST),17,144,1183258,36287790888,8725664143,45013455031
2019-01-24,All-Floors,Non-HKUST,18,76,165849,21982677126,2402937145,24385614271
2019-01-24,All-Floors,Total,1247,8735,17804254,1773274937548,176412509627,1949687447175
2019-01-25,1,Staff,67,690,970550,52518358873,18379225332,70897584205
2019-01-25,1,TPG,37,263,798014,52044997747,10514912537,62559910284
2019-01-25,1,RPG,21,65,180712,5627302324,1121603309,6748905633
2019-01-25,1,UG,42,271,660987,80755830037,3959893390,84715723427
2019-01-25,1,Alumni,2,6,17276,516452749,17992002,534444751
2019-01-25,1,Others(HKUST),4,50,123700,641224593,155125417,796350010
2019-01-25,1,Non-HKUST,1,1,5742,133556362,130010046,263566408
2019-01-25,1,Total,174,1346,2756981,192237722685,34278762033,226516484718
2019-01-25,G,Staff,133,670,1181821,49587887332,9075502589,58663389921
2019-01-25,G,TPG,104,425,633429,88997454451,6087510226,95084964677
2019-01-25,G,RPG,72,328,420857,35059239037,2684943346,37744182383
2019-01-25,G,UG,166,544,785408,93326599266,9536660672,102863259938
2019-01-25,G,Alumni,8,41,84552,15139623022,12934644771,28074267793
2019-01-25,G,Others(HKUST),9,43,262562,5051339688,489391748,5540731436
2019-01-25,G,Non-HKUST,3,4,9741,409235464,44552876,453788340
2019-01-25,G,Total,495,2055,3378370,287571378260,40853206228,328424584488
2019-01-25,LG1,Staff,86,309,353571,27768677839,5795470295,33564148134
2019-01-25,LG1,TPG,161,1027,2440594,339362789802,24017641034,363380430836
2019-01-25,LG1,RPG,76,255,517487,42799893977,9683956059,52483850036
2019-01-25,LG1,UG,289,1456,3514775,241268215440,24400378331,265668593771
2019-01-25,LG1,Alumni,4,19,70889,6943448581,276997358,7220445939
2019-01-25,LG1,Others(HKUST),6,53,561600,14542784659,4231401554,18774186213
2019-01-25,LG1,Non-HKUST,4,20,49158,23443899367,574259654,24018159021
2019-01-25,LG1,Total,626,3139,7508074,696129709665,68980104285,765109813950
2019-01-25,LG3,Staff,49,268,262784,14712647471,2017252322,16729899793
2019-01-25,LG3,TPG,44,316,561552,62184416693,5588513159,67772929852
2019-01-25,LG3,RPG,37,209,390832,77053621602,3987948435,81041570037
2019-01-25,LG3,UG,82,176,234634,24938692947,1641979903,26580672850
2019-01-25,LG3,Alumni,3,4,0,263303914,90965397,354269311
2019-01-25,LG3,Others(HKUST),4,15,4858,1079603343,23312651,1102915994
2019-01-25,LG3,Non-HKUST,1,3,7564,490598166,43636329,534234495
2019-01-25,LG3,Total,220,991,1462224,180722884136,13393608196,194116492332
2019-01-25,LG4,Staff,63,147,102620,22666453158,1967925550,24634378708
2019-01-25,LG4,TPG,60,321,733375,142305651552,12302912543,154608564095
2019-01-25,LG4,RPG,81,216,357354,31988839252,3598380731,35587219983
2019-01-25,LG4,UG,156,363,509259,83173854724,6468083366,89641938090
2019-01-25,LG4,Alumni,3,7,29828,2290143527,82518137,2372661664
2019-01-25,LG4,Others(HKUST),9,34,183597,15613650354,5159580212,20773230566
2019-01-25,LG4,Non-HKUST,4,7,8807,84586446,27636119,112222565
2019-01-25,LG4,Total,376,1095,1924840,298123179013,29607036658,327730215671
2019-01-25,All-Floors,Staff,233,2084,2871346,167254024673,37235376088,204489400761
2019-01-25,All-Floors,TPG,258,2352,5166964,684895310245,58511489499,743406799744
2019-01-25,All-Floors,RPG,201,1073,1867242,192528896192,21076831880,213605728072
2019-01-25,All-Floors,UG,548,2810,5705063,523463192414,46006995662,569470188076
2019-01-25,All-Floors,Alumni,13,77,202545,25152971793,13403117665,38556089458
2019-01-25,All-Floors,Others(HKUST),18,195,1136317,36928602637,10058811582,46987414219
2019-01-25,All-Floors,Non-HKUST,13,35,81012,24561875805,820095024,25381970829
2019-01-25,All-Floors,Total,1284,8626,17030489,1654784873759,187112717400,1841897591159
2019-01-26,1,Staff,11,98,243011,14791630467,2375342086,17166972553
2019-01-26,1,TPG,32,241,1144066,87542767899,7638285548,95181053447
2019-01-26,1,RPG,6,12,14223,1570697197,53918922,1624616119
2019-01-26,1,UG,22,67,217653,18165661704,1480561714,19646223418
2019-01-26,1,Alumni,3,11,44640,2972950060,103368150,3076318210
2019-01-26,1,Others(HKUST),2,59,116107,2277249403,73187878,2350437281
2019-01-26,1,Non-HKUST,3,4,14408,216188964,234131347,450320311
2019-01-26,1,Total,79,492,1794108,127537145694,11958795645,139495941339
2019-01-26,G,Staff,31,158,348534,11008717709,1037716964,12046434673
2019-01-26,G,TPG,92,264,452205,81746057336,18503028113,100249085449
2019-01-26,G,RPG,35,113,161675,9866073098,875445358,10741518456
2019-01-26,G,UG,85,374,595961,150516058123,8965454035,159481512158
2019-01-26,G,Alumni,22,51,93593,6437407461,410184884,6847592345
2019-01-26,G,Others(HKUST),4,21,217796,5416836041,492006226,5908842267
2019-01-26,G,Non-HKUST,9,24,30435,1393061424,947283027,2340344451
2019-01-26,G,Total,278,1005,1900199,266384211192,31231118607,297615329799
2019-01-26,LG1,Staff,24,76,192507,9797769939,776887355,10574657294
2019-01-26,LG1,TPG,129,931,2581268,245619805672,33608920149,279228725821
2019-01-26,LG1,RPG,44,202,569628,31464814954,1435742162,32900557116
2019-01-26,LG1,UG,97,503,1214670,110055858940,12057543639,122113402579
2019-01-26,LG1,Alumni,10,54,161792,33881629991,1593275961,35474905952
2019-01-26,LG1,Others(HKUST),3,11,519465,10540197775,3996908543,14537106318
2019-01-26,LG1,Non-HKUST,7,32,74878,44635450376,16787024883,61422475259
2019-01-26,LG1,Total,314,1809,5314208,485995527647,70256302692,556251830339
2019-01-26,LG3,Staff,16,108,133392,3051613454,302894159,3354507613
2019-01-26,LG3,TPG,40,273,655542,91703305540,4060330613,95763636153
2019-01-26,LG3,RPG,16,49,141116,8599097079,450282847,9049379926
2019-01-26,LG3,UG,53,231,212230,52108729122,3980956465,56089685587
2019-01-26,LG3,Alumni,7,29,83670,5361000646,2497942478,7858943124
2019-01-26,LG3,Others(HKUST),2,7,721,402891125,15725956,418617081
2019-01-26,LG3,Non-HKUST,3,4,10614,173230479,1259485346,1432715825
2019-01-26,LG3,Total,137,701,1237285,161399867445,12567617864,173967485309
2019-01-26,LG4,Staff,19,27,10264,1874715627,113828604,1988544231
2019-01-26,LG4,TPG,38,201,696080,141439840196,16826415910,158266256106
2019-01-26,LG4,RPG,47,80,88416,11283087020,674125363,11957212383
2019-01-26,LG4,UG,79,197,243200,45144129585,4044615562,49188745147
2019-01-26,LG4,Alumni,12,39,93217,6908627862,384147204,7292775066
2019-01-26,LG4,Others(HKUST),3,8,208773,26464204051,8688865963,35153070014
2019-01-26,LG4,Non-HKUST,7,42,82422,7662543639,557635704,8220179343
2019-01-26,LG4,Total,205,594,1422372,240777147980,31289634310,272066782290
2019-01-26,All-Floors,Staff,73,467,927708,40524447196,4606669168,45131116364
2019-01-26,All-Floors,TPG,209,1910,5529161,648051776643,80636980333,728688756976
2019-01-26,All-Floors,RPG,106,456,975058,62783769348,3489514652,66273284000
2019-01-26,All-Floors,UG,238,1372,2483714,375990437474,30529131415,406519568889
2019-01-26,All-Floors,Alumni,35,184,476912,55561616020,4988918677,60550534697
2019-01-26,All-Floors,Others(HKUST),9,106,1062862,45101378395,13266694566,58368072961
2019-01-26,All-Floors,Non-HKUST,18,106,212757,54080474882,19785560307,73866035189
2019-01-26,All-Floors,Total,688,4601,11668172,1282093899958,157303469118,1439397369076
2019-01-27,1,Staff,9,52,180555,4210137676,203181876,4413319552
2019-01-27,1,TPG,18,79,366358,13337928579,982271835,14320200414
2019-01-27,1,RPG,12,16,3061,2252454685,43471955,2295926640
2019-01-27,1,UG,8,10,23222,784959479,51692057,836651536
2019-01-27,1,Alumni,2,2,17643,675761191,16429997,692191188
2019-01-27,1,Others(HKUST),1,1,86399,2022977,2486156,4509133
2019-01-27,1,Non-HKUST,1,6,27001,277252788,32732820,309985608
2019-01-27,1,Total,51,166,704239,21540517375,1332266696,22872784071
2019-01-27,G,Staff,26,104,178760,32749345678,13975514111,46724859789
2019-01-27,G,TPG,38,95,185765,9775248557,1065090606,10840339163
2019-01-27,G,RPG,22,80,59233,45820443569,1276916146,47097359715
2019-01-27,G,UG,36,115,233658,26333462577,2185676693,28519139270
2019-01-27,G,Alumni,10,21,37442,3846159413,7773524010,11619683423
2019-01-27,G,Others(HKUST),2,4,258827,8088979416,821158107,8910137523
2019-01-27,G,Non-HKUST,5,16,35108,2248517350,107085279,2355602629
2019-01-27,G,Total,139,435,988793,128862156560,27204964952,156067121512
2019-01-27,LG1,Staff,20,36,54734,4292361293,6377900007,10670261300
2019-01-27,LG1,TPG,65,328,835689,130045047174,7262419322,137307466496
2019-01-27,LG1,RPG,25,65,137367,12220625949,626092650,12846718599
2019-01-27,LG1,UG,98,409,975347,95980446726,23630495893,119610942619
2019-01-27,LG1,Alumni,13,47,87677,5680307555,8042928717,13723236272
2019-01-27,LG1,Others(HKUST),2,10,691542,11698995713,4316386038,16015381751
2019-01-27,LG1,Non-HKUST,5,20,20700,1081862732,63789954,1145652686
2019-01-27,LG1,Total,228,915,2803056,260999647142,50320012581,311319659723
2019-01-27,LG3,Staff,11,78,137891,667018476,6880113605,7547132081
2019-01-27,LG3,TPG,25,136,259218,14667159729,975585527,15642745256
2019-01-27,LG3,RPG,14,47,86417,1422860962,84566962,1507427924
2019-01-27,LG3,UG,25,67,34202,88786396699,3741671615,92528068314
2019-01-27,LG3,Alumni,3,16,37439,3506686190,30586606199,34093292389
2019-01-27,LG3,Others(HKUST),1,4,0,49214122,6118709,55332831
2019-01-27,LG3,Non-HKUST,2,4,1980,2667769,1225541,3893310
2019-01-27,LG3,Total,81,352,557147,109102003947,42275888158,151377892105
2019-01-27,LG4,Staff,10,15,12784,1283325105,22151317636,23434642741
2019-01-27,LG4,TPG,17,46,53829,9939875764,576781196,10516656960
2019-01-27,LG4,RPG,35,69,68776,5664389312,828858125,6493247437
2019-01-27,LG4,UG,71,154,138772,110842947552,5483192664,116326140216
2019-01-27,LG4,Alumni,6,11,32400,4990449088,223009515,5213458603
2019-01-27,LG4,Others(HKUST),3,23,284394,15204165391,5133986740,20338152131
2019-01-27,LG4,Non-HKUST,5,25,40509,3830052341,2467323072,6297375413
2019-01-27,LG4,Total,147,343,631464,151755204553,36864468948,188619673501
2019-01-27,All-Floors,Staff,54,285,564724,43202188228,49588027235,92790215463
2019-01-27,All-Floors,TPG,110,684,1700859,177765259803,10862148486,188627408289
2019-01-27,All-Floors,RPG,82,277,354854,67380774477,2859905838,70240680315
2019-01-27,All-Floors,UG,194,755,1405201,322728213033,35092728922,357820941955
2019-01-27,All-Floors,Alumni,22,97,212601,18699363437,46642498438,65341861875
2019-01-27,All-Floors,Others(HKUST),6,42,1321162,35043377619,10280135750,45323513369
2019-01-27,All-Floors,Non-HKUST,13,71,125298,7440352980,2672156666,10112509646
2019-01-27,All-Floors,Total,481,2211,5684699,672259529577,157997601335,830257130912
2019-01-28,1,Staff,72,772,1134581,41188285648,7777659013,48965944661
2019-01-28,1,TPG,42,319,1241207,95924262496,5185064861,101109327357
2019-01-28,1,RPG,20,80,151138,3465988162,327966831,3793954993
2019-01-28,1,UG,37,191,417178,34053359550,1659756557,35713116107
2019-01-28,1,Alumni,3,3,16901,1104318574,31694429,1136013003
2019-01-28,1,Others(HKUST),5,83,284852,14906899004,629930221,15536829225
2019-01-28,1,Non-HKUST,0,0,0,0,0,0
2019-01-28,1,Total,179,1448,3245857,190643113434,15612071912,206255185346
2019-01-28,G,Staff,135,638,1034626,143873921312,11076257186,154950178498
2019-01-28,G,TPG,115,439,758730,90580715517,9506444398,100087159915
2019-01-28,G,RPG,61,199,309867,13464770066,1383745602,14848515668
2019-01-28,G,UG,165,540,746347,52844504672,8220519262,61065023934
2019-01-28,G,Alumni,14,61,78764,8077971742,778438973,8856410715
2019-01-28,G,Others(HKUST),7,14,299704,7578470504,674671141,8253141645
2019-01-28,G,Non-HKUST,13,26,11318,727152849,130445728,857598577
2019-01-28,G,Total,510,1917,3239356,317147506662,31770522290,348918028952
2019-01-28,LG1,Staff,80,307,253758,20722530934,6060548745,26783079679
2019-01-28,LG1,TPG,171,1203,3294710,289906496952,27752012544,317658509496
2019-01-28,LG1,RPG,70,336,622571,57555887762,5661136398,63217024160
2019-01-28,LG1,UG,244,1146,2241288,207246363705,21681496056,228927859761
2019-01-28,LG1,Alumni,3,26,34746,3557664491,220584996,3778249487
2019-01-28,LG1,Others(HKUST),6,22,746966,14328919169,4667681885,18996601054
2019-01-28,LG1,Non-HKUST,8,26,127109,5120580011,260428880,5381008891
2019-01-28,LG1,Total,582,3066,7321148,598438443024,66303889504,664742332528
2019-01-28,LG3,Staff,66,311,411400,20342127382,1617909379,21960036761
2019-01-28,LG3,TPG,41,314,807343,117360820512,6952273315,124313093827
2019-01-28,LG3,RPG,39,231,405490,53212774284,3357453373,56570227657
2019-01-28,LG3,UG,96,439,680236,135949490665,11129640668,147079131333
2019-01-28,LG3,Alumni,5,33,105823,11597763103,16612419339,28210182442
2019-01-28,LG3,Others(HKUST),4,6,2884,81570322,6374157,87944479
2019-01-28,LG3,Non-HKUST,4,5,10622,825962651,38435450,864398101
2019-01-28,LG3,Total,255,1339,2423798,339370508919,39714505681,379085014600
2019-01-28,LG4,Staff,68,137,87702,9526515603,793157925,10319673528
2019-01-28,LG4,TPG,47,205,639430,77680745185,4676538858,82357284043
2019-01-28,LG4,RPG,71,181,302358,22798308964,1905625500,24703934464
2019-01-28,LG4,UG,173,356,306143,61941595838,5230067052,67171662890
2019-01-28,LG4,Alumni,5,13,67986,2093116369,68730729,2161847098
2019-01-28,LG4,Others(HKUST),6,32,305039,17517421327,5289750483,22807171810
2019-01-28,LG4,Non-HKUST,13,50,51123,26162663334,3261346759,29424010093
2019-01-28,LG4,Total,383,974,1759781,217720366620,21225217306,238945583926
2019-01-28,All-Floors,Staff,260,2165,2922067,235653380879,27325532248,262978913127
2019-01-28,All-Floors,TPG,276,2480,6741420,671453040662,54072333976,725525374638
2019-01-28,All-Floors,RPG,183,1027,1791424,150497729238,12635927704,163133656942
2019-01-28,All-Floors,UG,511,2672,4391192,492035314430,47921479595,539956794025
2019-01-28,All-Floors,Alumni,16,136,304220,26430834279,17711868466,44142702745
2019-01-28,All-Floors,Others(HKUST),15,157,1639445,54413280326,11268407887,65681688213
2019-01-28,All-Floors,Non-HKUST,28,107,200172,32836358845,3690656817,36527015662
2019-01-28,All-Floors,Total,1289,8744,17989940,1663319938659,174626206693,1837946145352
2019-01-29,1,Staff,88,832,1247037,51608595169,5493928359,57102523528
2019-01-29,1,TPG,37,243,931328,86940265442,4940684245,91880949687
2019-01-29,1,RPG,16,71,168993,21951984281,563320972,22515305253
2019-01-29,1,UG,64,252,811804,37896847037,5268647236,43165494273
2019-01-29,1,Alumni,5,21,30032,13678825213,463123119,14141948332
2019-01-29,1,Others(HKUST),7,59,385693,2186774416,72936408,2259710824
2019-01-29,1,Non-HKUST,7,11,19808,690332498,92399389,782731887
2019-01-29,1,Total,224,1489,3594695,214953624056,16895039728,231848663784
2019-01-29,G,Staff,151,693,1016022,45218520591,3931118768,49149639359
2019-01-29,G,TPG,118,416,859328,74318779704,8493598411,82812378115
2019-01-29,G,RPG,74,300,374960,26525828133,1832644684,28358472817
2019-01-29,G,UG,205,767,1100391,103131587281,9659889109,112791476390
2019-01-29,G,Alumni,10,42,76177,15695984904,393223948,16089208852
2019-01-29,G,Others(HKUST),9,27,390229,12714286734,1288118222,14002404956
2019-01-29,G,Non-HKUST,22,73,79139,8171404360,1735998270,9907402630
2019-01-29,G,Total,589,2318,3896246,285776391707,27334591412,313110983119
2019-01-29,LG1,Staff,93,284,232302,35476602903,2255208265,37731811168
2019-01-29,LG1,TPG,176,1240,3097964,363927404574,46248733530,410176138104
2019-01-29,LG1,RPG,76,355,774467,68296840975,4737002596,73033843571
2019-01-29,LG1,UG,257,1360,2654916,286427652692,58388262047,344815914739
2019-01-29,LG1,Alumni,6,23,67132,8223626678,1454888202,9678514880
2019-01-29,LG1,Others(HKUST),8,67,806415,19651743260,5695510583,25347253843
2019-01-29,LG1,Non-HKUST,15,42,120735,9393750721,1524477839,10918228560
2019-01-29,LG1,Total,631,3371,7753931,791397621803,120304083062,911701704865
2019-01-29,LG3,Staff,51,280,323057,19148065856,2572101721,21720167577
2019-01-29,LG3,TPG,38,404,899002,137556474985,9028015740,146584490725
2019-01-29,LG3,RPG,33,222,479468,45306744225,3504233174,48810977399
2019-01-29,LG3,UG,106,364,659759,77947075049,8246597076,86193672125
2019-01-29,LG3,Alumni,2,8,21606,3602435828,1401309055,5003744883
2019-01-29,LG3,Others(HKUST),3,5,0,130670,50736,181406
2019-01-29,LG3,Non-HKUST,9,11,25731,998579160,437160973,1435740133
2019-01-29,LG3,Total,242,1294,2408623,284559505773,25189468475,309748974248
2019-01-29,LG4,Staff,62,113,87999,16320125760,960238140,17280363900
2019-01-29,LG4,TPG,65,291,807018,232179715468,10293888004,242473603472
2019-01-29,LG4,RPG,63,194,307365,43174978865,3392613623,46567592488
2019-01-29,LG4,UG,271,471,401010,63938266920,5794433771,69732700691
2019-01-29,LG4,Alumni,6,15,75879,6155757200,166707108,6322464308
2019-01-29,LG4,Others(HKUST),8,36,470100,30261134692,10742184449,41003319141
2019-01-29,LG4,Non-HKUST,17,28,17466,787326826,98745574,886072400
2019-01-29,LG4,Total,492,1148,2166837,392817305731,31448810669,424266116400
2019-01-29,All-Floors,Staff,269,2202,2906417,167771910279,15212595253,182984505532
2019-01-29,All-Floors,TPG,280,2594,6594640,894922640173,79004919930,973927560103
2019-01-29,All-Floors,RPG,168,1142,2105253,205256376479,14029815049,219286191528
2019-01-29,All-Floors,UG,636,3214,5627880,569341428979,87357829239,656699258218
2019-01-29,All-Floors,Alumni,19,109,270826,47356629823,3879251432,51235881255
2019-01-29,All-Floors,Others(HKUST),22,194,2052437,64814069772,17798800398,82612870170
2019-01-29,All-Floors,Non-HKUST,52,165,262879,20041393565,3888782045,23930175610
2019-01-29,All-Floors,Total,1446,9620,19820332,1969504449070,221171993346,2190676442416
2019-01-30,1,Staff,79,676,1410568,51790606783,3550685264,55341292047
2019-01-30,1,TPG,62,462,1558019,97819130453,5516250095,103335380548
2019-01-30,1,RPG,18,66,214798,4227241995,365017268,4592259263
2019-01-30,1,UG,243,1252,2938018,286492511516,45182656470,331675167986
2019-01-30,1,Alumni,3,9,54800,1081840363,74985420,1156825783
2019-01-30,1,Others(HKUST),4,54,309026,938487128,135360958,1073848086
2019-01-30,1,Non-HKUST,9,45,147922,6595894431,420694687,7016589118
2019-01-30,1,Total,418,2564,6633151,448945712669,55245650162,504191362831
2019-01-30,G,Staff,127,592,1152292,50921123348,4043797587,54964920935
2019-01-30,G,TPG,194,653,751038,102284357182,9760223139,112044580321
2019-01-30,G,RPG,82,217,242632,16911520867,1493322618,18404843485
2019-01-30,G,UG,988,3000,3655766,483798846694,55295718029,539094564723
2019-01-30,G,Alumni,8,17,52809,12029324606,237476333,12266800939
2019-01-30,G,Others(HKUST),8,50,449317,9971855637,1018161535,10990017172
2019-01-30,G,Non-HKUST,37,118,116497,8566537622,1036897650,9603435272
2019-01-30,G,Total,1444,4647,6420351,684483565956,72885596891,757369162847
2019-01-30,LG1,Staff,85,247,251970,27119785907,1365559403,28485345310
2019-01-30,LG1,TPG,249,1472,3283998,375367052140,45494713458,420861765598
2019-01-30,LG1,RPG,93,418,847200,53668711074,5842038736,59510749810
2019-01-30,LG1,UG,1363,7232,10844425,1381173468733,143918048219,1525091516952
2019-01-30,LG1,Alumni,6,35,91812,9021956465,637205732,9659162197
2019-01-30,LG1,Others(HKUST),8,54,741483,23903146060,5815795265,29718941325
2019-01-30,LG1,Non-HKUST,42,176,280447,38172847250,17290171961,55463019211
2019-01-30,LG1,Total,1846,9634,16341335,1908426967629,220363532774,2128790500403
2019-01-30,LG3,Staff,44,250,409154,23093392518,1640215373,24733607891
2019-01-30,LG3,TPG,84,689,1601122,292156895263,23111175869,315268071132
2019-01-30,LG3,RPG,47,238,425923,76799468244,5187057376,81986525620
2019-01-30,LG3,UG,500,2528,3929873,594073900510,105278352892,699352253402
2019-01-30,LG3,Alumni,4,7,37992,8883146362,452389587,9335535949
2019-01-30,LG3,Others(HKUST),3,9,8604,59184761,10264293,69449054
2019-01-30,LG3,Non-HKUST,13,27,35407,3472072511,410908094,3882980605
2019-01-30,LG3,Total,695,3748,6448075,998538060169,136090363484,1134628423653
2019-01-30,LG4,Staff,71,124,122425,7689077729,465721935,8154799664
2019-01-30,LG4,TPG,113,567,1503518,307158649722,16358086070,323516735792
2019-01-30,LG4,RPG,62,188,327852,43995941206,2727319348,46723260554
2019-01-30,LG4,UG,836,1998,2472471,490188236656,43844155403,534032392059
2019-01-30,LG4,Alumni,8,17,34545,5253945919,1977198492,7231144411
2019-01-30,LG4,Others(HKUST),9,21,285319,18915107507,6669419220,25584526727
2019-01-30,LG4,Non-HKUST,30,51,57930,2491682801,385577755,2877260556
2019-01-30,LG4,Total,1129,2966,4804060,875692641540,72427478223,948120119763
2019-01-30,All-Floors,Staff,246,1889,3346409,160613986285,11065979562,171679965847
2019-01-30,All-Floors,TPG,421,3843,8697695,1174786084760,100240448631,1275026533391
2019-01-30,All-Floors,RPG,192,1127,2058405,195602883386,15614755346,211217638732
2019-01-30,All-Floors,UG,2522,16010,23840553,3235726964109,393518931013,3629245895122
2019-01-30,All-Floors,Alumni,17,85,271958,36270213715,3379255564,39649469279
2019-01-30,All-Floors,Others(HKUST),19,188,1793749,53787781093,13649001271,67436782364
2019-01-30,All-Floors,Non-HKUST,83,417,638203,59299034615,19544250147,78843284762
2019-01-30,All-Floors,Total,3500,23559,40646972,4916086947963,557012621534,5473099569497
2019-01-31,1,Staff,69,765,1503297,114346799687,7331507879,121678307566
2019-01-31,1,TPG,74,720,2004914,192416008180,15133123259,207549131439
2019-01-31,1,RPG,9,49,95666,8598153385,333895940,8932049325
2019-01-31,1,UG,214,1095,2736372,174145633631,55229439681,229375073312
2019-01-31,1,Alumni,2,9,62391,8791606980,328265115,9119872095
2019-01-31,1,Others(HKUST),3,35,147793,7831145801,197865214,8029011015
2019-01-31,1,Non-HKUST,8,16,27102,4411483375,101067297,4512550672
2019-01-31,1,Total,379,2689,6577535,510540831039,78655164385,589195995424
2019-01-31,G,Staff,139,628,1182386,69852558208,13893124357,83745682565
2019-01-31,G,TPG,206,679,1104773,142624084504,14296762455,156920846959
2019-01-31,G,RPG,71,244,221781,31161833071,1157579798,32319412869
2019-01-31,G,UG,978,2980,3585318,390948436497,51129355152,442077791649
2019-01-31,G,Alumni,4,30,76914,10900685777,258236249,11158922026
2019-01-31,G,Others(HKUST),7,39,592681,11548063149,1038105949,12586169098
2019-01-31,G,Non-HKUST,44,130,210798,39530469615,1953606330,41484075945
2019-01-31,G,Total,1449,4730,6974651,696566130821,83726770290,780292901111
2019-01-31,LG1,Staff,99,359,318828,22325875991,2599436513,24925312504
2019-01-31,LG1,TPG,230,1561,3432850,523826315492,49795216745,573621532237
2019-01-31,LG1,RPG,79,315,507586,60749504824,9140687650,69890192474
2019-01-31,LG1,UG,1409,7718,12084868,1463828806407,206841480386,1670670286793
2019-01-31,LG1,Alumni,3,15,34126,2646313026,224496639,2870809665
2019-01-31,LG1,Others(HKUST),10,110,920104,60341838033,8758187569,69100025602
2019-01-31,LG1,Non-HKUST,44,166,360505,40653743128,5511028904,46164772032
2019-01-31,LG1,Total,1874,10244,17658867,2174372396901,282870534406,2457242931307
2019-01-31,LG3,Staff,52,262,308281,17537549840,10308657818,27846207658
2019-01-31,LG3,TPG,85,667,1312022,170105465713,10707220055,180812685768
2019-01-31,LG3,RPG,35,185,414114,117406571026,11344829964,128751400990
2019-01-31,LG3,UG,526,2399,4039374,515355513331,48368900383,563724413714
2019-01-31,LG3,Alumni,2,2,0,292616338,18928687,311545025
2019-01-31,LG3,Others(HKUST),2,12,34036,297277817,18798038,316075855
2019-01-31,LG3,Non-HKUST,15,49,44672,3758960275,556463869,4315424144
2019-01-31,LG3,Total,717,3576,6152499,824753954340,81323798814,906077753154
2019-01-31,LG4,Staff,69,131,37279,5504354211,5078567488,10582921699
2019-01-31,LG4,TPG,97,543,1568419,213571207981,17226990071,230798198052
2019-01-31,LG4,RPG,48,94,141555,10047191167,907400774,10954591941
2019-01-31,LG4,UG,873,2079,2501294,754559493131,46228668614,800788161745
2019-01-31,LG4,Alumni,4,8,37025,3243858017,113845937,3357703954
2019-01-31,LG4,Others(HKUST),6,19,260815,18247501190,6640950921,24888452111
2019-01-31,LG4,Non-HKUST,34,67,140057,7971753143,1797792209,9769545352
2019-01-31,LG4,Total,1131,2941,4686444,1013145358840,77994216014,1091139574854
2019-01-31,All-Floors,Staff,268,2145,3350071,229567137937,39211294055,268778431992
2019-01-31,All-Floors,TPG,412,4170,9422978,1242543081870,107159312585,1349702394455
2019-01-31,All-Floors,RPG,165,887,1380702,227963253473,22884394126,250847647599
2019-01-31,All-Floors,UG,2612,16271,24947226,3298837882997,407797844216,3706635727213
2019-01-31,All-Floors,Alumni,14,64,210456,25875080138,943772627,26818852765
2019-01-31,All-Floors,Others(HKUST),16,215,1955429,98265825990,16653907691,114919733681
2019-01-31,All-Floors,Non-HKUST,97,428,783134,96326409536,9919958609,106246368145
2019-01-31,All-Floors,Total,3584,24180,42049996,5219378671941,604570483909,5823949155850
