Date,Floor,User-Group,User-Count,WiFi-Conn,Duration-Sec,Traffic-In-Byte,Traffic-Out-Byte,Traffic-Both-Byte
2019-07-01,1,Staff,4,26,244434,2108925301,96735191,2205660492
2019-07-01,1,TPG,0,0,0,0,0,0
2019-07-01,1,RPG,0,0,0,0,0,0
2019-07-01,1,UG,3,3,720,598311,275404,873715
2019-07-01,1,Alumni,0,0,0,0,0,0
2019-07-01,1,Others(HKUST),0,0,0,0,0,0
2019-07-01,1,Non-HKUST,0,0,0,0,0,0
2019-07-01,1,Total,7,29,245154,2109523612,97010595,2206534207
2019-07-01,G,Staff,5,7,125478,17206860354,1069325204,18276185558
2019-07-01,G,TPG,2,2,180,62979,47515,110494
2019-07-01,G,RPG,3,3,0,242277,145393,387670
2019-07-01,G,UG,3,5,4679,650423753,10725754,661149507
2019-07-01,G,Alumni,0,0,0,0,0,0
2019-07-01,G,Others(HKUST),2,5,345416,1221340097,140824689,1362164786
2019-07-01,G,Non-HKUST,1,1,0,2600889,116300,2717189
2019-07-01,G,Total,16,23,475753,19081530349,1221184855,20302715204
2019-07-01,LG1,Staff,8,10,4321,20777420,7395550,28172970
2019-07-01,LG1,TPG,2,2,0,268859,203054,471913
2019-07-01,LG1,RPG,1,1,0,47896499,42680702,90577201
2019-07-01,LG1,UG,15,15,6834,1638724,839071,2477795
2019-07-01,LG1,Alumni,0,0,0,0,0,0
2019-07-01,LG1,Others(HKUST),2,8,431635,2065304585,446134254,2511438839
2019-07-01,LG1,Non-HKUST,0,0,0,0,0,0
2019-07-01,LG1,Total,28,36,442790,2135886087,497252631,2633138718
2019-07-01,LG3,Staff,7,73,91963,36427555,9100446,45528001
2019-07-01,LG3,TPG,2,3,0,625254,196855,822109
2019-07-01,LG3,RPG,8,8,901,53767483,4399744,58167227
2019-07-01,LG3,UG,13,13,721,44641987,5297813,49939800
2019-07-01,LG3,Alumni,2,2,1801,6633406,49041252,55674658
2019-07-01,LG3,Others(HKUST),0,0,0,0,0,0
2019-07-01,LG3,Non-HKUST,0,0,0,0,0,0
2019-07-01,LG3,Total,32,99,95386,142095685,68036110,210131795
2019-07-01,LG4,Staff,5,6,0,278744360,28395637,307139997
2019-07-01,LG4,TPG,7,7,0,786623691,33546179,820169870
2019-07-01,LG4,RPG,17,19,540,2485920588,68020407,2553940995
2019-07-01,LG4,UG,38,55,9162,5703774898,279565461,5983340359
2019-07-01,LG4,Alumni,1,1,0,130867,98950,229817
2019-07-01,LG4,Others(HKUST),3,6,167757,31975912699,7240451015,39216363714
2019-07-01,LG4,Non-HKUST,2,2,0,36044272,7256142,43300414
2019-07-01,LG4,Total,73,96,177459,41267151375,7657333791,48924485166
2019-07-01,All-Floors,Staff,27,122,466196,19651734990,1210952028,20862687018
2019-07-01,All-Floors,TPG,11,14,180,787580783,33993603,821574386
2019-07-01,All-Floors,RPG,28,31,1441,2587826847,115246246,2703073093
2019-07-01,All-Floors,UG,67,91,22116,6401077673,296703503,6697781176
2019-07-01,All-Floors,Alumni,2,3,1801,6764273,49140202,55904475
2019-07-01,All-Floors,Others(HKUST),6,19,944808,35262557381,7827409958,43089967339
2019-07-01,All-Floors,Non-HKUST,3,3,0,38645161,7372442,46017603
2019-07-01,All-Floors,Total,144,283,1436542,64736187108,9540817982,74277005090
2019-07-02,1,Staff,51,540,1276840,139854810138,4575521181,144430331319
2019-07-02,1,TPG,22,227,763294,67106712973,6762072853,73868785826
2019-07-02,1,RPG,27,176,573589,26581628207,2615787366,29197415573
2019-07-02,1,UG,57,364,1075921,104984347395,17057689791,122042037186
2019-07-02,1,Alumni,2,11,53417,2961679926,307211452,3268891378
2019-07-02,1,Others(HKUST),3,13,140115,127360921,21923138,149284059
2019-07-02,1,Non-HKUST,14,62,183533,13192071535,817060335,14009131870
2019-07-02,1,Total,176,1393,4066709,354808611095,32157266116,386965877211
2019-07-02,G,Staff,126,466,904788,51757319599,7386504278,59143823877
2019-07-02,G,TPG,86,346,547516,58924585630,3751720027,62676305657
2019-07-02,G,RPG,87,236,258335,27718831116,1372607282,29091438398
2019-07-02,G,UG,243,746,1092646,111134140570,9875279745,121009420315
2019-07-02,G,Alumni,14,92,152891,27196733719,1188087296,28384821015
2019-07-02,G,Others(HKUST),9,30,367921,2451423228,1037802391,3489225619
2019-07-02,G,Non-HKUST,25,91,175507,11130384407,928677533,12059061940
2019-07-02,G,Total,590,2007,3499604,290313418269,25540678552,315854096821
2019-07-02,LG1,Staff,69,348,376576,40795750472,3824148925,44619899397
2019-07-02,LG1,TPG,104,787,1813804,224298482300,16843677689,241142159989
2019-07-02,LG1,RPG,96,483,1070454,65608208569,10335330830,75943539399
2019-07-02,LG1,UG,363,2323,4430677,524982362828,42403177674,567385540502
2019-07-02,LG1,Alumni,7,54,135669,10649893460,1893425931,12543319391
2019-07-02,LG1,Others(HKUST),9,31,447844,2276103767,387387035,2663490802
2019-07-02,LG1,Non-HKUST,48,244,477208,32243161232,3470836901,35713998133
2019-07-02,LG1,Total,696,4270,8752232,900853962628,79157984985,980011947613
2019-07-02,LG3,Staff,55,257,283771,11099053419,951574470,12050627889
2019-07-02,LG3,TPG,25,181,493027,52719550747,3091986180,55811536927
2019-07-02,LG3,RPG,34,195,430906,25928401367,2944465530,28872866897
2019-07-02,LG3,UG,98,465,1004767,110760219970,15830596785,126590816755
2019-07-02,LG3,Alumni,4,74,44852,10831990144,621145192,11453135336
2019-07-02,LG3,Others(HKUST),2,16,30643,857092062,41462180,898554242
2019-07-02,LG3,Non-HKUST,6,41,60054,10481518268,257588971,10739107239
2019-07-02,LG3,Total,224,1229,2348020,222677825977,23738819308,246416645285
2019-07-02,LG4,Staff,37,146,34402,20286912216,1658571309,21945483525
2019-07-02,LG4,TPG,24,120,350413,38817999360,3904261678,42722261038
2019-07-02,LG4,RPG,38,124,194106,15419062550,2074992752,17494055302
2019-07-02,LG4,UG,119,366,768566,138038344546,9906247607,147944592153
2019-07-02,LG4,Alumni,5,32,123970,9710418314,371330961,10081749275
2019-07-02,LG4,Others(HKUST),4,17,172102,13814846193,2548917843,16363764036
2019-07-02,LG4,Non-HKUST,9,33,61655,4647296950,474267546,5121564496
2019-07-02,LG4,Total,236,838,1705214,240734880129,20938589696,261673469825
2019-07-02,All-Floors,Staff,206,1757,2876377,263793845844,18396320163,282190166007
2019-07-02,All-Floors,TPG,148,1661,3968054,441867331010,34353718427,476221049437
2019-07-02,All-Floors,RPG,174,1214,2527390,161256131809,19343183760,180599315569
2019-07-02,All-Floors,UG,537,4264,8372577,989899415309,95072991602,1084972406911
2019-07-02,All-Floors,Alumni,20,263,510799,61350715563,4381200832,65731916395
2019-07-02,All-Floors,Others(HKUST),12,107,1158625,19526826171,4037492587,23564318758
2019-07-02,All-Floors,Non-HKUST,65,471,957957,71694432392,5948431286,77642863678
2019-07-02,All-Floors,Total,1162,9737,20371779,2009388698098,181533338657,2190922036755
2019-07-03,1,Staff,61,620,1325768,48629815830,3535067961,52164883791
2019-07-03,1,TPG,23,205,799181,61095798000,6542686042,67638484042
2019-07-03,1,RPG,20,158,449296,24966500068,9290831924,34257331992
2019-07-03,1,UG,71,391,1046132,73510673445,8380434352,81891107797
2019-07-03,1,Alumni,1,21,71480,6111235858,155292654,6266528512
2019-07-03,1,Others(HKUST),2,18,227047,129471710,19220955,148692665
2019-07-03,1,Non-HKUST,17,105,252737,22818966320,1027792286,23846758606
2019-07-03,1,Total,195,1518,4171641,237262461231,28951326174,266213787405
2019-07-03,G,Staff,122,537,929950,52029814667,10519946302,62549760969
2019-07-03,G,TPG,77,333,366020,70764255628,5723681574,76487937202
2019-07-03,G,RPG,75,218,267304,17036728763,8708578995,25745307758
2019-07-03,G,UG,326,1062,1655767,179257136929,16504976981,195762113910
2019-07-03,G,Alumni,13,58,124750,10707536620,716335342,11423871962
2019-07-03,G,Others(HKUST),10,44,382127,3639249074,630418017,4269667091
2019-07-03,G,Non-HKUST,35,91,178588,18378573353,802494568,19181067921
2019-07-03,G,Total,658,2343,3904506,351813295034,43606431779,395419726813
2019-07-03,LG1,Staff,96,442,424541,39759671203,4032063757,43791734960
2019-07-03,LG1,TPG,85,734,1597348,265916916846,19994224437,285911141283
2019-07-03,LG1,RPG,99,555,1176255,113065929051,7571221150,120637150201
2019-07-03,LG1,UG,392,2096,3749576,487558710080,60489878935,548048589015
2019-07-03,LG1,Alumni,8,61,114508,8448133969,399845631,8847979600
2019-07-03,LG1,Others(HKUST),9,28,470671,2651422925,577004815,3228427740
2019-07-03,LG1,Non-HKUST,33,120,229219,33737244548,2864929607,36602174155
2019-07-03,LG1,Total,722,4036,7762118,951138028622,95929168332,1047067196954
2019-07-03,LG3,Staff,55,257,232041,16475475194,1564565182,18040040376
2019-07-03,LG3,TPG,19,76,159456,26632202706,2542028163,29174230869
2019-07-03,LG3,RPG,34,197,347581,28857291705,2707164703,31564456408
2019-07-03,LG3,UG,118,506,936821,95392836481,7205257693,102598094174
2019-07-03,LG3,Alumni,5,33,82647,11690776172,223914582,11914690754
2019-07-03,LG3,Others(HKUST),4,7,1268,39351463,55407825,94759288
2019-07-03,LG3,Non-HKUST,4,17,10497,906037176,196851532,1102888708
2019-07-03,LG3,Total,239,1093,1770311,179993970897,14495189680,194489160577
2019-07-03,LG4,Staff,43,104,37079,4768601541,452160583,5220762124
2019-07-03,LG4,TPG,23,128,491930,59793463906,6601414308,66394878214
2019-07-03,LG4,RPG,30,81,215410,13856729172,10605987314,24462716486
2019-07-03,LG4,UG,136,449,864622,133714677516,9667520421,143382197937
2019-07-03,LG4,Alumni,6,39,114924,7640593471,401402442,8041995913
2019-07-03,LG4,Others(HKUST),8,34,170819,30699886885,5323397259,36023284144
2019-07-03,LG4,Non-HKUST,9,40,65997,9039221400,1032700526,10071921926
2019-07-03,LG4,Total,255,875,1960781,259513173891,34084582853,293597756744
2019-07-03,All-Floors,Staff,211,1960,2949379,161663378435,20103803785,181767182220
2019-07-03,All-Floors,TPG,125,1476,3413935,484202637086,41404034524,525606671610
2019-07-03,All-Floors,RPG,159,1209,2455846,197783178759,38883784086,236666962845
2019-07-03,All-Floors,UG,634,4504,8252918,969434034451,102248068382,1071682102833
2019-07-03,All-Floors,Alumni,19,212,508309,44598276090,1896790651,46495066741
2019-07-03,All-Floors,Others(HKUST),20,131,1251932,37159382057,6605448871,43764830928
2019-07-03,All-Floors,Non-HKUST,63,373,737038,84880042797,5924768519,90804811316
2019-07-03,All-Floors,Total,1231,9865,19569357,1979720929675,217066698818,2196787628493
2019-07-04,1,Staff,63,702,1306018,75267429202,8021960027,83289389229
2019-07-04,1,TPG,11,91,434674,32686846971,4350791648,37037638619
2019-07-04,1,RPG,20,95,343372,22576784142,2907297703,25484081845
2019-07-04,1,UG,61,483,1352848,147590167935,22863963033,170454130968
2019-07-04,1,Alumni,3,25,118644,3874298189,812858924,4687157113
2019-07-04,1,Others(HKUST),3,13,204071,6845878547,256187138,7102065685
2019-07-04,1,Non-HKUST,14,75,385333,34348967813,2913819568,37262787381
2019-07-04,1,Total,175,1484,4144960,323190372799,42126878041,365317250840
2019-07-04,G,Staff,145,646,1014284,96195558805,9684339281,105879898086
2019-07-04,G,TPG,61,274,453165,92170027427,4347942507,96517969934
2019-07-04,G,RPG,80,204,307283,24603828001,5938806461,30542634462
2019-07-04,G,UG,255,796,1381550,137527639443,19020761802,156548401245
2019-07-04,G,Alumni,12,62,154105,15982506155,879759319,16862265474
2019-07-04,G,Others(HKUST),8,42,368295,4147177328,442442929,4589620257
2019-07-04,G,Non-HKUST,37,108,173900,21476732936,1304566671,22781299607
2019-07-04,G,Total,598,2132,3852582,392103470095,41618618970,433722089065
2019-07-04,LG1,Staff,81,321,309260,28575460116,2440989986,31016450102
2019-07-04,LG1,TPG,87,740,1528835,218223873552,16851613094,235075486646
2019-07-04,LG1,RPG,70,494,1039063,83926499713,8284492058,92210991771
2019-07-04,LG1,UG,337,1989,3924395,487839018825,51658383900,539497402725
2019-07-04,LG1,Alumni,5,21,64835,4192280995,215216844,4407497839
2019-07-04,LG1,Others(HKUST),8,26,442783,5579536705,2591588415,8171125120
2019-07-04,LG1,Non-HKUST,37,206,420407,20612943513,3274205486,23887148999
2019-07-04,LG1,Total,625,3797,7729578,848949613419,85316489783,934266103202
2019-07-04,LG3,Staff,58,290,452142,19598903711,1557937881,21156841592
2019-07-04,LG3,TPG,21,225,433088,39106211732,10659661552,49765873284
2019-07-04,LG3,RPG,47,206,442679,36345543001,4376798209,40722341210
2019-07-04,LG3,UG,115,591,1201205,225782746157,14282959712,240065705869
2019-07-04,LG3,Alumni,3,9,34695,2072482376,290914847,2363397223
2019-07-04,LG3,Others(HKUST),3,12,31860,479981619,33513112,513494731
2019-07-04,LG3,Non-HKUST,3,26,75756,26890335737,1448859023,28339194760
2019-07-04,LG3,Total,250,1359,2671425,350276204333,32650644336,382926848669
2019-07-04,LG4,Staff,54,143,58524,11095530492,614137289,11709667781
2019-07-04,LG4,TPG,22,91,307362,36325233260,3237606378,39562839638
2019-07-04,LG4,RPG,33,142,274635,27802543248,2752061417,30554604665
2019-07-04,LG4,UG,102,355,556075,116691660524,16617552020,133309212544
2019-07-04,LG4,Alumni,4,21,55571,4100888193,164573198,4265461391
2019-07-04,LG4,Others(HKUST),6,31,177304,19351675524,3130025998,22481701522
2019-07-04,LG4,Non-HKUST,15,37,85281,9201766015,1968510887,11170276902
2019-07-04,LG4,Total,236,820,1514752,224569297256,28484467187,253053764443
2019-07-04,All-Floors,Staff,221,2102,3140228,230732882326,22319364464,253052246790
2019-07-04,All-Floors,TPG,114,1421,3157124,418512192942,39447615179,457959808121
2019-07-04,All-Floors,RPG,155,1141,2407032,195255198105,24259455848,219514653953
2019-07-04,All-Floors,UG,540,4214,8416073,1115431232884,124443620467,1239874853351
2019-07-04,All-Floors,Alumni,18,138,427850,30222455908,2363323132,32585779040
2019-07-04,All-Floors,Others(HKUST),16,124,1224313,36404249723,6453757592,42858007315
2019-07-04,All-Floors,Non-HKUST,71,452,1140677,112530746014,10909961635,123440707649
2019-07-04,All-Floors,Total,1135,9592,19913297,2139088957902,230197098317,2369286056219
2019-07-05,1,Staff,56,609,1132858,29311027960,3304589608,32615617568
2019-07-05,1,TPG,17,149,811091,46710310038,19741429921,66451739959
2019-07-05,1,RPG,19,123,540149,23627900852,3037717267,26665618119
2019-07-05,1,UG,57,383,817316,40669855543,5068363638,45738219181
2019-07-05,1,Alumni,4,17,76974,5349086258,369724818,5718811076
2019-07-05,1,Others(HKUST),3,21,228115,1368810548,42291298,1411101846
2019-07-05,1,Non-HKUST,8,47,214577,46356425777,1751169322,48107595099
2019-07-05,1,Total,164,1349,3821080,193393416976,33315285872,226708702848
2019-07-05,G,Staff,131,696,990839,55565139743,13022826514,68587966257
2019-07-05,G,TPG,74,227,341128,41835708440,3985199124,45820907564
2019-07-05,G,RPG,59,137,210778,14224597521,1327750476,15552347997
2019-07-05,G,UG,283,1005,1457436,134114950073,17104454573,151219404646
2019-07-05,G,Alumni,17,124,205802,19241386646,1470968954,20712355600
2019-07-05,G,Others(HKUST),6,71,323621,6850415159,4032462755,10882877914
2019-07-05,G,Non-HKUST,21,47,84617,19475531804,1178512017,20654043821
2019-07-05,G,Total,591,2307,3614221,291307729386,42122174413,333429903799
2019-07-05,LG1,Staff,90,289,326846,25110868140,3024350726,28135218866
2019-07-05,LG1,TPG,83,731,1409780,207598889942,23198003143,230796893085
2019-07-05,LG1,RPG,78,327,574351,75400271388,3513249915,78913521303
2019-07-05,LG1,UG,324,1736,3175688,435184129904,165443648732,600627778636
2019-07-05,LG1,Alumni,9,44,66566,13923142680,477987782,14401130462
2019-07-05,LG1,Others(HKUST),9,60,492730,4146318145,1290817761,5437135906
2019-07-05,LG1,Non-HKUST,27,103,175037,24970610740,1181054806,26151665546
2019-07-05,LG1,Total,620,3290,6220998,786334230939,198129112865,984463343804
2019-07-05,LG3,Staff,57,262,335773,24183165297,1816728320,25999893617
2019-07-05,LG3,TPG,15,106,131175,32152120619,2336186362,34488306981
2019-07-05,LG3,RPG,34,128,298631,41529552110,3062358374,44591910484
2019-07-05,LG3,UG,93,455,972718,99558130952,20864214878,120422345830
2019-07-05,LG3,Alumni,5,22,30426,1760540650,113301000,1873841650
2019-07-05,LG3,Others(HKUST),3,11,1443,462205905,546623311,1008829216
2019-07-05,LG3,Non-HKUST,6,16,17280,1464802755,241288343,1706091098
2019-07-05,LG3,Total,213,1000,1787446,201110518288,28980700588,230091218876
2019-07-05,LG4,Staff,39,110,85099,3175418999,761844527,3937263526
2019-07-05,LG4,TPG,18,82,333872,35340297346,2990362828,38330660174
2019-07-05,LG4,RPG,32,106,283640,51385135981,1778109501,53163245482
2019-07-05,LG4,UG,124,293,426557,65483370445,5805060524,71288430969
2019-07-05,LG4,Alumni,6,31,108834,26966511551,802010642,27768522193
2019-07-05,LG4,Others(HKUST),8,102,178393,16379942854,3430489936,19810432790
2019-07-05,LG4,Non-HKUST,13,51,109738,8005196849,1613903166,9619100015
2019-07-05,LG4,Total,240,775,1526133,206735874025,17181781124,223917655149
2019-07-05,All-Floors,Staff,206,1966,2871415,137345620139,21930339695,159275959834
2019-07-05,All-Floors,TPG,119,1295,3027046,363637326385,52251181378,415888507763
2019-07-05,All-Floors,RPG,139,821,1907549,206167457852,12719185533,218886643385
2019-07-05,All-Floors,UG,535,3872,6849715,775010436917,214285742345,989296179262
2019-07-05,All-Floors,Alumni,21,238,488602,67240667785,3233993196,70474660981
2019-07-05,All-Floors,Others(HKUST),16,265,1224302,29207692611,9342685061,38550377672
2019-07-05,All-Floors,Non-HKUST,45,264,601249,100272567925,5965927654,106238495579
2019-07-05,All-Floors,Total,1081,8721,16969878,1678881769614,319729054862,1998610824476
2019-07-06,1,Staff,10,41,348880,3260790355,176652931,3437443286
2019-07-06,1,TPG,14,94,533777,33258126083,1995398283,35253524366
2019-07-06,1,RPG,18,73,308806,21195220180,1248336573,22443556753
2019-07-06,1,UG,26,170,691449,47397223330,10264799550,57662022880
2019-07-06,1,Alumni,9,67,170119,15435257649,5920020791,21355278440
2019-07-06,1,Others(HKUST),1,2,172798,27711482,12979256,40690738
2019-07-06,1,Non-HKUST,8,67,212055,43807522339,3958074110,47765596449
2019-07-06,1,Total,86,514,2437884,164381851418,23576261494,187958112912
2019-07-06,G,Staff,38,159,386215,35309106200,4595674817,39904781017
2019-07-06,G,TPG,56,160,283980,30817054774,5692984181,36510038955
2019-07-06,G,RPG,43,100,184690,9971530882,1152401355,11123932237
2019-07-06,G,UG,100,410,706097,98610252804,4771387232,103381640036
2019-07-06,G,Alumni,34,157,147470,11683305027,2055012634,13738317661
2019-07-06,G,Others(HKUST),4,14,304403,2853357711,339450864,3192808575
2019-07-06,G,Non-HKUST,22,97,181618,27945910922,1728950688,29674861610
2019-07-06,G,Total,297,1097,2194473,217190518320,20335861771,237526380091
2019-07-06,LG1,Staff,23,133,153674,26394582325,1374884843,27769467168
2019-07-06,LG1,TPG,64,372,844622,71269743515,23273749980,94543493495
2019-07-06,LG1,RPG,61,363,745162,56150693152,76844273206,132994966358
2019-07-06,LG1,UG,160,862,1973458,301842556297,20676946351,322519502648
2019-07-06,LG1,Alumni,20,103,158746,15609999614,5462225144,21072224758
2019-07-06,LG1,Others(HKUST),4,21,491213,15316025360,899708701,16215734061
2019-07-06,LG1,Non-HKUST,14,47,157875,20317543455,864196648,21181740103
2019-07-06,LG1,Total,346,1901,4524750,506901143718,129395984873,636297128591
2019-07-06,LG3,Staff,15,152,192204,5136684937,323690668,5460375605
2019-07-06,LG3,TPG,12,56,100829,29251314471,1678070623,30929385094
2019-07-06,LG3,RPG,22,92,208332,19353167772,1257405485,20610573257
2019-07-06,LG3,UG,66,359,656442,75655206406,3794901163,79450107569
2019-07-06,LG3,Alumni,12,72,140020,23487153344,1241815819,24728969163
2019-07-06,LG3,Others(HKUST),2,3,9365,2199933394,14760027,2214693421
2019-07-06,LG3,Non-HKUST,3,3,0,147034366,127522593,274556959
2019-07-06,LG3,Total,132,737,1307192,155230494690,8438166378,163668661068
2019-07-06,LG4,Staff,13,14,1982,699591422,20276647,719868069
2019-07-06,LG4,TPG,16,63,157713,63368087832,3003538624,66371626456
2019-07-06,LG4,RPG,25,43,94687,8268122490,794468705,9062591195
2019-07-06,LG4,UG,63,246,341987,101756673709,4816194392,106572868101
2019-07-06,LG4,Alumni,11,54,109044,23395442119,2599109089,25994551208
2019-07-06,LG4,Others(HKUST),4,135,150019,19486160797,3596056044,23082216841
2019-07-06,LG4,Non-HKUST,11,45,107840,7851517107,1870532689,9722049796
2019-07-06,LG4,Total,143,600,963272,224825595476,16700176190,241525771666
2019-07-06,All-Floors,Staff,61,499,1082955,70800755239,6491179906,77291935145
2019-07-06,All-Floors,TPG,100,745,1920921,227964326675,35643741691,263608068366
2019-07-06,All-Floors,RPG,107,671,1541677,114938734476,81296885324,196235619800
2019-07-06,All-Floors,UG,261,2047,4369433,625261912546,44324228688,669586141234
2019-07-06,All-Floors,Alumni,51,453,725399,89611157753,17278183477,106889341230
2019-07-06,All-Floors,Others(HKUST),10,175,1127798,39883188744,4862954892,44746143636
2019-07-06,All-Floors,Non-HKUST,41,259,659388,100069528189,8549276728,108618804917
2019-07-06,All-Floors,Total,631,4849,11427571,1268529603622,198446450706,1466976054328
2019-07-07,1,Staff,5,37,188092,2437492097,144841314,2582333411
2019-07-07,1,TPG,14,75,313766,17176073811,2208036610,19384110421
2019-07-07,1,RPG,12,35,195824,5017486434,297545712,5315032146
2019-07-07,1,UG,21,103,391639,38805412395,4205780967,43011193362
2019-07-07,1,Alumni,3,16,23221,4846840908,176209268,5023050176
2019-07-07,1,Others(HKUST),1,6,172077,49333789,22452732,71786521
2019-07-07,1,Non-HKUST,4,11,69294,5177798166,227809881,5405608047
2019-07-07,1,Total,60,283,1353913,73510437600,7282676484,80793114084
2019-07-07,G,Staff,21,90,239940,27446288161,7446466591,34892754752
2019-07-07,G,TPG,31,106,147039,29431816164,2750701771,32182517935
2019-07-07,G,RPG,27,57,51452,5604780836,337174062,5941954898
2019-07-07,G,UG,90,255,495936,56180371771,5138371052,61318742823
2019-07-07,G,Alumni,19,113,111587,5983316462,1855750183,7839066645
2019-07-07,G,Others(HKUST),3,18,238307,7832102264,384070748,8216173012
2019-07-07,G,Non-HKUST,18,37,97886,10598026100,1443564137,12041590237
2019-07-07,G,Total,209,676,1382147,143076701758,19356098544,162432800302
2019-07-07,LG1,Staff,21,123,142188,10020870626,1402290533,11423161159
2019-07-07,LG1,TPG,40,201,440971,63695004806,5474900772,69169905578
2019-07-07,LG1,RPG,27,98,162194,10711242900,704562834,11415805734
2019-07-07,LG1,UG,149,864,1700288,187719808966,32043683218,219763492184
2019-07-07,LG1,Alumni,15,72,175290,20191491489,5557023528,25748515017
2019-07-07,LG1,Others(HKUST),5,36,507431,7559766613,1937121549,9496888162
2019-07-07,LG1,Non-HKUST,23,115,329882,27660200728,5024481285,32684682013
2019-07-07,LG1,Total,280,1509,3458244,327558386128,52144063719,379702449847
2019-07-07,LG3,Staff,19,118,130854,1718815977,168849591,1887665568
2019-07-07,LG3,TPG,6,27,75258,6731698094,856253996,7587952090
2019-07-07,LG3,RPG,15,60,129928,18697512691,595537630,19293050321
2019-07-07,LG3,UG,63,377,568050,56140240010,4939039024,61079279034
2019-07-07,LG3,Alumni,8,27,29709,22390108741,656313834,23046422575
2019-07-07,LG3,Others(HKUST),2,17,10437,14094656936,739421600,14834078536
2019-07-07,LG3,Non-HKUST,3,5,35274,635649565,42909345,678558910
2019-07-07,LG3,Total,116,631,979510,120408682014,7998325020,128407007034
2019-07-07,LG4,Staff,9,25,63902,11631842124,519920327,12151762451
2019-07-07,LG4,TPG,8,21,100621,30315537610,3013240192,33328777802
2019-07-07,LG4,RPG,24,46,99694,5895001587,1535879016,7430880603
2019-07-07,LG4,UG,49,114,162736,46789859399,1872928736,48662788135
2019-07-07,LG4,Alumni,12,58,147201,25347129543,1291842017,26638971560
2019-07-07,LG4,Others(HKUST),6,180,139348,14835820628,2902705056,17738525684
2019-07-07,LG4,Non-HKUST,12,45,68388,13250532229,456633132,13707165361
2019-07-07,LG4,Total,120,489,781890,148065723120,11593148476,159658871596
2019-07-07,All-Floors,Staff,44,393,764976,53255308985,9682368356,62937677341
2019-07-07,All-Floors,TPG,57,430,1077655,147350130485,14303133341,161653263826
2019-07-07,All-Floors,RPG,73,296,639092,45926024448,3470699254,49396723702
2019-07-07,All-Floors,UG,261,1713,3318649,385635692541,48199802997,433835495538
2019-07-07,All-Floors,Alumni,33,286,487008,78758887143,9537138830,88296025973
2019-07-07,All-Floors,Others(HKUST),10,257,1067600,44371680230,5985771685,50357451915
2019-07-07,All-Floors,Non-HKUST,37,213,600724,57322206788,7195397780,64517604568
2019-07-07,All-Floors,Total,515,3588,7955704,812619930620,98374312243,910994242863
2019-07-08,1,Staff,61,546,915774,43841360592,2623386389,46464746981
2019-07-08,1,TPG,15,115,457244,36762587851,7414524788,44177112639
2019-07-08,1,RPG,20,126,389884,23194667417,3934711426,27129378843
2019-07-08,1,UG,73,503,1536812,114148454325,13266811208,127415265533
2019-07-08,1,Alumni,1,16,75340,2570283573,91312249,2661595822
2019-07-08,1,Others(HKUST),4,28,174594,1032625358,412448554,1445073912
2019-07-08,1,Non-HKUST,19,65,284060,10178236251,944004559,11122240810
2019-07-08,1,Total,193,1399,3833708,231728215367,28687199173,260415414540
2019-07-08,G,Staff,140,624,1109469,60921518657,8142912562,69064431219
2019-07-08,G,TPG,51,199,282269,30452941842,3203145323,33656087165
2019-07-08,G,RPG,81,252,403958,21541628609,6824683209,28366311818
2019-07-08,G,UG,307,1079,1629962,188612167635,17409335392,206021503027
2019-07-08,G,Alumni,13,59,111851,9994842601,1433280621,11428123222
2019-07-08,G,Others(HKUST),14,142,353662,15993651425,1463123388,17456774813
2019-07-08,G,Non-HKUST,53,162,140303,33769391920,2623620730,36393012650
2019-07-08,G,Total,659,2517,4031474,361286142689,41100101225,402386243914
2019-07-08,LG1,Staff,71,351,199071,8752394960,1384279756,10136674716
2019-07-08,LG1,TPG,53,407,1030288,86647775299,6849592446,93497367745
2019-07-08,LG1,RPG,87,410,674335,49061442432,5909742896,54971185328
2019-07-08,LG1,UG,352,2246,4045571,533601761214,58661063694,592262824908
2019-07-08,LG1,Alumni,8,73,193760,12319809705,1597065835,13916875540
2019-07-08,LG1,Others(HKUST),12,88,466691,10910123706,2966543826,13876667532
2019-07-08,LG1,Non-HKUST,51,200,385083,39279853301,6994102777,46273956078
2019-07-08,LG1,Total,634,3775,6994799,740573160617,84362391230,824935551847
2019-07-08,LG3,Staff,73,267,221623,16796909300,828144729,17625054029
2019-07-08,LG3,TPG,20,104,283258,43958670583,2428881781,46387552364
2019-07-08,LG3,RPG,70,190,401713,35825504937,2577893284,38403398221
2019-07-08,LG3,UG,173,572,880683,138913439259,10784570240,149698009499
2019-07-08,LG3,Alumni,5,16,16365,2347855639,93714756,2441570395
2019-07-08,LG3,Others(HKUST),8,50,28408,5965927998,308206932,6274134930
2019-07-08,LG3,Non-HKUST,14,31,12774,4787797722,396736493,5184534215
2019-07-08,LG3,Total,363,1230,1844824,248596105438,17418148215,266014253653
2019-07-08,LG4,Staff,39,98,33674,2714253638,924859740,3639113378
2019-07-08,LG4,TPG,8,24,83652,6063683960,655078743,6718762703
2019-07-08,LG4,RPG,29,95,184118,11569825320,2699667436,14269492756
2019-07-08,LG4,UG,117,357,698949,123373458383,7755868693,131129327076
2019-07-08,LG4,Alumni,6,67,123595,12706118473,564742767,13270861240
2019-07-08,LG4,Others(HKUST),7,242,160753,17659942844,3653703753,21313646597
2019-07-08,LG4,Non-HKUST,20,121,224508,45694786391,25011827164,70706613555
2019-07-08,LG4,Total,226,1004,1509249,219782069009,41265748296,261047817305
2019-07-08,All-Floors,Staff,225,1886,2479611,133026437147,13903583176,146930020323
2019-07-08,All-Floors,TPG,91,849,2136711,203885659535,20551223081,224436882616
2019-07-08,All-Floors,RPG,180,1073,2054008,141193068715,21946698251,163139766966
2019-07-08,All-Floors,UG,599,4757,8791977,1098649280816,107877649227,1206526930043
2019-07-08,All-Floors,Alumni,19,231,520911,39938909991,3780116228,43719026219
2019-07-08,All-Floors,Others(HKUST),23,550,1184108,51562271331,8804026453,60366297784
2019-07-08,All-Floors,Non-HKUST,83,579,1046728,133710065585,35970291723,169680357308
2019-07-08,All-Floors,Total,1220,9925,18214054,1801965693120,212833588139,2014799281259
2019-07-09,1,Staff,63,637,962261,70673996570,4275387867,74949384437
2019-07-09,1,TPG,17,141,635399,39175332315,4732580897,43907913212
2019-07-09,1,RPG,20,110,292860,17169549741,2399533070,19569082811
2019-07-09,1,UG,64,496,1346032,107985402077,21828949514,129814351591
2019-07-09,1,Alumni,2,16,71950,4794689118,109358175,4904047293
2019-07-09,1,Others(HKUST),3,9,232149,929454237,378347718,1307801955
2019-07-09,1,Non-HKUST,14,108,368958,40842866673,3392112342,44234979015
2019-07-09,1,Total,183,1517,3909609,281571290731,37116269583,318687560314
2019-07-09,G,Staff,151,606,1193878,61769801484,14347993378,76117794862
2019-07-09,G,TPG,51,175,353209,27182211148,2750799497,29933010645
2019-07-09,G,RPG,85,243,398982,22643093684,2200622843,24843716527
2019-07-09,G,UG,278,894,1233877,182072922263,21827717646,203900639909
2019-07-09,G,Alumni,15,62,198196,29477055635,1243035405,30720091040
2019-07-09,G,Others(HKUST),8,36,358582,5783220745,497402109,6280622854
2019-07-09,G,Non-HKUST,25,60,106363,12819955234,1508666704,14328621938
2019-07-09,G,Total,613,2076,3843087,341748260193,44376237582,386124497775
2019-07-09,LG1,Staff,89,376,316844,27424228938,3488168505,30912397443
2019-07-09,LG1,TPG,70,422,1117461,165476399931,10686499698,176162899629
2019-07-09,LG1,RPG,62,321,602840,64202372063,5801843621,70004215684
2019-07-09,LG1,UG,341,2181,4491682,557244624367,44369909921,601614534288
2019-07-09,LG1,Alumni,7,46,94227,11021366763,1012065397,12033432160
2019-07-09,LG1,Others(HKUST),6,25,454322,4847087049,778500364,5625587413
2019-07-09,LG1,Non-HKUST,31,228,414552,32970061306,3519125683,36489186989
2019-07-09,LG1,Total,606,3599,7491928,863186140417,69656113189,932842253606
2019-07-09,LG3,Staff,78,295,366178,28121054908,1747105566,29868160474
2019-07-09,LG3,TPG,22,101,309504,26374342915,3730622612,30104965527
2019-07-09,LG3,RPG,69,170,422381,34461212115,3107669579,37568881694
2019-07-09,LG3,UG,216,600,1129265,209340870366,17249224804,226590095170
2019-07-09,LG3,Alumni,8,50,97570,20011456225,715786822,20727243047
2019-07-09,LG3,Others(HKUST),7,12,5044,1318332723,47085038,1365417761
2019-07-09,LG3,Non-HKUST,17,56,80805,38358435134,3471004102,41829439236
2019-07-09,LG3,Total,417,1284,2410747,357985704386,30068498523,388054202909
2019-07-09,LG4,Staff,38,91,44473,17276459906,1374802476,18651262382
2019-07-09,LG4,TPG,11,68,168906,17689642577,2128475695,19818118272
2019-07-09,LG4,RPG,36,89,183055,24080706200,1338204348,25418910548
2019-07-09,LG4,UG,113,450,982146,425485550231,25786157706,451271707937
2019-07-09,LG4,Alumni,5,19,84510,23635189387,1537285907,25172475294
2019-07-09,LG4,Others(HKUST),6,164,150743,26233682916,5093075348,31326758264
2019-07-09,LG4,Non-HKUST,7,19,50961,7578058835,286737328,7864796163
2019-07-09,LG4,Total,216,900,1664794,541979290052,37544738808,579524028860
2019-07-09,All-Floors,Staff,239,2005,2883634,205265541806,25233457792,230498999598
2019-07-09,All-Floors,TPG,93,907,2584479,275897928886,24028978399,299926907285
2019-07-09,All-Floors,RPG,181,933,1900118,162556933803,14847873461,177404807264
2019-07-09,All-Floors,UG,597,4621,9183002,1482129369304,131061959591,1613191328895
2019-07-09,All-Floors,Alumni,18,193,546453,88939757128,4617531706,93557288834
2019-07-09,All-Floors,Others(HKUST),19,246,1200840,39111777670,6794410577,45906188247
2019-07-09,All-Floors,Non-HKUST,58,471,1021639,132569377182,12177646159,144747023341
2019-07-09,All-Floors,Total,1205,9376,19320165,2386470685779,218761857685,2605232543464
2019-07-10,1,Staff,57,564,882368,54014275155,2565748278,56580023433
2019-07-10,1,TPG,19,139,501473,80746196966,7368192888,88114389854
2019-07-10,1,RPG,14,94,310022,13282697027,2178431097,15461128124
2019-07-10,1,UG,60,503,1308528,125366300064,26938283220,152304583284
2019-07-10,1,Alumni,1,23,60201,2588757028,232149389,2820906417
2019-07-10,1,Others(HKUST),2,8,200169,914580252,372214350,1286794602
2019-07-10,1,Non-HKUST,15,48,248982,13743336899,716467393,14459804292
2019-07-10,1,Total,168,1379,3511743,290656143391,40371486615,331027630006
2019-07-10,G,Staff,140,674,1085161,83770646255,11550223908,95320870163
2019-07-10,G,TPG,49,231,342664,26006272108,2654413203,28660685311
2019-07-10,G,RPG,81,187,236879,32736463615,1997085648,34733549263
2019-07-10,G,UG,329,1181,1939199,252204733139,26598995830,278803728969
2019-07-10,G,Alumni,11,82,134918,19551966790,1023789951,20575756741
2019-07-10,G,Others(HKUST),7,39,367676,8016872823,718232655,8735105478
2019-07-10,G,Non-HKUST,23,52,95586,24153358021,811631117,24964989138
2019-07-10,G,Total,640,2446,4202083,446440312751,45354372312,491794685063
2019-07-10,LG1,Staff,86,490,548045,73871284832,3303738166,77175022998
2019-07-10,LG1,TPG,58,451,1035040,213225658195,13882325017,227107983212
2019-07-10,LG1,RPG,90,468,645723,60669027981,6029101423,66698129404
2019-07-10,LG1,UG,409,2382,4358298,676546007746,63946702420,740492710166
2019-07-10,LG1,Alumni,7,50,132207,10468486048,1139024328,11607510376
2019-07-10,LG1,Others(HKUST),7,37,502692,33389050807,1377560500,34766611307
2019-07-10,LG1,Non-HKUST,39,157,342462,25487495829,2478259295,27965755124
2019-07-10,LG1,Total,696,4035,7564467,1093657011438,92156711149,1185813722587
2019-07-10,LG3,Staff,83,355,364108,51489062324,1801774210,53290836534
2019-07-10,LG3,TPG,17,113,257841,83868958887,4673275911,88542234798
2019-07-10,LG3,RPG,80,231,508967,104697490221,6881970359,111579460580
2019-07-10,LG3,UG,213,626,1119973,178490607498,14026764062,192517371560
2019-07-10,LG3,Alumni,10,35,139562,12180488501,576931198,12757419699
2019-07-10,LG3,Others(HKUST),5,20,180,317640015,18598010,336238025
2019-07-10,LG3,Non-HKUST,16,29,50951,4924448009,222118699,5146566708
2019-07-10,LG3,Total,424,1409,2441582,435968695455,28201432449,464170127904
2019-07-10,LG4,Staff,37,101,36230,15320828551,1427403490,16748232041
2019-07-10,LG4,TPG,15,63,205004,61750306733,1994893587,63745200320
2019-07-10,LG4,RPG,42,121,257696,19382023004,1270479308,20652502312
2019-07-10,LG4,UG,152,556,1062323,209358669311,11336984655,220695653966
2019-07-10,LG4,Alumni,5,25,71789,8948534337,453797621,9402331958
2019-07-10,LG4,Others(HKUST),6,151,160030,15011971836,2902036818,17914008654
2019-07-10,LG4,Non-HKUST,20,56,113852,12787548259,1092127534,13879675793
2019-07-10,LG4,Total,277,1073,1906924,342559882031,20477723013,363037605044
2019-07-10,All-Floors,Staff,237,2184,2915912,278466097117,20648888052,299114985169
2019-07-10,All-Floors,TPG,94,997,2342022,465597392889,30573100606,496170493495
2019-07-10,All-Floors,RPG,195,1101,1959287,230767701848,18357067835,249124769683
2019-07-10,All-Floors,UG,683,5248,9788321,1441966317758,142847730187,1584814047945
2019-07-10,All-Floors,Alumni,21,215,538677,53738232704,3425692487,57163925191
2019-07-10,All-Floors,Others(HKUST),15,255,1230747,57650115733,5388642333,63038758066
2019-07-10,All-Floors,Non-HKUST,67,342,851833,81096187017,5320604038,86416791055
2019-07-10,All-Floors,Total,1312,10342,19626799,2609282045066,226561725538,2835843770604
2019-07-11,1,Staff,55,562,955800,32987477484,4036505722,37023983206
2019-07-11,1,TPG,14,104,506296,31711633068,2781703803,34493336871
2019-07-11,1,RPG,18,69,263616,29525856963,997684307,30523541270
2019-07-11,1,UG,68,509,1430799,127035548310,9945261304,136980809614
2019-07-11,1,Alumni,1,15,66562,2017859484,390038511,2407897995
2019-07-11,1,Others(HKUST),2,5,166021,1039364995,356550565,1395915560
2019-07-11,1,Non-HKUST,15,82,295243,19338786571,1130277968,20469064539
2019-07-11,1,Total,173,1346,3684337,243656526875,19638022180,263294549055
2019-07-11,G,Staff,131,562,1007612,61546408461,8076283154,69622691615
2019-07-11,G,TPG,44,194,337507,45254165193,4084169869,49338335062
2019-07-11,G,RPG,79,227,465956,26078053936,4847999263,30926053199
2019-07-11,G,UG,270,929,1659337,172490011145,15222285421,187712296566
2019-07-11,G,Alumni,9,29,39481,3884492117,160390853,4044882970
2019-07-11,G,Others(HKUST),8,33,323648,3344961034,604818830,3949779864
2019-07-11,G,Non-HKUST,20,48,86802,5620140235,496861325,6117001560
2019-07-11,G,Total,561,2022,3920343,318218232121,33492808715,351711040836
2019-07-11,LG1,Staff,85,431,328535,31594977177,11849163287,43444140464
2019-07-11,LG1,TPG,53,432,924463,176336307838,9694411871,186030719709
2019-07-11,LG1,RPG,68,381,604027,60746143748,3608385552,64354529300
2019-07-11,LG1,UG,371,2002,3991954,645187274972,56788474007,701975748979
2019-07-11,LG1,Alumni,8,70,175543,13160545640,1825774836,14986320476
2019-07-11,LG1,Others(HKUST),5,27,436672,2706893267,5141834207,7848727474
2019-07-11,LG1,Non-HKUST,29,151,221871,29502945288,2676330428,32179275716
2019-07-11,LG1,Total,619,3494,6683065,959235087930,91584374188,1050819462118
2019-07-11,LG3,Staff,92,302,287670,24524228957,1722701982,26246930939
2019-07-11,LG3,TPG,20,130,335931,209350820421,7005979921,216356800342
2019-07-11,LG3,RPG,71,192,337480,45033133617,2858190210,47891323827
2019-07-11,LG3,UG,219,689,1351325,300345804213,21788818943,322134623156
2019-07-11,LG3,Alumni,6,40,54031,18796141319,1328841988,20124983307
2019-07-11,LG3,Others(HKUST),7,21,11720,268257221,13371684,281628905
2019-07-11,LG3,Non-HKUST,11,43,73082,27220862511,1657845603,28878708114
2019-07-11,LG3,Total,426,1417,2451239,625539248259,36375750331,661914998590
2019-07-11,LG4,Staff,38,164,27211,10967747035,1990523640,12958270675
2019-07-11,LG4,TPG,13,35,102128,5183301257,424180754,5607482011
2019-07-11,LG4,RPG,37,114,272936,26693722145,1786246720,28479968865
2019-07-11,LG4,UG,130,483,877756,150408618855,11005680900,161414299755
2019-07-11,LG4,Alumni,5,22,81673,7254812101,562314304,7817126405
2019-07-11,LG4,Others(HKUST),6,182,201877,15311750233,7449926673,22761676906
2019-07-11,LG4,Non-HKUST,7,35,89888,11890520393,576242281,12466762674
2019-07-11,LG4,Total,236,1035,1653469,227710472019,23795115272,251505587291
2019-07-11,All-Floors,Staff,233,2021,2606828,161620839114,27675177785,189296016899
2019-07-11,All-Floors,TPG,80,895,2206325,467836227777,23990446218,491826673995
2019-07-11,All-Floors,RPG,163,983,1944015,188076910409,14098506052,202175416461
2019-07-11,All-Floors,UG,636,4612,9311171,1395467257495,114750520575,1510217778070
2019-07-11,All-Floors,Alumni,17,176,417290,45113850661,4267360492,49381211153
2019-07-11,All-Floors,Others(HKUST),14,268,1139938,22671226750,13566501959,36237728709
2019-07-11,All-Floors,Non-HKUST,48,359,766886,93573254998,6537557605,100110812603
2019-07-11,All-Floors,Total,1191,9314,18392453,2374359567204,204886070686,2579245637890
2019-07-12,1,Staff,54,519,942473,64690045843,3329334527,68019380370
2019-07-12,1,TPG,16,105,482726,40845012870,2707168061,43552180931
2019-07-12,1,RPG,13,67,205321,9506269417,665003126,10171272543
2019-07-12,1,UG,73,514,1542603,82046380020,11333334799,93379714819
2019-07-12,1,Alumni,2,6,84145,13495743794,581908256,14077652050
2019-07-12,1,Others(HKUST),3,11,95209,1800339742,715306849,2515646591
2019-07-12,1,Non-HKUST,9,91,184433,31051250565,2302524242,33353774807
2019-07-12,1,Total,170,1313,3536910,243435042251,21634579860,265069622111
2019-07-12,G,Staff,118,595,992320,78887186615,16411043321,95298229936
2019-07-12,G,TPG,49,178,278583,39040878603,3438452320,42479330923
2019-07-12,G,RPG,66,224,333816,20352559541,4893468940,25246028481
2019-07-12,G,UG,275,998,1619786,208710637478,14865212595,223575850073
2019-07-12,G,Alumni,11,65,160027,21451440834,763967175,22215408009
2019-07-12,G,Others(HKUST),9,34,362584,6706540290,557392742,7263933032
2019-07-12,G,Non-HKUST,28,80,160215,46415990995,2376353658,48792344653
2019-07-12,G,Total,556,2174,3907331,421565234356,43305890751,464871125107
2019-07-12,LG1,Staff,95,396,344694,49478070154,4620518707,54098588861
2019-07-12,LG1,TPG,53,383,1001604,172203919978,16812396722,189016316700
2019-07-12,LG1,RPG,67,288,412928,45292208336,3020594649,48312802985
2019-07-12,LG1,UG,333,1789,3594375,475602530926,48107475213,523710006139
2019-07-12,LG1,Alumni,12,47,84933,19478795365,1008645146,20487440511
2019-07-12,LG1,Others(HKUST),7,19,448225,2624808903,497292978,3122101881
2019-07-12,LG1,Non-HKUST,30,118,230085,20480353918,1296979738,21777333656
2019-07-12,LG1,Total,597,3040,6116844,785160687580,75363903153,860524590733
2019-07-12,LG3,Staff,75,258,236745,14145294521,1181335021,15326629542
2019-07-12,LG3,TPG,14,58,199922,44318921052,10593133324,54912054376
2019-07-12,LG3,RPG,65,180,383505,35562481540,2119925490,37682407030
2019-07-12,LG3,UG,192,774,1554547,391456940012,53661244223,445118184235
2019-07-12,LG3,Alumni,7,39,129330,10411117087,1172272620,11583389707
2019-07-12,LG3,Others(HKUST),5,17,897,9645989,2999120,12645109
2019-07-12,LG3,Non-HKUST,8,13,53426,9800548390,763050813,10563599203
2019-07-12,LG3,Total,366,1339,2558372,505704948591,69493960611,575198909202
2019-07-12,LG4,Staff,43,121,77343,7120223230,934230497,8054453727
2019-07-12,LG4,TPG,9,41,102304,14231767292,3533850465,17765617757
2019-07-12,LG4,RPG,36,147,401111,26555570806,2251412283,28806983089
2019-07-12,LG4,UG,131,439,820648,202288672191,30288899112,232577571303
2019-07-12,LG4,Alumni,7,40,113581,6129304747,567301721,6696606468
2019-07-12,LG4,Others(HKUST),8,169,143833,13460075436,2611825625,16071901061
2019-07-12,LG4,Non-HKUST,13,25,65866,1926682027,688252228,2614934255
2019-07-12,LG4,Total,247,982,1724686,271712295729,40875771931,312588067660
2019-07-12,All-Floors,Staff,215,1889,2593575,214320820363,26476462073,240797282436
2019-07-12,All-Floors,TPG,74,765,2065139,310640499795,37085000892,347725500687
2019-07-12,All-Floors,RPG,160,906,1736681,137269089640,12950404488,150219494128
2019-07-12,All-Floors,UG,604,4514,9131959,1360105160627,158256165942,1518361326569
2019-07-12,All-Floors,Alumni,23,197,572016,70966401827,4094094918,75060496745
2019-07-12,All-Floors,Others(HKUST),18,250,1050748,24601410360,4384817314,28986227674
2019-07-12,All-Floors,Non-HKUST,51,327,694025,109674825895,7427160679,117101986574
2019-07-12,All-Floors,Total,1145,8848,17844143,2227578208507,250674106306,2478252314813
2019-07-13,1,Staff,6,34,185600,3979434628,221073809,4200508437
2019-07-13,1,TPG,18,211,444862,110129638100,6726226862,116855864962
2019-07-13,1,RPG,6,29,90867,1880151862,1987978928,3868130790
2019-07-13,1,UG,40,286,1105275,69510352578,3312688623,72823041201
2019-07-13,1,Alumni,4,8,10621,3186304653,3927774257,7114078910
2019-07-13,1,Others(HKUST),1,1,86399,655449820,337795922,993245742
2019-07-13,1,Non-HKUST,3,10,47729,6360941523,251527283,6612468806
2019-07-13,1,Total,78,579,1971353,195702273164,16765065684,212467338848
2019-07-13,G,Staff,31,99,190686,6739315446,1197137339,7936452785
2019-07-13,G,TPG,48,138,249134,45841991707,4672360609,50514352316
2019-07-13,G,RPG,35,98,100844,8345744080,759447241,9105191321
2019-07-13,G,UG,149,527,1133685,113580559891,12875400607,126455960498
2019-07-13,G,Alumni,26,100,121453,73112922987,3207217548,76320140535
2019-07-13,G,Others(HKUST),6,17,269088,13742433728,691523630,14433957358
2019-07-13,G,Non-HKUST,16,60,138281,19507863070,762392734,20270255804
2019-07-13,G,Total,311,1039,2203171,280870830909,24165479708,305036310617
2019-07-13,LG1,Staff,23,86,243139,11085578010,762868521,11848446531
2019-07-13,LG1,TPG,58,408,918379,130077945215,13567538433,143645483648
2019-07-13,LG1,RPG,49,259,396597,38754456350,3035264668,41789721018
2019-07-13,LG1,UG,219,1244,2771370,336518678407,42374466687,378893145094
2019-07-13,LG1,Alumni,20,115,220976,234910263153,11603864397,246514127550
2019-07-13,LG1,Others(HKUST),3,10,432174,2351670052,556265658,2907935710
2019-07-13,LG1,Non-HKUST,15,42,99307,6157015774,447958756,6604974530
2019-07-13,LG1,Total,387,2164,5081942,759855606961,72348227120,832203834081
2019-07-13,LG3,Staff,20,78,140588,9678421031,363420181,10041841212
2019-07-13,LG3,TPG,20,103,258145,54474126816,8137576388,62611703204
2019-07-13,LG3,RPG,47,136,226439,50616159615,2251400612,52867560227
2019-07-13,LG3,UG,179,509,1072727,195215334502,13823452925,209038787427
2019-07-13,LG3,Alumni,11,26,76545,50678382204,2739164632,53417546836
2019-07-13,LG3,Others(HKUST),3,11,179,172811887,7289362,180101249
2019-07-13,LG3,Non-HKUST,8,16,55977,19319361896,401520371,19720882267
2019-07-13,LG3,Total,288,879,1830600,380154597951,27723824471,407878422422
2019-07-13,LG4,Staff,9,19,11540,176373225,69852004,246225229
2019-07-13,LG4,TPG,10,23,30249,2884434369,547179584,3431613953
2019-07-13,LG4,RPG,23,83,172048,9548614493,586232917,10134847410
2019-07-13,LG4,UG,107,337,593591,96735596469,10887204264,107622800733
2019-07-13,LG4,Alumni,14,105,268133,124357136650,6727793175,131084929825
2019-07-13,LG4,Others(HKUST),5,191,154625,15618605543,2642748800,18261354343
2019-07-13,LG4,Non-HKUST,9,31,73991,2946482116,160122665,3106604781
2019-07-13,LG4,Total,177,789,1304177,252267242865,21621133409,273888376274
2019-07-13,All-Floors,Staff,65,316,771553,31659122340,2614351854,34273474194
2019-07-13,All-Floors,TPG,96,883,1900769,343408136207,33650881876,377059018083
2019-07-13,All-Floors,RPG,107,605,986795,109145126400,8620324366,117765450766
2019-07-13,All-Floors,UG,443,2903,6676648,811560521847,83273213106,894833734953
2019-07-13,All-Floors,Alumni,43,354,697728,486245009647,28205814009,514450823656
2019-07-13,All-Floors,Others(HKUST),12,230,942465,32540971030,4235623372,36776594402
2019-07-13,All-Floors,Non-HKUST,31,159,415285,54291664379,2023521809,56315186188
2019-07-13,All-Floors,Total,797,5450,12391243,1868850551850,162623730392,2031474282242
2019-07-14,1,Staff,5,95,205931,4804688396,443731375,5248419771
2019-07-14,1,TPG,6,38,174388,9158659809,2229101316,11387761125
2019-07-14,1,RPG,3,16,50395,2251473445,99928450,2351401895
2019-07-14,1,UG,29,172,546007,33470820368,3879910741,37350731109
2019-07-14,1,Alumni,3,6,25556,1139189553,64438320,1203627873
2019-07-14,1,Others(HKUST),2,3,114448,876444222,411729178,1288173400
2019-07-14,1,Non-HKUST,6,33,136960,19617096069,1191074942,20808171011
2019-07-14,1,Total,54,363,1253685,71318371862,8319914322,79638286184
2019-07-14,G,Staff,19,122,159998,13965422795,2643768279,16609191074
2019-07-14,G,TPG,33,136,242058,20399317670,2144146081,22543463751
2019-07-14,G,RPG,31,64,73809,31691311403,1145555294,32836866697
2019-07-14,G,UG,107,349,633065,86761997276,4860879514,91622876790
2019-07-14,G,Alumni,18,44,66570,8937928837,880108969,9818037806
2019-07-14,G,Others(HKUST),3,19,254724,5503680080,690730208,6194410288
2019-07-14,G,Non-HKUST,13,41,47337,33976845480,2247316939,36224162419
2019-07-14,G,Total,224,775,1477561,201236503541,14612505284,215849008825
2019-07-14,LG1,Staff,15,59,92184,8483313471,973637466,9456950937
2019-07-14,LG1,TPG,44,289,752524,76709412051,5274584390,81983996441
2019-07-14,LG1,RPG,36,145,307246,22375166167,7921860170,30297026337
2019-07-14,LG1,UG,172,963,2092340,344330299924,27032003723,371362303647
2019-07-14,LG1,Alumni,16,75,176170,25804044000,4623730986,30427774986
2019-07-14,LG1,Others(HKUST),4,9,436313,1979988191,461075957,2441064148
2019-07-14,LG1,Non-HKUST,14,53,153154,12566301059,2171451383,14737752442
2019-07-14,LG1,Total,301,1593,4009931,492248524863,48458344075,540706868938
2019-07-14,LG3,Staff,35,98,137323,2674599884,414992154,3089592038
2019-07-14,LG3,TPG,7,26,41200,11938260690,673573804,12611834494
2019-07-14,LG3,RPG,31,82,112502,19854152155,6710085363,26564237518
2019-07-14,LG3,UG,127,291,529526,55950658511,9129475341,65080133852
2019-07-14,LG3,Alumni,15,31,59044,8571369397,576456452,9147825849
2019-07-14,LG3,Others(HKUST),6,9,1445,566839705,156407597,723247302
2019-07-14,LG3,Non-HKUST,9,22,79024,6546556508,1795895009,8342451517
2019-07-14,LG3,Total,230,559,960064,106102436850,19456885720,125559322570
2019-07-14,LG4,Staff,10,37,77377,5901001190,683087177,6584088367
2019-07-14,LG4,TPG,8,31,88561,8965585617,298743885,9264329502
2019-07-14,LG4,RPG,19,48,106344,6627177327,832178746,7459356073
2019-07-14,LG4,UG,71,198,234888,59358158818,2294137655,61652296473
2019-07-14,LG4,Alumni,11,45,135334,12191656247,592644961,12784301208
2019-07-14,LG4,Others(HKUST),6,157,146148,13369564516,2613004846,15982569362
2019-07-14,LG4,Non-HKUST,10,34,140721,7698344046,6876366085,14574710131
2019-07-14,LG4,Total,135,550,929373,114111487761,14190163355,128301651116
2019-07-14,All-Floors,Staff,57,411,672813,35829025736,5159216451,40988242187
2019-07-14,All-Floors,TPG,63,520,1298731,127171235837,10620149476,137791385313
2019-07-14,All-Floors,RPG,82,355,650296,82799280497,16709608023,99508888520
2019-07-14,All-Floors,UG,335,1973,4035826,579871934897,47196406974,627068341871
2019-07-14,All-Floors,Alumni,37,201,462674,56644188034,6737379688,63381567722
2019-07-14,All-Floors,Others(HKUST),13,197,953078,22296516714,4332947786,26629464500
2019-07-14,All-Floors,Non-HKUST,32,183,557196,80405143162,14282104358,94687247520
2019-07-14,All-Floors,Total,619,3840,8630614,985017324877,105037812756,1090055137633
2019-07-15,1,Staff,61,683,1055885,49088574879,5674218330,54762793209
2019-07-15,1,TPG,10,89,508197,31834374552,2083783255,33918157807
2019-07-15,1,RPG,13,129,313578,8791863708,1292733470,10084597178
2019-07-15,1,UG,71,479,1476727,106205119484,7342357565,113547477049
2019-07-15,1,Alumni,1,19,43972,5621832481,242328168,5864160649
2019-07-15,1,Others(HKUST),11,55,190788,10249347328,5161785177,15411132505
2019-07-15,1,Non-HKUST,6,35,137213,11623737238,1157874934,12781612172
2019-07-15,1,Total,173,1489,3726360,223414849670,22955080899,246369930569
2019-07-15,G,Staff,144,685,949514,39675557818,15434851177,55110408995
2019-07-15,G,TPG,46,124,177709,22049395973,2965402527,25014798500
2019-07-15,G,RPG,73,179,178093,12295432581,2801716102,15097148683
2019-07-15,G,UG,309,955,1687833,153216941558,16447801313,169664742871
2019-07-15,G,Alumni,12,34,51536,7976964603,439176234,8416140837
2019-07-15,G,Others(HKUST),21,70,252434,8876616443,1543196876,10419813319
2019-07-15,G,Non-HKUST,26,89,190382,46027718152,2175216858,48202935010
2019-07-15,G,Total,631,2136,3487501,290118627128,41807361087,331925988215
2019-07-15,LG1,Staff,109,428,309063,34392886536,8051324938,42444211474
2019-07-15,LG1,TPG,71,423,766761,142013635979,10237138885,152250774864
2019-07-15,LG1,RPG,90,535,830133,127055463426,22933782833,149989246259
2019-07-15,LG1,UG,366,2091,3937478,435354138627,75842511089,511196649716
2019-07-15,LG1,Alumni,10,61,131806,14783038215,1402865168,16185903383
2019-07-15,LG1,Others(HKUST),7,19,412953,5140289834,842087346,5982377180
2019-07-15,LG1,Non-HKUST,27,143,204893,47046608991,4140636353,51187245344
2019-07-15,LG1,Total,680,3700,6593087,805786061608,123450346612,929236408220
2019-07-15,LG3,Staff,103,305,257321,14958293022,3324350729,18282643751
2019-07-15,LG3,TPG,21,147,238004,50683091891,4219697674,54902789565
2019-07-15,LG3,RPG,68,195,366419,45610628626,2230386359,47841014985
2019-07-15,LG3,UG,198,628,1336669,163618983126,29177514190,192796497316
2019-07-15,LG3,Alumni,8,44,96510,13312467711,1114983091,14427450802
2019-07-15,LG3,Others(HKUST),9,25,3032,106176674,14115679,120292353
2019-07-15,LG3,Non-HKUST,9,28,87613,12972579041,1215297069,14187876110
2019-07-15,LG3,Total,416,1372,2385568,301262220091,41296344791,342558564882
2019-07-15,LG4,Staff,55,191,140340,19282412810,4647922775,23930335585
2019-07-15,LG4,TPG,12,72,246937,15712845643,2558630896,18271476539
2019-07-15,LG4,RPG,39,140,451605,36811656381,25589478205,62401134586
2019-07-15,LG4,UG,126,459,908417,132296140369,20672236290,152968376659
2019-07-15,LG4,Alumni,7,29,71005,4669508512,286437561,4955946073
2019-07-15,LG4,Others(HKUST),6,105,158595,26374834076,5093452400,31468286476
2019-07-15,LG4,Non-HKUST,10,40,87084,17981310796,1258212821,19239523617
2019-07-15,LG4,Total,255,1036,2063983,253128708587,60106370948,313235079535
2019-07-15,All-Floors,Staff,248,2292,2712123,157397725065,37132667949,194530393014
2019-07-15,All-Floors,TPG,90,855,1937608,262293344038,22064653237,284357997275
2019-07-15,All-Floors,RPG,174,1178,2139828,230565044722,54848096969,285413141691
2019-07-15,All-Floors,UG,623,4612,9347124,990691323164,149482420447,1140173743611
2019-07-15,All-Floors,Alumni,18,187,394829,46363811522,3485790222,49849601744
2019-07-15,All-Floors,Others(HKUST),31,274,1017802,50747264355,12654637478,63401901833
2019-07-15,All-Floors,Non-HKUST,46,335,707185,135651954218,9947238035,145599192253
2019-07-15,All-Floors,Total,1230,9733,18256499,1873710467084,289615504337,2163325971421
2019-07-16,1,Staff,59,569,950730,42778978584,3101246307,45880224891
2019-07-16,1,TPG,9,68,363964,13464391134,773724137,14238115271
2019-07-16,1,RPG,12,62,226772,9600628263,1037365143,10637993406
2019-07-16,1,UG,71,481,1328559,105021988262,12298554970,117320543232
2019-07-16,1,Alumni,1,1,0,210210779,10622945,220833724
2019-07-16,1,Others(HKUST),8,30,113773,2543795071,198045302,2741840373
2019-07-16,1,Non-HKUST,12,84,263630,19399078185,2025615075,21424693260
2019-07-16,1,Total,172,1295,3247428,193019070278,19445173879,212464244157
2019-07-16,G,Staff,125,454,625695,36001247371,2627103312,38628350683
2019-07-16,G,TPG,40,112,182308,32754182616,1751916068,34506098684
2019-07-16,G,RPG,66,199,306623,20254886854,9051149031,29306035885
2019-07-16,G,UG,265,898,1732327,170240040706,14816804854,185056845560
2019-07-16,G,Alumni,10,45,73470,11427810847,413253468,11841064315
2019-07-16,G,Others(HKUST),17,48,181089,4150718477,495673550,4646392027
2019-07-16,G,Non-HKUST,21,61,158192,44638608111,1911686327,46550294438
2019-07-16,G,Total,544,1817,3259704,319467494982,31067586610,350535081592
2019-07-16,LG1,Staff,93,415,428671,49381089297,5219418632,54600507929
2019-07-16,LG1,TPG,62,363,858238,139475486212,10293412164,149768898376
2019-07-16,LG1,RPG,98,471,909397,81622901017,19010016916,100632917933
2019-07-16,LG1,UG,414,2370,4715088,768667656877,58827833538,827495490415
2019-07-16,LG1,Alumni,9,48,170826,8114087109,417550536,8531637645
2019-07-16,LG1,Others(HKUST),9,32,171193,5699838291,484678283,6184516574
2019-07-16,LG1,Non-HKUST,29,92,150654,27071766813,1620401561,28692168374
2019-07-16,LG1,Total,714,3791,7404067,1080032825616,95873311630,1175906137246
2019-07-16,LG3,Staff,78,177,200509,11568539328,1904098265,13472637593
2019-07-16,LG3,TPG,11,72,198943,61281617230,7405042514,68686659744
2019-07-16,LG3,RPG,81,263,548348,48399922889,4849204556,53249127445
2019-07-16,LG3,UG,245,781,1456805,321373463804,27552536762,348926000566
2019-07-16,LG3,Alumni,9,33,122628,5824027796,458871688,6282899484
2019-07-16,LG3,Others(HKUST),12,38,3783,633777699,72339506,706117205
2019-07-16,LG3,Non-HKUST,16,90,212351,40440223117,2084467308,42524690425
2019-07-16,LG3,Total,452,1454,2743367,489521571863,44326560599,533848132462
2019-07-16,LG4,Staff,38,135,117041,19022567419,1406319166,20428886585
2019-07-16,LG4,TPG,18,122,411099,46740686432,4053081116,50793767548
2019-07-16,LG4,RPG,40,174,573358,81855913925,24853630096,106709544021
2019-07-16,LG4,UG,126,444,869403,294745170278,39515785916,334260956194
2019-07-16,LG4,Alumni,3,31,148036,23679160715,3530613062,27209773777
2019-07-16,LG4,Others(HKUST),12,45,55155,26793404379,5148539417,31941943796
2019-07-16,LG4,Non-HKUST,13,64,119464,5310180590,479402916,5789583506
2019-07-16,LG4,Total,250,1015,2293556,498147083738,78987371689,577134455427
2019-07-16,All-Floors,Staff,212,1750,2322646,158752421999,14258185682,173010607681
2019-07-16,All-Floors,TPG,82,737,2014552,293716363624,24277175999,317993539623
2019-07-16,All-Floors,RPG,185,1169,2564498,241734252948,58801365742,300535618690
2019-07-16,All-Floors,UG,673,4974,10102182,1660048319927,153011516040,1813059835967
2019-07-16,All-Floors,Alumni,18,158,514960,49255297246,4830911699,54086208945
2019-07-16,All-Floors,Others(HKUST),27,193,524993,39821533917,6399276058,46220809975
2019-07-16,All-Floors,Non-HKUST,54,391,904291,136859856816,8121573187,144981430003
2019-07-16,All-Floors,Total,1251,9372,18948122,2580188046477,269700004407,2849888050884
2019-07-17,1,Staff,56,583,856267,22498949501,3017045044,25515994545
2019-07-17,1,TPG,8,48,217883,22111172104,1172845655,23284017759
2019-07-17,1,RPG,16,51,210075,9987794398,818789971,10806584369
2019-07-17,1,UG,85,458,1303762,121227497542,15113821694,136341319236
2019-07-17,1,Alumni,5,28,81299,9140252239,3041874877,12182127116
2019-07-17,1,Others(HKUST),8,24,105618,500021317,159329400,659350717
2019-07-17,1,Non-HKUST,12,41,184652,8073637676,627257678,8700895354
2019-07-17,1,Total,190,1233,2959556,193539324777,23950964319,217490289096
2019-07-17,G,Staff,131,593,786591,47247711609,7394907897,54642619506
2019-07-17,G,TPG,43,132,165651,29266851607,1927320413,31194172020
2019-07-17,G,RPG,74,177,161932,30441524937,2876471819,33317996756
2019-07-17,G,UG,419,1446,2395211,276951784174,37046061398,313997845572
2019-07-17,G,Alumni,14,50,67001,8302121531,1232101505,9534223036
2019-07-17,G,Others(HKUST),23,59,133710,2581376368,309274865,2890651233
2019-07-17,G,Non-HKUST,29,80,93095,21357634462,947261133,22304895595
2019-07-17,G,Total,733,2537,3803191,416149004688,51733399030,467882403718
2019-07-17,LG1,Staff,106,440,387031,49311146275,3915847059,53226993334
2019-07-17,LG1,TPG,66,438,869649,149206193784,8367383115,157573576899
2019-07-17,LG1,RPG,118,523,1055596,80771163799,7517514644,88288678443
2019-07-17,LG1,UG,499,2728,5146755,587314646912,64607846517,651922493429
2019-07-17,LG1,Alumni,12,102,183140,18514566731,7825310466,26339877197
2019-07-17,LG1,Others(HKUST),13,38,31663,886631023,112868017,999499040
2019-07-17,LG1,Non-HKUST,30,88,237944,41928384739,1714692641,43643077380
2019-07-17,LG1,Total,844,4357,7911778,927932733263,94061462459,1021994195722
2019-07-17,LG3,Staff,83,216,351395,58089970099,2988146130,61078116229
2019-07-17,LG3,TPG,31,182,365074,117484184905,4462666432,121946851337
2019-07-17,LG3,RPG,58,198,468061,58734915417,5895879198,64630794615
2019-07-17,LG3,UG,235,821,1566131,280687657906,31575528284,312263186190
2019-07-17,LG3,Alumni,8,46,149438,15483972586,1179665268,16663637854
2019-07-17,LG3,Others(HKUST),18,41,11147,597879371,57792492,655671863
2019-07-17,LG3,Non-HKUST,12,26,64430,14970264018,996339852,15966603870
2019-07-17,LG3,Total,445,1530,2975676,546048844302,47156017656,593204861958
2019-07-17,LG4,Staff,51,165,145744,34760168667,4120947627,38881116294
2019-07-17,LG4,TPG,23,183,524990,108429346939,6581940585,115011287524
2019-07-17,LG4,RPG,43,206,674810,98087147570,20576654796,118663802366
2019-07-17,LG4,UG,171,664,1439633,195959879004,40747404200,236707283204
2019-07-17,LG4,Alumni,8,70,139447,13271384301,1495803059,14767187360
2019-07-17,LG4,Others(HKUST),14,38,18677,845611548,102760803,948372351
2019-07-17,LG4,Non-HKUST,13,35,148633,5463566224,418514487,5882080711
2019-07-17,LG4,Total,323,1361,3091934,456817104253,74044025557,530861129810
2019-07-17,All-Floors,Staff,224,1997,2527028,211907946151,21436893757,233344839908
2019-07-17,All-Floors,TPG,85,983,2143247,426497749339,22512156200,449009905539
2019-07-17,All-Floors,RPG,202,1155,2570474,278022546121,37685310428,315707856549
2019-07-17,All-Floors,UG,856,6117,11851492,1462141465538,189090662093,1651232127631
2019-07-17,All-Floors,Alumni,28,296,620325,64712297388,14774755175,79487052563
2019-07-17,All-Floors,Others(HKUST),35,200,300815,5411519627,742025577,6153545204
2019-07-17,All-Floors,Non-HKUST,60,270,728754,91793487119,4704065791,96497552910
2019-07-17,All-Floors,Total,1490,11018,20742135,2540487011283,290945869021,2831432880304
2019-07-18,1,Staff,56,553,709030,33612310772,3405929889,37018240661
2019-07-18,1,TPG,8,82,338351,15535354988,1387336191,16922691179
2019-07-18,1,RPG,14,64,193644,8770287662,739977867,9510265529
2019-07-18,1,UG,66,438,1459494,95817859478,9065418035,104883277513
2019-07-18,1,Alumni,0,0,0,0,0,0
2019-07-18,1,Others(HKUST),6,15,87180,645812243,127728736,773540979
2019-07-18,1,Non-HKUST,9,50,184075,10056657323,533374139,10590031462
2019-07-18,1,Total,159,1202,2971774,164438282466,15259764857,179698047323
2019-07-18,G,Staff,135,556,840801,50942484576,6455860982,57398345558
2019-07-18,G,TPG,37,120,124922,18787106676,1095014100,19882120776
2019-07-18,G,RPG,65,181,201168,15367252354,1660153223,17027405577
2019-07-18,G,UG,264,959,1790647,183941811780,15191312495,199133124275
2019-07-18,G,Alumni,11,22,59056,12899852343,6882759817,19782612160
2019-07-18,G,Others(HKUST),29,58,157090,2476744260,269375082,2746119342
2019-07-18,G,Non-HKUST,31,54,79340,83061788713,2812575745,85874364458
2019-07-18,G,Total,572,1950,3253024,367477040702,34367051444,401844092146
2019-07-18,LG1,Staff,110,457,474996,38345138122,3753870338,42099008460
2019-07-18,LG1,TPG,45,389,835114,259183388367,13925163744,273108552111
2019-07-18,LG1,RPG,92,495,889858,85411249617,8046983949,93458233566
2019-07-18,LG1,UG,377,2301,4208748,556325375047,49161757497,605487132544
2019-07-18,LG1,Alumni,10,62,176667,11445059718,2809250208,14254309926
2019-07-18,LG1,Others(HKUST),17,37,214617,1541453800,194192495,1735646295
2019-07-18,LG1,Non-HKUST,29,113,246963,25639272535,1572716343,27211988878
2019-07-18,LG1,Total,680,3854,7046963,977890937206,79463934574,1057354871780
2019-07-18,LG3,Staff,92,257,228644,53940203986,3171004053,57111208039
2019-07-18,LG3,TPG,17,67,150222,36253451321,9227820879,45481272200
2019-07-18,LG3,RPG,57,215,482326,95139969804,9222974384,104362944188
2019-07-18,LG3,UG,197,717,1356512,315763616697,87514922617,403278539314
2019-07-18,LG3,Alumni,5,56,100360,24286137948,1596953197,25883091145
2019-07-18,LG3,Others(HKUST),8,30,5947,3570975033,281250512,3852225545
2019-07-18,LG3,Non-HKUST,15,131,163437,150331523901,10819273075,161150796976
2019-07-18,LG3,Total,391,1473,2487448,679285878690,121834198717,801120077407
2019-07-18,LG4,Staff,50,216,212227,19742947542,2686304033,22429251575
2019-07-18,LG4,TPG,11,79,292114,33294165761,11091333711,44385499472
2019-07-18,LG4,RPG,37,173,532786,228202416092,13118388458,241320804550
2019-07-18,LG4,UG,133,599,1262825,254121357577,23142574880,277263932457
2019-07-18,LG4,Alumni,9,63,178256,20243698807,13731819202,33975518009
2019-07-18,LG4,Others(HKUST),10,22,25543,1962794758,116806523,2079601281
2019-07-18,LG4,Non-HKUST,16,35,66934,4221135243,668325305,4889460548
2019-07-18,LG4,Total,266,1187,2570685,561788515780,64555552112,626344067892
2019-07-18,All-Floors,Staff,233,2039,2465698,196583084998,19472969295,216056054293
2019-07-18,All-Floors,TPG,63,737,1740723,363053467113,36726668625,399780135738
2019-07-18,All-Floors,RPG,164,1128,2299782,432891175529,32788477881,465679653410
2019-07-18,All-Floors,UG,600,5014,10078226,1405970020579,184075985524,1590046006103
2019-07-18,All-Floors,Alumni,22,203,514339,68874748816,25020782424,93895531240
2019-07-18,All-Floors,Others(HKUST),37,162,490377,10197780094,989353348,11187133442
2019-07-18,All-Floors,Non-HKUST,55,383,740749,273310377715,16406264607,289716642322
2019-07-18,All-Floors,Total,1174,9666,18329894,2750880654844,315480501704,3066361156548
2019-07-19,1,Staff,55,603,828916,36514804723,4056054666,40570859389
2019-07-19,1,TPG,9,86,422695,17198319949,2344639114,19542959063
2019-07-19,1,RPG,17,56,151199,5005365968,764560318,5769926286
2019-07-19,1,UG,54,334,1165681,111067345687,9637634509,120704980196
2019-07-19,1,Alumni,0,0,0,0,0,0
2019-07-19,1,Others(HKUST),4,32,40481,709866482,123073217,832939699
2019-07-19,1,Non-HKUST,9,33,95368,9871482632,400463283,10271945915
2019-07-19,1,Total,148,1144,2704340,180367185441,17326425107,197693610548
2019-07-19,G,Staff,120,500,849006,33223160603,3678912117,36902072720
2019-07-19,G,TPG,41,96,94666,17994609822,3731743249,21726353071
2019-07-19,G,RPG,59,161,207932,19532147492,2495413702,22027561194
2019-07-19,G,UG,300,1078,2107571,218066022157,25877827653,243943849810
2019-07-19,G,Alumni,8,15,34047,4062012340,137285946,4199298286
2019-07-19,G,Others(HKUST),19,125,239264,8560967603,1437706181,9998673784
2019-07-19,G,Non-HKUST,34,75,84038,9112355374,652383526,9764738900
2019-07-19,G,Total,581,2050,3616524,310551275391,38011272374,348562547765
2019-07-19,LG1,Staff,74,295,221959,82533568147,3284975443,85818543590
2019-07-19,LG1,TPG,43,288,613801,181127841698,9659724258,190787565956
2019-07-19,LG1,RPG,71,403,612000,156306462671,8006390585,164312853256
2019-07-19,LG1,UG,400,2192,4528693,577150691783,79489583337,656640275120
2019-07-19,LG1,Alumni,7,45,133099,9082706493,1269047404,10351753897
2019-07-19,LG1,Others(HKUST),9,60,371655,6162321384,712253440,6874574824
2019-07-19,LG1,Non-HKUST,36,120,231461,22595906619,1068392409,23664299028
2019-07-19,LG1,Total,640,3403,6712668,1034959498795,103490366876,1138449865671
2019-07-19,LG3,Staff,72,190,235026,24201415095,1817794021,26019209116
2019-07-19,LG3,TPG,9,43,98665,11530162929,1326482887,12856645816
2019-07-19,LG3,RPG,56,198,423292,540759349760,24601619112,565360968872
2019-07-19,LG3,UG,186,596,973527,240642930803,40063437072,280706367875
2019-07-19,LG3,Alumni,3,5,3772,224684527,9689713,234374240
2019-07-19,LG3,Others(HKUST),5,38,3049,629950881,1150377156,1780328037
2019-07-19,LG3,Non-HKUST,22,70,140517,22563369127,1053264803,23616633930
2019-07-19,LG3,Total,353,1140,1877848,840551863122,70022664764,910574527886
2019-07-19,LG4,Staff,47,173,72490,21711543118,1013108693,22724651811
2019-07-19,LG4,TPG,10,69,243824,17054467728,1880418415,18934886143
2019-07-19,LG4,RPG,42,141,388279,417750867021,19546373883,437297240904
2019-07-19,LG4,UG,153,595,1244537,234862183746,18674224634,253536408380
2019-07-19,LG4,Alumni,5,61,79842,3409231386,279707527,3688938913
2019-07-19,LG4,Others(HKUST),5,40,8830,1645715378,740991821,2386707199
2019-07-19,LG4,Non-HKUST,15,46,76817,9155667783,431356086,9587023869
2019-07-19,LG4,Total,277,1125,2114619,705589676160,42566181059,748155857219
2019-07-19,All-Floors,Staff,201,1761,2207397,198184491686,13850844940,212035336626
2019-07-19,All-Floors,TPG,59,582,1473651,244905402126,18943007923,263848410049
2019-07-19,All-Floors,RPG,157,959,1782702,1139354192912,55414357600,1194768550512
2019-07-19,All-Floors,UG,656,4795,10020009,1381789174176,173742707205,1555531881381
2019-07-19,All-Floors,Alumni,15,126,250760,16778634746,1695730590,18474365336
2019-07-19,All-Floors,Others(HKUST),27,295,663279,17708821728,4164401815,21873223543
2019-07-19,All-Floors,Non-HKUST,67,344,628201,73298781535,3605860107,76904641642
2019-07-19,All-Floors,Total,1182,8862,17025999,3072019498909,271416910180,3343436409089
2019-07-20,1,Staff,7,17,91995,922539860,108991809,1031531669
2019-07-20,1,TPG,11,86,433829,43582321814,2113440344,45695762158
2019-07-20,1,RPG,6,31,74879,1633444301,117757310,1751201611
2019-07-20,1,UG,34,166,772396,48576678600,3687961203,52264639803
2019-07-20,1,Alumni,4,11,35269,3024700518,510133890,3534834408
2019-07-20,1,Others(HKUST),1,9,35450,3265158028,191338500,3456496528
2019-07-20,1,Non-HKUST,4,21,90200,11017646702,526412980,11544059682
2019-07-20,1,Total,67,341,1534018,112022489823,7256036036,119278525859
2019-07-20,G,Staff,26,137,323855,17986641754,1365844316,19352486070
2019-07-20,G,TPG,38,114,172638,14947787167,7497479219,22445266386
2019-07-20,G,RPG,30,118,209735,14853995808,1356221707,16210217515
2019-07-20,G,UG,127,578,1251095,155527128089,18206360931,173733489020
2019-07-20,G,Alumni,22,60,45010,6944149342,981788299,7925937641
2019-07-20,G,Others(HKUST),8,19,165782,3954113140,418869954,4372983094
2019-07-20,G,Non-HKUST,17,61,119174,20266574669,2501116194,22767690863
2019-07-20,G,Total,268,1087,2287289,234480389969,32327680620,266808070589
2019-07-20,LG1,Staff,21,66,114860,13453699502,906254587,14359954089
2019-07-20,LG1,TPG,44,279,567960,78978651624,5830362204,84809013828
2019-07-20,LG1,RPG,46,200,386485,43750332076,7126118419,50876450495
2019-07-20,LG1,UG,237,1463,3742820,449533411394,64652575235,514185986629
2019-07-20,LG1,Alumni,16,92,215636,16008778323,1169854475,17178632798
2019-07-20,LG1,Others(HKUST),2,12,349915,654749251,80963127,735712378
2019-07-20,LG1,Non-HKUST,20,83,122054,33834840309,5598178495,39433018804
2019-07-20,LG1,Total,386,2195,5499730,636214462479,85364306542,721578769021
2019-07-20,LG3,Staff,23,99,158039,22927665935,1316188613,24243854548
2019-07-20,LG3,TPG,15,36,121873,26451867926,10073286462,36525154388
2019-07-20,LG3,RPG,40,116,199241,72973235611,10520475776,83493711387
2019-07-20,LG3,UG,180,589,971666,338426264893,20491676792,358917941685
2019-07-20,LG3,Alumni,13,66,87280,40308741014,2653389810,42962130824
2019-07-20,LG3,Others(HKUST),7,18,901,104175878,10862024,115037902
2019-07-20,LG3,Non-HKUST,15,39,87482,5612141668,3370087414,8982229082
2019-07-20,LG3,Total,293,963,1626482,506804092925,48435966891,555240059816
2019-07-20,LG4,Staff,7,20,1801,809630492,61928575,871559067
2019-07-20,LG4,TPG,6,51,150666,49734782396,22191210377,71925992773
2019-07-20,LG4,RPG,23,75,228279,22381822087,5585852668,27967674755
2019-07-20,LG4,UG,111,349,597111,229846498057,18431918903,248278416960
2019-07-20,LG4,Alumni,10,59,142195,17658992564,2333480820,19992473384
2019-07-20,LG4,Others(HKUST),5,10,6840,688697758,33243273,721941031
2019-07-20,LG4,Non-HKUST,6,26,52759,568436375,90896492,659332867
2019-07-20,LG4,Total,168,590,1179651,321688859729,48728531108,370417390837
2019-07-20,All-Floors,Staff,50,339,690550,56100177543,3759207900,59859385443
2019-07-20,All-Floors,TPG,65,566,1446966,213695410927,47705778606,261401189533
2019-07-20,All-Floors,RPG,96,540,1098619,155592829883,24706425880,180299255763
2019-07-20,All-Floors,UG,424,3145,7335088,1221909981033,125470493064,1347380474097
2019-07-20,All-Floors,Alumni,34,288,525390,83945361761,7648647294,91594009055
2019-07-20,All-Floors,Others(HKUST),15,68,558888,8666894055,735276878,9402170933
2019-07-20,All-Floors,Non-HKUST,40,230,471669,71299639723,12086691575,83386331298
2019-07-20,All-Floors,Total,724,5176,12127170,1811210294925,222112521197,2033322816122
2019-07-21,1,Staff,7,33,70968,495104054,1422050096,1917154150
2019-07-21,1,TPG,7,26,59755,18023775621,651003342,18674778963
2019-07-21,1,RPG,5,11,49510,278786855,89465291,368252146
2019-07-21,1,UG,25,132,556374,40923383972,4514848054,45438232026
2019-07-21,1,Alumni,3,36,57070,14111484400,673853551,14785337951
2019-07-21,1,Others(HKUST),2,2,180,25318,14430,39748
2019-07-21,1,Non-HKUST,3,8,38519,2362505994,129362144,2491868138
2019-07-21,1,Total,52,248,832376,76195066214,7480596908,83675663122
2019-07-21,G,Staff,20,99,224814,7052862449,9327911225,16380773674
2019-07-21,G,TPG,28,74,154629,11140416509,2948078665,14088495174
2019-07-21,G,RPG,23,62,82450,4640023234,341531369,4981554603
2019-07-21,G,UG,88,280,644944,42979894439,20731998926,63711893365
2019-07-21,G,Alumni,19,64,116824,16135465999,1179284228,17314750227
2019-07-21,G,Others(HKUST),4,16,161464,2095937117,190782166,2286719283
2019-07-21,G,Non-HKUST,10,21,18723,4982979396,2136499732,7119479128
2019-07-21,G,Total,192,616,1403848,89027579143,36856086311,125883665454
2019-07-21,LG1,Staff,23,108,149397,10368181486,1000762572,11368944058
2019-07-21,LG1,TPG,32,193,468013,68421893924,4090318135,72512212059
2019-07-21,LG1,RPG,35,107,209706,23798093500,2332189114,26130282614
2019-07-21,LG1,UG,180,1115,2268715,432541368077,24066771683,456608139760
2019-07-21,LG1,Alumni,14,42,91434,17396952772,1097003133,18493955905
2019-07-21,LG1,Others(HKUST),3,18,327785,875156698,164876904,1040033602
2019-07-21,LG1,Non-HKUST,14,56,120783,11903301680,901080514,12804382194
2019-07-21,LG1,Total,301,1639,3635833,565304948137,33653002055,598957950192
2019-07-21,LG3,Staff,20,64,48606,10666648022,1449603549,12116251571
2019-07-21,LG3,TPG,9,20,74161,7578325369,412429590,7990754959
2019-07-21,LG3,RPG,34,63,131948,4526586564,401443518,4928030082
2019-07-21,LG3,UG,145,380,567901,152585461622,13729583205,166315044827
2019-07-21,LG3,Alumni,16,66,115564,31256446650,1898826110,33155272760
2019-07-21,LG3,Others(HKUST),3,8,3061,200450294,6526407,206976701
2019-07-21,LG3,Non-HKUST,10,38,60666,13679624776,681514342,14361139118
2019-07-21,LG3,Total,237,639,1001907,220493543297,18579926721,239073470018
2019-07-21,LG4,Staff,15,30,21789,4777338924,509700443,5287039367
2019-07-21,LG4,TPG,5,18,66600,1839888123,1047145289,2887033412
2019-07-21,LG4,RPG,23,49,109257,7720942675,420163628,8141106303
2019-07-21,LG4,UG,82,267,530991,119986623380,7774000855,127760624235
2019-07-21,LG4,Alumni,14,52,222287,29528300715,2439492924,31967793639
2019-07-21,LG4,Others(HKUST),2,13,4320,192383049,6107200,198490249
2019-07-21,LG4,Non-HKUST,6,28,121313,92000720536,14623047321,106623767857
2019-07-21,LG4,Total,147,457,1076557,256046197402,26819657660,282865855062
2019-07-21,All-Floors,Staff,56,334,515574,33360134935,13710027885,47070162820
2019-07-21,All-Floors,TPG,54,331,823158,107004299546,9148975021,116153274567
2019-07-21,All-Floors,RPG,89,292,582871,40964432828,3584792920,44549225748
2019-07-21,All-Floors,UG,346,2174,4568925,789016731490,70817202723,859833934213
2019-07-21,All-Floors,Alumni,40,260,603179,108428650536,7288459946,115717110482
2019-07-21,All-Floors,Others(HKUST),11,57,496810,3363952476,368307107,3732259583
2019-07-21,All-Floors,Non-HKUST,28,151,360004,124929132382,18471504053,143400636435
2019-07-21,All-Floors,Total,624,3599,7950521,1207067334193,123389269655,1330456603848
2019-07-22,1,Staff,53,555,709838,57106432791,4750577589,61857010380
2019-07-22,1,TPG,9,132,369119,56535802257,5149843661,61685645918
2019-07-22,1,RPG,8,39,210642,7713952576,631326336,8345278912
2019-07-22,1,UG,45,285,955711,98034777619,5371696550,103406474169
2019-07-22,1,Alumni,1,1,0,959928822,195086341,1155015163
2019-07-22,1,Others(HKUST),2,8,72159,539661665,89427628,629089293
2019-07-22,1,Non-HKUST,7,41,175830,24374825730,1085169598,25459995328
2019-07-22,1,Total,125,1061,2493299,245265381460,17273127703,262538509163
2019-07-22,G,Staff,115,461,711861,39264559647,3328266315,42592825962
2019-07-22,G,TPG,30,83,81322,87913322097,3878215159,91791537256
2019-07-22,G,RPG,69,194,312920,20719155914,1636310522,22355466436
2019-07-22,G,UG,278,800,1353546,120633003631,20203093619,140836097250
2019-07-22,G,Alumni,15,79,100676,8961148815,18486845589,27447994404
2019-07-22,G,Others(HKUST),12,37,245472,3547315299,221864863,3769180162
2019-07-22,G,Non-HKUST,21,55,63173,4828539213,572604587,5401143800
2019-07-22,G,Total,540,1709,2868970,285867044616,48327200654,334194245270
2019-07-22,LG1,Staff,92,374,477154,83325208560,6020769387,89345977947
2019-07-22,LG1,TPG,51,357,837737,207929800814,15181880308,223111681122
2019-07-22,LG1,RPG,82,442,826959,59510763830,7982562284,67493326114
2019-07-22,LG1,UG,353,2184,4055584,537082032737,271224348731,808306381468
2019-07-22,LG1,Alumni,10,136,271048,28637515905,9822525406,38460041311
2019-07-22,LG1,Others(HKUST),8,23,374229,1705238852,200162104,1905400956
2019-07-22,LG1,Non-HKUST,34,189,444212,40645615213,5816250369,46461865582
2019-07-22,LG1,Total,630,3705,7286923,958836175911,316248498589,1275084674500
2019-07-22,LG3,Staff,97,257,234436,41114056516,5312089158,46426145674
2019-07-22,LG3,TPG,11,68,220789,47077447214,5241086789,52318534003
2019-07-22,LG3,RPG,66,194,249301,62817730481,3240143633,66057874114
2019-07-22,LG3,UG,173,520,960166,197384365600,46333973049,243718338649
2019-07-22,LG3,Alumni,4,14,20503,3155940553,112784569,3268725122
2019-07-22,LG3,Others(HKUST),6,14,541,159029612,13595889,172625501
2019-07-22,LG3,Non-HKUST,19,50,121106,16099462483,1223721415,17323183898
2019-07-22,LG3,Total,376,1117,1806842,367808032459,61477394502,429285426961
2019-07-22,LG4,Staff,50,218,169849,23199282628,1098439061,24297721689
2019-07-22,LG4,TPG,9,33,197263,11931000259,1407349972,13338350231
2019-07-22,LG4,RPG,30,163,453343,118002044035,7299278561,125301322596
2019-07-22,LG4,UG,132,504,1142396,211996058996,38424925215,250420984211
2019-07-22,LG4,Alumni,8,70,135362,16018133386,1248259160,17266392546
2019-07-22,LG4,Others(HKUST),6,22,7198,387078179,28896338,415974517
2019-07-22,LG4,Non-HKUST,10,68,234570,9874738222,2869901432,12744639654
2019-07-22,LG4,Total,245,1078,2339981,391408335705,52377049739,443785385444
2019-07-22,All-Floors,Staff,217,1865,2303138,244009540142,20510141510,264519681652
2019-07-22,All-Floors,TPG,63,673,1706230,411387372641,30858375889,442245748530
2019-07-22,All-Floors,RPG,161,1032,2053165,268763646836,20789621336,289553268172
2019-07-22,All-Floors,UG,587,4293,8467403,1165130238583,381558037164,1546688275747
2019-07-22,All-Floors,Alumni,23,300,527589,57732667481,29865501065,87598168546
2019-07-22,All-Floors,Others(HKUST),18,104,699599,6338323607,553946822,6892270429
2019-07-22,All-Floors,Non-HKUST,53,403,1038891,95823180861,11567647401,107390828262
2019-07-22,All-Floors,Total,1122,8670,16796015,2249184970151,495703271187,2744888241338
2019-07-23,1,Staff,47,605,872132,49725863281,51367616110,101093479391
2019-07-23,1,TPG,7,78,293426,23177410920,1311083315,24488494235
2019-07-23,1,RPG,12,85,227690,5097194387,644139559,5741333946
2019-07-23,1,UG,43,277,762242,48943054002,6840035624,55783089626
2019-07-23,1,Alumni,0,0,0,0,0,0
2019-07-23,1,Others(HKUST),3,4,58911,195964049,76614606,272578655
2019-07-23,1,Non-HKUST,4,25,114384,10231859146,529543959,10761403105
2019-07-23,1,Total,116,1074,2328785,137371345785,60769033173,198140378958
2019-07-23,G,Staff,120,451,871766,65816247102,126746886225,192563133327
2019-07-23,G,TPG,41,186,234604,59837793859,6637649386,66475443245
2019-07-23,G,RPG,73,223,394870,27455347354,3060514255,30515861609
2019-07-23,G,UG,253,781,1362680,220476972588,44793378655,265270351243
2019-07-23,G,Alumni,12,40,40147,10854468251,512192173,11366660424
2019-07-23,G,Others(HKUST),5,28,268570,2919669968,232350532,3152020500
2019-07-23,G,Non-HKUST,25,53,93384,34081609112,1372172494,35453781606
2019-07-23,G,Total,529,1762,3266021,421442108234,183355143720,604797251954
2019-07-23,LG1,Staff,79,339,294480,33664229891,2684516065,36348745956
2019-07-23,LG1,TPG,45,421,933341,237233744396,37510027982,274743772378
2019-07-23,LG1,RPG,83,425,639890,78269111673,10706295046,88975406719
2019-07-23,LG1,UG,366,2277,4752821,569971889872,91878251663,661850141535
2019-07-23,LG1,Alumni,7,52,90013,13301072613,514997041,13816069654
2019-07-23,LG1,Others(HKUST),5,13,360674,1340034242,135823477,1475857719
2019-07-23,LG1,Non-HKUST,30,159,389066,192562413930,8780275531,201342689461
2019-07-23,LG1,Total,615,3686,7460285,1126342496617,152210186805,1278552683422
2019-07-23,LG3,Staff,80,294,208511,225703157954,37478660850,263181818804
2019-07-23,LG3,TPG,12,78,120490,88986889881,14438790335,103425680216
2019-07-23,LG3,RPG,74,239,549876,43563366075,4330915441,47894281516
2019-07-23,LG3,UG,176,782,1405874,439873060725,33620237056,473493297781
2019-07-23,LG3,Alumni,8,32,63495,11455931893,588977289,12044909182
2019-07-23,LG3,Others(HKUST),5,12,1081,16246472,2118415,18364887
2019-07-23,LG3,Non-HKUST,11,41,96858,18995328665,1227605222,20222933887
2019-07-23,LG3,Total,366,1478,2446185,828593981665,91687304608,920281286273
2019-07-23,LG4,Staff,41,181,77087,17684162460,1397145675,19081308135
2019-07-23,LG4,TPG,11,68,179480,35590106081,3404539498,38994645579
2019-07-23,LG4,RPG,39,175,529837,69579578989,15287403810,84866982799
2019-07-23,LG4,UG,124,421,899990,191718334317,28903648332,220621982649
2019-07-23,LG4,Alumni,8,76,189437,31534369167,3655260716,35189629883
2019-07-23,LG4,Others(HKUST),5,12,2342,967206585,59050502,1026257087
2019-07-23,LG4,Non-HKUST,19,53,157566,30928690984,1603923416,32532614400
2019-07-23,LG4,Total,247,986,2035739,378002448583,54310971949,432313420532
2019-07-23,All-Floors,Staff,205,1870,2323976,392593660688,219674824925,612268485613
2019-07-23,All-Floors,TPG,68,831,1761341,444825945137,63302090516,508128035653
2019-07-23,All-Floors,RPG,171,1147,2342163,223964598478,34029268111,257993866589
2019-07-23,All-Floors,UG,546,4538,9183607,1470983311504,206035551330,1677018862834
2019-07-23,All-Floors,Alumni,17,200,383092,67145841924,5271427219,72417269143
2019-07-23,All-Floors,Others(HKUST),14,69,691578,5439121316,505957532,5945078848
2019-07-23,All-Floors,Non-HKUST,51,331,851258,286799901837,13513520622,300313422459
2019-07-23,All-Floors,Total,1072,8986,17537015,2891752380884,542332640255,3434085021139
2019-07-24,1,Staff,52,596,851158,62306452913,297987215077,360293667990
2019-07-24,1,TPG,9,35,214858,7147671645,557835769,7705507414
2019-07-24,1,RPG,13,60,245390,23317994626,1379984459,24697979085
2019-07-24,1,UG,35,396,1099321,106662956980,9754896786,116417853766
2019-07-24,1,Alumni,2,6,8823,1082515043,90335438,1172850481
2019-07-24,1,Others(HKUST),3,8,71800,157856046,45112881,202968927
2019-07-24,1,Non-HKUST,5,22,66636,11105375466,387697016,11493072482
2019-07-24,1,Total,119,1123,2557986,211780822719,310203077426,521983900145
2019-07-24,G,Staff,126,512,748052,74530671177,41723843515,116254514692
2019-07-24,G,TPG,38,202,329974,67456970085,4938641131,72395611216
2019-07-24,G,RPG,76,222,386275,33094423092,4134858111,37229281203
2019-07-24,G,UG,223,657,1158091,94636825305,20702616948,115339442253
2019-07-24,G,Alumni,14,44,80703,8030947344,825822937,8856770281
2019-07-24,G,Others(HKUST),12,27,206500,5834096931,240675986,6074772917
2019-07-24,G,Non-HKUST,14,29,67493,7908580819,293856485,8202437304
2019-07-24,G,Total,503,1693,2977088,291492514753,72860315113,364352829866
2019-07-24,LG1,Staff,83,347,271621,30407288750,6411086813,36818375563
2019-07-24,LG1,TPG,49,318,824537,100256275636,9152069761,109408345397
2019-07-24,LG1,RPG,104,578,1169058,208020777311,19070680396,227091457707
2019-07-24,LG1,UG,339,1975,4097026,555147497913,48769547779,603917045692
2019-07-24,LG1,Alumni,9,62,102761,5157128682,295385432,5452514114
2019-07-24,LG1,Others(HKUST),10,36,391540,3798417762,278062410,4076480172
2019-07-24,LG1,Non-HKUST,34,181,307531,34019972910,2050325116,36070298026
2019-07-24,LG1,Total,628,3497,7164074,936807358964,86027157707,1022834516671
2019-07-24,LG3,Staff,79,211,149929,23059490662,113458009993,136517500655
2019-07-24,LG3,TPG,29,99,222087,33007326282,4052107063,37059433345
2019-07-24,LG3,RPG,58,212,489503,154324849962,7782110424,162106960386
2019-07-24,LG3,UG,162,672,1021081,294231239808,37418790358,331650030166
2019-07-24,LG3,Alumni,10,32,86580,10774014938,454506895,11228521833
2019-07-24,LG3,Others(HKUST),3,6,176,5325588,618306,5943894
2019-07-24,LG3,Non-HKUST,12,44,143629,18263908411,1008610824,19272519235
2019-07-24,LG3,Total,353,1276,2112985,533666155651,164174753863,697840909514
2019-07-24,LG4,Staff,44,185,91306,10857397104,33334623867,44192020971
2019-07-24,LG4,TPG,11,58,219486,24611102016,2608586429,27219688445
2019-07-24,LG4,RPG,35,125,323341,28004103187,3220237011,31224340198
2019-07-24,LG4,UG,113,520,1167855,293562143807,21870618608,315432762415
2019-07-24,LG4,Alumni,9,79,203026,45594431083,2517196911,48111627994
2019-07-24,LG4,Others(HKUST),4,8,2883,353917683,92291090,446208773
2019-07-24,LG4,Non-HKUST,12,45,167108,13882531807,2147506100,16030037907
2019-07-24,LG4,Total,228,1020,2175005,416865626687,65791060016,482656686703
2019-07-24,All-Floors,Staff,206,1851,2112066,201161300606,492914779265,694076079871
2019-07-24,All-Floors,TPG,74,712,1810942,232479345664,21309240153,253788585817
2019-07-24,All-Floors,RPG,183,1197,2613567,446762148178,35587870401,482350018579
2019-07-24,All-Floors,UG,522,4220,8543374,1344240663813,138516470479,1482757134292
2019-07-24,All-Floors,Alumni,25,223,481893,70639037090,4183247613,74822284703
2019-07-24,All-Floors,Others(HKUST),23,85,672899,10149614010,656760673,10806374683
2019-07-24,All-Floors,Non-HKUST,48,321,752397,85180369413,5887995541,91068364954
2019-07-24,All-Floors,Total,1081,8609,16987138,2390612478774,699056364125,3089668842899
2019-07-25,1,Staff,51,593,864219,52750066226,77304139820,130054206046
2019-07-25,1,TPG,7,31,190825,8514727814,717361298,9232089112
2019-07-25,1,RPG,15,67,242065,8957605718,785360749,9742966467
2019-07-25,1,UG,40,297,801353,59296175973,4558988594,63855164567
2019-07-25,1,Alumni,1,1,0,105138778,2882769,108021547
2019-07-25,1,Others(HKUST),3,5,92171,67684148,25214493,92898641
2019-07-25,1,Non-HKUST,5,13,36935,2481427576,90587751,2572015327
2019-07-25,1,Total,122,1007,2227568,132172826233,83484535474,215657361707
2019-07-25,G,Staff,113,421,842921,58265843319,99115744138,157381587457
2019-07-25,G,TPG,41,185,245781,23716589993,2552728008,26269318001
2019-07-25,G,RPG,72,223,283499,22848060578,3859342939,26707403517
2019-07-25,G,UG,214,666,1411451,132105758628,10527284332,142633042960
2019-07-25,G,Alumni,16,46,81213,9438129566,3199074650,12637204216
2019-07-25,G,Others(HKUST),7,22,239440,15810847591,741765488,16552613079
2019-07-25,G,Non-HKUST,19,46,76306,9974651754,427749260,10402401014
2019-07-25,G,Total,482,1609,3180611,272159881429,120423688815,392583570244
2019-07-25,LG1,Staff,76,319,285987,36181134655,2869001565,39050136220
2019-07-25,LG1,TPG,37,324,749082,86711656049,8832480183,95544136232
2019-07-25,LG1,RPG,93,568,1021343,85868269536,11389922615,97258192151
2019-07-25,LG1,UG,309,1852,3893501,607860840730,55589618284,663450459014
2019-07-25,LG1,Alumni,11,110,258956,9407470634,3478308449,12885779083
2019-07-25,LG1,Others(HKUST),5,12,358221,822810926,1029473235,1852284161
2019-07-25,LG1,Non-HKUST,25,139,325291,54950926081,2356419250,57307345331
2019-07-25,LG1,Total,556,3324,6892381,881803108611,85545223581,967348332192
2019-07-25,LG3,Staff,81,176,98366,23860833935,11692617887,35553451822
2019-07-25,LG3,TPG,8,61,130100,17065108370,879710814,17944819184
2019-07-25,LG3,RPG,70,221,570179,158734711191,6113384161,164848095352
2019-07-25,LG3,UG,175,551,1139355,189993425884,13231771808,203225197692
2019-07-25,LG3,Alumni,7,42,54120,17607371375,6375873653,23983245028
2019-07-25,LG3,Others(HKUST),1,4,368,904946,260655,1165601
2019-07-25,LG3,Non-HKUST,8,42,101115,83569793678,3245329704,86815123382
2019-07-25,LG3,Total,350,1097,2093603,490832149379,41538948682,532371098061
2019-07-25,LG4,Staff,37,124,87466,10419916084,956890291,11376806375
2019-07-25,LG4,TPG,10,73,241717,46964894271,7587627580,54552521851
2019-07-25,LG4,RPG,28,115,296421,51297086429,2128135609,53425222038
2019-07-25,LG4,UG,101,439,1061829,108795223964,29573152673,138368376637
2019-07-25,LG4,Alumni,5,65,166253,31265988725,1899348940,33165337665
2019-07-25,LG4,Others(HKUST),4,12,95499,511110348,103740595,614850943
2019-07-25,LG4,Non-HKUST,12,59,216428,39817966784,6309481873,46127448657
2019-07-25,LG4,Total,197,887,2165613,289072186605,48558377561,337630564166
2019-07-25,All-Floors,Staff,204,1633,2178959,181477794219,191938393701,373416187920
2019-07-25,All-Floors,TPG,59,674,1557505,182972976497,20569907883,203542884380
2019-07-25,All-Floors,RPG,177,1194,2413507,327705733452,24276146073,351981879525
2019-07-25,All-Floors,UG,507,3805,8307489,1098051425179,113480815691,1211532240870
2019-07-25,All-Floors,Alumni,22,264,560542,67824099078,14955488461,82779587539
2019-07-25,All-Floors,Others(HKUST),13,55,785699,17213357959,1900454466,19113812425
2019-07-25,All-Floors,Non-HKUST,44,299,756075,190794765873,12429567838,203224333711
2019-07-25,All-Floors,Total,1026,7924,16559776,2066040152257,379550774113,2445590926370
2019-07-26,1,Staff,42,467,719390,29940750893,71779284744,101720035637
2019-07-26,1,TPG,4,36,177548,7655071364,572420951,8227492315
2019-07-26,1,RPG,11,81,228039,8103428197,487546285,8590974482
2019-07-26,1,UG,40,254,659060,46189441653,6809994314,52999435967
2019-07-26,1,Alumni,0,0,0,0,0,0
2019-07-26,1,Others(HKUST),4,10,210748,7139451395,691334452,7830785847
2019-07-26,1,Non-HKUST,2,8,22746,1073375067,58496955,1131872022
2019-07-26,1,Total,103,856,2017531,100101518569,80399077701,180500596270
2019-07-26,G,Staff,115,552,771376,60872505814,19311713518,80184219332
2019-07-26,G,TPG,39,112,166301,25308716175,2436050367,27744766542
2019-07-26,G,RPG,58,187,356110,53433597016,7926717210,61360314226
2019-07-26,G,UG,171,555,883079,104342835235,11320169760,115663004995
2019-07-26,G,Alumni,11,36,84883,9982332850,408483978,10390816828
2019-07-26,G,Others(HKUST),7,33,215915,3463640151,205150275,3668790426
2019-07-26,G,Non-HKUST,15,43,86315,9087816381,765036101,9852852482
2019-07-26,G,Total,416,1518,2563979,266491443622,42373321209,308864764831
2019-07-26,LG1,Staff,77,418,461331,73066534774,8750427872,81816962646
2019-07-26,LG1,TPG,42,320,791422,91982391320,7051906813,99034298133
2019-07-26,LG1,RPG,82,518,835397,111561907416,13906580291,125468487707
2019-07-26,LG1,UG,254,1606,3712908,407355433082,35037016909,442392449991
2019-07-26,LG1,Alumni,10,74,219476,8530905809,968118491,9499024300
2019-07-26,LG1,Others(HKUST),8,21,364911,1631513128,171276191,1802789319
2019-07-26,LG1,Non-HKUST,16,102,284533,10404104201,912138339,11316242540
2019-07-26,LG1,Total,489,3059,6669978,704532789730,66797464906,771330254636
2019-07-26,LG3,Staff,66,233,117079,62615243085,2655426361,65270669446
2019-07-26,LG3,TPG,16,87,172866,43062980292,1646304094,44709284386
2019-07-26,LG3,RPG,46,144,296185,63587554774,3562171860,67149726634
2019-07-26,LG3,UG,117,465,828492,177405971651,16145395318,193551366969
2019-07-26,LG3,Alumni,7,44,135487,25309552339,2235531438,27545083777
2019-07-26,LG3,Others(HKUST),4,6,0,523439922,184393017,707832939
2019-07-26,LG3,Non-HKUST,14,29,166757,12831368455,1346025780,14177394235
2019-07-26,LG3,Total,270,1008,1716866,385336110518,27775247868,413111358386
2019-07-26,LG4,Staff,39,154,123561,16021641382,2013578377,18035219759
2019-07-26,LG4,TPG,13,52,198172,23277936061,15307695114,38585631175
2019-07-26,LG4,RPG,33,143,370940,29623905331,3644311125,33268216456
2019-07-26,LG4,UG,92,437,956867,184291088582,19636367464,203927456046
2019-07-26,LG4,Alumni,5,22,69108,4787423954,221420890,5008844844
2019-07-26,LG4,Others(HKUST),3,7,173527,247897479,187763624,435661103
2019-07-26,LG4,Non-HKUST,6,18,61448,2780196529,116432702,2896629231
2019-07-26,LG4,Total,191,833,1953623,261030089318,41127569296,302157658614
2019-07-26,All-Floors,Staff,185,1824,2192737,242516675948,104510430872,347027106820
2019-07-26,All-Floors,TPG,65,607,1506309,191287095212,27014377339,218301472551
2019-07-26,All-Floors,RPG,143,1073,2086671,266310392734,29527326771,295837719505
2019-07-26,All-Floors,UG,424,3317,7040406,919584770203,88948943765,1008533713968
2019-07-26,All-Floors,Alumni,21,176,508954,48610214952,3833554797,52443769749
2019-07-26,All-Floors,Others(HKUST),17,77,965101,13005942075,1439917559,14445859634
2019-07-26,All-Floors,Non-HKUST,36,200,621799,36176860633,3198129877,39374990510
2019-07-26,All-Floors,Total,891,7274,14921977,1717491951757,258472680980,1975964632737
2019-07-27,1,Staff,3,8,28441,1843461207,34496939,1877958146
2019-07-27,1,TPG,21,124,467423,40681814951,2906026211,43587841162
2019-07-27,1,RPG,8,26,48615,4140380555,659532934,4799913489
2019-07-27,1,UG,23,150,546662,39163975185,2969325948,42133301133
2019-07-27,1,Alumni,3,11,41408,2374143214,125539216,2499682430
2019-07-27,1,Others(HKUST),1,3,259197,2308882514,533075213,2841957727
2019-07-27,1,Non-HKUST,1,10,44653,3979884181,256769493,4236653674
2019-07-27,1,Total,60,332,1436399,94492541807,7484765954,101977307761
2019-07-27,G,Staff,32,124,377475,48560783721,2039958827,50600742548
2019-07-27,G,TPG,50,156,275044,33906850549,4388547688,38295398237
2019-07-27,G,RPG,40,100,240657,18371512978,1539521277,19911034255
2019-07-27,G,UG,127,439,964597,195790794241,10575842139,206366636380
2019-07-27,G,Alumni,20,40,59783,8720101435,293463210,9013564645
2019-07-27,G,Others(HKUST),3,4,87478,1080026066,78826161,1158852227
2019-07-27,G,Non-HKUST,9,29,104573,3389402271,286995224,3676397495
2019-07-27,G,Total,281,892,2109607,309819471261,19203154526,329022625787
2019-07-27,LG1,Staff,23,170,190626,50847112756,2320191235,53167303991
2019-07-27,LG1,TPG,56,374,700046,97202499772,6815090637,104017590409
2019-07-27,LG1,RPG,46,283,568789,79335101749,10284782464,89619884213
2019-07-27,LG1,UG,195,1196,2868713,327385926057,26348531307,353734457364
2019-07-27,LG1,Alumni,8,57,99894,8792007736,347669901,9139677637
2019-07-27,LG1,Others(HKUST),2,14,603680,6490452508,457388428,6947840936
2019-07-27,LG1,Non-HKUST,15,57,106931,12725958491,1434524004,14160482495
2019-07-27,LG1,Total,345,2151,5138679,582779059069,48008177976,630787237045
2019-07-27,LG3,Staff,17,40,152995,9331628152,273579271,9605207423
2019-07-27,LG3,TPG,17,121,248392,77559286533,4466838498,82026125031
2019-07-27,LG3,RPG,38,124,197223,28556200272,1458991341,30015191613
2019-07-27,LG3,UG,118,378,642833,171747361926,10276828404,182024190330
2019-07-27,LG3,Alumni,7,31,63215,52100735289,891061858,52991797147
2019-07-27,LG3,Others(HKUST),2,10,26812,7328595367,302639162,7631234529
2019-07-27,LG3,Non-HKUST,11,13,12063,3051058111,159256399,3210314510
2019-07-27,LG3,Total,210,717,1343533,349674865650,17829194933,367504060583
2019-07-27,LG4,Staff,10,28,19621,1230039167,33171621,1263210788
2019-07-27,LG4,TPG,9,47,81873,23784316263,3663439430,27447755693
2019-07-27,LG4,RPG,26,79,94673,19306583810,1244814527,20551398337
2019-07-27,LG4,UG,89,242,466376,88722848599,5880556234,94603404833
2019-07-27,LG4,Alumni,7,38,66408,8216030154,306951694,8522981848
2019-07-27,LG4,Others(HKUST),3,12,187020,2197199950,98251495,2295451445
2019-07-27,LG4,Non-HKUST,8,26,82427,11607499882,3676341712,15283841594
2019-07-27,LG4,Total,152,472,998398,155064517825,14903526713,169968044538
2019-07-27,All-Floors,Staff,59,370,769158,111813025003,4701397893,116514422896
2019-07-27,All-Floors,TPG,86,822,1772778,273134768068,22239942464,295374710532
2019-07-27,All-Floors,RPG,109,612,1149957,149709779364,15187642543,164897421907
2019-07-27,All-Floors,UG,353,2405,5489181,822810906008,56051084032,878861990040
2019-07-27,All-Floors,Alumni,31,177,330708,80203017828,1964685879,82167703707
2019-07-27,All-Floors,Others(HKUST),6,43,1164187,19405156405,1470180459,20875336864
2019-07-27,All-Floors,Non-HKUST,30,135,350647,34753802936,5813886832,40567689768
2019-07-27,All-Floors,Total,674,4564,11026616,1491830455612,107428820102,1599259275714
2019-07-28,1,Staff,4,16,45729,1255361222,109065082,1364426304
2019-07-28,1,TPG,5,40,154607,10636045604,580378654,11216424258
2019-07-28,1,RPG,8,22,73632,3354125413,389623831,3743749244
2019-07-28,1,UG,20,77,414547,12959454788,2274569706,15234024494
2019-07-28,1,Alumni,5,25,64087,39545181864,1802323833,41347505697
2019-07-28,1,Others(HKUST),1,3,259197,2308882514,533075213,2841957727
2019-07-28,1,Non-HKUST,8,58,97576,12699504057,586696501,13286200558
2019-07-28,1,Total,51,241,1109375,82758555462,6275732820,89034288282
2019-07-28,G,Staff,23,78,274141,30461177445,1730644009,32191821454
2019-07-28,G,TPG,25,91,217268,44515272122,2330565983,46845838105
2019-07-28,G,RPG,25,77,118975,6929149746,2740286617,9669436363
2019-07-28,G,UG,61,180,404841,59970902080,2675102760,62646004840
2019-07-28,G,Alumni,19,39,37617,7306113019,1497211364,8803324383
2019-07-28,G,Others(HKUST),7,15,188626,5664230511,353274752,6017505263
2019-07-28,G,Non-HKUST,12,71,102613,14600482852,852610839,15453093691
2019-07-28,G,Total,172,551,1344081,169447327775,12179696324,181627024099
2019-07-28,LG1,Staff,17,64,69293,7487762637,423061405,7910824042
2019-07-28,LG1,TPG,27,135,346534,46809440408,2579950527,49389390935
2019-07-28,LG1,RPG,39,191,373305,40587736469,5296859288,45884595757
2019-07-28,LG1,UG,138,688,1661942,211118510624,20074142920,231192653544
2019-07-28,LG1,Alumni,10,46,100621,17849667416,942920591,18792588007
2019-07-28,LG1,Others(HKUST),5,32,681302,3457241344,389885253,3847126597
2019-07-28,LG1,Non-HKUST,11,32,57071,6289246053,421103767,6710349820
2019-07-28,LG1,Total,247,1188,3290068,333599604951,30127923751,363727528702
2019-07-28,LG3,Staff,22,76,95406,11030067126,601483318,11631550444
2019-07-28,LG3,TPG,11,18,12247,2892286603,839184993,3731471596
2019-07-28,LG3,RPG,33,48,62642,7394594475,2229056430,9623650905
2019-07-28,LG3,UG,105,274,494311,48883468787,4014053831,52897522618
2019-07-28,LG3,Alumni,13,27,38694,8640429087,536090959,9176520046
2019-07-28,LG3,Others(HKUST),5,6,0,4725915,888445,5614360
2019-07-28,LG3,Non-HKUST,15,30,32224,2484767584,218574479,2703342063
2019-07-28,LG3,Total,204,479,735524,81330339577,8439332455,89769672032
2019-07-28,LG4,Staff,9,19,13495,3234470637,176255404,3410726041
2019-07-28,LG4,TPG,14,63,158228,40140487090,1931898313,42072385403
2019-07-28,LG4,RPG,20,40,78485,9004236028,422102458,9426338486
2019-07-28,LG4,UG,80,203,346857,66881940358,7402366757,74284307115
2019-07-28,LG4,Alumni,10,32,114473,9771672235,619814584,10391486819
2019-07-28,LG4,Others(HKUST),3,9,204844,636506706,79766317,716273023
2019-07-28,LG4,Non-HKUST,12,21,27539,3044822639,98294711,3143117350
2019-07-28,LG4,Total,148,387,943921,132714135693,10730498544,143444634237
2019-07-28,All-Floors,Staff,56,253,498064,53468839067,3040509218,56509348285
2019-07-28,All-Floors,TPG,47,347,888884,144993531827,8261978470,153255510297
2019-07-28,All-Floors,RPG,100,378,707039,67269842131,11077928624,78347770755
2019-07-28,All-Floors,UG,282,1422,3322498,399814276637,36440235974,436254512611
2019-07-28,All-Floors,Alumni,33,169,355492,83113063621,5398361331,88511424952
2019-07-28,All-Floors,Others(HKUST),15,65,1333969,12071586990,1356889980,13428476970
2019-07-28,All-Floors,Non-HKUST,35,212,317023,39118823185,2177280297,41296103482
2019-07-28,All-Floors,Total,568,2846,7422969,799849963458,67753183894,867603147352
2019-07-29,1,Staff,50,549,879221,40120093625,8045426578,48165520203
2019-07-29,1,TPG,11,38,195901,11812244738,1209618266,13021863004
2019-07-29,1,RPG,13,76,274294,9099420425,803235267,9902655692
2019-07-29,1,UG,40,245,960695,45111524194,8688477160,53800001354
2019-07-29,1,Alumni,1,5,66201,1905905145,130723040,2036628185
2019-07-29,1,Others(HKUST),16,30,282239,3457626778,635657595,4093284373
2019-07-29,1,Non-HKUST,7,35,140946,13253972090,403192155,13657164245
2019-07-29,1,Total,138,978,2799497,124760786995,19916330061,144677117056
2019-07-29,G,Staff,129,572,1051517,80328292137,7993720025,88322012162
2019-07-29,G,TPG,38,155,364791,41444857321,3638988747,45083846068
2019-07-29,G,RPG,52,147,358553,17544464878,1056632055,18601096933
2019-07-29,G,UG,150,470,1191784,149520080179,39839769739,189359849918
2019-07-29,G,Alumni,10,29,50232,10259305306,639679542,10898984848
2019-07-29,G,Others(HKUST),35,93,286557,8606762645,997479065,9604241710
2019-07-29,G,Non-HKUST,16,59,121326,3556358709,441343953,3997702662
2019-07-29,G,Total,430,1525,3424760,311260121175,54607613126,365867734301
2019-07-29,LG1,Staff,88,377,288207,48595168538,3396575517,51991744055
2019-07-29,LG1,TPG,43,306,585161,159427822426,14242959849,173670782275
2019-07-29,LG1,RPG,76,417,746937,58630867234,89425716394,148056583628
2019-07-29,LG1,UG,249,1564,3519412,440514464011,41559249624,482073713635
2019-07-29,LG1,Alumni,7,35,84717,16967154062,823195708,17790349770
2019-07-29,LG1,Others(HKUST),15,30,613980,2069822946,280787914,2350610860
2019-07-29,LG1,Non-HKUST,29,84,202981,24201854269,2025123720,26226977989
2019-07-29,LG1,Total,507,2813,6041395,750407153486,151753608726,902160762212
2019-07-29,LG3,Staff,100,269,174968,67325542301,3458937489,70784479790
2019-07-29,LG3,TPG,15,79,180555,57073397519,5290246328,62363643847
2019-07-29,LG3,RPG,72,188,338309,38679451539,8606019384,47285470923
2019-07-29,LG3,UG,158,444,796738,141080319870,15140015011,156220334881
2019-07-29,LG3,Alumni,7,58,100898,27440372731,2031318604,29471691335
2019-07-29,LG3,Others(HKUST),39,74,59313,6139288572,590282470,6729571042
2019-07-29,LG3,Non-HKUST,12,37,166111,18305910322,1522117470,19828027792
2019-07-29,LG3,Total,403,1149,1816892,356044282854,36638936756,392683219610
2019-07-29,LG4,Staff,52,212,233724,13766298405,5858566914,19624865319
2019-07-29,LG4,TPG,15,81,185599,27655238656,3949566482,31604805138
2019-07-29,LG4,RPG,33,115,263724,26971510950,2194490526,29166001476
2019-07-29,LG4,UG,95,307,535529,92335551471,8674837226,101010388697
2019-07-29,LG4,Alumni,8,92,202145,35460846696,2678268694,38139115390
2019-07-29,LG4,Others(HKUST),36,87,246370,5878530684,965379811,6843910495
2019-07-29,LG4,Non-HKUST,8,53,143778,25295427401,6614218719,31909646120
2019-07-29,LG4,Total,247,947,1810869,227363404263,30935328372,258298732635
2019-07-29,All-Floors,Staff,234,1979,2627637,250135395006,28753226523,278888621529
2019-07-29,All-Floors,TPG,73,659,1512007,297413560660,28331379672,325744940332
2019-07-29,All-Floors,RPG,172,943,1981817,150925715026,102086093626,253011808652
2019-07-29,All-Floors,UG,452,3030,7004158,868561939725,113902348760,982464288485
2019-07-29,All-Floors,Alumni,18,219,504193,92033583940,6303185588,98336769528
2019-07-29,All-Floors,Others(HKUST),75,314,1488459,26152031625,3469586855,29621618480
2019-07-29,All-Floors,Non-HKUST,43,268,775142,84613522791,11005996017,95619518808
2019-07-29,All-Floors,Total,1067,7412,15893413,1769835748773,293851817041,2063687565814
2019-07-30,1,Staff,57,604,1051719,67286284899,8013654222,75299939121
2019-07-30,1,TPG,8,85,255655,38715212263,4078672160,42793884423
2019-07-30,1,RPG,16,96,330993,18481987212,1036048512,19518035724
2019-07-30,1,UG,36,230,711321,41383142373,4623913394,46007055767
2019-07-30,1,Alumni,1,4,11509,604814267,12930847,617745114
2019-07-30,1,Others(HKUST),10,23,357507,5197487919,1161571934,6359059853
2019-07-30,1,Non-HKUST,6,26,113912,6527045402,457275617,6984321019
2019-07-30,1,Total,134,1068,2832616,178195974335,19384066686,197580041021
2019-07-30,G,Staff,118,518,1091946,53020683899,11914889722,64935573621
2019-07-30,G,TPG,30,114,249459,26512934072,1660166456,28173100528
2019-07-30,G,RPG,69,184,347260,38162981094,2062405845,40225386939
2019-07-30,G,UG,139,425,947965,106239656064,6523726392,112763382456
2019-07-30,G,Alumni,9,31,70274,10007325566,530273835,10537599401
2019-07-30,G,Others(HKUST),40,102,402712,12162724847,982111557,13144836404
2019-07-30,G,Non-HKUST,17,85,106406,9392003721,1127426998,10519430719
2019-07-30,G,Total,422,1459,3216022,255498309263,24801000805,280299310068
2019-07-30,LG1,Staff,91,311,277084,51861165284,6171211613,58032376897
2019-07-30,LG1,TPG,45,369,807299,99013174359,11144963011,110158137370
2019-07-30,LG1,RPG,69,355,581006,66957483301,65570326409,132527809710
2019-07-30,LG1,UG,301,2203,4879375,614145339590,84643224807,698788564397
2019-07-30,LG1,Alumni,6,31,60898,4434611861,389673830,4824285691
2019-07-30,LG1,Others(HKUST),23,79,840855,11949880581,1279169797,13229050378
2019-07-30,LG1,Non-HKUST,21,83,123033,8729333072,2441111297,11170444369
2019-07-30,LG1,Total,556,3431,7569550,857090988048,171639680764,1028730668812
2019-07-30,LG3,Staff,73,264,200377,36039588242,7680382074,43719970316
2019-07-30,LG3,TPG,9,27,60420,5346474090,920843679,6267317769
2019-07-30,LG3,RPG,61,196,275503,67072191058,7168055211,74240246269
2019-07-30,LG3,UG,179,450,853027,91272068962,7008055900,98280124862
2019-07-30,LG3,Alumni,8,51,146237,10245987162,1066144273,11312131435
2019-07-30,LG3,Others(HKUST),29,70,109897,17697424225,903893981,18601318206
2019-07-30,LG3,Non-HKUST,15,72,167818,64798958687,6066785058,70865743745
2019-07-30,LG3,Total,374,1130,1813279,292472692426,30814160176,323286852602
2019-07-30,LG4,Staff,52,220,146400,29131958508,8820849830,37952808338
2019-07-30,LG4,TPG,12,64,181828,29922955007,10023852119,39946807126
2019-07-30,LG4,RPG,41,162,228711,75669912475,7093429993,82763342468
2019-07-30,LG4,UG,104,288,531800,193275565081,16116014400,209391579481
2019-07-30,LG4,Alumni,3,30,105406,4275189851,1249023536,5524213387
2019-07-30,LG4,Others(HKUST),24,34,276334,2859613162,206577263,3066190425
2019-07-30,LG4,Non-HKUST,20,70,214997,26480577734,5857669918,32338247652
2019-07-30,LG4,Total,256,868,1685476,361615771818,49367417059,410983188877
2019-07-30,All-Floors,Staff,218,1917,2767526,237339680832,42600987461,279940668293
2019-07-30,All-Floors,TPG,61,659,1554661,199510749791,27828497425,227339247216
2019-07-30,All-Floors,RPG,157,993,1763473,266344555140,82930265970,349274821110
2019-07-30,All-Floors,UG,493,3596,7923488,1046315772070,118914934893,1165230706963
2019-07-30,All-Floors,Alumni,16,147,394324,29567928707,3248046321,32815975028
2019-07-30,All-Floors,Others(HKUST),82,308,1987305,49867130734,4533324532,54400455266
2019-07-30,All-Floors,Non-HKUST,50,336,726166,115927918616,15950268888,131878187504
2019-07-30,All-Floors,Total,1077,7956,17116943,1944873735890,296006325490,2240880061380
2019-07-31,1,Staff,46,366,509383,30052636960,8747203330,38799840290
2019-07-31,1,TPG,2,5,4141,117138961,21812685,138951646
2019-07-31,1,RPG,8,29,69226,1567919826,152418733,1720338559
2019-07-31,1,UG,22,128,237953,14282019308,1267439083,15549458391
2019-07-31,1,Alumni,1,4,2333,20343961,1813213,22157174
2019-07-31,1,Others(HKUST),3,7,173343,1313672901,288252530,1601925431
2019-07-31,1,Non-HKUST,2,6,27942,363098347,18918043,382016390
2019-07-31,1,Total,84,545,1024321,47716830264,10497857617,58214687881
2019-07-31,G,Staff,61,257,468855,20707821961,2394394909,23102216870
2019-07-31,G,TPG,16,49,50283,8490408908,1714845483,10205254391
2019-07-31,G,RPG,25,49,41455,4958010269,195765792,5153776061
2019-07-31,G,UG,69,157,157481,22539505135,2369985423,24909490558
2019-07-31,G,Alumni,6,9,19651,2836496652,122190483,2958687135
2019-07-31,G,Others(HKUST),18,73,331215,8116743326,1098462053,9215205379
2019-07-31,G,Non-HKUST,11,13,15859,739566610,56127816,795694426
2019-07-31,G,Total,206,607,1084799,68388552861,7951771959,76340324820
2019-07-31,LG1,Staff,38,137,90086,6412530570,552315384,6964845954
2019-07-31,LG1,TPG,16,56,76625,9747792970,5772777904,15520570874
2019-07-31,LG1,RPG,21,81,90438,12170563701,593974457,12764538158
2019-07-31,LG1,UG,103,411,644726,62099861957,8814754609,70914616566
2019-07-31,LG1,Alumni,2,8,7387,583397965,1780225510,2363623475
2019-07-31,LG1,Others(HKUST),4,15,692085,1179137719,239405586,1418543305
2019-07-31,LG1,Non-HKUST,11,33,32262,3974352201,183956028,4158308229
2019-07-31,LG1,Total,195,741,1633609,96167637083,17937409478,114105046561
2019-07-31,LG3,Staff,53,106,45579,6318934590,2842883727,9161818317
2019-07-31,LG3,TPG,6,8,6694,890154637,939055252,1829209889
2019-07-31,LG3,RPG,44,73,78042,9139819262,436388252,9576207514
2019-07-31,LG3,UG,91,181,238057,31224227950,1950350621,33174578571
2019-07-31,LG3,Alumni,2,6,8650,4314799103,56707713,4371506816
2019-07-31,LG3,Others(HKUST),13,16,542,942098765,128920212,1071018977
2019-07-31,LG3,Non-HKUST,9,20,32802,3914042653,281254249,4195296902
2019-07-31,LG3,Total,218,410,410366,56744076960,6635560026,63379636986
2019-07-31,LG4,Staff,26,65,12607,1801793596,127045165,1928838761
2019-07-31,LG4,TPG,7,17,28452,993118307,116609370,1109727677
2019-07-31,LG4,RPG,38,50,56237,4036655214,240540704,4277195918
2019-07-31,LG4,UG,76,148,169062,32688527982,7240058114,39928586096
2019-07-31,LG4,Alumni,0,0,0,0,0,0
2019-07-31,LG4,Others(HKUST),13,28,348806,1002544963,251752591,1254297554
2019-07-31,LG4,Non-HKUST,5,17,33519,2057189771,132456960,2189646731
2019-07-31,LG4,Total,165,325,648683,42579829833,8108462904,50688292737
2019-07-31,All-Floors,Staff,129,931,1126510,65293717677,14663842515,79957560192
2019-07-31,All-Floors,TPG,30,135,166195,20238613783,8565100694,28803714477
2019-07-31,All-Floors,RPG,103,282,335398,31872968272,1619087938,33492056210
2019-07-31,All-Floors,UG,257,1025,1447279,162834142332,21642587850,184476730182
2019-07-31,All-Floors,Alumni,6,27,38021,7755037681,1960936919,9715974600
2019-07-31,All-Floors,Others(HKUST),40,139,1545991,12554197674,2006792972,14560990646
2019-07-31,All-Floors,Non-HKUST,23,89,142384,11048249582,672713096,11720962678
2019-07-31,All-Floors,Total,588,2628,4801778,311596927001,51131061984,362727988985
