Date,Floor,User-Group,User-Count,WiFi-Conn,Duration-Sec,Traffic-In-Byte,Traffic-Out-Byte,Traffic-Both-Byte
2020-10-01,1,Alumni,0,0,0,0,0,0
2020-10-01,1,Non-HKUST,1,1,1801,45433438,4950894,50384332
2020-10-01,1,Others(HKUST),0,0,0,0,0,0
2020-10-01,1,RPG,4,4,0,91912104,36992594,128904698
2020-10-01,1,Staff,6,15,82454,751618435,127498725,879117160
2020-10-01,1,TPG,0,0,0,0,0,0
2020-10-01,1,Total,12,21,84974,888982238,169462676,1058444914
2020-10-01,1,UG,1,1,719,18261,20463,38724
2020-10-01,All-Floors,Alumni,2,2,0,84852568,28559479,113412047
2020-10-01,All-Floors,Non-HKUST,3,3,1801,87684090,14918551,102602641
2020-10-01,All-Floors,Others(HKUST),4,53,1538420,10294277555,1485488558,11779766113
2020-10-01,All-Floors,RPG,75,85,1438,12288576536,764899605,13053476141
2020-10-01,All-Floors,Staff,21,48,341281,9967316825,930054511,10897371336
2020-10-01,All-Floors,TPG,3,3,0,492067836,50413214,542481050
2020-10-01,All-Floors,Total,188,313,1926681,61877259349,4717276607,66594535956
2020-10-01,All-Floors,UG,80,119,43741,28662483939,1442942689,30105426628
2020-10-01,G,Alumni,0,0,0,0,0,0
2020-10-01,G,Non-HKUST,0,0,0,0,0,0
2020-10-01,G,Others(HKUST),2,36,415053,4608915537,542078692,5150994229
2020-10-01,G,RPG,1,1,0,7309425,978673,8288098
2020-10-01,G,Staff,7,12,258827,4424277709,498218259,4922495968
2020-10-01,G,TPG,0,0,0,0,0,0
2020-10-01,G,Total,13,52,673880,9056601092,1045748369,10102349461
2020-10-01,G,UG,3,3,0,16098421,4472745,20571166
2020-10-01,LG1,Alumni,0,0,0,0,0,0
2020-10-01,LG1,Non-HKUST,0,0,0,0,0,0
2020-10-01,LG1,Others(HKUST),1,10,863990,2917490196,585937066,3503427262
2020-10-01,LG1,RPG,3,3,717,17154040,1792684,18946724
2020-10-01,LG1,Staff,3,7,0,1772329549,147346996,1919676545
2020-10-01,LG1,TPG,0,0,0,0,0,0
2020-10-01,LG1,Total,9,22,865428,4834943097,749843011,5584786108
2020-10-01,LG1,UG,2,2,721,127969312,14766265,142735577
2020-10-01,LG3,Alumni,2,2,0,84852568,28559479,113412047
2020-10-01,LG3,Non-HKUST,0,0,0,0,0,0
2020-10-01,LG3,Others(HKUST),1,1,0,33647864,2713182,36361046
2020-10-01,LG3,RPG,39,45,0,7668274895,482673400,8150948295
2020-10-01,LG3,Staff,7,7,0,1309558928,75736157,1385295085
2020-10-01,LG3,TPG,2,2,0,205835380,16777892,222613272
2020-10-01,LG3,Total,104,123,34913,16701837648,1505387267,18207224915
2020-10-01,LG3,UG,53,66,34913,7399668013,898927157,8298595170
2020-10-01,LG4,Alumni,0,0,0,0,0,0
2020-10-01,LG4,Non-HKUST,2,2,0,42250652,9967657,52218309
2020-10-01,LG4,Others(HKUST),2,6,259377,2734223958,354759618,3088983576
2020-10-01,LG4,RPG,30,32,721,4503926072,242462254,4746388326
2020-10-01,LG4,Staff,6,7,0,1709532204,81254374,1790786578
2020-10-01,LG4,TPG,1,1,0,286232456,33635322,319867778
2020-10-01,LG4,Total,68,95,267486,30394895274,1246835284,31641730558
2020-10-01,LG4,UG,27,47,7388,21118729932,524756059,21643485991
2020-10-02,1,Alumni,0,0,0,0,0,0
2020-10-02,1,Non-HKUST,0,0,0,0,0,0
2020-10-02,1,Others(HKUST),0,0,0,0,0,0
2020-10-02,1,RPG,1,1,0,60772523,2955173,63727696
2020-10-02,1,Staff,6,45,237751,2501192116,639091973,3140284089
2020-10-02,1,TPG,0,0,0,0,0,0
2020-10-02,1,Total,7,46,237751,2561964639,642047146,3204011785
2020-10-02,1,UG,0,0,0,0,0,0
2020-10-02,All-Floors,Alumni,1,1,0,208749762,7664690,216414452
2020-10-02,All-Floors,Non-HKUST,4,6,180,14527134,1373364,15900498
2020-10-02,All-Floors,Others(HKUST),5,47,1627524,11431195508,1713519580,13144715088
2020-10-02,All-Floors,RPG,56,60,23749,15279103998,3496854151,18775958149
2020-10-02,All-Floors,Staff,28,84,596660,9663271232,1499624409,11162895641
2020-10-02,All-Floors,TPG,5,7,56156,833537679,1303052198,2136589877
2020-10-02,All-Floors,Total,172,323,2342787,60149022033,9548350402,69697372435
2020-10-02,All-Floors,UG,73,118,38518,22718636720,1526262010,24244898730
2020-10-02,G,Alumni,0,0,0,0,0,0
2020-10-02,G,Non-HKUST,2,2,0,409259,193153,602412
2020-10-02,G,Others(HKUST),2,30,418125,3251565028,389752731,3641317759
2020-10-02,G,RPG,1,1,359,361690,192645,554335
2020-10-02,G,Staff,6,11,345946,3119831330,407246148,3527077478
2020-10-02,G,TPG,1,1,0,145668892,12897586,158566478
2020-10-02,G,Total,13,46,764430,6517952235,810366003,7328318238
2020-10-02,G,UG,1,1,0,116036,83740,199776
2020-10-02,LG1,Alumni,0,0,0,0,0,0
2020-10-02,LG1,Non-HKUST,0,0,0,0,0,0
2020-10-02,LG1,Others(HKUST),1,10,863990,3030442956,612371438,3642814394
2020-10-02,LG1,RPG,2,2,718,7451002,1296702,8747704
2020-10-02,LG1,Staff,3,7,11162,4710046,2180534,6890580
2020-10-02,LG1,TPG,0,0,0,0,0,0
2020-10-02,LG1,Total,10,24,877312,3587960045,962998191,4550958236
2020-10-02,LG1,UG,4,5,1442,545356041,347149517,892505558
2020-10-02,LG3,Alumni,0,0,0,0,0,0
2020-10-02,LG3,Non-HKUST,3,3,0,6620636,679539,7300175
2020-10-02,LG3,Others(HKUST),1,1,181,162228367,15214873,177443240
2020-10-02,LG3,RPG,38,38,0,9808610677,1400686601,11209297278
2020-10-02,LG3,Staff,10,14,900,2098740486,378931989,2477672475
2020-10-02,LG3,TPG,2,4,56156,280265880,1268509123,1548775003
2020-10-02,LG3,Total,90,104,83697,19214634132,3439518601,22654152733
2020-10-02,LG3,UG,36,44,26460,6858168086,375496476,7233664562
2020-10-02,LG4,Alumni,1,1,0,208749762,7664690,216414452
2020-10-02,LG4,Non-HKUST,1,1,180,7497239,500672,7997911
2020-10-02,LG4,Others(HKUST),2,6,345228,4986959157,696180538,5683139695
2020-10-02,LG4,RPG,15,18,22672,5401908106,2091723030,7493631136
2020-10-02,LG4,Staff,7,7,901,1938797254,72173765,2010971019
2020-10-02,LG4,TPG,2,2,0,407602907,21645489,429248396
2020-10-02,LG4,Total,68,103,379597,28266510982,3693420461,31959931443
2020-10-02,LG4,UG,40,68,10616,15314996557,803532277,16118528834
2020-10-03,1,Alumni,1,17,34014,11211867108,3877683907,15089551015
2020-10-03,1,Non-HKUST,0,0,0,0,0,0
2020-10-03,1,Others(HKUST),1,9,3240,1072513,457073,1529586
2020-10-03,1,RPG,8,68,164385,12928468161,979368635,13907836796
2020-10-03,1,Staff,9,38,258640,4726195381,122748535,4848943916
2020-10-03,1,TPG,6,20,84247,3439698162,294754570,3734452732
2020-10-03,1,Total,51,266,1038977,81081240598,7747867920,88829108518
2020-10-03,1,UG,26,114,494451,48773939273,2472855200,51246794473
2020-10-03,All-Floors,Alumni,24,172,279704,252231937428,10117770931,262349708359
2020-10-03,All-Floors,Non-HKUST,14,69,184301,18235097138,1226761606,19461858744
2020-10-03,All-Floors,Others(HKUST),8,65,1282667,10909546871,1637816598,12547363469
2020-10-03,All-Floors,RPG,115,421,888657,144031142719,26955502780,170986645499
2020-10-03,All-Floors,Staff,71,346,907161,59102326496,8121687793,67224014289
2020-10-03,All-Floors,TPG,76,338,814716,105906029047,13339143819,119245172866
2020-10-03,All-Floors,Total,557,3250,8563667,1276931944160,172018093372,1448950037532
2020-10-03,All-Floors,UG,249,1839,4206461,686515864461,110619409845,797135274306
2020-10-03,G,Alumni,17,50,37626,9147421714,401624087,9549045801
2020-10-03,G,Non-HKUST,8,25,34932,7688677009,368071989,8056748998
2020-10-03,G,Others(HKUST),4,35,328498,3665033847,397296709,4062330556
2020-10-03,G,RPG,36,95,257539,35562284587,8302009962,43864294549
2020-10-03,G,Staff,32,123,468543,14809486037,3166077628,17975563665
2020-10-03,G,TPG,49,139,286589,37189581608,6309806989,43499388597
2020-10-03,G,Total,290,897,1790959,228768552887,36680537149,265449090036
2020-10-03,G,UG,144,430,377232,120706068085,17735649785,138441717870
2020-10-03,LG1,Alumni,6,32,40675,32560352766,877889507,33438242273
2020-10-03,LG1,Non-HKUST,8,24,62618,7788509766,457420701,8245930467
2020-10-03,LG1,Others(HKUST),2,8,604793,2511591446,494129654,3005721100
2020-10-03,LG1,RPG,18,92,227696,38864829144,3952584428,42817413572
2020-10-03,LG1,Staff,14,47,42648,11287683494,509138665,11796822159
2020-10-03,LG1,TPG,18,91,196896,37371029008,2882870316,40253899324
2020-10-03,LG1,Total,176,955,3016361,336110746888,43473426235,379584173123
2020-10-03,LG1,UG,110,661,1841035,205726751264,34299392964,240026144228
2020-10-03,LG3,Alumni,5,45,86402,184630808367,3715189392,188345997759
2020-10-03,LG3,Non-HKUST,5,8,17104,516421560,162922436,679343996
2020-10-03,LG3,Others(HKUST),2,5,360,462331050,189484103,651815153
2020-10-03,LG3,RPG,51,97,144012,23725984770,7947244158,31673228928
2020-10-03,LG3,Staff,37,81,32043,18525317943,2284830288,20810148231
2020-10-03,LG3,TPG,21,48,156075,20041332504,1698700474,21740032978
2020-10-03,LG3,Total,207,575,987311,377707747082,39107951634,416815698716
2020-10-03,LG3,UG,86,291,551315,129805550888,23109580783,152915131671
2020-10-03,LG4,Alumni,11,28,80987,14681487473,1245384038,15926871511
2020-10-03,LG4,Non-HKUST,6,12,69647,2241488803,238346480,2479835283
2020-10-03,LG4,Others(HKUST),3,8,345776,4269518015,556449059,4825967074
2020-10-03,LG4,RPG,43,69,95025,32949576057,5774295597,38723871654
2020-10-03,LG4,Staff,21,57,105287,9753643641,2038892677,11792536318
2020-10-03,LG4,TPG,20,40,90909,7864387765,2153011470,10017399235
2020-10-03,LG4,Total,190,557,1730059,253263656705,45008310434,298271967139
2020-10-03,LG4,UG,86,343,942428,181503554951,33001931113,214505486064
2020-10-04,1,Alumni,1,4,13852,2126102899,887138696,3013241595
2020-10-04,1,Non-HKUST,1,4,28986,5869598775,655257744,6524856519
2020-10-04,1,Others(HKUST),1,3,5763,53773339,3562542,57335881
2020-10-04,1,RPG,5,26,115026,3463671683,603501720,4067173403
2020-10-04,1,Staff,7,44,261703,3195190740,118231445,3313422185
2020-10-04,1,TPG,13,31,147977,5538771508,677504537,6216276045
2020-10-04,1,Total,50,261,1076940,77075179202,7968782855,85043962057
2020-10-04,1,UG,22,149,503633,56828070258,5023586171,61851656429
2020-10-04,All-Floors,Alumni,14,147,219937,63530267071,5803304692,69333571763
2020-10-04,All-Floors,Non-HKUST,9,28,54012,8380650251,838114503,9218764754
2020-10-04,All-Floors,Others(HKUST),8,65,1457963,12641080371,1680551593,14321631964
2020-10-04,All-Floors,RPG,125,577,1170044,176702172718,21821595230,198523767948
2020-10-04,All-Floors,Staff,51,282,943909,67037234888,5428075871,72465310759
2020-10-04,All-Floors,TPG,59,617,1491404,180181353427,41926612466,222107965893
2020-10-04,All-Floors,Total,515,3660,9952083,2181506946884,172235631097,2353742577981
2020-10-04,All-Floors,UG,249,1944,4614814,1673034188158,94737376742,1767771564900
2020-10-04,G,Alumni,9,29,13133,10316562750,2821294226,13137856976
2020-10-04,G,Non-HKUST,3,4,720,520943396,33983584,554926980
2020-10-04,G,Others(HKUST),3,40,416161,4002410675,451378110,4453788785
2020-10-04,G,RPG,47,134,324915,41100568332,5961117581,47061685913
2020-10-04,G,Staff,22,106,395284,13235153156,1266453370,14501606526
2020-10-04,G,TPG,42,159,286719,42393818518,8189671879,50583490397
2020-10-04,G,Total,258,845,1964573,214751038404,33079658984,247830697388
2020-10-04,G,UG,132,373,527641,103181581577,14355760234,117537341811
2020-10-04,LG1,Alumni,4,31,52019,7188941462,357492931,7546434393
2020-10-04,LG1,Non-HKUST,4,15,24306,1568595459,142485877,1711081336
2020-10-04,LG1,Others(HKUST),1,12,776481,3459712759,721886600,4181599359
2020-10-04,LG1,RPG,27,177,397829,65699105455,8435978540,74135083995
2020-10-04,LG1,Staff,14,43,134483,5519104970,888155351,6407260321
2020-10-04,LG1,TPG,28,205,396062,56417101808,21344561722,77761663530
2020-10-04,LG1,Total,188,1223,3883802,353220358372,56589363515,409809721887
2020-10-04,LG1,UG,110,740,2102622,213367796459,24698802494,238066598953
2020-10-04,LG3,Alumni,3,64,68574,36482040926,1251985967,37734026893
2020-10-04,LG3,Non-HKUST,1,1,0,2386,3469,5855
2020-10-04,LG3,Others(HKUST),2,3,0,1300009488,30424111,1330433599
2020-10-04,LG3,RPG,57,143,202677,43711039500,4016070753,47727110253
2020-10-04,LG3,Staff,15,37,23756,3494782350,821631541,4316413891
2020-10-04,LG3,TPG,24,194,587214,69712104790,10537159310,80249264100
2020-10-04,LG3,Total,190,740,1576862,235292276857,23498662442,258790939299
2020-10-04,LG3,UG,88,298,694641,80592297417,6841387291,87433684708
2020-10-04,LG4,Alumni,4,19,72359,7416619034,485392872,7902011906
2020-10-04,LG4,Non-HKUST,3,4,0,421510235,6383829,427894064
2020-10-04,LG4,Others(HKUST),4,7,259558,3825174110,473300230,4298474340
2020-10-04,LG4,RPG,52,97,129597,22727787748,2804926636,25532714384
2020-10-04,LG4,Staff,17,52,128683,41593003672,2333604164,43926607836
2020-10-04,LG4,TPG,12,28,73432,6119556803,1177715018,7297271821
2020-10-04,LG4,Total,165,591,1449906,1301168094049,51099163301,1352267257350
2020-10-04,LG4,UG,73,384,786277,1219064442447,43817840552,1262882282999
2020-10-05,1,Alumni,2,6,34746,3871700688,185087741,4056788429
2020-10-05,1,Non-HKUST,2,20,52944,1664153388,124098540,1788251928
2020-10-05,1,Others(HKUST),6,23,84683,2486568429,347022940,2833591369
2020-10-05,1,RPG,23,105,515718,32554479054,4755496072,37309975126
2020-10-05,1,Staff,50,482,1185832,28872357702,3758451159,32630808861
2020-10-05,1,TPG,16,69,303143,15931632392,3325608752,19257241144
2020-10-05,1,Total,166,1166,3352950,215328848765,40397796218,255726644983
2020-10-05,1,UG,67,461,1175884,129947957112,27902031014,157849988126
2020-10-05,All-Floors,Alumni,17,226,458538,98665739867,6825146602,105490886469
2020-10-05,All-Floors,Non-HKUST,27,146,316120,20833527838,2275885503,23109413341
2020-10-05,All-Floors,Others(HKUST),17,124,1404612,24529129478,3624196797,28153326275
2020-10-05,All-Floors,RPG,261,1509,2903193,524396494009,94354225046,618750719055
2020-10-05,All-Floors,Staff,244,1744,2652212,225505661902,35319224888,260824886790
2020-10-05,All-Floors,TPG,126,1098,2895073,369259340131,53298089697,422557429828
2020-10-05,All-Floors,Total,1424,13117,28621006,3970066891639,675789369630,4645856261269
2020-10-05,All-Floors,UG,732,8270,17991258,2706876998414,480092601097,3186969599511
2020-10-05,G,Alumni,13,47,33649,15390682248,1531670724,16922352972
2020-10-05,G,Non-HKUST,13,53,55465,8552970710,630948132,9183918842
2020-10-05,G,Others(HKUST),8,42,238197,8361219844,945116963,9306336807
2020-10-05,G,RPG,114,419,658268,92409874061,12486867864,104896741925
2020-10-05,G,Staff,119,680,1077908,96672728060,14471570954,111144299014
2020-10-05,G,TPG,85,373,641041,67964809674,12467696715,80432506389
2020-10-05,G,Total,857,3461,4893342,761077877097,117734419373,878812296470
2020-10-05,G,UG,505,1847,2188814,471725592500,75200548021,546926140521
2020-10-05,LG1,Alumni,5,39,128873,17719962371,1175258890,18895221261
2020-10-05,LG1,Non-HKUST,10,35,95238,4945921053,1023289132,5969210185
2020-10-05,LG1,Others(HKUST),8,32,718132,6184689688,1318833920,7503523608
2020-10-05,LG1,RPG,62,502,980750,166974460266,26518242764,193492703030
2020-10-05,LG1,Staff,50,228,221924,53799210668,9632314035,63431524703
2020-10-05,LG1,TPG,44,231,436720,68305099479,12576802785,80881902264
2020-10-05,LG1,Total,592,4634,10978923,1285797384913,282178382736,1567975767649
2020-10-05,LG1,UG,413,3567,8397286,967868041388,229933641210,1197801682598
2020-10-05,LG3,Alumni,4,97,133369,48098865422,2409780724,50508646146
2020-10-05,LG3,Non-HKUST,8,14,19053,4503820391,177107187,4680927578
2020-10-05,LG3,Others(HKUST),4,13,17471,2272643617,292325920,2564969537
2020-10-05,LG3,RPG,123,274,394780,119862398759,28129817335,147992216094
2020-10-05,LG3,Staff,102,182,79925,19361091441,1675710636,21036802077
2020-10-05,LG3,TPG,50,244,1000808,176842208937,20796347534,197638556471
2020-10-05,LG3,Total,535,1849,4070450,903631608429,105106054449,1008737662878
2020-10-05,LG3,UG,244,1025,2425044,532690579862,51624965113,584315544975
2020-10-05,LG4,Alumni,7,37,127901,13584529138,1523348523,15107877661
2020-10-05,LG4,Non-HKUST,10,24,93420,1166662296,320442512,1487104808
2020-10-05,LG4,Others(HKUST),8,14,346129,5224007900,720897054,5944904954
2020-10-05,LG4,RPG,92,209,353677,112595281869,22463801011,135059082880
2020-10-05,LG4,Staff,76,172,86623,26800274031,5781178104,32581452135
2020-10-05,LG4,TPG,31,181,513361,40215589649,4131633911,44347223560
2020-10-05,LG4,Total,494,2007,5325341,804231172435,130372716854,934603889289
2020-10-05,LG4,UG,270,1370,3804230,604644827552,95431415739,700076243291
2020-10-06,1,Alumni,1,1,0,11283758,1029772,12313530
2020-10-06,1,Non-HKUST,1,9,33851,2345615424,175838542,2521453966
2020-10-06,1,Others(HKUST),5,27,135367,245787547,132860735,378648282
2020-10-06,1,RPG,18,97,289024,33927665128,2569651747,36497316875
2020-10-06,1,Staff,54,513,1040849,29186423514,7948658631,37135082145
2020-10-06,1,TPG,17,120,436103,28235459785,2846906084,31082365869
2020-10-06,1,Total,161,1181,3270362,215116256030,25124692483,240240948513
2020-10-06,1,UG,65,414,1335168,121164020874,11449746972,132613767846
2020-10-06,All-Floors,Alumni,22,245,482031,98411630409,4909252936,103320883345
2020-10-06,All-Floors,Non-HKUST,35,161,410715,58542252760,6645633862,65187886622
2020-10-06,All-Floors,Others(HKUST),18,157,1718800,74120122001,4390553938,78510675939
2020-10-06,All-Floors,RPG,267,1300,2786079,405229565376,55964073397,461193638773
2020-10-06,All-Floors,Staff,263,1777,2517889,164906514176,33378814391,198285328567
2020-10-06,All-Floors,TPG,135,1502,3654163,836572943865,159521120492,996094064357
2020-10-06,All-Floors,Total,1612,14454,31947493,5053993763151,738424437716,5792418200867
2020-10-06,All-Floors,UG,872,9312,20377816,3416210734564,473614988700,3889825723264
2020-10-06,G,Alumni,13,67,111230,5326426642,535641638,5862068280
2020-10-06,G,Non-HKUST,14,32,29845,18236962664,1492859207,19729821871
2020-10-06,G,Others(HKUST),10,38,359818,6750615444,1049985473,7800600917
2020-10-06,G,RPG,99,325,702037,71489042898,15356618799,86845661697
2020-10-06,G,Staff,131,636,1052700,51624213849,16975868147,68600081996
2020-10-06,G,TPG,98,343,547677,84569697412,21614765533,106184462945
2020-10-06,G,Total,929,3265,4856974,766993870700,137183445419,904177316119
2020-10-06,G,UG,564,1824,2053667,528996911791,80157706622,609154618413
2020-10-06,LG1,Alumni,5,47,74681,6704231282,512625266,7216856548
2020-10-06,LG1,Non-HKUST,20,67,187467,12987288578,2575146563,15562435141
2020-10-06,LG1,Others(HKUST),6,24,870103,5345188299,960066962,6305255261
2020-10-06,LG1,RPG,53,465,1115447,151759097781,20349281740,172108379521
2020-10-06,LG1,Staff,51,211,227561,32665422173,2660983528,35326405701
2020-10-06,LG1,TPG,46,314,662944,125296487979,31923847334,157220335313
2020-10-06,LG1,Total,673,5337,12720352,1558238652781,243337783849,1801576436630
2020-10-06,LG1,UG,492,4209,9582149,1223480936689,184355832456,1407836769145
2020-10-06,LG3,Alumni,7,80,120742,30916691424,842702497,31759393921
2020-10-06,LG3,Non-HKUST,15,33,98042,23376546607,2143710101,25520256708
2020-10-06,LG3,Others(HKUST),8,55,4684,52482914222,1503488272,53986402494
2020-10-06,LG3,RPG,126,262,451478,68409625434,8479773133,76889398567
2020-10-06,LG3,Staff,103,207,106392,20311871788,2673848251,22985720039
2020-10-06,LG3,TPG,59,442,1397140,445608426171,70821606133,516430032304
2020-10-06,LG3,Total,604,2148,4541409,1317276580167,143129658787,1460406238954
2020-10-06,LG3,UG,286,1069,2362931,676170504521,56664530400,732835034921
2020-10-06,LG4,Alumni,9,50,175378,55452997303,3017253763,58470251066
2020-10-06,LG4,Non-HKUST,10,20,61510,1595839487,258079449,1853918936
2020-10-06,LG4,Others(HKUST),5,13,348828,9295616489,744152496,10039768985
2020-10-06,LG4,RPG,86,151,228093,79644134135,9208747978,88852882113
2020-10-06,LG4,Staff,77,210,90387,31118582852,3119455834,34238038686
2020-10-06,LG4,TPG,49,283,610299,152862872518,32313995408,185176867926
2020-10-06,LG4,Total,567,2523,6558396,1196368403473,189648857178,1386017260651
2020-10-06,LG4,UG,331,1796,5043901,866398360689,140987172250,1007385532939
2020-10-07,1,Alumni,2,9,20542,1597962160,449202564,2047164724
2020-10-07,1,Non-HKUST,2,3,901,14811781,11318856,26130637
2020-10-07,1,Others(HKUST),3,21,126322,1553149205,140897739,1694046944
2020-10-07,1,RPG,13,53,194515,11514941928,1327464382,12842406310
2020-10-07,1,Staff,55,557,1095716,33945981974,6218163842,40164145816
2020-10-07,1,TPG,13,68,221284,15970274006,7291637613,23261911619
2020-10-07,1,Total,170,1368,3572142,321510612993,42539191864,364049804857
2020-10-07,1,UG,82,657,1912862,256913491939,27100506868,284013998807
2020-10-07,All-Floors,Alumni,20,230,398555,50353538410,31050481580,81404019990
2020-10-07,All-Floors,Non-HKUST,28,150,243769,39640885242,4336707179,43977592421
2020-10-07,All-Floors,Others(HKUST),14,108,1682802,15856991756,1953622903,17810614659
2020-10-07,All-Floors,RPG,255,1203,2649320,316285616251,39629307607,355914923858
2020-10-07,All-Floors,Staff,245,1800,2681432,181321624466,26160011462,207481635928
2020-10-07,All-Floors,TPG,135,1286,3496482,465935370719,116488948468,582424319187
2020-10-07,All-Floors,Total,1497,13821,30382778,4508098251340,1032633847076,5540732098416
2020-10-07,All-Floors,UG,800,9044,19230418,3438704224496,813014767877,4251718992373
2020-10-07,G,Alumni,11,66,69518,5495126476,1513020698,7008147174
2020-10-07,G,Non-HKUST,16,45,30014,9206755367,735732846,9942488213
2020-10-07,G,Others(HKUST),6,39,361816,4111822076,458072327,4569894403
2020-10-07,G,RPG,104,359,790293,87920549300,8561552021,96482101321
2020-10-07,G,Staff,127,724,1206382,79786863286,11176594762,90963458048
2020-10-07,G,TPG,88,379,789669,91041272343,41502489779,132543762122
2020-10-07,G,Total,894,3479,5201042,835577574675,138174694806,973752269481
2020-10-07,G,UG,542,1867,1953350,558015185827,74227232373,632242418200
2020-10-07,LG1,Alumni,8,54,91630,8563123831,5532999814,14096123645
2020-10-07,LG1,Non-HKUST,11,42,94130,7496318510,1142388075,8638706585
2020-10-07,LG1,Others(HKUST),5,21,928634,5592587518,853987683,6446575201
2020-10-07,LG1,RPG,59,382,927925,101846274873,10470056758,112316331631
2020-10-07,LG1,Staff,39,199,229171,37031250281,4005834969,41037085250
2020-10-07,LG1,TPG,50,319,666342,112049687592,37929912479,149979600071
2020-10-07,LG1,Total,621,5098,12611218,1500631415564,288702854364,1789334269928
2020-10-07,LG1,UG,449,4081,9673386,1228052172959,228767674586,1456819847545
2020-10-07,LG3,Alumni,9,62,109933,15831964578,6901029248,22732993826
2020-10-07,LG3,Non-HKUST,8,27,31493,5881486209,822662310,6704148519
2020-10-07,LG3,Others(HKUST),2,6,0,439077756,30884859,469962615
2020-10-07,LG3,RPG,108,242,407515,73670651398,13070764879,86741416277
2020-10-07,LG3,Staff,99,183,79578,17188992316,3072708705,20261701021
2020-10-07,LG3,TPG,59,309,1215999,154052616433,23258154940,177310771373
2020-10-07,LG3,Total,541,1961,4047962,1026827082874,409750646242,1436577729116
2020-10-07,LG3,UG,256,1132,2203444,759762294184,362594441301,1122356735485
2020-10-07,LG4,Alumni,6,39,106932,18865361365,16654229256,35519590621
2020-10-07,LG4,Non-HKUST,10,33,87231,17041513375,1624605092,18666118467
2020-10-07,LG4,Others(HKUST),5,21,266030,4160355201,469780295,4630135496
2020-10-07,LG4,RPG,89,167,329072,41333198752,6199469567,47532668319
2020-10-07,LG4,Staff,69,137,70585,13368536609,1686709184,15055245793
2020-10-07,LG4,TPG,29,211,603188,92821520345,6506753657,99328274002
2020-10-07,LG4,Total,470,1915,4950414,823551565234,153466459800,977018025034
2020-10-07,LG4,UG,262,1307,3487376,635961079587,120324912749,756285992336
2020-10-08,1,Alumni,1,2,0,155344929,10337218,165682147
2020-10-08,1,Non-HKUST,0,0,0,0,0,0
2020-10-08,1,Others(HKUST),3,51,156069,1632189744,161643855,1793833599
2020-10-08,1,RPG,13,64,284995,15386373035,2517512722,17903885757
2020-10-08,1,Staff,51,488,1169561,43738613852,4845008795,48583622647
2020-10-08,1,TPG,16,74,253596,23304666293,5548925128,28853591421
2020-10-08,1,Total,152,1193,3385214,232803387169,29654987039,262458374208
2020-10-08,1,UG,68,514,1520993,148586199316,16571559321,165157758637
2020-10-08,All-Floors,Alumni,18,176,451894,43474440402,13583103548,57057543950
2020-10-08,All-Floors,Non-HKUST,31,190,437089,75443102109,8892913752,84336015861
2020-10-08,All-Floors,Others(HKUST),17,136,1801838,18254961747,2499741800,20754703547
2020-10-08,All-Floors,RPG,248,1100,2521845,647460845982,58314886618,705775732600
2020-10-08,All-Floors,Staff,269,1866,2834739,233698838001,31600270898,265299108899
2020-10-08,All-Floors,TPG,148,1428,3773275,471498216249,80310986705,551809202954
2020-10-08,All-Floors,Total,1532,13818,30904257,4801204017392,604692311328,5405896328720
2020-10-08,All-Floors,UG,801,8922,19083577,3311373612902,409490408007,3720864020909
2020-10-08,G,Alumni,12,85,195667,15840204960,5709894465,21550099425
2020-10-08,G,Non-HKUST,20,59,94819,25763350275,2983848647,28747198922
2020-10-08,G,Others(HKUST),10,41,373515,4438244146,536689733,4974933879
2020-10-08,G,RPG,86,260,563422,150101913313,11084429646,161186342959
2020-10-08,G,Staff,137,752,1183543,77127157881,10921545419,88048703300
2020-10-08,G,TPG,97,412,833714,130624228496,16825976089,147450204585
2020-10-08,G,Total,893,3331,5122146,857115475977,110151294291,967266770268
2020-10-08,G,UG,531,1722,1877466,453220376906,62088910292,515309287198
2020-10-08,LG1,Alumni,6,32,70548,4033419994,1326038015,5359458009
2020-10-08,LG1,Non-HKUST,14,70,184655,21742124322,2336748439,24078872761
2020-10-08,LG1,Others(HKUST),6,23,922710,6106577133,965753223,7072330356
2020-10-08,LG1,RPG,59,323,902908,316299441808,17242904848,333542346656
2020-10-08,LG1,Staff,49,209,219074,37549084334,2826672794,40375757128
2020-10-08,LG1,TPG,67,431,863682,95403573647,31455923670,126859497317
2020-10-08,LG1,Total,651,5134,12663901,1713605880557,219729862929,1933335743486
2020-10-08,LG1,UG,450,4046,9500324,1232471659319,163575821940,1396047481259
2020-10-08,LG3,Alumni,4,36,72523,8831181596,294045231,9125226827
2020-10-08,LG3,Non-HKUST,13,44,118054,20461357436,2861924927,23323282363
2020-10-08,LG3,Others(HKUST),6,15,4140,473717037,52584600,526301637
2020-10-08,LG3,RPG,110,262,387403,101283512930,17432686661,118716199591
2020-10-08,LG3,Staff,112,238,114061,44875699069,6791585838,51667284907
2020-10-08,LG3,TPG,62,368,1346953,165610770759,18684068785,184294839544
2020-10-08,LG3,Total,575,2122,4572279,1029133299307,110995706675,1140129005982
2020-10-08,LG3,UG,268,1159,2529145,687597060480,64878810633,752475871113
2020-10-08,LG4,Alumni,3,21,113156,14614288923,6242788619,20857077542
2020-10-08,LG4,Non-HKUST,7,17,39561,7476270076,710391739,8186661815
2020-10-08,LG4,Others(HKUST),2,6,345404,5604233687,783070389,6387304076
2020-10-08,LG4,RPG,83,191,383117,64389604896,10037352741,74426957637
2020-10-08,LG4,Staff,75,179,148500,30408282865,6215458052,36623740917
2020-10-08,LG4,TPG,33,143,475330,56554977054,7796093033,64351070087
2020-10-08,LG4,Total,505,2038,5160717,968545974382,134160460394,1102706434776
2020-10-08,LG4,UG,302,1481,3655649,789498316881,102375305821,891873622702
2020-10-09,1,Alumni,0,0,0,0,0,0
2020-10-09,1,Non-HKUST,2,14,43410,1004811402,116174921,1120986323
2020-10-09,1,Others(HKUST),3,20,194236,558381176,96852657,655233833
2020-10-09,1,RPG,13,52,225817,8309358995,720139579,9029498574
2020-10-09,1,Staff,53,424,981672,64296385918,4571902823,68868288741
2020-10-09,1,TPG,16,73,345573,8339169064,1816234718,10155403782
2020-10-09,1,Total,149,994,3079257,180677671332,23058167969,203735839301
2020-10-09,1,UG,62,411,1288549,98169564777,15736863271,113906428048
2020-10-09,All-Floors,Alumni,15,135,301502,66173674482,5585677979,71759352461
2020-10-09,All-Floors,Non-HKUST,29,163,421033,178793745221,6366734654,185160479875
2020-10-09,All-Floors,Others(HKUST),15,109,1552194,21723870449,3450520139,25174390588
2020-10-09,All-Floors,RPG,222,1013,2246186,298246149456,38467974042,336714123498
2020-10-09,All-Floors,Staff,249,1496,2304328,187011673632,20744791328,207756464960
2020-10-09,All-Floors,TPG,105,967,2735156,325625847130,65886546734,391512393864
2020-10-09,All-Floors,Total,1369,11490,26010949,3903296874458,482276471693,4385573346151
2020-10-09,All-Floors,UG,734,7607,16450550,2825721914088,341774226817,3167496140905
2020-10-09,G,Alumni,9,66,133270,15972577232,1058290484,17030867716
2020-10-09,G,Non-HKUST,19,53,79194,34331083026,1525901353,35856984379
2020-10-09,G,Others(HKUST),5,28,300009,412372458,54105149,466477607
2020-10-09,G,RPG,87,267,639115,84020791641,10938293675,94959085316
2020-10-09,G,Staff,130,623,1000968,75975127431,10391406891,86366534322
2020-10-09,G,TPG,68,244,365790,54712290138,16775540616,71487830754
2020-10-09,G,Total,811,2811,4043099,645618075578,100800916495,746418992073
2020-10-09,G,UG,493,1530,1524753,380193833652,60057378327,440251211979
2020-10-09,LG1,Alumni,6,30,54182,41410658832,4187812802,45598471634
2020-10-09,LG1,Non-HKUST,17,59,202198,6998270174,1808681493,8806951667
2020-10-09,LG1,Others(HKUST),6,35,771444,13300734814,2481018227,15781753041
2020-10-09,LG1,RPG,43,307,744121,98146207096,10098617865,108244824961
2020-10-09,LG1,Staff,38,178,220340,15165686320,2497318542,17663004862
2020-10-09,LG1,TPG,39,322,831712,133112802044,28376065878,161488867922
2020-10-09,LG1,Total,536,4363,10721891,1350514705343,176698678489,1527213383832
2020-10-09,LG1,UG,387,3432,7897894,1042380346063,127249163682,1169629509745
2020-10-09,LG3,Alumni,6,33,59745,1525530186,113588808,1639118994
2020-10-09,LG3,Non-HKUST,8,21,78597,113647278764,2400023979,116047302743
2020-10-09,LG3,Others(HKUST),4,9,3421,339783210,34501748,374284958
2020-10-09,LG3,RPG,103,228,352649,58576802005,7291554027,65868356032
2020-10-09,LG3,Staff,89,144,65690,15517190121,1336091831,16853281952
2020-10-09,LG3,TPG,43,229,774763,93655230813,11948292042,105603522855
2020-10-09,LG3,Total,491,1716,3562353,753215233380,88794283418,842009516798
2020-10-09,LG3,UG,238,1052,2227488,469953418281,65670230983,535623649264
2020-10-09,LG4,Alumni,3,6,54305,7264908232,225985885,7490894117
2020-10-09,LG4,Non-HKUST,6,16,17634,22812301855,515952908,23328254763
2020-10-09,LG4,Others(HKUST),7,17,283084,7112598791,784042358,7896641149
2020-10-09,LG4,RPG,74,159,284484,49192989719,9419368896,58612358615
2020-10-09,LG4,Staff,66,127,35658,16057283842,1948071241,18005355083
2020-10-09,LG4,TPG,25,99,417318,35806355071,6970413480,42776768551
2020-10-09,LG4,Total,417,1606,4604349,973271188825,92924425322,1066195614147
2020-10-09,LG4,UG,236,1182,3511866,835024751315,73060590554,908085341869
2020-10-10,1,Alumni,1,2,181,3123534,865094,3988628
2020-10-10,1,Non-HKUST,0,0,0,0,0,0
2020-10-10,1,Others(HKUST),1,2,172798,36939680,7727764,44667444
2020-10-10,1,RPG,7,28,130121,6278808931,376536376,6655345307
2020-10-10,1,Staff,9,68,291421,27351633191,670197176,28021830367
2020-10-10,1,TPG,13,45,233288,10238191005,1084151642,11322342647
2020-10-10,1,Total,49,259,1301486,68327572736,5848385720,74175958456
2020-10-10,1,UG,18,114,473677,24418876395,3708907668,28127784063
2020-10-10,All-Floors,Alumni,19,130,260781,43568352126,2747260143,46315612269
2020-10-10,All-Floors,Non-HKUST,8,27,51843,1712380946,189283568,1901664514
2020-10-10,All-Floors,Others(HKUST),9,49,1524196,45475609220,2272342257,47747951477
2020-10-10,All-Floors,RPG,133,552,878376,338430546255,36076887661,374507433916
2020-10-10,All-Floors,Staff,61,352,680705,62090125389,4030426008,66120551397
2020-10-10,All-Floors,TPG,92,540,1480916,180402686722,29376684254,209779370976
2020-10-10,All-Floors,Total,608,3886,9967511,1412709103004,205304976741,1618014079745
2020-10-10,All-Floors,UG,286,2236,5090694,741029402346,130612092850,871641495196
2020-10-10,G,Alumni,12,33,28434,8029980309,571821885,8601802194
2020-10-10,G,Non-HKUST,6,8,2341,770786319,60815302,831601621
2020-10-10,G,Others(HKUST),4,6,259736,658933830,76742615,735676445
2020-10-10,G,RPG,35,88,168834,15376030559,1100805635,16476836194
2020-10-10,G,Staff,24,90,169183,12406532282,873371856,13279904138
2020-10-10,G,TPG,50,148,313577,32717435728,7879842540,40597278268
2020-10-10,G,Total,283,823,1375091,213969941982,26123726718,240093668700
2020-10-10,G,UG,152,450,432986,144010242955,15560326885,159570569840
2020-10-10,LG1,Alumni,5,27,63000,17389296482,815771629,18205068111
2020-10-10,LG1,Non-HKUST,5,15,42123,808331803,106844406,915176209
2020-10-10,LG1,Others(HKUST),1,10,777220,3731181600,776621209,4507802809
2020-10-10,LG1,RPG,23,185,304957,251871326485,18182329078,270053655563
2020-10-10,LG1,Staff,7,40,48407,5063153365,459773830,5522927195
2020-10-10,LG1,TPG,36,203,537124,75968770384,16234264815,92203035199
2020-10-10,LG1,Total,219,1469,4560524,651340462542,91788915057,743129377599
2020-10-10,LG1,UG,142,989,2787693,296508402423,55213310090,351721712513
2020-10-10,LG3,Alumni,6,38,65692,4538169701,323824591,4861994292
2020-10-10,LG3,Non-HKUST,1,1,0,0,0,0
2020-10-10,LG3,Others(HKUST),4,21,3242,35458928825,629896676,36088825501
2020-10-10,LG3,RPG,57,135,154776,36549737388,6830369148,43380106536
2020-10-10,LG3,Staff,30,111,120572,10769087884,976584680,11745672564
2020-10-10,LG3,TPG,24,72,158601,35913531363,2251987809,38165519172
2020-10-10,LG3,Total,222,727,1195777,280082925679,36769162488,316852088167
2020-10-10,LG3,UG,100,349,692894,156853470518,25756499584,182609970102
2020-10-10,LG4,Alumni,11,30,103474,13607782100,1034976944,14642759044
2020-10-10,LG4,Non-HKUST,3,3,7379,133262824,21623860,154886684
2020-10-10,LG4,Others(HKUST),4,10,311200,5589625285,781353993,6370979278
2020-10-10,LG4,RPG,55,116,119688,28354642892,9586847424,37941490316
2020-10-10,LG4,Staff,19,43,51122,6499718667,1050498466,7550217133
2020-10-10,LG4,TPG,19,72,238326,25564758242,1926437448,27491195690
2020-10-10,LG4,Total,195,608,1534633,198988200065,44774786758,243762986823
2020-10-10,LG4,UG,84,334,703444,119238410055,30373048623,149611458678
2020-10-11,1,Alumni,5,23,67500,5902784120,599316021,6502100141
2020-10-11,1,Non-HKUST,0,0,0,0,0,0
2020-10-11,1,Others(HKUST),1,2,172798,54273362,11189408,65462770
2020-10-11,1,RPG,13,32,143476,8477852812,600377117,9078229929
2020-10-11,1,Staff,11,73,287091,1586499082,270413005,1856912087
2020-10-11,1,TPG,6,42,193018,11292005069,693861974,11985867043
2020-10-11,1,Total,60,307,1538261,81775327418,5194855622,86970183040
2020-10-11,1,UG,24,135,674378,54461912973,3019698097,57481611070
2020-10-11,All-Floors,Alumni,24,172,332292,91172288456,5915174425,97087462881
2020-10-11,All-Floors,Non-HKUST,6,31,64987,7623208613,603821850,8227030463
2020-10-11,All-Floors,Others(HKUST),6,40,1563269,28909029282,2035574334,30944603616
2020-10-11,All-Floors,RPG,130,531,1331812,287956793524,42597034268,330553827792
2020-10-11,All-Floors,Staff,62,375,767337,39130200324,5783061163,44913261487
2020-10-11,All-Floors,TPG,75,593,1616290,181315408811,35678212797,216993621608
2020-10-11,All-Floors,Total,582,4052,11265596,1868832345360,276466536439,2145298881799
2020-10-11,All-Floors,UG,279,2310,5589609,1232725416350,183853657602,1416579073952
2020-10-11,G,Alumni,18,52,59762,28504359422,1727202064,30231561486
2020-10-11,G,Non-HKUST,4,9,29703,4176950137,215434055,4392384192
2020-10-11,G,Others(HKUST),4,7,345227,3929356808,137025795,4066382603
2020-10-11,G,RPG,48,154,396385,96306428827,13176728743,109483157570
2020-10-11,G,Staff,23,99,259378,14670104285,3363659497,18033763782
2020-10-11,G,TPG,40,151,303131,44854861307,4679248702,49534110009
2020-10-11,G,Total,303,943,1657272,297231460152,37498819177,334730279329
2020-10-11,G,UG,166,471,263686,104789399366,14199520321,118988919687
2020-10-11,LG1,Alumni,4,18,10626,2594207074,228725029,2822932103
2020-10-11,LG1,Non-HKUST,4,4,22684,329175029,25349863,354524892
2020-10-11,LG1,Others(HKUST),2,11,696585,4436809276,862105576,5298914852
2020-10-11,LG1,RPG,24,139,264466,125944554028,20459148031,146403702059
2020-10-11,LG1,Staff,13,55,97576,14381023645,586317291,14967340936
2020-10-11,LG1,TPG,33,256,666117,70759799306,24248388885,95008188191
2020-10-11,LG1,Total,234,1506,4767703,510683637834,163927062087,674610699921
2020-10-11,LG1,UG,154,1023,3009649,292238069476,117517027412,409755096888
2020-10-11,LG3,Alumni,6,47,80102,44582480345,2590389187,47172869532
2020-10-11,LG3,Non-HKUST,2,3,901,173835421,13646502,187481923
2020-10-11,LG3,Others(HKUST),2,13,2883,14994383988,347828161,15342212149
2020-10-11,LG3,RPG,52,123,326570,39270070714,3013723742,42283794456
2020-10-11,LG3,Staff,33,101,111773,6829587554,1395637594,8225225148
2020-10-11,LG3,TPG,28,100,319888,43992911465,5002975138,48995886603
2020-10-11,LG3,Total,219,725,1460605,597646108565,31667095615,629313204180
2020-10-11,LG3,UG,96,338,618488,447802839078,19302895291,467105734369
2020-10-11,LG4,Alumni,7,32,114302,9588457495,769542124,10357999619
2020-10-11,LG4,Non-HKUST,2,15,11699,2943248026,349391430,3292639456
2020-10-11,LG4,Others(HKUST),2,7,345776,5494205848,677425394,6171631242
2020-10-11,LG4,RPG,47,83,200915,17957887143,5347056635,23304943778
2020-10-11,LG4,Staff,16,47,11519,1662985758,167033776,1830019534
2020-10-11,LG4,TPG,15,44,134136,10415831664,1053738098,11469569762
2020-10-11,LG4,Total,176,571,1841755,381495811391,38178703938,419674515329
2020-10-11,LG4,UG,87,343,1023408,333433195457,29814516481,363247711938
2020-10-12,1,Alumni,2,2,3419,340869095,22494229,363363324
2020-10-12,1,Non-HKUST,1,30,41053,6994803944,1301799931,8296603875
2020-10-12,1,Others(HKUST),3,26,303117,500470728,53220137,553690865
2020-10-12,1,RPG,16,70,327810,20293455614,7103532856,27396988470
2020-10-12,1,Staff,57,579,1094033,32959578981,4830949446,37790528427
2020-10-12,1,TPG,17,94,401684,17286813243,5326737404,22613550647
2020-10-12,1,Total,175,1411,3867929,205899206594,33870910075,239770116669
2020-10-12,1,UG,79,610,1696813,127523214989,15232176072,142755391061
2020-10-12,All-Floors,Alumni,19,202,502351,87334069975,7665290632,94999360607
2020-10-12,All-Floors,Non-HKUST,35,202,447687,59675532003,7874459207,67549991210
2020-10-12,All-Floors,Others(HKUST),19,120,1943126,20881913327,2709917936,23591831263
2020-10-12,All-Floors,RPG,263,1329,2798870,622296917236,110413436464,732710353700
2020-10-12,All-Floors,Staff,270,2009,2623002,165425847395,32820970931,198246818326
2020-10-12,All-Floors,TPG,162,1512,4064869,569590156905,104488000863,674078157768
2020-10-12,All-Floors,Total,1622,15780,35548773,5786677443624,1227177792539,7013855236163
2020-10-12,All-Floors,UG,854,10406,23168868,4261473006783,961205716506,5222678723289
2020-10-12,G,Alumni,13,63,124252,12864046461,1338345488,14202391949
2020-10-12,G,Non-HKUST,21,44,53086,9553324512,1232092563,10785417075
2020-10-12,G,Others(HKUST),9,48,371907,2500794278,220895534,2721689812
2020-10-12,G,RPG,110,316,537094,164192399366,27103816103,191296215469
2020-10-12,G,Staff,139,852,1039782,74461485896,13440391681,87901877577
2020-10-12,G,TPG,120,470,840116,164240115973,39011017657,203251133630
2020-10-12,G,Total,986,3756,5185994,1234439045968,309606981836,1544046027804
2020-10-12,G,UG,574,1963,2219757,806626879482,227260422810,1033887302292
2020-10-12,LG1,Alumni,7,43,135018,8612706384,981328464,9594034848
2020-10-12,LG1,Non-HKUST,20,86,226645,24350934160,2903964669,27254898829
2020-10-12,LG1,Others(HKUST),6,25,921606,12042514909,1447542541,13490057450
2020-10-12,LG1,RPG,48,346,788354,86082105555,42632676837,128714782392
2020-10-12,LG1,Staff,55,209,295560,21994105614,2358131021,24352236635
2020-10-12,LG1,TPG,68,376,997936,94304422151,22563236325,116867658476
2020-10-12,LG1,Total,689,5733,14890231,1563832503918,523819418998,2087651922916
2020-10-12,LG1,UG,485,4648,11525112,1316445715145,450932539141,1767378254286
2020-10-12,LG3,Alumni,6,48,79017,7287877676,283430331,7571308007
2020-10-12,LG3,Non-HKUST,7,12,25550,3251505661,617764991,3869270652
2020-10-12,LG3,Others(HKUST),6,10,540,572106351,180435000,752541351
2020-10-12,LG3,RPG,123,371,625675,145097697751,15229714004,160327411755
2020-10-12,LG3,Staff,100,238,133842,24231827904,11208664963,35440492867
2020-10-12,LG3,TPG,57,372,1126532,203151053960,15744395794,218895449754
2020-10-12,LG3,Total,592,2279,4443082,1102802212435,134189176277,1236991388712
2020-10-12,LG3,UG,293,1228,2451926,719210143132,90924771194,810134914326
2020-10-12,LG4,Alumni,8,46,160645,58228570359,5039692120,63268262479
2020-10-12,LG4,Non-HKUST,15,30,101353,15524963726,1818837053,17343800779
2020-10-12,LG4,Others(HKUST),6,11,345956,5266027061,807824724,6073851785
2020-10-12,LG4,RPG,96,226,519937,206631258950,18343696664,224974955614
2020-10-12,LG4,Staff,74,131,59785,11778849000,982833820,12761682820
2020-10-12,LG4,TPG,38,200,698601,90607751578,21842613683,112450365261
2020-10-12,LG4,Total,551,2601,7161537,1679704474709,225691305353,1905395780062
2020-10-12,LG4,UG,314,1957,5275260,1291667054035,176855807289,1468522861324
2020-10-13,1,Alumni,0,0,0,0,0,0
2020-10-13,1,Non-HKUST,0,0,0,0,0,0
2020-10-13,1,Others(HKUST),1,4,345596,262451504,26128792,288580296
2020-10-13,1,RPG,0,0,0,0,0,0
2020-10-13,1,Staff,3,10,168843,9371883,12275843,21647726
2020-10-13,1,TPG,0,0,0,0,0,0
2020-10-13,1,Total,5,15,514439,271847493,38417549,310265042
2020-10-13,1,UG,1,1,0,24106,12914,37020
2020-10-13,All-Floors,Alumni,0,0,0,0,0,0
2020-10-13,All-Floors,Non-HKUST,4,4,720,784558441,37806866,822365307
2020-10-13,All-Floors,Others(HKUST),5,25,1815998,9770923858,1552073066,11322996924
2020-10-13,All-Floors,RPG,193,253,212023,49919158999,8019048968,57938207967
2020-10-13,All-Floors,Staff,51,82,349202,15014729858,1824683684,16839413542
2020-10-13,All-Floors,TPG,8,11,1081,1021705021,95925579,1117630600
2020-10-13,All-Floors,Total,361,524,2405309,88804798791,13586416715,102391215506
2020-10-13,All-Floors,UG,100,149,26285,12293722614,2056878552,14350601166
2020-10-13,G,Alumni,0,0,0,0,0,0
2020-10-13,G,Non-HKUST,0,0,0,0,0,0
2020-10-13,G,Others(HKUST),2,4,345596,955106394,96114270,1051220664
2020-10-13,G,RPG,1,2,172798,803073098,406065602,1209138700
2020-10-13,G,Staff,5,6,172798,5081652788,789806978,5871459766
2020-10-13,G,TPG,0,0,0,0,0,0
2020-10-13,G,Total,9,13,691192,6840049834,1292108321,8132158155
2020-10-13,G,UG,1,1,0,217554,121471,339025
2020-10-13,LG1,Alumni,0,0,0,0,0,0
2020-10-13,LG1,Non-HKUST,0,0,0,0,0,0
2020-10-13,LG1,Others(HKUST),1,10,863990,4811642618,950293910,5761936528
2020-10-13,LG1,RPG,1,1,0,22289591,1698479,23988070
2020-10-13,LG1,Staff,1,5,3241,1836838,3298761,5135599
2020-10-13,LG1,TPG,0,0,0,0,0,0
2020-10-13,LG1,Total,5,18,867411,5025594540,963173523,5988768063
2020-10-13,LG1,UG,2,2,180,189825493,7882373,197707866
2020-10-13,LG3,Alumni,0,0,0,0,0,0
2020-10-13,LG3,Non-HKUST,2,2,720,783762642,37461658,821224300
2020-10-13,LG3,Others(HKUST),1,1,0,81713,1435,83148
2020-10-13,LG3,RPG,101,122,32388,23587056790,1882848372,25469905162
2020-10-13,LG3,Staff,24,30,1619,4348515626,643332101,4991847727
2020-10-13,LG3,TPG,3,4,1081,363608272,21614778,385223050
2020-10-13,LG3,Total,187,226,55975,33014936723,2830558888,35845495611
2020-10-13,LG3,UG,56,67,20167,3931911680,245300544,4177212224
2020-10-13,LG4,Alumni,0,0,0,0,0,0
2020-10-13,LG4,Non-HKUST,2,2,0,795799,345208,1141007
2020-10-13,LG4,Others(HKUST),3,6,260816,3741641629,479534659,4221176288
2020-10-13,LG4,RPG,108,128,6837,25506739520,5728436515,31235176035
2020-10-13,LG4,Staff,24,31,2701,5573352723,375970001,5949322724
2020-10-13,LG4,TPG,6,7,0,658096749,74310801,732407550
2020-10-13,LG4,Total,193,252,276292,43652370201,8462158434,52114528635
2020-10-13,LG4,UG,50,78,5938,8171743781,1803561250,9975305031
2020-10-14,1,Alumni,1,3,12423,104964113,8005952,112970065
2020-10-14,1,Non-HKUST,3,14,63563,4556086758,718130746,5274217504
2020-10-14,1,Others(HKUST),4,18,286541,358734829,44608486,403343315
2020-10-14,1,RPG,10,57,256690,21736980822,1652389823,23389370645
2020-10-14,1,Staff,59,559,1185324,51959521834,6123282535,58082804369
2020-10-14,1,TPG,9,75,259563,16376896792,3110371032,19487267824
2020-10-14,1,Total,165,1293,3843963,300269787426,33250328922,333520116348
2020-10-14,1,UG,79,567,1779859,205176602278,21593540348,226770142626
2020-10-14,All-Floors,Alumni,16,219,375516,81854695181,11081751856,92936447037
2020-10-14,All-Floors,Non-HKUST,27,190,404362,57591748312,6828045678,64419793990
2020-10-14,All-Floors,Others(HKUST),15,106,1883021,19801454975,2107041653,21908496628
2020-10-14,All-Floors,RPG,250,1343,2930312,749519750955,104195180591,853714931546
2020-10-14,All-Floors,Staff,267,1857,2536394,255288193257,27877787095,283165980352
2020-10-14,All-Floors,TPG,155,1471,4131591,572123284983,67252218926,639375503909
2020-10-14,All-Floors,Total,1607,15555,34885029,5713070470559,900253290086,6613323760645
2020-10-14,All-Floors,UG,877,10369,22623833,3976891342896,680911264287,4657802607183
2020-10-14,G,Alumni,12,74,99420,18595843400,2548037599,21143880999
2020-10-14,G,Non-HKUST,16,49,69268,17279833113,1854174158,19134007271
2020-10-14,G,Others(HKUST),6,44,427926,2884017941,207040373,3091058314
2020-10-14,G,RPG,93,311,527205,181606445785,16141591438,197748037223
2020-10-14,G,Staff,128,738,904051,132625783095,13786219539,146412002634
2020-10-14,G,TPG,97,321,453787,107836660634,10707347525,118544008159
2020-10-14,G,Total,934,3511,4748702,1053792879873,145464420247,1199257300120
2020-10-14,G,UG,582,1974,2267045,592964295905,100220009615,693184305520
2020-10-14,LG1,Alumni,5,39,52068,13332960620,402512029,13735472649
2020-10-14,LG1,Non-HKUST,12,56,176046,16066262820,2197325595,18263588415
2020-10-14,LG1,Others(HKUST),4,23,822968,8807616495,902634207,9710250702
2020-10-14,LG1,RPG,66,497,1062564,276591851352,35835460659,312427312011
2020-10-14,LG1,Staff,42,212,245653,26782043480,3363743663,30145787143
2020-10-14,LG1,TPG,69,529,1506679,139408114822,26238449760,165646564582
2020-10-14,LG1,Total,678,5840,14206748,1939587346291,332640382030,2272227728321
2020-10-14,LG1,UG,480,4484,10340770,1458598496702,263700256117,1722298752819
2020-10-14,LG3,Alumni,7,33,65152,10010738207,228016534,10238754741
2020-10-14,LG3,Non-HKUST,10,40,62040,15642828390,1717810164,17360638554
2020-10-14,LG3,Others(HKUST),5,10,359,1452553613,72462837,1525016450
2020-10-14,LG3,RPG,118,241,480385,90316227519,8267345735,98583573254
2020-10-14,LG3,Staff,116,214,166060,29640226995,2816086148,32456313143
2020-10-14,LG3,TPG,55,300,1213063,108956151356,9381926980,118338078336
2020-10-14,LG3,Total,627,2153,4977815,1001078099148,86822606204,1087900705352
2020-10-14,LG3,UG,316,1315,2990756,745059373068,64338957806,809398330874
2020-10-14,LG4,Alumni,7,70,146453,39810188841,7895179742,47705368583
2020-10-14,LG4,Non-HKUST,8,31,33445,4046737231,340605015,4387342246
2020-10-14,LG4,Others(HKUST),6,11,345227,6298532097,880295750,7178827847
2020-10-14,LG4,RPG,79,237,603468,179268245477,42298392936,221566638413
2020-10-14,LG4,Staff,64,134,35306,14280617853,1788455210,16069073063
2020-10-14,LG4,TPG,34,246,698499,199545461379,17814123629,217359585008
2020-10-14,LG4,Total,559,2758,7107801,1418342357821,302075552683,1720417910504
2020-10-14,LG4,UG,361,2029,5245403,975092574943,231058500401,1206151075344
2020-10-15,1,Alumni,0,0,0,0,0,0
2020-10-15,1,Non-HKUST,1,3,23056,1262249082,110100439,1372349521
2020-10-15,1,Others(HKUST),3,23,126853,656931649,83643198,740574847
2020-10-15,1,RPG,11,59,265833,23404321763,1466418630,24870740393
2020-10-15,1,Staff,49,574,1163356,38315746804,5053431445,43369178249
2020-10-15,1,TPG,15,95,310378,31291064776,2102310164,33393374940
2020-10-15,1,Total,148,1291,3554335,248696579071,25424879273,274121458344
2020-10-15,1,UG,69,537,1664859,153766264997,16608975397,170375240394
2020-10-15,All-Floors,Alumni,23,185,373165,73261464592,4883437819,78144902411
2020-10-15,All-Floors,Non-HKUST,25,187,372946,45508801350,11174379571,56683180921
2020-10-15,All-Floors,Others(HKUST),19,190,1806211,37640497580,4801685335,42442182915
2020-10-15,All-Floors,RPG,267,1514,2996622,790162594344,310571277108,1100733871452
2020-10-15,All-Floors,Staff,292,2135,2628232,206740124540,28391187554,235131312094
2020-10-15,All-Floors,TPG,160,1474,4104012,515993051137,90652277109,606645328246
2020-10-15,All-Floors,Total,1623,16192,34094647,5857521830473,1148342675956,7005864506429
2020-10-15,All-Floors,UG,837,10507,21813459,4188215296930,697868431460,4886083728390
2020-10-15,G,Alumni,12,61,77962,2838025979,717141799,3555167778
2020-10-15,G,Non-HKUST,18,56,72158,12647781744,5452283479,18100065223
2020-10-15,G,Others(HKUST),9,69,541839,5969576782,1418329543,7387906325
2020-10-15,G,RPG,122,373,588975,82593032448,19061481971,101654514419
2020-10-15,G,Staff,142,891,959074,86778840819,13144207929,99923048748
2020-10-15,G,TPG,116,460,811680,106914567064,17660033343,124574600407
2020-10-15,G,Total,992,3880,5018661,865462585315,154390838867,1019853424182
2020-10-15,G,UG,573,1970,1966973,567720760479,96937360803,664658121282
2020-10-15,LG1,Alumni,8,17,39826,2719778051,494376797,3214154848
2020-10-15,LG1,Non-HKUST,15,58,132523,10654948411,2290559357,12945507768
2020-10-15,LG1,Others(HKUST),6,17,819196,6821320753,1168185014,7989505767
2020-10-15,LG1,RPG,60,469,985310,150018514424,52298293331,202316807755
2020-10-15,LG1,Staff,41,203,225770,17678349656,3342004050,21020353706
2020-10-15,LG1,TPG,65,375,1093296,90833145400,43049971023,133883116423
2020-10-15,LG1,Total,674,5854,14042966,1816878571268,445638127459,2262516698727
2020-10-15,LG1,UG,479,4715,10747045,1538152514573,342994737887,1881147252460
2020-10-15,LG3,Alumni,9,56,94163,10344832981,735583295,11080416276
2020-10-15,LG3,Non-HKUST,10,38,88188,9304155424,2400841387,11704996811
2020-10-15,LG3,Others(HKUST),8,57,8293,17074692928,563351498,17638044426
2020-10-15,LG3,RPG,124,373,647558,271987007229,95774792793,367761800022
2020-10-15,LG3,Staff,120,247,181473,28360935526,3547893889,31908829415
2020-10-15,LG3,TPG,63,387,1401336,235647869485,19934823879,255582693364
2020-10-15,LG3,Total,650,2669,5328378,1545039600323,222373182244,1767412782567
2020-10-15,LG3,UG,316,1511,2907367,972320106750,99415895503,1071736002253
2020-10-15,LG4,Alumni,8,51,161214,57358827581,2936335928,60295163509
2020-10-15,LG4,Non-HKUST,10,32,57021,11639666689,920594909,12560261598
2020-10-15,LG4,Others(HKUST),11,24,310030,7117975468,1568176082,8686151550
2020-10-15,LG4,RPG,87,240,508946,262159718480,141970290383,404130008863
2020-10-15,LG4,Staff,93,220,98559,35606251735,3303650241,38909901976
2020-10-15,LG4,TPG,37,157,487322,51306404412,7905138700,59211543112
2020-10-15,LG4,Total,574,2498,6150307,1381444494496,300515648113,1681960142609
2020-10-15,LG4,UG,328,1774,4527215,956255650131,141911461870,1098167112001
2020-10-16,1,Alumni,1,12,28593,1089135955,684414418,1773550373
2020-10-16,1,Non-HKUST,2,9,55457,4737811700,1748591183,6486402883
2020-10-16,1,Others(HKUST),4,24,155830,85603654,23077769,108681423
2020-10-16,1,RPG,14,91,423026,24919514136,2709605113,27629119249
2020-10-16,1,Staff,56,396,1036058,32990732395,3745604840,36736337235
2020-10-16,1,TPG,14,63,275861,14765068699,1511322768,16276391467
2020-10-16,1,Total,158,1103,3568938,208900837692,30924797018,239825634710
2020-10-16,1,UG,67,508,1594113,130312971153,20502180927,150815152080
2020-10-16,All-Floors,Alumni,18,172,446625,81015046752,10269158277,91284205029
2020-10-16,All-Floors,Non-HKUST,33,184,478015,49001596337,6201416069,55203012406
2020-10-16,All-Floors,Others(HKUST),14,193,1667536,26038616214,2991378924,29029995138
2020-10-16,All-Floors,RPG,252,1138,2348535,289099646027,64321292876,353420938903
2020-10-16,All-Floors,Staff,253,1672,2339657,182783991032,20260609436,203044600468
2020-10-16,All-Floors,TPG,167,1872,5147344,995644264282,198998819945,1194643084227
2020-10-16,All-Floors,Total,1566,14057,31176315,4847589737169,823494910160,5671084647329
2020-10-16,All-Floors,UG,829,8826,18748603,3224006576525,520452234633,3744458811158
2020-10-16,G,Alumni,14,29,29118,6122033046,1469789296,7591822342
2020-10-16,G,Non-HKUST,20,70,185059,7554479827,1477110905,9031590732
2020-10-16,G,Others(HKUST),6,81,361614,3335207203,305065844,3640273047
2020-10-16,G,RPG,95,285,601377,80078325339,6846911765,86925237104
2020-10-16,G,Staff,124,686,863054,75539180451,8126601290,83665781741
2020-10-16,G,TPG,117,532,989590,205225042442,43423738448,248648780890
2020-10-16,G,Total,935,3490,5145324,922516888778,149567503659,1072084392437
2020-10-16,G,UG,559,1807,2115512,544662620470,87918286111,632580906581
2020-10-16,LG1,Alumni,6,22,40011,3896794562,844542749,4741337311
2020-10-16,LG1,Non-HKUST,15,65,153519,18703459410,1785347150,20488806560
2020-10-16,LG1,Others(HKUST),6,28,843969,8081706592,1361801003,9443507595
2020-10-16,LG1,RPG,48,297,668727,62426921602,14022129777,76449051379
2020-10-16,LG1,Staff,51,224,199701,26096667483,3342106223,29438773706
2020-10-16,LG1,TPG,61,484,1352657,162538590008,57860537979,220399127987
2020-10-16,LG1,Total,648,5083,12802140,1598822076669,322485584516,1921307661185
2020-10-16,LG1,UG,461,3963,9543556,1317077937012,243269119635,1560347056647
2020-10-16,LG3,Alumni,6,41,111201,12959910558,1702163437,14662073995
2020-10-16,LG3,Non-HKUST,8,19,28033,13462981951,786198285,14249180236
2020-10-16,LG3,Others(HKUST),6,9,180,512231525,28208513,540440038
2020-10-16,LG3,RPG,133,303,419125,77756873438,32548446237,110305319675
2020-10-16,LG3,Staff,117,204,141678,26384957612,2021148178,28406105790
2020-10-16,LG3,TPG,71,434,1478653,238783335268,24829134529,263612469797
2020-10-16,LG3,Total,607,2184,4323582,1002491145773,140775257514,1143266403287
2020-10-16,LG3,UG,266,1174,2144712,632630855421,78859958335,711490813756
2020-10-16,LG4,Alumni,9,68,237702,56947172631,5568248377,62515421008
2020-10-16,LG4,Non-HKUST,11,21,55947,4542863449,404168546,4947031995
2020-10-16,LG4,Others(HKUST),7,51,305943,14023867240,1273225795,15297093035
2020-10-16,LG4,RPG,68,162,236280,43918011512,8194199984,52112211496
2020-10-16,LG4,Staff,75,162,99166,21772453091,3025148905,24797601996
2020-10-16,LG4,TPG,48,359,1050583,374332227865,71374086221,445706314086
2020-10-16,LG4,Total,490,2197,5336331,1114858788257,179741767453,1294600555710
2020-10-16,LG4,UG,272,1374,3350710,599322192469,89902689625,689224882094
2020-10-17,1,Alumni,1,5,8820,80383274,15457193,95840467
2020-10-17,1,Non-HKUST,1,2,19618,2313320417,1137296376,3450616793
2020-10-17,1,Others(HKUST),1,2,172798,30745810,28661444,59407254
2020-10-17,1,RPG,11,40,163052,7009048156,578025232,7587073388
2020-10-17,1,Staff,7,34,291796,2647804759,495877673,3143682432
2020-10-17,1,TPG,8,32,143124,11237269474,871139971,12108409445
2020-10-17,1,Total,54,235,1337041,70029623768,5914929744,75944553512
2020-10-17,1,UG,25,120,537833,46711051878,2788471855,49499523733
2020-10-17,All-Floors,Alumni,24,118,280761,40091203056,1706391106,41797594162
2020-10-17,All-Floors,Non-HKUST,18,70,103687,30969529476,6345920093,37315449569
2020-10-17,All-Floors,Others(HKUST),9,45,1711689,14935464540,2182954461,17118419001
2020-10-17,All-Floors,RPG,160,635,1521982,248904138982,35947684791,284851823773
2020-10-17,All-Floors,Staff,73,364,736549,59765975147,8628026733,68394001880
2020-10-17,All-Floors,TPG,102,689,1787377,242741351992,33465995213,276207347205
2020-10-17,All-Floors,Total,730,4746,12051598,1554712151188,184933413902,1739645565090
2020-10-17,All-Floors,UG,344,2825,5909553,917304487995,96656441505,1013960929500
2020-10-17,G,Alumni,13,33,65332,5456167758,258601489,5714769247
2020-10-17,G,Non-HKUST,9,27,30256,6246747602,2089683172,8336430774
2020-10-17,G,Others(HKUST),3,22,501023,3267759428,323504471,3591263899
2020-10-17,G,RPG,50,141,435563,58143524670,6961009255,65104533925
2020-10-17,G,Staff,28,125,262957,21390387956,2381341840,23771729796
2020-10-17,G,TPG,66,209,512633,49618192055,7715081915,57333273970
2020-10-17,G,Total,373,1095,2368156,294917260347,33501140234,328418400581
2020-10-17,G,UG,204,538,560392,150794480878,13771918092,164566398970
2020-10-17,LG1,Alumni,6,40,71639,19614577300,758739875,20373317175
2020-10-17,LG1,Non-HKUST,6,27,31869,8004423775,2454091139,10458514914
2020-10-17,LG1,Others(HKUST),1,8,691192,4549313054,877864304,5427177358
2020-10-17,LG1,RPG,35,156,290171,85472583635,8025005315,93497588950
2020-10-17,LG1,Staff,13,69,80644,10421972204,1844449378,12266421582
2020-10-17,LG1,TPG,28,155,408814,54337686035,11125517131,65463203166
2020-10-17,LG1,Total,265,1701,4571397,558996288226,70083420378,629079708604
2020-10-17,LG1,UG,176,1246,2997068,376595732223,44997753236,421593485459
2020-10-17,LG3,Alumni,4,17,37081,875086938,104631137,979718075
2020-10-17,LG3,Non-HKUST,5,6,2516,5240464971,244965145,5485430116
2020-10-17,LG3,Others(HKUST),3,3,0,79670108,7256771,86926879
2020-10-17,LG3,RPG,85,199,317285,47669626041,5147874539,52817500580
2020-10-17,LG3,Staff,35,106,83150,21004650644,3450932054,24455582698
2020-10-17,LG3,TPG,35,154,461975,44220513413,6997624415,51218137828
2020-10-17,LG3,Total,302,938,1771559,267162219717,32220476471,299382696188
2020-10-17,LG3,UG,135,453,869552,148072207602,16267192410,164339400012
2020-10-17,LG4,Alumni,10,23,97889,14064987786,568961412,14633949198
2020-10-17,LG4,Non-HKUST,4,8,19428,9164572711,419884261,9584456972
2020-10-17,LG4,Others(HKUST),5,10,346676,7007976140,945667471,7953643611
2020-10-17,LG4,RPG,45,99,315911,50609356480,15235770450,65845126930
2020-10-17,LG4,Staff,20,30,18002,4301159584,455425788,4756585372
2020-10-17,LG4,TPG,17,139,260831,83327691015,6756631781,90084322796
2020-10-17,LG4,Total,230,777,2003445,363606759130,43213447075,406820206205
2020-10-17,LG4,UG,129,468,944708,195131015414,18831105912,213962121326
2020-10-18,1,Alumni,3,14,29163,2754317233,619123301,3373440534
2020-10-18,1,Non-HKUST,2,4,24482,3018162958,609290947,3627453905
2020-10-18,1,Others(HKUST),1,6,160190,99454194,107562658,207016852
2020-10-18,1,RPG,7,20,87132,4816679672,672527053,5489206725
2020-10-18,1,Staff,8,44,275751,5405586635,149433461,5555020096
2020-10-18,1,TPG,9,60,210069,9313185002,722853848,10036038850
2020-10-18,1,Total,52,297,1415201,65948048652,9996452390,75944501042
2020-10-18,1,UG,22,149,628414,40540662958,7115661122,47656324080
2020-10-18,All-Floors,Alumni,23,193,375691,150853765216,8508537217,159362302433
2020-10-18,All-Floors,Non-HKUST,10,72,141311,27616401447,2268050560,29884452007
2020-10-18,All-Floors,Others(HKUST),4,37,1991985,18216837623,2877055309,21093892932
2020-10-18,All-Floors,RPG,152,611,1257822,229786881085,29874509751,259661390836
2020-10-18,All-Floors,Staff,40,276,698976,414099374252,15463154414,429562528666
2020-10-18,All-Floors,TPG,79,613,1753099,167517438654,25703999354,193221438008
2020-10-18,All-Floors,Total,681,4656,13881182,1923293828026,434054333998,2357348162024
2020-10-18,All-Floors,UG,373,2854,7662298,915203129749,349359027393,1264562157142
2020-10-18,G,Alumni,14,30,60473,17856349922,1394938749,19251288671
2020-10-18,G,Non-HKUST,8,13,360,5188253848,750154550,5938408398
2020-10-18,G,Others(HKUST),2,10,622229,2446803308,250171398,2696974706
2020-10-18,G,RPG,58,175,500198,68963289887,7888979966,76852269853
2020-10-18,G,Staff,16,83,242849,54653941941,1781567199,56435509140
2020-10-18,G,TPG,48,189,551277,65898721855,8859174089,74757895944
2020-10-18,G,Total,355,1051,2586040,344553648079,64442426052,408996074131
2020-10-18,G,UG,209,551,608654,129546287318,43517440101,173063727419
2020-10-18,LG1,Alumni,9,40,98459,9451050300,881775737,10332826037
2020-10-18,LG1,Non-HKUST,4,30,45887,7162755817,396722381,7559478198
2020-10-18,LG1,Others(HKUST),1,12,863250,6676982778,1318023612,7995006390
2020-10-18,LG1,RPG,27,145,256915,41950047970,10891330760,52841378730
2020-10-18,LG1,Staff,11,42,64637,44046567679,1877996031,45924563710
2020-10-18,LG1,TPG,34,241,554303,54965544926,13740626458,68706171384
2020-10-18,LG1,Total,258,1720,5462783,531153634559,227885271059,759038905618
2020-10-18,LG1,UG,172,1210,3579332,366900685089,198778796080,565679481169
2020-10-18,LG3,Alumni,11,78,103707,85519544924,3934095135,89453640059
2020-10-18,LG3,Non-HKUST,4,8,3780,548359852,53175489,601535341
2020-10-18,LG3,Others(HKUST),1,3,180,316198309,13032448,329230757
2020-10-18,LG3,RPG,65,164,267730,92120984610,5695354743,97816339353
2020-10-18,LG3,Staff,21,89,81542,305482619480,11350781407,316833400887
2020-10-18,LG3,TPG,18,78,235282,25355273072,1579260221,26934533293
2020-10-18,LG3,Total,266,897,1911264,713885358428,85227602285,799112960713
2020-10-18,LG3,UG,146,477,1219043,204542378181,62601902842,267144281023
2020-10-18,LG4,Alumni,8,31,83889,35272502837,1678604295,36951107132
2020-10-18,LG4,Non-HKUST,6,17,66802,11698868972,458707193,12157576165
2020-10-18,LG4,Others(HKUST),2,6,346136,8677399034,1188265193,9865664227
2020-10-18,LG4,RPG,63,107,145847,21935878946,4726317229,26662196175
2020-10-18,LG4,Staff,8,18,34197,4510658517,303376316,4814034833
2020-10-18,LG4,TPG,11,45,202168,11984713799,802084738,12786798537
2020-10-18,LG4,Total,231,691,2505894,267753138308,46502582212,314255720520
2020-10-18,LG4,UG,133,467,1626855,173673116203,37345227248,211018343451
2020-10-19,1,Alumni,2,5,7006,2990154477,455263317,3445417794
2020-10-19,1,Non-HKUST,5,23,72212,12820150205,1806872774,14627022979
2020-10-19,1,Others(HKUST),3,16,122577,291601176,125792215,417393391
2020-10-19,1,RPG,14,64,221750,14130060694,8172605121,22302665815
2020-10-19,1,Staff,49,494,1029481,69551064721,4722401239,74273465960
2020-10-19,1,TPG,13,138,403475,42713604950,9808829728,52522434678
2020-10-19,1,Total,157,1195,3394126,263270493966,47419241220,310689735186
2020-10-19,1,UG,71,455,1537625,120773857743,22327476826,143101334569
2020-10-19,All-Floors,Alumni,19,164,402774,49427339529,58467694978,107895034507
2020-10-19,All-Floors,Non-HKUST,31,248,655232,94599787118,14076473538,108676260656
2020-10-19,All-Floors,Others(HKUST),15,171,1659305,19769391207,2979559306,22748950513
2020-10-19,All-Floors,RPG,256,1531,3310472,496885126858,70410725265,567295852123
2020-10-19,All-Floors,Staff,252,1625,2334445,242891865996,25934651503,268826517499
2020-10-19,All-Floors,TPG,164,1750,4807014,653665445827,97550017953,751215463780
2020-10-19,All-Floors,Total,1535,15128,35064906,5094614601111,1029576975279,6124191576390
2020-10-19,All-Floors,UG,798,9639,21895664,3537375644576,760157852736,4297533497312
2020-10-19,G,Alumni,9,46,75454,4299347548,6792607312,11091954860
2020-10-19,G,Non-HKUST,24,46,68381,17960247126,2072651408,20032898534
2020-10-19,G,Others(HKUST),5,109,440713,4621518143,377164138,4998682281
2020-10-19,G,RPG,113,379,629919,151399095238,15866625966,167265721204
2020-10-19,G,Staff,119,523,867804,67977906648,6175892471,74153799119
2020-10-19,G,TPG,123,466,985577,140393833461,37739209625,178133043086
2020-10-19,G,Total,932,3345,4858395,866859226316,171737198855,1038596425171
2020-10-19,G,UG,539,1776,1790547,480207278152,102713047935,582920326087
2020-10-19,LG1,Alumni,5,29,81280,4876136439,6839443041,11715579480
2020-10-19,LG1,Non-HKUST,15,79,169302,23429635775,5865699602,29295335377
2020-10-19,LG1,Others(HKUST),5,18,833562,7725432255,1474212960,9199645215
2020-10-19,LG1,RPG,76,584,1449559,156574737733,30978170356,187552908089
2020-10-19,LG1,Staff,44,247,297466,46317692409,4456004423,50773696832
2020-10-19,LG1,TPG,68,551,1289834,104831784711,17076645057,121908429768
2020-10-19,LG1,Total,683,5760,14829749,1606559397655,434305863573,2040865261228
2020-10-19,LG1,UG,470,4252,10708746,1262803978333,367615688134,1630419666467
2020-10-19,LG3,Alumni,7,40,97196,7610884051,380730895,7991614946
2020-10-19,LG3,Non-HKUST,10,29,148270,14411840261,1755921206,16167761467
2020-10-19,LG3,Others(HKUST),9,13,1808,501051847,98156143,599207990
2020-10-19,LG3,RPG,118,340,553601,104872411309,10396913256,115269324565
2020-10-19,LG3,Staff,98,213,64950,40664135000,5172534354,45836669354
2020-10-19,LG3,TPG,58,320,1151322,247332289426,23050764910,270383054336
2020-10-19,LG3,Total,552,2356,4946667,1141057262646,115016050135,1256073312781
2020-10-19,LG3,UG,252,1401,2929520,725664650752,74161029371,799825680123
2020-10-19,LG4,Alumni,8,44,141838,29650817014,43999650413,73650467427
2020-10-19,LG4,Non-HKUST,15,71,197067,25977913751,2575328548,28553242299
2020-10-19,LG4,Others(HKUST),7,15,260645,6629787786,904233850,7534021636
2020-10-19,LG4,RPG,77,164,455643,69908821884,4996410566,74905232450
2020-10-19,LG4,Staff,83,148,74744,18381067218,5407819016,23788886234
2020-10-19,LG4,TPG,45,275,976806,118393933279,9874568633,128268501912
2020-10-19,LG4,Total,533,2472,7035969,1216868220528,261098621496,1477966842024
2020-10-19,LG4,UG,298,1755,4929226,947925879596,193340610470,1141266490066
2020-10-20,1,Alumni,1,10,28418,266769006,33072102,299841108
2020-10-20,1,Non-HKUST,3,4,8795,1211178047,24925721,1236103768
2020-10-20,1,Others(HKUST),3,25,125279,95332211,15591844,110924055
2020-10-20,1,RPG,12,79,355323,24328074449,3006383957,27334458406
2020-10-20,1,Staff,54,520,1139738,52891122248,5988386460,58879508708
2020-10-20,1,TPG,17,122,411504,31872546563,4164713429,36037259992
2020-10-20,1,Total,153,1193,3624240,320054828445,31734915441,351789743886
2020-10-20,1,UG,63,433,1555183,209389805921,18501841928,227891647849
2020-10-20,All-Floors,Alumni,19,188,362404,136376254675,39141731408,175517986083
2020-10-20,All-Floors,Non-HKUST,40,187,421234,35302060801,5130554930,40432615731
2020-10-20,All-Floors,Others(HKUST),14,218,1772251,56866269889,5511593295,62377863184
2020-10-20,All-Floors,RPG,225,1426,3225895,514960254818,74545979866,589506234684
2020-10-20,All-Floors,Staff,258,1789,2499068,236886132603,26382348678,263268481281
2020-10-20,All-Floors,TPG,193,1945,5215569,1132302223514,134944880970,1267247104484
2020-10-20,All-Floors,Total,1666,16452,36897445,6173397633334,807070818923,6980468452257
2020-10-20,All-Floors,UG,917,10699,23401024,4060704437034,521413729776,4582118166810
2020-10-20,G,Alumni,11,38,42535,11929004164,2759419126,14688423290
2020-10-20,G,Non-HKUST,22,42,28587,7307222474,1311966436,8619188910
2020-10-20,G,Others(HKUST),9,78,340480,26635997959,1172501476,27808499435
2020-10-20,G,RPG,86,372,572368,152191127816,21572886365,173764014181
2020-10-20,G,Staff,128,583,851049,96716006120,10580289455,107296295575
2020-10-20,G,TPG,141,444,611448,189073306580,16346392568,205419699148
2020-10-20,G,Total,1027,3598,4310538,1175458348554,143066382902,1318524731456
2020-10-20,G,UG,630,2041,1864071,691605683441,89322927476,780928610917
2020-10-20,LG1,Alumni,4,28,39813,19227765947,2827427097,22055193044
2020-10-20,LG1,Non-HKUST,17,76,148361,15071700838,1269702750,16341403588
2020-10-20,LG1,Others(HKUST),6,31,954788,12503309056,2108143378,14611452434
2020-10-20,LG1,RPG,59,562,1315850,207098423371,31441932502,238540355873
2020-10-20,LG1,Staff,51,295,336344,28231832252,5425101152,33656933404
2020-10-20,LG1,TPG,80,526,1160746,192483653659,38448672120,230932325779
2020-10-20,LG1,Total,765,6559,15805222,2071926779750,343457882027,2415384661777
2020-10-20,LG1,UG,548,5041,11849320,1597310094627,261936903028,1859246997655
2020-10-20,LG3,Alumni,7,60,52741,45672462702,3455486635,49127949337
2020-10-20,LG3,Non-HKUST,13,19,39037,2707176977,1043271467,3750448444
2020-10-20,LG3,Others(HKUST),3,11,1262,556517442,48574535,605091977
2020-10-20,LG3,RPG,106,224,448047,70783314780,7309648314,78092963094
2020-10-20,LG3,Staff,110,241,78522,31339071393,2835499979,34174571372
2020-10-20,LG3,TPG,75,464,1537587,558053053462,54123824523,612176877985
2020-10-20,LG3,Total,640,2264,5025572,1407623876313,125603171397,1533227047710
2020-10-20,LG3,UG,326,1245,2868376,698512279557,56786865944,755299145501
2020-10-20,LG4,Alumni,10,52,198897,59280252856,30066326448,89346579304
2020-10-20,LG4,Non-HKUST,14,46,196454,9004782465,1480688556,10485471021
2020-10-20,LG4,Others(HKUST),5,73,350442,17075113221,2166782062,19241895283
2020-10-20,LG4,RPG,73,189,534307,60559314402,11215128728,71774443130
2020-10-20,LG4,Staff,83,150,93415,27708100590,1553071632,29261172222
2020-10-20,LG4,TPG,66,389,1494284,160819663250,21861278330,182680941580
2020-10-20,LG4,Total,596,2838,8131873,1198333800272,163208467156,1361542267428
2020-10-20,LG4,UG,345,1939,5264074,863886573488,94865191400,958751764888
2020-10-21,1,Alumni,1,2,0,67962849,4390541,72353390
2020-10-21,1,Non-HKUST,1,2,6676,948851996,59416979,1008268975
2020-10-21,1,Others(HKUST),5,76,226652,3557214758,1303931103,4861145861
2020-10-21,1,RPG,19,107,349015,23109807692,3794719205,26904526897
2020-10-21,1,Staff,70,626,1234020,73625770021,7295216655,80920986676
2020-10-21,1,TPG,15,80,340131,17118298975,1588571020,18706869995
2020-10-21,1,Total,179,1477,3805111,294118368861,32134682339,326253051200
2020-10-21,1,UG,68,584,1648617,175690462570,18088436836,193778899406
2020-10-21,All-Floors,Alumni,22,188,476827,60204482311,5362256106,65566738417
2020-10-21,All-Floors,Non-HKUST,28,191,447932,60516302413,5168193298,65684495711
2020-10-21,All-Floors,Others(HKUST),17,199,1771769,28914755646,4796880868,33711636514
2020-10-21,All-Floors,RPG,289,1429,3257749,611233544331,67852956111,679086500442
2020-10-21,All-Floors,Staff,256,1949,2568509,415551233252,39237964413,454789197665
2020-10-21,All-Floors,TPG,146,1623,4388319,542052505400,90670146169,632722651569
2020-10-21,All-Floors,Total,1652,16949,37465297,6772736698420,946528776766,7719265475186
2020-10-21,All-Floors,UG,894,11370,24554192,5054263875067,733440379801,5787704254868
2020-10-21,G,Alumni,14,66,124263,16387507368,1202995602,17590502970
2020-10-21,G,Non-HKUST,18,50,94769,9543359391,1163098762,10706458153
2020-10-21,G,Others(HKUST),10,64,370084,1091563775,155910356,1247474131
2020-10-21,G,RPG,120,368,811238,162318502923,17189225393,179507728316
2020-10-21,G,Staff,116,586,788605,67384160376,7085235634,74469396010
2020-10-21,G,TPG,104,410,632370,87043267134,11522810816,98566077950
2020-10-21,G,Total,1004,3705,4936695,1088238352250,150506163532,1238744515782
2020-10-21,G,UG,622,2161,2115366,744469991283,112186886969,856656878252
2020-10-21,LG1,Alumni,9,42,101201,16463577484,964075025,17427652509
2020-10-21,LG1,Non-HKUST,7,62,72559,15142015957,1136103824,16278119781
2020-10-21,LG1,Others(HKUST),8,38,915115,11577268975,1923391121,13500660096
2020-10-21,LG1,RPG,71,511,1081673,203356087607,18747591188,222103678795
2020-10-21,LG1,Staff,53,322,310050,228309742372,16714940731,245024683103
2020-10-21,LG1,TPG,66,477,967336,114029760843,14929280272,128959041115
2020-10-21,LG1,Total,754,6492,15622424,2366972870946,389184724984,2756157595930
2020-10-21,LG1,UG,540,5040,12174490,1778094417708,334769342823,2112863760531
2020-10-21,LG3,Alumni,7,35,88344,8539637551,384143710,8923781261
2020-10-21,LG3,Non-HKUST,10,37,89073,15089085247,1579921133,16669006380
2020-10-21,LG3,Others(HKUST),5,7,721,174322350,7866068,182188418
2020-10-21,LG3,RPG,134,276,622985,129012965178,13027267810,142040232988
2020-10-21,LG3,Staff,108,272,115878,26788997963,4674326808,31463324771
2020-10-21,LG3,TPG,60,356,1281925,162846445230,44534325273,207380770503
2020-10-21,LG3,Total,634,2380,5038413,1754699000963,224031537692,1978730538655
2020-10-21,LG3,UG,310,1397,2839487,1412247547444,159823686890,1572071234334
2020-10-21,LG4,Alumni,10,43,163019,18745797059,2806651228,21552448287
2020-10-21,LG4,Non-HKUST,11,40,184855,19792989822,1229652600,21022642422
2020-10-21,LG4,Others(HKUST),5,14,259197,12514385788,1405782220,13920168008
2020-10-21,LG4,RPG,84,167,392838,93436180931,15094152515,108530333446
2020-10-21,LG4,Staff,65,143,119956,19442562520,3468244585,22910807105
2020-10-21,LG4,TPG,51,300,1166557,161014733218,18095158788,179109892006
2020-10-21,LG4,Total,578,2895,8062654,1268708105400,150671668219,1419379773619
2020-10-21,LG4,UG,352,2188,5776232,943761456062,108572026283,1052333482345
2020-10-22,1,Alumni,2,17,27688,214764210,32085519,246849729
2020-10-22,1,Non-HKUST,1,1,29518,90612598,6878757,97491355
2020-10-22,1,Others(HKUST),3,30,113402,145905021,21548464,167453485
2020-10-22,1,RPG,11,46,155201,4609918897,798669924,5408588821
2020-10-22,1,Staff,53,538,1211395,72005100136,6986609241,78991709377
2020-10-22,1,TPG,22,126,577556,35269145518,2542912772,37812058290
2020-10-22,1,Total,159,1240,3471434,218679891832,22679692046,241359583878
2020-10-22,1,UG,67,482,1356674,106344445452,12290987369,118635432821
2020-10-22,All-Floors,Alumni,19,180,399874,114534220859,27683847384,142218068243
2020-10-22,All-Floors,Non-HKUST,24,122,290892,28074433153,2380885493,30455318646
2020-10-22,All-Floors,Others(HKUST),16,146,1791874,36038269706,4757520306,40795790012
2020-10-22,All-Floors,RPG,284,1537,3520887,593751689711,84408035460,678159725171
2020-10-22,All-Floors,Staff,243,1810,2774653,251292027961,45889717209,297181745170
2020-10-22,All-Floors,TPG,158,1846,5131812,797231803721,103910003765,901141807486
2020-10-22,All-Floors,Total,1627,15413,36294735,5561916868985,793462351125,6355379220110
2020-10-22,All-Floors,UG,883,9772,22384743,3740994423874,524432341508,4265426765382
2020-10-22,G,Alumni,10,37,67358,21808004331,4778403494,26586407825
2020-10-22,G,Non-HKUST,13,45,55253,12580241236,1042276770,13622518006
2020-10-22,G,Others(HKUST),8,54,331478,8012504150,827499930,8840004080
2020-10-22,G,RPG,120,467,912212,177511871387,23074431970,200586303357
2020-10-22,G,Staff,140,676,932637,77881321850,23546229272,101427551122
2020-10-22,G,TPG,115,425,730750,147091452836,18860350265,165951803101
2020-10-22,G,Total,980,3622,5037645,1061222902559,154716562193,1215939464752
2020-10-22,G,UG,574,1918,2007957,616337506769,82587370492,698924877261
2020-10-22,LG1,Alumni,3,8,34580,988369260,209274491,1197643751
2020-10-22,LG1,Non-HKUST,9,22,51864,2226438856,224287445,2450726301
2020-10-22,LG1,Others(HKUST),7,37,996025,8643869904,1530564252,10174434156
2020-10-22,LG1,RPG,65,460,1201294,146274832015,17590361516,163865193531
2020-10-22,LG1,Staff,53,221,356985,26770738856,3847491349,30618230205
2020-10-22,LG1,TPG,72,560,1344239,183979113397,30046350094,214025463491
2020-10-22,LG1,Total,672,5476,14978530,1588737532927,302019099953,1890756632880
2020-10-22,LG1,UG,463,4168,10993543,1219854170639,248570770806,1468424941445
2020-10-22,LG3,Alumni,3,24,58835,1705035442,71330992,1776366434
2020-10-22,LG3,Non-HKUST,9,31,79904,5615144520,391743032,6006887552
2020-10-22,LG3,Others(HKUST),6,13,5384,6274324588,610179819,6884504407
2020-10-22,LG3,RPG,135,307,631823,154503483216,20017391213,174520874429
2020-10-22,LG3,Staff,82,233,169033,46651566894,6897175331,53548742225
2020-10-22,LG3,TPG,66,432,1497301,279668719989,29159891430,308828611419
2020-10-22,LG3,Total,603,2482,5620395,1500204378826,150601936313,1650806315139
2020-10-22,LG3,UG,302,1442,3178115,1005786104177,93454224496,1099240328673
2020-10-22,LG4,Alumni,9,94,211413,89818047616,22592752888,112410800504
2020-10-22,LG4,Non-HKUST,5,23,74353,7561995943,715699489,8277695432
2020-10-22,LG4,Others(HKUST),6,12,345585,12961666043,1767727841,14729393884
2020-10-22,LG4,RPG,88,257,620357,110851584196,22927180837,133778765033
2020-10-22,LG4,Staff,71,142,104603,27983300225,4612212016,32595512241
2020-10-22,LG4,TPG,43,303,981966,151223371981,23300499204,174523871185
2020-10-22,LG4,Total,547,2593,7186731,1193072162841,163445060620,1356517223461
2020-10-22,LG4,UG,325,1762,4848454,792672196837,87528988345,880201185182
2020-10-23,1,Alumni,3,17,25901,1278654841,91384019,1370038860
2020-10-23,1,Non-HKUST,5,14,82209,2033176523,730684720,2763861243
2020-10-23,1,Others(HKUST),3,22,97286,1308985479,562947978,1871933457
2020-10-23,1,RPG,17,85,296912,22810141729,1884373770,24694515499
2020-10-23,1,Staff,53,509,1243323,49464482055,4572421541,54036903596
2020-10-23,1,TPG,18,182,707530,62710843907,7249137990,69959981897
2020-10-23,1,Total,140,1084,3290211,195697328297,23605288988,219302617285
2020-10-23,1,UG,41,255,837050,56091043763,8514338970,64605382733
2020-10-23,All-Floors,Alumni,18,234,409422,68293364846,8461121446,76754486292
2020-10-23,All-Floors,Non-HKUST,27,147,424593,28040012617,4194152376,32234164993
2020-10-23,All-Floors,Others(HKUST),13,185,1680541,28363429993,4125677078,32489107071
2020-10-23,All-Floors,RPG,274,1216,2547039,489939857373,58396885829,548336743202
2020-10-23,All-Floors,Staff,258,1631,2439882,181935831656,25100432979,207036264635
2020-10-23,All-Floors,TPG,153,1567,4624802,687551324464,66261328703,753812653167
2020-10-23,All-Floors,Total,1463,12192,29623215,3941628224141,484675413486,4426303637627
2020-10-23,All-Floors,UG,720,7212,17496936,2457504403192,318135815075,2775640218267
2020-10-23,G,Alumni,11,73,79094,13421484067,2829129641,16250613708
2020-10-23,G,Non-HKUST,14,27,45478,2735924865,174859292,2910784157
2020-10-23,G,Others(HKUST),9,57,495829,3866617610,397380475,4263998085
2020-10-23,G,RPG,113,320,601919,133264142380,19717075961,152981218341
2020-10-23,G,Staff,143,617,778043,77355827121,13774859315,91130686436
2020-10-23,G,TPG,110,438,824169,134764975894,14989691271,149754667165
2020-10-23,G,Total,878,3082,4867108,809440423067,121263978818,930704401885
2020-10-23,G,UG,478,1550,2042576,444031451130,69380982863,513412433993
2020-10-23,LG1,Alumni,8,47,107810,15025148206,1279837772,16304985978
2020-10-23,LG1,Non-HKUST,12,55,123565,8145726742,1385851183,9531577925
2020-10-23,LG1,Others(HKUST),6,24,736419,5996439952,1105349755,7101789707
2020-10-23,LG1,RPG,62,405,999334,97472229215,19412304766,116884533981
2020-10-23,LG1,Staff,62,213,248688,26052091179,4136919511,30189010690
2020-10-23,LG1,TPG,61,407,960480,199698775639,14812449467,214511225106
2020-10-23,LG1,Total,606,4346,12120764,1344182044267,177646523786,1521828568053
2020-10-23,LG1,UG,395,3195,8944468,991791633334,135513811332,1127305444666
2020-10-23,LG3,Alumni,8,49,77261,13937604257,1769983326,15707587583
2020-10-23,LG3,Non-HKUST,10,15,15100,1925563770,248421212,2173984982
2020-10-23,LG3,Others(HKUST),5,70,4327,5094646271,491529944,5586176215
2020-10-23,LG3,RPG,121,245,337399,142113691193,11959912428,154073603621
2020-10-23,LG3,Staff,78,179,117249,19017420352,1321511622,20338931974
2020-10-23,LG3,TPG,49,307,1309121,172670484894,19168471972,191838956866
2020-10-23,LG3,Total,514,1872,4243699,837322317607,87860613153,925182930760
2020-10-23,LG3,UG,243,1007,2383242,482562906870,52900782649,535463689519
2020-10-23,LG4,Alumni,9,48,119356,24630473475,2490786688,27121260163
2020-10-23,LG4,Non-HKUST,10,36,158241,13199620717,1654335969,14853956686
2020-10-23,LG4,Others(HKUST),4,12,346680,12096740681,1568468926,13665209607
2020-10-23,LG4,RPG,78,161,311475,94279652856,5423218904,99702871760
2020-10-23,LG4,Staff,72,113,52579,10046010949,1294720990,11340731939
2020-10-23,LG4,TPG,43,233,823502,117706244130,10041578003,127747822133
2020-10-23,LG4,Total,466,1808,5101433,754986110903,74299008741,829285119644
2020-10-23,LG4,UG,250,1205,3289600,483027368095,51825899261,534853267356
2020-10-24,1,Alumni,0,0,0,0,0,0
2020-10-24,1,Non-HKUST,0,0,0,0,0,0
2020-10-24,1,Others(HKUST),0,0,0,0,0,0
2020-10-24,1,RPG,2,7,12772,569737474,171140149,740877623
2020-10-24,1,Staff,4,13,256484,28146833,45095443,73242276
2020-10-24,1,TPG,6,22,79752,5979613622,2011456581,7991070203
2020-10-24,1,Total,27,124,718357,20369392369,5261388755,25630781124
2020-10-24,1,UG,15,82,369349,13791894440,3033696582,16825591022
2020-10-24,All-Floors,Alumni,27,133,287392,55977157483,4030923799,60008081282
2020-10-24,All-Floors,Non-HKUST,9,23,62995,7886698643,1324581494,9211280137
2020-10-24,All-Floors,Others(HKUST),8,36,1647140,20842496772,3237232262,24079729034
2020-10-24,All-Floors,RPG,157,566,1007806,171667921903,14583134868,186251056771
2020-10-24,All-Floors,Staff,69,221,681445,22767424428,6272106807,29039531235
2020-10-24,All-Floors,TPG,107,709,1689834,276759091509,28029094979,304788186488
2020-10-24,All-Floors,Total,678,3734,9873874,1066611389223,156009669382,1222621058605
2020-10-24,All-Floors,UG,301,2046,4497262,510710598485,98532595173,609243193658
2020-10-24,G,Alumni,16,40,65679,6164701768,667641761,6832343529
2020-10-24,G,Non-HKUST,8,17,36896,6312503061,995997383,7308500444
2020-10-24,G,Others(HKUST),4,11,523617,1967476725,214536446,2182013171
2020-10-24,G,RPG,51,110,243315,42465465606,2220982003,44686447609
2020-10-24,G,Staff,28,84,259372,9764701735,818623476,10583325211
2020-10-24,G,TPG,68,246,397780,54040931905,11084559350,65125491255
2020-10-24,G,Total,334,961,2092176,224343978780,26992429302,251336408082
2020-10-24,G,UG,159,453,565517,103628197980,10990088883,114618286863
2020-10-24,LG1,Alumni,5,37,41570,24200376813,1834168622,26034545435
2020-10-24,LG1,Non-HKUST,2,5,26099,1386261073,315612942,1701874015
2020-10-24,LG1,Others(HKUST),1,11,776847,7192834710,1422366712,8615201422
2020-10-24,LG1,RPG,32,191,397438,83342585947,5329886702,88672472649
2020-10-24,LG1,Staff,13,58,107119,6141829441,551769068,6693598509
2020-10-24,LG1,TPG,32,194,546301,98705973801,6942975564,105648949365
2020-10-24,LG1,Total,229,1391,4243918,418645128201,71587847185,490232975386
2020-10-24,LG1,UG,144,895,2348544,197675266416,55191067575,252866333991
2020-10-24,LG3,Alumni,10,35,89619,8718118630,768068791,9486187421
2020-10-24,LG3,Non-HKUST,0,0,0,0,0,0
2020-10-24,LG3,Others(HKUST),3,6,179,210237166,14658798,224895964
2020-10-24,LG3,RPG,76,137,161847,19665521641,2216609077,21882130718
2020-10-24,LG3,Staff,24,42,48396,4091843018,4734134291,8825977309
2020-10-24,LG3,TPG,34,156,407117,75633156903,5198580369,80831737272
2020-10-24,LG3,Total,242,639,1327537,214269637800,29854519705,244124157505
2020-10-24,LG3,UG,95,263,620379,105950760442,16922468379,122873228821
2020-10-24,LG4,Alumni,7,21,90524,16893960272,761044625,17655004897
2020-10-24,LG4,Non-HKUST,1,1,0,187934509,12971169,200905678
2020-10-24,LG4,Others(HKUST),4,8,346497,11471948171,1585670306,13057618477
2020-10-24,LG4,RPG,50,121,192434,25624611235,4644516937,30269128172
2020-10-24,LG4,Staff,21,24,10074,2740903401,122484529,2863387930
2020-10-24,LG4,TPG,29,91,258884,42399415278,2791523115,45190938393
2020-10-24,LG4,Total,212,619,1491886,188983252073,22313484435,211296736508
2020-10-24,LG4,UG,100,353,593473,89664479207,12395273754,102059752961
2020-10-25,1,Alumni,0,0,0,0,0,0
2020-10-25,1,Non-HKUST,0,0,0,0,0,0
2020-10-25,1,Others(HKUST),0,0,0,0,0,0
2020-10-25,1,RPG,0,0,0,0,0,0
2020-10-25,1,Staff,8,42,171908,768502065,255564960,1024067025
2020-10-25,1,TPG,0,0,0,0,0,0
2020-10-25,1,Total,9,43,171908,768553552,255577249,1024130801
2020-10-25,1,UG,1,1,0,51487,12289,63776
2020-10-25,All-Floors,Alumni,3,6,1621,286885994,54371535,341257529
2020-10-25,All-Floors,Non-HKUST,7,7,0,26626044,4403270,31029314
2020-10-25,All-Floors,Others(HKUST),5,25,1556777,17522042460,2764729199,20286771659
2020-10-25,All-Floors,RPG,65,87,196928,17725295115,5197115118,22922410233
2020-10-25,All-Floors,Staff,32,85,351004,10063249130,885972517,10949221647
2020-10-25,All-Floors,TPG,7,13,44805,2390958110,455309937,2846268047
2020-10-25,All-Floors,Total,235,432,2289106,93189646040,11126023434,104315669474
2020-10-25,All-Floors,UG,116,209,137971,45174589187,1764121858,46938711045
2020-10-25,G,Alumni,0,0,0,0,0,0
2020-10-25,G,Non-HKUST,0,0,0,0,0,0
2020-10-25,G,Others(HKUST),2,7,433422,1534623628,191718373,1726342001
2020-10-25,G,RPG,1,2,172798,4087980682,149941448,4237922130
2020-10-25,G,Staff,12,16,179096,5430933129,393329306,5824262435
2020-10-25,G,TPG,0,0,0,0,0,0
2020-10-25,G,Total,17,29,786035,12106729619,771858937,12878588556
2020-10-25,G,UG,2,4,719,1053192180,36869810,1090061990
2020-10-25,LG1,Alumni,0,0,0,0,0,0
2020-10-25,LG1,Non-HKUST,0,0,0,0,0,0
2020-10-25,LG1,Others(HKUST),1,11,863621,7879545231,1506851323,9386396554
2020-10-25,LG1,RPG,1,1,0,0,0,0
2020-10-25,LG1,Staff,1,1,0,1022467,436155,1458622
2020-10-25,LG1,TPG,0,0,0,0,0,0
2020-10-25,LG1,Total,5,15,864339,7939386589,1516373923,9455760512
2020-10-25,LG1,UG,2,2,718,58818891,9086445,67905336
2020-10-25,LG3,Alumni,3,4,721,276827941,52331388,329159329
2020-10-25,LG3,Non-HKUST,3,3,0,7334489,1700449,9034938
2020-10-25,LG3,Others(HKUST),1,1,0,32065,45079,77144
2020-10-25,LG3,RPG,42,56,23049,10119466232,4667520057,14786986289
2020-10-25,LG3,Staff,13,16,0,1012521312,129790247,1142311559
2020-10-25,LG3,TPG,5,6,3602,1074648387,39052645,1113701032
2020-10-25,LG3,Total,132,185,98584,31962730720,5839803958,37802534678
2020-10-25,LG3,UG,65,99,71212,19471900294,949364093,20421264387
2020-10-25,LG4,Alumni,1,2,900,10058053,2040147,12098200
2020-10-25,LG4,Non-HKUST,4,4,0,19291555,2702821,21994376
2020-10-25,LG4,Others(HKUST),2,6,259734,8107841536,1066114424,9173955960
2020-10-25,LG4,RPG,24,28,1081,3517848201,379653613,3897501814
2020-10-25,LG4,Staff,8,10,0,2850270157,106851849,2957122006
2020-10-25,LG4,TPG,4,7,41203,1316309723,416257292,1732567015
2020-10-25,LG4,Total,103,160,368240,40412245560,2742409367,43154654927
2020-10-25,LG4,UG,60,103,65322,24590626335,768789221,25359415556
2020-10-26,1,Alumni,0,0,0,0,0,0
2020-10-26,1,Non-HKUST,0,0,0,0,0,0
2020-10-26,1,Others(HKUST),1,1,0,8390741,51688784,60079525
2020-10-26,1,RPG,8,20,70559,1695068454,124626842,1819695296
2020-10-26,1,Staff,7,34,251432,825746334,215246213,1040992547
2020-10-26,1,TPG,11,79,335590,26502499712,1938875629,28441375341
2020-10-26,1,Total,46,229,1024141,55990401788,4367416073,60357817861
2020-10-26,1,UG,19,95,366560,26958696547,2036978605,28995675152
2020-10-26,All-Floors,Alumni,19,162,389727,110357165133,8886844549,119244009682
2020-10-26,All-Floors,Non-HKUST,15,62,110138,5275785080,409757929,5685543009
2020-10-26,All-Floors,Others(HKUST),7,54,1643196,84529958616,4663272079,89193230695
2020-10-26,All-Floors,RPG,147,500,1239350,181627264916,34944927987,216572192903
2020-10-26,All-Floors,Staff,55,242,642057,23183942248,3031316103,26215258351
2020-10-26,All-Floors,TPG,81,649,2119307,224031237526,29574105868,253605343394
2020-10-26,All-Floors,Total,722,5049,13665992,1423230637269,234658967675,1657889604944
2020-10-26,All-Floors,UG,398,3380,7522217,794225283750,153148743160,947374026910
2020-10-26,G,Alumni,13,36,56885,14532788591,846868938,15379657529
2020-10-26,G,Non-HKUST,8,20,39233,2156238624,161991117,2318229741
2020-10-26,G,Others(HKUST),3,9,518394,9306673283,313981497,9620654780
2020-10-26,G,RPG,49,180,460444,78349355714,10224612438,88573968152
2020-10-26,G,Staff,27,99,224298,9904501912,1188596305,11093098217
2020-10-26,G,TPG,55,173,481028,51988546063,4410950805,56399496868
2020-10-26,G,Total,391,1166,2333786,303826301053,40672394826,344498695879
2020-10-26,G,UG,236,649,553504,137588196866,23525393726,161113590592
2020-10-26,LG1,Alumni,2,13,46968,11540295830,435383123,11975678953
2020-10-26,LG1,Non-HKUST,5,14,29867,1818472870,62127862,1880600732
2020-10-26,LG1,Others(HKUST),1,9,777591,6190166542,1207393954,7397560496
2020-10-26,LG1,RPG,23,95,265945,18712390041,19033217586,37745607627
2020-10-26,LG1,Staff,10,33,90910,3313079418,527083047,3840162465
2020-10-26,LG1,TPG,26,187,470889,52097430915,13195076646,65292507561
2020-10-26,LG1,Total,297,2059,6035205,443216015355,106215269579,549431284934
2020-10-26,LG1,UG,230,1708,4353035,349544179739,71754987361,421299167100
2020-10-26,LG3,Alumni,8,78,133040,51929794681,3302686267,55232480948
2020-10-26,LG3,Non-HKUST,7,14,23754,640826296,39030809,679857105
2020-10-26,LG3,Others(HKUST),2,25,1626,52512586111,905731972,53418318083
2020-10-26,LG3,RPG,61,132,349195,59071970441,2562673928,61634644369
2020-10-26,LG3,Staff,23,52,24299,2417452078,671283602,3088735680
2020-10-26,LG3,TPG,27,98,367574,39570814557,4908287948,44479102505
2020-10-26,LG3,Total,254,806,1865158,314367551940,31725827336,346093379276
2020-10-26,LG3,UG,126,407,965670,108224107776,19336132810,127560240586
2020-10-26,LG4,Alumni,10,35,152834,32354286031,4301906221,36656192252
2020-10-26,LG4,Non-HKUST,5,14,17284,660247290,146608141,806855431
2020-10-26,LG4,Others(HKUST),3,10,345585,16512141939,2184475872,18696617811
2020-10-26,LG4,RPG,51,73,93207,23798480266,2999797193,26798277459
2020-10-26,LG4,Staff,10,24,51118,6723162506,429106936,7152269442
2020-10-26,LG4,TPG,23,112,464226,53871946279,5120914840,58992861119
2020-10-26,LG4,Total,234,789,2407702,305830367133,51678059861,357508426994
2020-10-26,LG4,UG,132,521,1283448,171910102822,36495250658,208405353480
2020-10-27,1,Alumni,2,9,18368,2187974957,655240367,2843215324
2020-10-27,1,Non-HKUST,1,6,12963,14325468,10130964,24456432
2020-10-27,1,Others(HKUST),4,54,128318,285062848,50009725,335072573
2020-10-27,1,RPG,11,56,232854,11775765493,1121867628,12897633121
2020-10-27,1,Staff,55,511,1145262,53329368035,4536251736,57865619771
2020-10-27,1,TPG,22,166,529169,35239457863,2485664106,37725121969
2020-10-27,1,Total,165,1281,3563835,209748665905,23002629584,232751295489
2020-10-27,1,UG,70,479,1496901,106916711241,14143465058,121060176299
2020-10-27,All-Floors,Alumni,22,240,539303,141229614475,6650415878,147880030353
2020-10-27,All-Floors,Non-HKUST,28,116,244391,26599522634,2329144632,28928667266
2020-10-27,All-Floors,Others(HKUST),17,158,1811268,23066814544,3778783942,26845598486
2020-10-27,All-Floors,RPG,243,1379,3036085,467711716475,56449984626,524161701101
2020-10-27,All-Floors,Staff,275,1792,2576448,213119997987,23534123528,236654121515
2020-10-27,All-Floors,TPG,196,1937,5005117,584191241082,107647091261,691838332343
2020-10-27,All-Floors,Total,1627,15636,36417705,4756959897166,753701446361,5510661343527
2020-10-27,All-Floors,UG,846,10014,23205093,3301040989969,553311902494,3854352892463
2020-10-27,G,Alumni,17,62,94699,7765630509,1708136818,9473767327
2020-10-27,G,Non-HKUST,14,30,57379,5206525570,922523928,6129049498
2020-10-27,G,Others(HKUST),7,55,613751,2269945234,281516644,2551461878
2020-10-27,G,RPG,91,317,473141,163844939353,13105934782,176950874135
2020-10-27,G,Staff,136,599,834694,48802661054,5069365757,53872026811
2020-10-27,G,TPG,135,587,1154479,161751730484,32761616362,194513346846
2020-10-27,G,Total,966,3573,5452723,914959049808,122354191624,1037313241432
2020-10-27,G,UG,566,1923,2224580,525317617604,68505097333,593822714937
2020-10-27,LG1,Alumni,6,39,88793,8535028920,368258033,8903286953
2020-10-27,LG1,Non-HKUST,9,26,73433,5511975827,286636114,5798611941
2020-10-27,LG1,Others(HKUST),6,20,804786,9280741647,1709615524,10990357171
2020-10-27,LG1,RPG,67,452,1144238,94301031463,18569528296,112870559759
2020-10-27,LG1,Staff,56,257,308600,37000846395,3745747442,40746593837
2020-10-27,LG1,TPG,77,640,1572578,152686997828,31373265178,184060263006
2020-10-27,LG1,Total,697,5924,15302647,1439027934993,267568800048,1706596735041
2020-10-27,LG1,UG,476,4490,11310219,1131711312913,211515749461,1343227062374
2020-10-27,LG3,Alumni,7,73,114461,16179936094,774180139,16954116233
2020-10-27,LG3,Non-HKUST,8,24,45366,7935069681,643452494,8578522175
2020-10-27,LG3,Others(HKUST),5,16,1803,809416062,36729039,846145101
2020-10-27,LG3,RPG,111,339,620940,106472002533,7681091196,114153093729
2020-10-27,LG3,Staff,110,254,149118,39674326099,6290480138,45964806237
2020-10-27,LG3,TPG,63,278,916941,74585928078,19416109538,94002037616
2020-10-27,LG3,Total,582,2298,4712723,939832744681,121610108454,1061442853135
2020-10-27,LG3,UG,278,1314,2864094,694176066134,86768065910,780944132044
2020-10-27,LG4,Alumni,8,57,222982,106561043995,3144600521,109705644516
2020-10-27,LG4,Non-HKUST,9,30,55250,7931626088,466401132,8398027220
2020-10-27,LG4,Others(HKUST),5,13,262610,10421648753,1700913010,12122561763
2020-10-27,LG4,RPG,85,215,564912,91317977633,15971562724,107289540357
2020-10-27,LG4,Staff,77,171,138774,34312796404,3892278455,38205074859
2020-10-27,LG4,TPG,63,266,831950,159927126829,21610436077,181537562906
2020-10-27,LG4,Total,581,2560,7385777,1253391501779,219165716651,1472557218430
2020-10-27,LG4,UG,334,1808,5309299,842919282077,172379524732,1015298806809
2020-10-28,1,Alumni,1,12,32899,79126822,77398569,156525391
2020-10-28,1,Non-HKUST,1,2,2705,13829209,3150601,16979810
2020-10-28,1,Others(HKUST),3,20,192796,763931449,71854529,835785978
2020-10-28,1,RPG,13,65,318640,67339155699,2761491131,70100646830
2020-10-28,1,Staff,55,533,1238101,62062197196,5927059653,67989256849
2020-10-28,1,TPG,13,138,554737,38843849546,5739994304,44583843850
2020-10-28,1,Total,154,1191,3820069,266849666756,40397454046,307247120802
2020-10-28,1,UG,68,421,1480191,97747576835,25816505259,123564082094
2020-10-28,All-Floors,Alumni,20,202,370909,101300962093,5614158792,106915120885
2020-10-28,All-Floors,Non-HKUST,20,93,200509,13557471645,1387656999,14945128644
2020-10-28,All-Floors,Others(HKUST),16,141,1887781,38838556863,5829359585,44667916448
2020-10-28,All-Floors,RPG,287,1621,3244082,758451233837,59111625472,817562859309
2020-10-28,All-Floors,Staff,258,1706,2536618,207581538369,46120803440,253702341809
2020-10-28,All-Floors,TPG,180,2272,5407530,880362763041,168021602780,1048384365821
2020-10-28,All-Floors,Total,1654,15933,36570967,5253366652222,876463319223,6129829971445
2020-10-28,All-Floors,UG,873,9898,22923538,3253274126374,590378112155,3843652238529
2020-10-28,G,Alumni,10,46,58536,5224958571,336863754,5561822325
2020-10-28,G,Non-HKUST,13,39,57226,3835106547,302877553,4137984100
2020-10-28,G,Others(HKUST),6,66,514558,8069620430,1751921777,9821542207
2020-10-28,G,RPG,137,473,619827,229128186896,17081202288,246209389184
2020-10-28,G,Staff,126,606,846902,74789989298,26956632924,101746622222
2020-10-28,G,TPG,138,652,1022822,182324679736,35520218964,217844898700
2020-10-28,G,Total,986,3693,5151840,1009555856013,172289347927,1181845203940
2020-10-28,G,UG,556,1811,2031969,506183314535,90339630667,596522945202
2020-10-28,LG1,Alumni,5,16,29180,2340489194,258707818,2599197012
2020-10-28,LG1,Non-HKUST,4,27,73065,3192002825,615607424,3807610249
2020-10-28,LG1,Others(HKUST),7,24,830508,13457853215,1915233838,15373087053
2020-10-28,LG1,RPG,53,434,1035217,97547378476,15283708469,112831086945
2020-10-28,LG1,Staff,44,236,259308,31019904114,6553597906,37573502020
2020-10-28,LG1,TPG,76,746,1868722,197428090324,35316645783,232744736107
2020-10-28,LG1,Total,693,6262,16142070,1706259853644,317893284557,2024153138201
2020-10-28,LG1,UG,504,4779,12046070,1361274135496,257949783319,1619223918815
2020-10-28,LG3,Alumni,8,79,89042,61822858168,2192791970,64015650138
2020-10-28,LG3,Non-HKUST,6,12,32218,4668147520,256007201,4924154721
2020-10-28,LG3,Others(HKUST),5,12,2892,584995457,94629885,679625342
2020-10-28,LG3,RPG,125,417,756157,253557309867,17102246432,270659556299
2020-10-28,LG3,Staff,109,206,97002,19027267950,1711712269,20738980219
2020-10-28,LG3,TPG,60,353,908248,141004630787,28238249129,169242879916
2020-10-28,LG3,Total,618,2251,4269039,924692586777,88008375134,1012700961911
2020-10-28,LG3,UG,305,1172,2383480,444027377028,38412738248,482440115276
2020-10-28,LG4,Alumni,10,49,161252,31833529338,2748396681,34581926019
2020-10-28,LG4,Non-HKUST,8,13,35295,1848385544,210014220,2058399764
2020-10-28,LG4,Others(HKUST),6,19,347027,15962156312,1995719556,17957875868
2020-10-28,LG4,RPG,93,232,514241,110879202899,6882977152,117762180051
2020-10-28,LG4,Staff,67,125,95305,20682179811,4971800688,25653980499
2020-10-28,LG4,TPG,52,383,1053001,320761512648,63206494600,383968007248
2020-10-28,LG4,Total,577,2536,7187949,1346008689032,257874857559,1603883546591
2020-10-28,LG4,UG,341,1715,4981828,844041722480,177859454662,1021901177142
2020-10-29,1,Alumni,0,0,0,0,0,0
2020-10-29,1,Non-HKUST,0,0,0,0,0,0
2020-10-29,1,Others(HKUST),3,20,85212,292632700,26037206,318669906
2020-10-29,1,RPG,12,76,199073,15275072172,1046577667,16321649839
2020-10-29,1,Staff,51,486,1239463,83471996083,5758151811,89230147894
2020-10-29,1,TPG,9,95,304982,32992015456,4575536359,37567551815
2020-10-29,1,Total,139,1166,3524018,262018706998,27663382080,289682089078
2020-10-29,1,UG,64,489,1695288,129986990587,16257079037,146244069624
2020-10-29,All-Floors,Alumni,16,144,334371,34407633140,6516819327,40924452467
2020-10-29,All-Floors,Non-HKUST,20,139,298140,47677993947,2925020713,50603014660
2020-10-29,All-Floors,Others(HKUST),15,135,1815735,31057492581,4753399700,35810892281
2020-10-29,All-Floors,RPG,284,1449,2742569,848001308458,98361991264,946363299722
2020-10-29,All-Floors,Staff,246,1590,2597943,211196471729,17381068468,228577540197
2020-10-29,All-Floors,TPG,184,1909,5240935,837303544829,126829677468,964133222297
2020-10-29,All-Floors,Total,1588,15319,35625204,5700933015487,756738351083,6457671366570
2020-10-29,All-Floors,UG,823,9953,22595511,3691288570803,499970374143,4191258944946
2020-10-29,G,Alumni,8,51,25940,4306526645,775644486,5082171131
2020-10-29,G,Non-HKUST,13,38,57611,8299240807,529669342,8828910149
2020-10-29,G,Others(HKUST),9,73,617897,3867809651,396456798,4264266449
2020-10-29,G,RPG,138,396,564017,173913345110,14494073832,188407418942
2020-10-29,G,Staff,122,581,893426,60057447148,7184416869,67241864017
2020-10-29,G,TPG,138,565,947411,177332466725,31452431095,208784897820
2020-10-29,G,Total,989,3638,5520233,1004362537406,151505705791,1155868243197
2020-10-29,G,UG,561,1934,2413931,576585701320,96673013369,673258714689
2020-10-29,LG1,Alumni,2,11,35160,1779533322,46897280,1826430602
2020-10-29,LG1,Non-HKUST,6,50,38658,17158815424,691489085,17850304509
2020-10-29,LG1,Others(HKUST),6,20,756598,11059059068,2135400062,13194459130
2020-10-29,LG1,RPG,73,418,1006279,289887583207,52484829669,342372412876
2020-10-29,LG1,Staff,48,206,257816,25731535706,2456000169,28187535875
2020-10-29,LG1,TPG,76,570,1449213,170842328160,44252473510,215094801670
2020-10-29,LG1,Total,684,5674,14485875,1820678147800,323093458577,2143771606377
2020-10-29,LG1,UG,473,4399,10942151,1304219292913,221026368802,1525245661715
2020-10-29,LG3,Alumni,4,41,100235,10517699114,3509641653,14027340767
2020-10-29,LG3,Non-HKUST,7,23,94249,17236372767,1152242505,18388615272
2020-10-29,LG3,Others(HKUST),2,4,0,1274443514,88906756,1363350270
2020-10-29,LG3,RPG,112,368,569152,297266300805,20751693164,318017993969
2020-10-29,LG3,Staff,96,188,97777,10844715902,780342215,11625058117
2020-10-29,LG3,TPG,65,430,1410772,283351739003,30717925047,314069664050
2020-10-29,LG3,Total,548,2205,4745102,1336783479654,128639748485,1465423228139
2020-10-29,LG3,UG,262,1151,2472917,716292208549,71638997145,787931205694
2020-10-29,LG4,Alumni,10,41,173036,17803874059,2184635908,19988509967
2020-10-29,LG4,Non-HKUST,9,28,107622,4983564949,551619781,5535184730
2020-10-29,LG4,Others(HKUST),6,18,356028,14563547648,2106598878,16670146526
2020-10-29,LG4,RPG,91,191,404048,71659007164,9584816932,81243824096
2020-10-29,LG4,Staff,69,129,109461,31090776890,1202157404,32292934294
2020-10-29,LG4,TPG,51,249,1128557,172784995485,15831311457,188616306942
2020-10-29,LG4,Total,545,2636,7349976,1277090143629,125836056150,1402926199779
2020-10-29,LG4,UG,309,1980,5071224,964204377434,94374915790,1058579293224
2020-10-30,1,Alumni,1,11,34164,774859103,86845989,861705092
2020-10-30,1,Non-HKUST,4,9,28766,3761904880,144364077,3906268957
2020-10-30,1,Others(HKUST),5,26,26685,7000263922,383917649,7384181571
2020-10-30,1,RPG,15,34,90023,1954669817,519285327,2473955144
2020-10-30,1,Staff,59,597,1490281,94151758719,7799236789,101950995508
2020-10-30,1,TPG,26,144,571743,44319680714,2563806986,46883487700
2020-10-30,1,Total,173,1256,3718128,277973412288,29686440468,307659852756
2020-10-30,1,UG,63,435,1476466,126010275133,18188983651,144199258784
2020-10-30,All-Floors,Alumni,14,169,388381,119516823900,5978834945,125495658845
2020-10-30,All-Floors,Non-HKUST,22,109,275280,40420108664,2303680093,42723788757
2020-10-30,All-Floors,Others(HKUST),17,141,1616956,32219047744,4064939278,36283987022
2020-10-30,All-Floors,RPG,264,1250,2355143,606821422244,82933645362,689755067606
2020-10-30,All-Floors,Staff,233,1815,2714008,238898388814,34990892396,273889281210
2020-10-30,All-Floors,TPG,182,1946,5114644,686256234494,76808119658,763064354152
2020-10-30,All-Floors,Total,1500,14255,32668157,4888389556974,552193345550,5440582902524
2020-10-30,All-Floors,UG,768,8825,20203745,3164257531114,345113233818,3509370764932
2020-10-30,G,Alumni,7,13,2338,5498312294,180640419,5678952713
2020-10-30,G,Non-HKUST,12,32,61220,11722763084,601333092,12324096176
2020-10-30,G,Others(HKUST),9,75,387200,2001844973,204665492,2206510465
2020-10-30,G,RPG,104,359,546245,66615333704,15111931618,81727265322
2020-10-30,G,Staff,118,599,751562,79897486792,12062624865,91960111657
2020-10-30,G,TPG,131,596,1158811,155444975475,17170997093,172615972568
2020-10-30,G,Total,903,3517,4824377,768381465491,103562250731,871943716222
2020-10-30,G,UG,522,1843,1917001,447200749169,58230058152,505430807321
2020-10-30,LG1,Alumni,8,48,124965,11348452475,2898670839,14247123314
2020-10-30,LG1,Non-HKUST,7,16,26996,6081281382,448398422,6529679804
2020-10-30,LG1,Others(HKUST),6,26,856757,9043399306,1701880615,10745279921
2020-10-30,LG1,RPG,62,388,926746,99037337161,28303487942,127340825103
2020-10-30,LG1,Staff,41,261,318591,23956473712,8962354063,32918827775
2020-10-30,LG1,TPG,69,581,1479743,178796603994,28261577093,207058181087
2020-10-30,LG1,Total,629,5229,13793034,1518298277700,234487784313,1752786062013
2020-10-30,LG1,UG,436,3909,10059236,1190034729670,163911415339,1353946145009
2020-10-30,LG3,Alumni,4,52,83839,15271878451,533628355,15805506806
2020-10-30,LG3,Non-HKUST,7,29,90659,14134863045,668280609,14803143654
2020-10-30,LG3,Others(HKUST),5,7,718,2034990304,101130338,2136120642
2020-10-30,LG3,RPG,127,325,471327,405352515607,32112790128,437465305735
2020-10-30,LG3,Staff,91,221,108930,27153436554,2662528518,29815965072
2020-10-30,LG3,TPG,65,323,1068176,149585643691,14401927493,163987571184
2020-10-30,LG3,Total,541,2070,4430209,1384481044694,94729250550,1479210295244
2020-10-30,LG3,UG,242,1113,2606560,770947717042,44248965109,815196682151
2020-10-30,LG4,Alumni,7,45,143075,86623321577,2279049343,88902370920
2020-10-30,LG4,Non-HKUST,8,23,67639,4719296273,441303893,5160600166
2020-10-30,LG4,Others(HKUST),3,7,345596,12138549239,1673345184,13811894423
2020-10-30,LG4,RPG,85,144,320802,33861565955,6886150347,40747716302
2020-10-30,LG4,Staff,55,137,44644,13739233037,3504148161,17243381198
2020-10-30,LG4,TPG,50,302,836171,158109330620,14409810993,172519141613
2020-10-30,LG4,Total,491,2183,5902409,939255356801,89727619488,1028982976289
2020-10-30,LG4,UG,283,1525,4144482,630064060100,60533811567,690597871667
2020-10-31,1,Alumni,0,0,0,0,0,0
2020-10-31,1,Non-HKUST,2,2,20875,21845332,5475648,27320980
2020-10-31,1,Others(HKUST),0,0,0,0,0,0
2020-10-31,1,RPG,5,18,38857,12512993354,216323682,12729317036
2020-10-31,1,Staff,10,54,396876,11895797470,498469486,12394266956
2020-10-31,1,TPG,14,61,327584,13258119670,1274849425,14532969095
2020-10-31,1,Total,49,245,1297881,84828635056,4358532000,89187167056
2020-10-31,1,UG,18,110,513689,47139879230,2363413759,49503292989
2020-10-31,All-Floors,Alumni,14,62,201589,37214265076,3268590319,40482855395
2020-10-31,All-Floors,Non-HKUST,13,51,116081,6153248576,2357655625,8510904201
2020-10-31,All-Floors,Others(HKUST),12,49,1956543,20742602132,3282488169,24025090301
2020-10-31,All-Floors,RPG,172,547,1066810,133816881333,10102368834,143919250167
2020-10-31,All-Floors,Staff,85,399,974116,51631810680,4553807797,56185618477
2020-10-31,All-Floors,TPG,121,801,1918605,237554625640,39243189518,276797815158
2020-10-31,All-Floors,Total,746,4381,11786212,1410161079624,203768343729,1613929423353
2020-10-31,All-Floors,UG,329,2472,5552468,923047646187,140960243467,1064007889654
2020-10-31,G,Alumni,9,24,52919,7889999106,610487613,8500486719
2020-10-31,G,Non-HKUST,8,15,7372,1348006151,695844335,2043850486
2020-10-31,G,Others(HKUST),7,17,799329,2001994534,537503717,2539498251
2020-10-31,G,RPG,44,140,295141,27905267938,2779741657,30685009595
2020-10-31,G,Staff,34,177,375642,21359022922,2188574705,23547597627
2020-10-31,G,TPG,84,264,364304,60821222662,11924217899,72745440561
2020-10-31,G,Total,384,1344,2887116,343121359873,68946502375,412067862248
2020-10-31,G,UG,198,707,992409,221795846560,50210132449,272005979009
2020-10-31,LG1,Alumni,3,9,56340,5987348819,190480844,6177829663
2020-10-31,LG1,Non-HKUST,4,17,66054,1909573798,718921072,2628494870
2020-10-31,LG1,Others(HKUST),2,14,896936,8317015976,1581342833,9898358809
2020-10-31,LG1,RPG,26,152,464280,36213194286,2526047846,38739242132
2020-10-31,LG1,Staff,11,52,110521,5672606863,783364524,6455971387
2020-10-31,LG1,TPG,37,225,560543,78763862173,19997816058,98761678231
2020-10-31,LG1,Total,220,1329,4825761,440257813025,61741140607,501998953632
2020-10-31,LG1,UG,137,860,2671087,303394211110,35943167430,339337378540
2020-10-31,LG3,Alumni,5,10,7190,7696921581,141818351,7838739932
2020-10-31,LG3,Non-HKUST,4,16,16203,2739714046,930343608,3670057654
2020-10-31,LG3,Others(HKUST),5,10,1081,2166667997,78696758,2245364755
2020-10-31,LG3,RPG,99,171,187889,43598709013,2522198788,46120907801
2020-10-31,LG3,Staff,42,77,47883,6882215960,660345710,7542561670
2020-10-31,LG3,TPG,45,122,325233,23090982617,1904039504,24995022121
2020-10-31,LG3,Total,341,849,1206884,315946576444,36499703582,352446280026
2020-10-31,LG3,UG,141,443,621405,229771365230,30262260863,260033626093
2020-10-31,LG4,Alumni,5,19,85140,15639995570,2325803511,17965799081
2020-10-31,LG4,Non-HKUST,1,1,5577,134109249,7070962,141180211
2020-10-31,LG4,Others(HKUST),3,8,259197,8256923625,1084944861,9341868486
2020-10-31,LG4,RPG,48,66,80643,13586716742,2058056861,15644773603
2020-10-31,LG4,Staff,24,39,43194,5822167465,423053372,6245220837
2020-10-31,LG4,TPG,27,129,340941,61620438518,4142266632,65762705150
2020-10-31,LG4,Total,203,614,1568570,226006695226,32222465165,258229160391
2020-10-31,LG4,UG,95,352,753878,120946344057,22181268966,143127613023
