Date,Floor,User-Group,User-Count,WiFi-Conn,Duration-Sec,Traffic-In-Byte,Traffic-Out-Byte,Traffic-Both-Byte
2020-03-01,1,Staff,7,33,246601,4473739136,304748428,4778487564
2020-03-01,1,TPG,2,2,720,1635510,639813,2275323
2020-03-01,1,RPG,9,9,3959,172351141,6398009,178749150
2020-03-01,1,UG,3,3,180,8673339,2330930,11004269
2020-03-01,1,Alumni,0,0,0,0,0,0
2020-03-01,1,Others(HKUST),1,2,172798,6646903295,380934138,7027837433
2020-03-01,1,Non-HKUST,0,0,0,0,0,0
2020-03-01,1,Total,22,49,424258,11303302421,695051318,11998353739
2020-03-01,G,Staff,11,28,200159,5220342901,688913375,5909256276
2020-03-01,G,TPG,0,0,0,0,0,0
2020-03-01,G,RPG,1,1,721,14474,6155,20629
2020-03-01,G,UG,2,2,180,437226,317137,754363
2020-03-01,G,Alumni,0,0,0,0,0,0
2020-03-01,G,Others(HKUST),2,2,86399,1234001128,175808877,1409810005
2020-03-01,G,Non-HKUST,2,2,540,1174661,665090,1839751
2020-03-01,G,Total,18,35,287999,6455970390,865710634,7321681024
2020-03-01,LG1,Staff,10,11,1978,80245205,11582764,91827969
2020-03-01,LG1,TPG,2,2,719,94889877,3402462,98292339
2020-03-01,LG1,RPG,2,3,899,1280723,377333,1658056
2020-03-01,LG1,UG,4,4,1799,15284836,1224723,16509559
2020-03-01,LG1,Alumni,0,0,0,0,0,0
2020-03-01,LG1,Others(HKUST),1,6,431815,4098430608,752014437,4850445045
2020-03-01,LG1,Non-HKUST,0,0,0,0,0,0
2020-03-01,LG1,Total,19,26,437210,4290131249,768601719,5058732968
2020-03-01,LG3,Staff,12,13,0,359015231,22906968,381922199
2020-03-01,LG3,TPG,4,5,3777,763412961,19384448,782797409
2020-03-01,LG3,RPG,27,27,0,1486395956,137610417,1624006373
2020-03-01,LG3,UG,36,45,24485,2121346938,191559965,2312906903
2020-03-01,LG3,Alumni,1,1,0,158239,180936,339175
2020-03-01,LG3,Others(HKUST),3,5,720,42417117,3086223,45503340
2020-03-01,LG3,Non-HKUST,1,1,0,10454993,8326880,18781873
2020-03-01,LG3,Total,84,97,28982,4783201435,383055837,5166257272
2020-03-01,LG4,Staff,10,10,1440,403796916,14929797,418726713
2020-03-01,LG4,TPG,6,6,0,218103937,14421604,232525541
2020-03-01,LG4,RPG,36,36,719,735046420,40998051,776044471
2020-03-01,LG4,UG,26,55,12058,10045251441,347291672,10392543113
2020-03-01,LG4,Alumni,1,1,0,28325631,424116,28749747
2020-03-01,LG4,Others(HKUST),4,13,174238,3383244816,493038759,3876283575
2020-03-01,LG4,Non-HKUST,1,1,0,16769371,951355,17720726
2020-03-01,LG4,Total,84,122,188455,14830538532,912055354,15742593886
2020-03-01,All-Floors,Staff,42,95,450178,10537139389,1043081332,11580220721
2020-03-01,All-Floors,TPG,11,15,5216,1078042285,37848327,1115890612
2020-03-01,All-Floors,RPG,74,76,6298,2395088714,185389965,2580478679
2020-03-01,All-Floors,UG,66,109,38702,12190993780,542724427,12733718207
2020-03-01,All-Floors,Alumni,2,2,0,28483870,605052,29088922
2020-03-01,All-Floors,Others(HKUST),7,28,865970,15404996964,1804882434,17209879398
2020-03-01,All-Floors,Non-HKUST,4,4,540,28399025,9943325,38342350
2020-03-01,All-Floors,Total,206,329,1366904,41663144027,3624474862,45287618889
2020-03-02,1,Staff,25,244,591403,75861085505,2151106834,78012192339
2020-03-02,1,TPG,0,0,0,0,0,0
2020-03-02,1,RPG,9,9,899,185768901,15748289,201517190
2020-03-02,1,UG,5,5,538,109328716,24666246,133994962
2020-03-02,1,Alumni,0,0,0,0,0,0
2020-03-02,1,Others(HKUST),1,4,172438,13612795785,797978553,14410774338
2020-03-02,1,Non-HKUST,0,0,0,0,0,0
2020-03-02,1,Total,40,262,765278,89768978907,2989499922,92758478829
2020-03-02,G,Staff,40,249,373409,11579854037,4078560228,15658414265
2020-03-02,G,TPG,3,5,1440,249222978,190161480,439384458
2020-03-02,G,RPG,11,16,5939,2000754743,129380447,2130135190
2020-03-02,G,UG,9,11,7380,464074307,33838801,497913108
2020-03-02,G,Alumni,1,1,0,1261043,307716,1568759
2020-03-02,G,Others(HKUST),3,8,94673,2633786178,371489724,3005275902
2020-03-02,G,Non-HKUST,0,0,0,0,0,0
2020-03-02,G,Total,67,290,482841,16928953286,4803738396,21732691682
2020-03-02,LG1,Staff,25,130,198559,18277067601,2427641498,20704709099
2020-03-02,LG1,TPG,42,445,1420729,120722505173,16701638864,137424144037
2020-03-02,LG1,RPG,27,167,440924,18593774623,3563221839,22156996462
2020-03-02,LG1,UG,95,780,2135586,297277833438,27126194925,324404028363
2020-03-02,LG1,Alumni,2,7,23751,2081719411,209966290,2291685701
2020-03-02,LG1,Others(HKUST),2,69,489770,50470913964,2874239763,53345153727
2020-03-02,LG1,Non-HKUST,0,0,0,0,0,0
2020-03-02,LG1,Total,193,1598,4709319,507423814210,52902903179,560326717389
2020-03-02,LG3,Staff,41,59,5944,1674668577,323824118,1998492695
2020-03-02,LG3,TPG,6,10,15496,1885908257,45002044,1930910301
2020-03-02,LG3,RPG,37,40,2341,3598115258,114605187,3712720445
2020-03-02,LG3,UG,21,24,5762,3383838488,162587133,3546425621
2020-03-02,LG3,Alumni,0,0,0,0,0,0
2020-03-02,LG3,Others(HKUST),5,5,0,1951652834,24810097,1976462931
2020-03-02,LG3,Non-HKUST,0,0,0,0,0,0
2020-03-02,LG3,Total,110,138,29543,12494183414,670828579,13165011993
2020-03-02,LG4,Staff,36,58,7378,3331514650,238568584,3570083234
2020-03-02,LG4,TPG,11,17,718,1858833054,91208070,1950041124
2020-03-02,LG4,RPG,29,31,362,1809464351,69772384,1879236735
2020-03-02,LG4,UG,33,63,21590,13600923193,545647635,14146570828
2020-03-02,LG4,Alumni,0,0,0,0,0,0
2020-03-02,LG4,Others(HKUST),5,30,186663,5819595853,1197423177,7017019030
2020-03-02,LG4,Non-HKUST,0,0,0,0,0,0
2020-03-02,LG4,Total,114,199,216711,26420331101,2142619850,28562950951
2020-03-02,All-Floors,Staff,113,740,1176693,110724190370,9219701262,119943891632
2020-03-02,All-Floors,TPG,52,477,1438383,124716469462,17028010458,141744479920
2020-03-02,All-Floors,RPG,103,263,450465,26187877876,3892728146,30080606022
2020-03-02,All-Floors,UG,139,883,2170856,314835998142,27892934740,342728932882
2020-03-02,All-Floors,Alumni,3,8,23751,2082980454,210274006,2293254460
2020-03-02,All-Floors,Others(HKUST),10,116,943544,74488744614,5265941314,79754685928
2020-03-02,All-Floors,Non-HKUST,0,0,0,0,0,0
2020-03-02,All-Floors,Total,420,2487,6203692,653036260918,63509589926,716545850844
2020-03-03,1,Staff,26,189,647076,16952363531,12187841553,29140205084
2020-03-03,1,TPG,3,3,0,4062533,2330584,6393117
2020-03-03,1,RPG,4,4,2518,1914888,1025815,2940703
2020-03-03,1,UG,6,6,720,6318923,959724,7278647
2020-03-03,1,Alumni,0,0,0,0,0,0
2020-03-03,1,Others(HKUST),2,3,172798,6971039303,417879252,7388918555
2020-03-03,1,Non-HKUST,0,0,0,0,0,0
2020-03-03,1,Total,41,205,823112,23935699178,12610036928,36545736106
2020-03-03,G,Staff,45,250,399364,16079067941,4783177747,20862245688
2020-03-03,G,TPG,5,5,0,991073106,82819197,1073892303
2020-03-03,G,RPG,8,8,1260,40954508,3921914,44876422
2020-03-03,G,UG,10,15,1981,1523606465,31566167,1555172632
2020-03-03,G,Alumni,0,0,0,0,0,0
2020-03-03,G,Others(HKUST),2,7,87838,1372332883,196587943,1568920826
2020-03-03,G,Non-HKUST,1,1,0,3922175,282621,4204796
2020-03-03,G,Total,71,286,490443,20010957078,5098355589,25109312667
2020-03-03,LG1,Staff,29,116,218948,30949887410,3710152489,34660039899
2020-03-03,LG1,TPG,55,482,1522245,179972633512,24716527125,204689160637
2020-03-03,LG1,RPG,29,187,494898,31536420929,5814184589,37350605518
2020-03-03,LG1,UG,85,799,2307195,336537935798,31691553629,368229489427
2020-03-03,LG1,Alumni,1,7,32570,1260360223,57176232,1317536455
2020-03-03,LG1,Others(HKUST),3,73,475016,17765218582,1284134709,19049353291
2020-03-03,LG1,Non-HKUST,2,7,18354,2029147969,305466299,2334614268
2020-03-03,LG1,Total,204,1671,5069226,600051604423,67579195072,667630799495
2020-03-03,LG3,Staff,54,183,70418,8429100677,1113837061,9542937738
2020-03-03,LG3,TPG,6,7,1439,1312101497,206110383,1518211880
2020-03-03,LG3,RPG,32,33,17462,1034163417,84718321,1118881738
2020-03-03,LG3,UG,22,30,22667,8624873553,430768669,9055642222
2020-03-03,LG3,Alumni,0,0,0,0,0,0
2020-03-03,LG3,Others(HKUST),6,9,361,147964468,13865306,161829774
2020-03-03,LG3,Non-HKUST,5,5,179,36693687,5303497,41997184
2020-03-03,LG3,Total,125,267,112526,19584897299,1854603237,21439500536
2020-03-03,LG4,Staff,35,131,20168,15077625426,1216657170,16294282596
2020-03-03,LG4,TPG,4,5,0,884180542,44847056,929027598
2020-03-03,LG4,RPG,30,33,900,573525109,66757174,640282283
2020-03-03,LG4,UG,37,65,5403,6241432228,365308088,6606740316
2020-03-03,LG4,Alumni,0,0,0,0,0,0
2020-03-03,LG4,Others(HKUST),4,14,180889,7589020846,933773341,8522794187
2020-03-03,LG4,Non-HKUST,0,0,0,0,0,0
2020-03-03,LG4,Total,110,248,207360,30365784151,2627342829,32993126980
2020-03-03,All-Floors,Staff,117,869,1355974,87488044985,23011666020,110499711005
2020-03-03,All-Floors,TPG,62,502,1523684,183164051190,25052634345,208216685535
2020-03-03,All-Floors,RPG,92,265,517038,33186978851,5970607813,39157586664
2020-03-03,All-Floors,UG,137,915,2337966,352934166967,32520156277,385454323244
2020-03-03,All-Floors,Alumni,1,7,32570,1260360223,57176232,1317536455
2020-03-03,All-Floors,Others(HKUST),9,106,916902,33845576082,2846240551,36691816633
2020-03-03,All-Floors,Non-HKUST,7,13,18533,2069763831,311052417,2380816248
2020-03-03,All-Floors,Total,425,2677,6702667,693948942129,89769533655,783718475784
2020-03-04,1,Staff,29,278,685243,53696682432,10797566123,64494248555
2020-03-04,1,TPG,1,1,720,268721,293191,561912
2020-03-04,1,RPG,8,9,3781,948575,496827,1445402
2020-03-04,1,UG,6,8,2520,224439893,13629259,238069152
2020-03-04,1,Alumni,0,0,0,0,0,0
2020-03-04,1,Others(HKUST),2,22,196030,7131373901,445023330,7576397231
2020-03-04,1,Non-HKUST,1,1,180,49400692,4214549,53615241
2020-03-04,1,Total,47,319,888474,61103114214,11261223279,72364337493
2020-03-04,G,Staff,45,331,400760,31610671974,10766066215,42376738189
2020-03-04,G,TPG,8,12,3962,1601871622,41306840,1643178462
2020-03-04,G,RPG,9,14,720,240337124,12216878,252554002
2020-03-04,G,UG,15,17,361,178252184,7266997,185519181
2020-03-04,G,Alumni,0,0,0,0,0,0
2020-03-04,G,Others(HKUST),2,10,102053,1485489859,200329952,1685819811
2020-03-04,G,Non-HKUST,0,0,0,0,0,0
2020-03-04,G,Total,79,384,507856,35116622763,11027186882,46143809645
2020-03-04,LG1,Staff,23,114,190498,10970982288,2848995719,13819978007
2020-03-04,LG1,TPG,50,495,1429239,185809860153,19115529385,204925389538
2020-03-04,LG1,RPG,28,154,438463,19589175088,3078860731,22668035819
2020-03-04,LG1,UG,102,702,2343382,304215630681,70736250812,374951881493
2020-03-04,LG1,Alumni,4,18,37062,2268495511,214482258,2482977769
2020-03-04,LG1,Others(HKUST),3,8,435418,3901033731,696798854,4597832585
2020-03-04,LG1,Non-HKUST,0,0,0,0,0,0
2020-03-04,LG1,Total,210,1491,4874062,526755177452,96690917759,623446095211
2020-03-04,LG3,Staff,48,111,74009,23779522472,1748706166,25528228638
2020-03-04,LG3,TPG,9,10,0,1950650471,105773955,2056424426
2020-03-04,LG3,RPG,37,37,900,1712176531,166871173,1879047704
2020-03-04,LG3,UG,30,44,16556,13761494564,855844831,14617339395
2020-03-04,LG3,Alumni,0,0,0,0,0,0
2020-03-04,LG3,Others(HKUST),2,5,0,106599,52369,158968
2020-03-04,LG3,Non-HKUST,0,0,0,0,0,0
2020-03-04,LG3,Total,126,207,91465,41203950637,2877248494,44081199131
2020-03-04,LG4,Staff,31,64,4683,4412977107,888061378,5301038485
2020-03-04,LG4,TPG,4,5,0,329897237,20480532,350377769
2020-03-04,LG4,RPG,36,39,0,2244324524,103495050,2347819574
2020-03-04,LG4,UG,39,69,24843,12536579805,1216972838,13753552643
2020-03-04,LG4,Alumni,0,0,0,0,0,0
2020-03-04,LG4,Others(HKUST),5,14,182517,5903140575,671339048,6574479623
2020-03-04,LG4,Non-HKUST,0,0,0,0,0,0
2020-03-04,LG4,Total,115,191,212043,25426919248,2900348846,28327268094
2020-03-04,All-Floors,Staff,110,898,1355193,124470836273,27049395601,151520231874
2020-03-04,All-Floors,TPG,60,523,1433921,189692548204,19283383903,208975932107
2020-03-04,All-Floors,RPG,106,253,443864,23786961842,3361940659,27148902501
2020-03-04,All-Floors,UG,162,840,2387662,330916397127,72829964737,403746361864
2020-03-04,All-Floors,Alumni,4,18,37062,2268495511,214482258,2482977769
2020-03-04,All-Floors,Others(HKUST),9,59,916018,18421144665,2013543553,20434688218
2020-03-04,All-Floors,Non-HKUST,1,1,180,49400692,4214549,53615241
2020-03-04,All-Floors,Total,452,2592,6573900,689605784314,124756925260,814362709574
2020-03-05,1,Staff,41,362,786414,41852239599,8472480693,50324720292
2020-03-05,1,TPG,0,0,0,0,0,0
2020-03-05,1,RPG,2,2,1439,34906436,153548671,188455107
2020-03-05,1,UG,1,1,181,205858471,9653703,215512174
2020-03-05,1,Alumni,0,0,0,0,0,0
2020-03-05,1,Others(HKUST),4,30,243359,7378651382,469360822,7848012204
2020-03-05,1,Non-HKUST,1,1,720,25964,27500,53464
2020-03-05,1,Total,49,396,1032113,49471681852,9105071389,58576753241
2020-03-05,G,Staff,48,350,501405,28133580630,3087538875,31221119505
2020-03-05,G,TPG,4,5,0,3250105095,103747619,3353852714
2020-03-05,G,RPG,14,31,1261,224489547,23106807,247596354
2020-03-05,G,UG,14,30,39423,5586204650,1972236293,7558440943
2020-03-05,G,Alumni,0,0,0,0,0,0
2020-03-05,G,Others(HKUST),3,14,93061,1543658862,199782085,1743440947
2020-03-05,G,Non-HKUST,2,7,6483,42626023,12624248,55250271
2020-03-05,G,Total,85,437,641633,38780664807,5399035927,44179700734
2020-03-05,LG1,Staff,33,207,171936,6215734420,610554018,6826288438
2020-03-05,LG1,TPG,58,600,1627600,266455798985,16236833084,282692632069
2020-03-05,LG1,RPG,32,233,744041,54131915498,6232454581,60364370079
2020-03-05,LG1,UG,131,1056,2942877,322493660912,45462718927,367956379839
2020-03-05,LG1,Alumni,3,6,18536,176575952,9941284,186517236
2020-03-05,LG1,Others(HKUST),5,21,465304,3931535640,725637993,4657173633
2020-03-05,LG1,Non-HKUST,1,2,5759,310187677,31815659,342003336
2020-03-05,LG1,Total,263,2125,5976053,653715409084,69309955546,723025364630
2020-03-05,LG3,Staff,43,126,59410,3840844544,384057639,4224902183
2020-03-05,LG3,TPG,6,6,179,3925732962,105368431,4031101393
2020-03-05,LG3,RPG,43,46,360,1921318666,170819501,2092138167
2020-03-05,LG3,UG,36,45,45544,8896923917,939989030,9836912947
2020-03-05,LG3,Alumni,2,2,0,817776159,21920992,839697151
2020-03-05,LG3,Others(HKUST),6,11,897,521717411,21667302,543384713
2020-03-05,LG3,Non-HKUST,3,3,0,286634249,25683673,312317922
2020-03-05,LG3,Total,139,239,106390,20210947908,1669506568,21880454476
2020-03-05,LG4,Staff,37,124,30618,6864959031,5388253159,12253212190
2020-03-05,LG4,TPG,11,12,360,762870336,100576577,863446913
2020-03-05,LG4,RPG,32,35,0,1570524699,385094188,1955618887
2020-03-05,LG4,UG,41,87,62826,15592179273,1287880509,16880059782
2020-03-05,LG4,Alumni,0,0,0,0,0,0
2020-03-05,LG4,Others(HKUST),8,44,190268,6856710917,1274207581,8130918498
2020-03-05,LG4,Non-HKUST,0,0,0,0,0,0
2020-03-05,LG4,Total,129,302,284072,31647244256,8436012014,40083256270
2020-03-05,All-Floors,Staff,116,1169,1549783,86907358224,17942884384,104850242608
2020-03-05,All-Floors,TPG,66,623,1628139,274394507378,16546525711,290941033089
2020-03-05,All-Floors,RPG,107,347,747101,57883154846,6965023748,64848178594
2020-03-05,All-Floors,UG,181,1219,3090851,352774827223,49672478462,402447305685
2020-03-05,All-Floors,Alumni,5,8,18536,994352111,31862276,1026214387
2020-03-05,All-Floors,Others(HKUST),13,120,992889,20232274212,2690655783,22922929995
2020-03-05,All-Floors,Non-HKUST,5,13,12962,639473913,70151080,709624993
2020-03-05,All-Floors,Total,493,3499,8040261,793825947907,93919581444,887745529351
2020-03-06,1,Staff,35,311,732062,41310010871,16389303727,57699314598
2020-03-06,1,TPG,0,0,0,0,0,0
2020-03-06,1,RPG,0,0,0,0,0,0
2020-03-06,1,UG,0,0,0,0,0,0
2020-03-06,1,Alumni,0,0,0,0,0,0
2020-03-06,1,Others(HKUST),1,13,274147,7199173385,439581384,7638754769
2020-03-06,1,Non-HKUST,0,0,0,0,0,0
2020-03-06,1,Total,36,324,1006209,48509184256,16828885111,65338069367
2020-03-06,G,Staff,43,220,458767,24219853738,7914513375,32134367113
2020-03-06,G,TPG,4,4,1799,33110755,6328013,39438768
2020-03-06,G,RPG,11,19,3599,846605724,76990463,923596187
2020-03-06,G,UG,9,20,41228,5677279603,332341985,6009621588
2020-03-06,G,Alumni,0,0,0,0,0,0
2020-03-06,G,Others(HKUST),1,4,90541,1456996910,199489951,1656486861
2020-03-06,G,Non-HKUST,0,0,0,0,0,0
2020-03-06,G,Total,68,267,595934,32233846730,8529663787,40763510517
2020-03-06,LG1,Staff,22,132,189409,13058812469,10478922941,23537735410
2020-03-06,LG1,TPG,50,488,1452559,172998649319,13464901080,186463550399
2020-03-06,LG1,RPG,29,152,406154,16413342697,2015391093,18428733790
2020-03-06,LG1,UG,87,640,1814840,211507679734,18763229845,230270909579
2020-03-06,LG1,Alumni,2,9,27535,703537780,71408200,774945980
2020-03-06,LG1,Others(HKUST),3,71,468892,11496358942,952262510,12448621452
2020-03-06,LG1,Non-HKUST,2,13,35278,134871189,32842632,167713821
2020-03-06,LG1,Total,195,1505,4394667,426313252130,45778958301,472092210431
2020-03-06,LG3,Staff,38,57,5390,4763242997,1430635531,6193878528
2020-03-06,LG3,TPG,9,13,7384,1099615428,79503943,1179119371
2020-03-06,LG3,RPG,26,31,4318,1462261134,92028920,1554290054
2020-03-06,LG3,UG,30,35,8097,3903413917,278540633,4181954550
2020-03-06,LG3,Alumni,1,2,0,39294460,7855789,47150249
2020-03-06,LG3,Others(HKUST),4,16,540,873833369,41244348,915077717
2020-03-06,LG3,Non-HKUST,0,0,0,0,0,0
2020-03-06,LG3,Total,108,154,25729,12141661305,1929809164,14071470469
2020-03-06,LG4,Staff,44,90,108747,9812508184,3599833568,13412341752
2020-03-06,LG4,TPG,12,15,0,2250574486,240529231,2491103717
2020-03-06,LG4,RPG,36,37,179,416681979,74432936,491114915
2020-03-06,LG4,UG,40,62,17815,6071664710,1539488801,7611153511
2020-03-06,LG4,Alumni,0,0,0,0,0,0
2020-03-06,LG4,Others(HKUST),7,42,198174,8017367859,904763769,8922131628
2020-03-06,LG4,Non-HKUST,3,3,0,8350042,804425,9154467
2020-03-06,LG4,Total,142,249,324915,26577147260,6359852730,32936999990
2020-03-06,All-Floors,Staff,108,810,1494375,93164428259,39813209142,132977637401
2020-03-06,All-Floors,TPG,64,520,1461742,176381949988,13791262267,190173212255
2020-03-06,All-Floors,RPG,94,239,414250,19138891534,2258843412,21397734946
2020-03-06,All-Floors,UG,142,757,1881980,227160037964,20913601264,248073639228
2020-03-06,All-Floors,Alumni,2,11,27535,742832240,79263989,822096229
2020-03-06,All-Floors,Others(HKUST),8,146,1032294,29043730465,2537341962,31581072427
2020-03-06,All-Floors,Non-HKUST,5,16,35278,143221231,33647057,176868288
2020-03-06,All-Floors,Total,423,2499,6347454,545775091681,79427169093,625202260774
2020-03-07,1,Staff,5,41,260641,4400013349,336505828,4736519177
2020-03-07,1,TPG,0,0,0,0,0,0
2020-03-07,1,RPG,5,5,1259,41318214,5431382,46749596
2020-03-07,1,UG,3,3,1259,974776,303706,1278482
2020-03-07,1,Alumni,0,0,0,0,0,0
2020-03-07,1,Others(HKUST),2,5,260097,7161506195,429280596,7590786791
2020-03-07,1,Non-HKUST,0,0,0,0,0,0
2020-03-07,1,Total,15,54,523256,11603812534,771521512,12375334046
2020-03-07,G,Staff,6,10,173698,9521328441,969204266,10490532707
2020-03-07,G,TPG,0,0,0,0,0,0
2020-03-07,G,RPG,0,0,0,0,0,0
2020-03-07,G,UG,4,4,720,88829368,2889205,91718573
2020-03-07,G,Alumni,0,0,0,0,0,0
2020-03-07,G,Others(HKUST),2,2,86399,1350844427,193226483,1544070910
2020-03-07,G,Non-HKUST,0,0,0,0,0,0
2020-03-07,G,Total,12,16,260817,10961002236,1165319954,12126322190
2020-03-07,LG1,Staff,7,9,9903,1117459581,56517684,1173977265
2020-03-07,LG1,TPG,2,2,540,597752203,14554391,612306594
2020-03-07,LG1,RPG,8,8,2879,30459803,3867276,34327079
2020-03-07,LG1,UG,17,17,7384,313520043,23337430,336857473
2020-03-07,LG1,Alumni,0,0,0,0,0,0
2020-03-07,LG1,Others(HKUST),3,8,432535,4674750221,846132150,5520882371
2020-03-07,LG1,Non-HKUST,0,0,0,0,0,0
2020-03-07,LG1,Total,37,44,453241,6733941851,944408931,7678350782
2020-03-07,LG3,Staff,8,15,1978,140773408,14192235,154965643
2020-03-07,LG3,TPG,7,8,0,762630441,49993051,812623492
2020-03-07,LG3,RPG,33,35,539,2569343170,115958748,2685301918
2020-03-07,LG3,UG,31,40,37084,1030051914,122189084,1152240998
2020-03-07,LG3,Alumni,1,1,0,286704129,13823571,300527700
2020-03-07,LG3,Others(HKUST),1,1,0,29821,22662,52483
2020-03-07,LG3,Non-HKUST,1,1,0,563813,238601,802414
2020-03-07,LG3,Total,82,101,39601,4790096696,316417952,5106514648
2020-03-07,LG4,Staff,9,10,0,284976641,16065270,301041911
2020-03-07,LG4,TPG,6,7,0,380819075,29152279,409971354
2020-03-07,LG4,RPG,33,35,24846,4866781131,702038481,5568819612
2020-03-07,LG4,UG,29,55,9356,9842320369,666580175,10508900544
2020-03-07,LG4,Alumni,0,0,0,0,0,0
2020-03-07,LG4,Others(HKUST),2,9,173167,3625404851,513536244,4138941095
2020-03-07,LG4,Non-HKUST,1,1,0,364067,6682810,7046877
2020-03-07,LG4,Total,80,117,207369,19000666134,1934055259,20934721393
2020-03-07,All-Floors,Staff,29,85,446220,15464551420,1392485283,16857036703
2020-03-07,All-Floors,TPG,13,17,540,1741201719,93699721,1834901440
2020-03-07,All-Floors,RPG,71,83,29523,7507902318,827295887,8335198205
2020-03-07,All-Floors,UG,78,119,55803,11275696470,815299600,12090996070
2020-03-07,All-Floors,Alumni,1,1,0,286704129,13823571,300527700
2020-03-07,All-Floors,Others(HKUST),5,25,952198,16812535515,1982198135,18794733650
2020-03-07,All-Floors,Non-HKUST,2,2,0,927880,6921411,7849291
2020-03-07,All-Floors,Total,199,332,1484284,53089519451,5131723608,58221243059
2020-03-08,1,Staff,3,29,245156,4351504323,301670509,4653174832
2020-03-08,1,TPG,3,3,1442,245694194,3142204,248836398
2020-03-08,1,RPG,1,1,719,6804,3010,9814
2020-03-08,1,UG,4,4,1441,8296170,1205075,9501245
2020-03-08,1,Alumni,0,0,0,0,0,0
2020-03-08,1,Others(HKUST),1,5,258837,14288515524,865996150,15154511674
2020-03-08,1,Non-HKUST,0,0,0,0,0,0
2020-03-08,1,Total,12,42,507595,18894017015,1172016948,20066033963
2020-03-08,G,Staff,4,4,172798,9357816918,946101483,10303918401
2020-03-08,G,TPG,0,0,0,0,0,0
2020-03-08,G,RPG,1,1,900,31594,15197,46791
2020-03-08,G,UG,3,3,720,220175164,11972896,232148060
2020-03-08,G,Alumni,1,1,0,938920717,23243066,962163783
2020-03-08,G,Others(HKUST),1,2,86219,2821540496,404006812,3225547308
2020-03-08,G,Non-HKUST,0,0,0,0,0,0
2020-03-08,G,Total,10,11,260637,13338484889,1385339454,14723824343
2020-03-08,LG1,Staff,4,4,1981,1197999,467745,1665744
2020-03-08,LG1,TPG,1,1,0,612288,85819,698107
2020-03-08,LG1,RPG,2,2,0,4699533,2051156,6750689
2020-03-08,LG1,UG,7,7,2341,1125900579,19275593,1145176172
2020-03-08,LG1,Alumni,0,0,0,0,0,0
2020-03-08,LG1,Others(HKUST),2,9,431995,6486390601,1173865292,7660255893
2020-03-08,LG1,Non-HKUST,0,0,0,0,0,0
2020-03-08,LG1,Total,16,23,436317,7618801000,1195745605,8814546605
2020-03-08,LG3,Staff,12,16,3418,92666018,582858332,675524350
2020-03-08,LG3,TPG,5,6,0,247876812,61482967,309359779
2020-03-08,LG3,RPG,18,19,1081,575507198,163775524,739282722
2020-03-08,LG3,UG,41,43,32221,4097680029,330520368,4428200397
2020-03-08,LG3,Alumni,1,1,0,6115144,2838902,8954046
2020-03-08,LG3,Others(HKUST),3,5,0,13749110,3749772,17498882
2020-03-08,LG3,Non-HKUST,1,1,0,245595,67980,313575
2020-03-08,LG3,Total,81,91,36720,5033839906,1145293845,6179133751
2020-03-08,LG4,Staff,5,6,0,68836284,6634967,75471251
2020-03-08,LG4,TPG,2,2,0,39288037,4148871,43436908
2020-03-08,LG4,RPG,17,17,0,135245136,12631630,147876766
2020-03-08,LG4,UG,42,71,6838,3953525176,249172070,4202697246
2020-03-08,LG4,Alumni,2,2,0,4395682,435306,4830988
2020-03-08,LG4,Others(HKUST),5,27,177297,5690267419,848630377,6538897796
2020-03-08,LG4,Non-HKUST,1,1,0,1350896,265386,1616282
2020-03-08,LG4,Total,74,126,184135,9892908630,1121918607,11014827237
2020-03-08,All-Floors,Staff,25,59,423353,13872021542,1837733036,15709754578
2020-03-08,All-Floors,TPG,11,12,1442,533471331,68859861,602331192
2020-03-08,All-Floors,RPG,38,40,2700,715490265,178476517,893966782
2020-03-08,All-Floors,UG,87,128,43561,9405577118,612146002,10017723120
2020-03-08,All-Floors,Alumni,4,4,0,949431543,26517274,975948817
2020-03-08,All-Floors,Others(HKUST),9,48,954348,29300463150,3296248403,32596711553
2020-03-08,All-Floors,Non-HKUST,2,2,0,1596491,333366,1929857
2020-03-08,All-Floors,Total,176,293,1425404,54778051440,6020314459,60798365899
2020-03-09,1,Staff,43,446,956621,35637369094,3919952215,39557321309
2020-03-09,1,TPG,1,1,0,2130134,407824,2537958
2020-03-09,1,RPG,7,7,1616,54373478,4378008,58751486
2020-03-09,1,UG,2,2,0,5518186,446829,5965015
2020-03-09,1,Alumni,0,0,0,0,0,0
2020-03-09,1,Others(HKUST),3,25,280997,7638534046,521314935,8159848981
2020-03-09,1,Non-HKUST,0,0,0,0,0,0
2020-03-09,1,Total,56,481,1239234,43337924938,4446499811,47784424749
2020-03-09,G,Staff,108,507,734692,41147385284,4871808333,46019193617
2020-03-09,G,TPG,70,456,1114815,130005053892,12875766859,142880820751
2020-03-09,G,RPG,45,149,234645,13323728519,2669274593,15993003112
2020-03-09,G,UG,119,446,891881,184506384866,46366383155,230872768021
2020-03-09,G,Alumni,5,23,32401,3620421848,335235792,3955657640
2020-03-09,G,Others(HKUST),3,7,95045,1510119708,217219769,1727339477
2020-03-09,G,Non-HKUST,5,13,26793,1562154980,123905278,1686060258
2020-03-09,G,Total,355,1601,3130272,375675249097,67459593779,443134842876
2020-03-09,LG1,Staff,46,231,414859,71164220479,3752118657,74916339136
2020-03-09,LG1,TPG,47,544,1477741,176281087294,22698532295,198979619589
2020-03-09,LG1,RPG,29,167,527141,45624377194,4359689880,49984067074
2020-03-09,LG1,UG,109,816,2112356,274678771505,50648542236,325327313741
2020-03-09,LG1,Alumni,2,3,18174,1103813128,488728940,1592542068
2020-03-09,LG1,Others(HKUST),3,17,470140,8332289974,1050767037,9383057011
2020-03-09,LG1,Non-HKUST,3,21,41048,3393393248,178656705,3572049953
2020-03-09,LG1,Total,239,1799,5061459,580577952822,83177035750,663754988572
2020-03-09,LG3,Staff,73,203,128670,4286775668,2126539025,6413314693
2020-03-09,LG3,TPG,5,8,3598,329448538,39359714,368808252
2020-03-09,LG3,RPG,33,34,0,2107482545,182371774,2289854319
2020-03-09,LG3,UG,40,51,21740,32131455933,13416733306,45548189239
2020-03-09,LG3,Alumni,1,1,0,78814,65510,144324
2020-03-09,LG3,Others(HKUST),5,11,721,14142240,1583955,15726195
2020-03-09,LG3,Non-HKUST,2,2,0,41408080,1646894,43054974
2020-03-09,LG3,Total,159,310,154729,38910791818,15768300178,54679091996
2020-03-09,LG4,Staff,50,115,11704,2348654937,311303373,2659958310
2020-03-09,LG4,TPG,13,14,3603,3357838678,137206648,3495045326
2020-03-09,LG4,RPG,40,45,0,829851986,52104637,881956623
2020-03-09,LG4,UG,51,73,12599,7456789559,374765592,7831555151
2020-03-09,LG4,Alumni,0,0,0,0,0,0
2020-03-09,LG4,Others(HKUST),5,36,183244,8263513635,1259051868,9522565503
2020-03-09,LG4,Non-HKUST,1,1,0,3336757,3225348,6562105
2020-03-09,LG4,Total,160,284,211150,22259985552,2137657466,24397643018
2020-03-09,All-Floors,Staff,209,1502,2246546,154584405462,14981721603,169566127065
2020-03-09,All-Floors,TPG,91,1023,2599757,309975558536,35751273340,345726831876
2020-03-09,All-Floors,RPG,122,402,763402,61939813722,7267818892,69207632614
2020-03-09,All-Floors,UG,207,1388,3038576,498778920049,110806871118,609585791167
2020-03-09,All-Floors,Alumni,6,27,50575,4724313790,824030242,5548344032
2020-03-09,All-Floors,Others(HKUST),9,96,1030147,25758599603,3049937564,28808537167
2020-03-09,All-Floors,Non-HKUST,8,37,67841,5000293065,307434225,5307727290
2020-03-09,All-Floors,Total,652,4475,9796844,1060761904227,172989086984,1233750991211
2020-03-10,1,Staff,47,448,993150,34975039200,3109599789,38084638989
2020-03-10,1,TPG,3,3,722,238800,200910,439710
2020-03-10,1,RPG,7,7,10617,67535592,9631797,77167389
2020-03-10,1,UG,6,6,899,477173676,26950883,504124559
2020-03-10,1,Alumni,0,0,0,0,0,0
2020-03-10,1,Others(HKUST),2,23,280268,7594187868,473036450,8067224318
2020-03-10,1,Non-HKUST,0,0,0,0,0,0
2020-03-10,1,Total,65,487,1285656,43114175136,3619419829,46733594965
2020-03-10,G,Staff,99,526,847008,41749848604,4678971021,46428819625
2020-03-10,G,TPG,70,469,1325298,164025934612,16499012494,180524947106
2020-03-10,G,RPG,37,109,256754,13893649896,2494716440,16388366336
2020-03-10,G,UG,95,426,880843,114363630904,13312178612,127675809516
2020-03-10,G,Alumni,4,32,39567,5193063890,485075863,5678139753
2020-03-10,G,Others(HKUST),2,5,96306,1495183606,212187619,1707371225
2020-03-10,G,Non-HKUST,9,34,106213,9421067045,904976750,10326043795
2020-03-10,G,Total,316,1601,3551989,350142378557,38587118799,388729497356
2020-03-10,LG1,Staff,44,236,364385,35913371291,3436937269,39350308560
2020-03-10,LG1,TPG,47,388,1175606,125051869995,13208734237,138260604232
2020-03-10,LG1,RPG,31,175,496979,81686581075,12881691991,94568273066
2020-03-10,LG1,UG,80,662,2248849,243629668592,21719760863,265349429455
2020-03-10,LG1,Alumni,1,4,4320,315940354,24292471,340232825
2020-03-10,LG1,Others(HKUST),4,11,448570,4849254735,796014745,5645269480
2020-03-10,LG1,Non-HKUST,5,42,87254,4722474568,898106174,5620580742
2020-03-10,LG1,Total,212,1518,4825963,496169160610,52965537750,549134698360
2020-03-10,LG3,Staff,85,262,187035,12985538527,873717028,13859255555
2020-03-10,LG3,TPG,12,13,900,4613310559,201954500,4815265059
2020-03-10,LG3,RPG,40,41,3234,3722052141,134092778,3856144919
2020-03-10,LG3,UG,40,53,15674,4993158441,339017486,5332175927
2020-03-10,LG3,Alumni,2,2,7201,1228597601,186691076,1415288677
2020-03-10,LG3,Others(HKUST),6,6,360,32138433,1701937,33840370
2020-03-10,LG3,Non-HKUST,9,9,7021,2122963696,172615683,2295579379
2020-03-10,LG3,Total,194,386,221425,29697759398,1909790488,31607549886
2020-03-10,LG4,Staff,60,157,28818,7101264557,777481820,7878746377
2020-03-10,LG4,TPG,10,14,180,6572044182,401122022,6973166204
2020-03-10,LG4,RPG,33,35,539,1545766169,116647272,1662413441
2020-03-10,LG4,UG,42,62,9537,10085697915,663951994,10749649909
2020-03-10,LG4,Alumni,1,2,9712,241763998,13221922,254985920
2020-03-10,LG4,Others(HKUST),5,37,194576,9100997341,1181008399,10282005740
2020-03-10,LG4,Non-HKUST,3,4,13849,1554418365,107323224,1661741589
2020-03-10,LG4,Total,154,311,257211,36201952527,3260756653,39462709180
2020-03-10,All-Floors,Staff,228,1629,2420396,132725062179,12876706927,145601769106
2020-03-10,All-Floors,TPG,92,887,2502706,300263398148,30311024163,330574422311
2020-03-10,All-Floors,RPG,120,367,768123,100915584873,15636780278,116552365151
2020-03-10,All-Floors,UG,179,1209,3155802,373549329528,36061859838,409611189366
2020-03-10,All-Floors,Alumni,6,40,60800,6979365843,709281332,7688647175
2020-03-10,All-Floors,Others(HKUST),11,82,1020080,23071761983,2663949150,25735711133
2020-03-10,All-Floors,Non-HKUST,17,89,214337,17820923674,2083021831,19903945505
2020-03-10,All-Floors,Total,653,4303,10142244,955325426228,100342623519,1055668049747
2020-03-11,1,Staff,54,571,1186103,87021143798,8664760573,95685904371
2020-03-11,1,TPG,2,2,719,43144599,2632914,45777513
2020-03-11,1,RPG,4,8,11879,314713550,34869697,349583247
2020-03-11,1,UG,2,17,9544,4510647555,335633444,4846280999
2020-03-11,1,Alumni,0,0,0,0,0,0
2020-03-11,1,Others(HKUST),3,25,239438,42192421994,2350879084,44543301078
2020-03-11,1,Non-HKUST,1,1,0,123462,73374,196836
2020-03-11,1,Total,66,624,1447683,134082194958,11388849086,145471044044
2020-03-11,G,Staff,100,504,806280,54960219143,7542479469,62502698612
2020-03-11,G,TPG,64,443,1089849,102061243775,12784227703,114845471478
2020-03-11,G,RPG,50,181,328520,44451495101,3480723156,47932218257
2020-03-11,G,UG,105,403,633143,79970471544,8716005730,88686477274
2020-03-11,G,Alumni,4,13,11152,17664064,2439567,20103631
2020-03-11,G,Others(HKUST),6,30,130836,6757820024,474226100,7232046124
2020-03-11,G,Non-HKUST,6,18,86254,3482513253,766168878,4248682131
2020-03-11,G,Total,335,1592,3086034,291701426904,33766270603,325467697507
2020-03-11,LG1,Staff,39,171,242197,11408602997,994958657,12403561654
2020-03-11,LG1,TPG,35,402,1200835,137714635082,21506178021,159220813103
2020-03-11,LG1,RPG,24,178,360247,52402697771,6060847381,58463545152
2020-03-11,LG1,UG,98,749,2284047,304379338577,41626509716,346005848293
2020-03-11,LG1,Alumni,2,15,16550,4339857737,60634482,4400492219
2020-03-11,LG1,Others(HKUST),7,57,481144,17514354236,1631877364,19146231600
2020-03-11,LG1,Non-HKUST,5,8,22148,388584084,1930859033,2319443117
2020-03-11,LG1,Total,210,1580,4607168,528148070484,73811864654,601959935138
2020-03-11,LG3,Staff,69,255,160039,21613586085,2477611550,24091197635
2020-03-11,LG3,TPG,7,7,358,626891578,116166564,743058142
2020-03-11,LG3,RPG,47,49,3242,6324492692,225737930,6550230622
2020-03-11,LG3,UG,33,35,2696,2044144688,110639570,2154784258
2020-03-11,LG3,Alumni,1,1,0,626734627,14207503,640942130
2020-03-11,LG3,Others(HKUST),5,16,360,523243219,25055453,548298672
2020-03-11,LG3,Non-HKUST,3,5,0,10635166,4732952,15368118
2020-03-11,LG3,Total,165,368,166695,31769728055,2974151522,34743879577
2020-03-11,LG4,Staff,50,189,41586,14098834378,1274819816,15373654194
2020-03-11,LG4,TPG,9,10,0,3956794193,408383935,4365178128
2020-03-11,LG4,RPG,34,36,179,487050005,43157480,530207485
2020-03-11,LG4,UG,47,68,3239,11260461019,1405132224,12665593243
2020-03-11,LG4,Alumni,0,0,0,0,0,0
2020-03-11,LG4,Others(HKUST),9,26,181078,4692157757,612125853,5304283610
2020-03-11,LG4,Non-HKUST,1,1,0,486293,168001,654294
2020-03-11,LG4,Total,150,330,226082,34495783645,3743787309,38239570954
2020-03-11,All-Floors,Staff,198,1690,2436205,189102386401,20954630065,210057016466
2020-03-11,All-Floors,TPG,80,864,2291761,244402709227,34817589137,279220298364
2020-03-11,All-Floors,RPG,135,452,704067,103980449119,9845335644,113825784763
2020-03-11,All-Floors,UG,194,1272,2932669,402165063383,52193920684,454358984067
2020-03-11,All-Floors,Alumni,5,29,27702,4984256428,77281552,5061537980
2020-03-11,All-Floors,Others(HKUST),13,154,1032856,71679997230,5094163854,76774161084
2020-03-11,All-Floors,Non-HKUST,12,33,108402,3882342258,2702002238,6584344496
2020-03-11,All-Floors,Total,637,4494,9533662,1020197204046,125684923174,1145882127220
2020-03-12,1,Staff,47,473,983573,27494110599,6466772374,33960882973
2020-03-12,1,TPG,4,5,0,106452101,10557087,117009188
2020-03-12,1,RPG,0,0,0,0,0,0
2020-03-12,1,UG,4,14,22335,1766210483,68457015,1834667498
2020-03-12,1,Alumni,0,0,0,0,0,0
2020-03-12,1,Others(HKUST),3,41,192257,4555504249,812090201,5367594450
2020-03-12,1,Non-HKUST,0,0,0,0,0,0
2020-03-12,1,Total,58,533,1198165,33922277432,7357876677,41280154109
2020-03-12,G,Staff,98,560,873299,80381821916,7504505231,87886327147
2020-03-12,G,TPG,76,443,1080520,377676095069,16751146854,394427241923
2020-03-12,G,RPG,42,116,271108,17450905756,1262012674,18712918430
2020-03-12,G,UG,107,394,730595,101373201877,10463026378,111836228255
2020-03-12,G,Alumni,4,24,65880,3444189258,245223356,3689412614
2020-03-12,G,Others(HKUST),5,17,184683,4948673223,404731359,5353404582
2020-03-12,G,Non-HKUST,9,29,118779,6707112150,406862290,7113974440
2020-03-12,G,Total,341,1583,3324864,591981999249,37037508142,629019507391
2020-03-12,LG1,Staff,44,134,216995,12176934693,2820230217,14997164910
2020-03-12,LG1,TPG,54,489,1323468,213104521943,20561658452,233666180395
2020-03-12,LG1,RPG,25,226,484188,37992716069,4084264111,42076980180
2020-03-12,LG1,UG,92,784,2280308,288154662807,58338830939,346493493746
2020-03-12,LG1,Alumni,0,0,0,0,0,0
2020-03-12,LG1,Others(HKUST),5,54,466736,16806060802,1246082396,18052143198
2020-03-12,LG1,Non-HKUST,1,8,12965,1144327582,130878047,1275205629
2020-03-12,LG1,Total,221,1695,4784660,569379223896,87181944162,656561168058
2020-03-12,LG3,Staff,55,187,114160,8656757024,1738032160,10394789184
2020-03-12,LG3,TPG,9,17,24663,6690569822,809147934,7499717756
2020-03-12,LG3,RPG,48,52,179,3018452483,136683677,3155136160
2020-03-12,LG3,UG,23,37,19272,20322162448,1038446214,21360608662
2020-03-12,LG3,Alumni,2,2,0,1038220,322417,1360637
2020-03-12,LG3,Others(HKUST),8,11,181,104548268,5523468,110071736
2020-03-12,LG3,Non-HKUST,0,0,0,0,0,0
2020-03-12,LG3,Total,145,306,158455,38793528265,3728155870,42521684135
2020-03-12,LG4,Staff,51,133,28820,2938046822,506051142,3444097964
2020-03-12,LG4,TPG,13,18,720,1722377811,2904459874,4626837685
2020-03-12,LG4,RPG,41,44,0,1019228990,159750052,1178979042
2020-03-12,LG4,UG,38,65,10072,12514299191,1132492901,13646792092
2020-03-12,LG4,Alumni,1,1,2162,2862355,2793905,5656260
2020-03-12,LG4,Others(HKUST),6,17,174598,5827977847,665735483,6493713330
2020-03-12,LG4,Non-HKUST,2,2,0,137039611,6379717,143419328
2020-03-12,LG4,Total,152,280,216372,24161832627,5377663074,29539495701
2020-03-12,All-Floors,Staff,182,1487,2216847,131647671054,19035591124,150683262178
2020-03-12,All-Floors,TPG,94,972,2429371,599300016746,41036970201,640336986947
2020-03-12,All-Floors,RPG,132,438,755475,59481303298,5642710514,65124013812
2020-03-12,All-Floors,UG,183,1294,3062582,424130536806,71041253447,495171790253
2020-03-12,All-Floors,Alumni,7,27,68042,3448089833,248339678,3696429511
2020-03-12,All-Floors,Others(HKUST),14,140,1018455,32242764389,3134162907,35376927296
2020-03-12,All-Floors,Non-HKUST,12,39,131744,7988479343,544120054,8532599397
2020-03-12,All-Floors,Total,624,4397,9682516,1258238861469,140683147925,1398922009394
2020-03-13,1,Staff,55,620,1341482,62302391239,12600093676,74902484915
2020-03-13,1,TPG,0,0,0,0,0,0
2020-03-13,1,RPG,1,1,719,29250,27627,56877
2020-03-13,1,UG,4,16,22330,1479540445,130853064,1610393509
2020-03-13,1,Alumni,0,0,0,0,0,0
2020-03-13,1,Others(HKUST),5,31,192795,5851834093,1101491652,6953325745
2020-03-13,1,Non-HKUST,0,0,0,0,0,0
2020-03-13,1,Total,65,668,1557326,69633795027,13832466019,83466261046
2020-03-13,G,Staff,107,601,766604,42198593582,11866184583,54064778165
2020-03-13,G,TPG,71,463,1340665,134048502921,15927441355,149975944276
2020-03-13,G,RPG,46,132,257035,20805292079,1822079497,22627371576
2020-03-13,G,UG,105,355,565764,67595898308,4802621251,72398519559
2020-03-13,G,Alumni,2,33,86221,10515270819,531888627,11047159446
2020-03-13,G,Others(HKUST),6,31,187569,5107137115,372603829,5479740944
2020-03-13,G,Non-HKUST,5,14,71474,3527055097,285137135,3812192232
2020-03-13,G,Total,342,1629,3275332,283797749921,35607956277,319405706198
2020-03-13,LG1,Staff,46,173,235328,12665247660,1917538435,14582786095
2020-03-13,LG1,TPG,43,464,1368563,125558926377,23791556239,149350482616
2020-03-13,LG1,RPG,29,164,385279,40002509460,5100952781,45103462241
2020-03-13,LG1,UG,102,811,1970886,223477502088,37665729477,261143231565
2020-03-13,LG1,Alumni,1,6,27360,781623388,32284870,813908258
2020-03-13,LG1,Others(HKUST),3,86,497119,16516322827,1370002087,17886324914
2020-03-13,LG1,Non-HKUST,3,53,97731,7137514252,611515194,7749029446
2020-03-13,LG1,Total,227,1757,4582266,426139646052,70489579083,496629225135
2020-03-13,LG3,Staff,83,258,167388,10208010330,3042427602,13250437932
2020-03-13,LG3,TPG,8,9,0,2501593328,566516628,3068109956
2020-03-13,LG3,RPG,57,59,7190,2511270933,188112866,2699383799
2020-03-13,LG3,UG,38,45,33452,868008088,158001201,1026009289
2020-03-13,LG3,Alumni,1,3,0,555381461,18667008,574048469
2020-03-13,LG3,Others(HKUST),4,5,720,8286034,771929,9057963
2020-03-13,LG3,Non-HKUST,3,3,0,174583488,9867492,184450980
2020-03-13,LG3,Total,194,382,208750,16827133662,3984364726,20811498388
2020-03-13,LG4,Staff,56,124,13334,3171628344,1738823203,4910451547
2020-03-13,LG4,TPG,8,9,1438,1946445056,453027129,2399472185
2020-03-13,LG4,RPG,38,40,0,1408996807,151127907,1560124714
2020-03-13,LG4,UG,43,69,7377,7673315153,589727000,8263042153
2020-03-13,LG4,Alumni,0,0,0,0,0,0
2020-03-13,LG4,Others(HKUST),8,25,181253,9769244518,1246119729,11015364247
2020-03-13,LG4,Non-HKUST,2,2,0,62271497,11487358,73758855
2020-03-13,LG4,Total,155,269,203402,24031901375,4190312326,28222213701
2020-03-13,All-Floors,Staff,218,1776,2524136,130545871155,31165067499,161710938654
2020-03-13,All-Floors,TPG,84,945,2710666,264055467682,40738541351,304794009033
2020-03-13,All-Floors,RPG,139,396,650223,64728098529,7262300678,71990399207
2020-03-13,All-Floors,UG,199,1296,2599809,301094264082,43346931993,344441196075
2020-03-13,All-Floors,Alumni,3,42,113581,11852275668,582840505,12435116173
2020-03-13,All-Floors,Others(HKUST),12,178,1059456,37252824587,4090989226,41343813813
2020-03-13,All-Floors,Non-HKUST,9,72,169205,10901424334,918007179,11819431513
2020-03-13,All-Floors,Total,664,4705,9827076,820430226037,128104678431,948534904468
2020-03-14,1,Staff,6,43,433454,4512014959,340541714,4852556673
2020-03-14,1,TPG,3,3,4860,216725234,10052801,226778035
2020-03-14,1,RPG,7,7,1618,6690329,602342,7292671
2020-03-14,1,UG,0,0,0,0,0,0
2020-03-14,1,Alumni,0,0,0,0,0,0
2020-03-14,1,Others(HKUST),1,2,172798,1126050079,195831698,1321881777
2020-03-14,1,Non-HKUST,0,0,0,0,0,0
2020-03-14,1,Total,17,55,612730,5861480601,547028555,6408509156
2020-03-14,G,Staff,22,117,160740,4553845717,706735652,5260581369
2020-03-14,G,TPG,34,126,246603,37781839774,14663172495,52445012269
2020-03-14,G,RPG,28,102,247150,11470731989,926379379,12397111368
2020-03-14,G,UG,76,258,597785,56504770868,5654937485,62159708353
2020-03-14,G,Alumni,9,42,81719,18101760422,589131000,18690891422
2020-03-14,G,Others(HKUST),3,8,172618,4174466325,542922743,4717389068
2020-03-14,G,Non-HKUST,5,17,13855,3381916503,2342344239,5724260742
2020-03-14,G,Total,177,670,1520470,135969331598,25425622993,161394954591
2020-03-14,LG1,Staff,19,56,84968,7429902672,569411828,7999314500
2020-03-14,LG1,TPG,25,231,623178,74724971609,11567122500,86292094109
2020-03-14,LG1,RPG,15,73,114292,11326897081,708080092,12034977173
2020-03-14,LG1,UG,59,374,1149257,285188682121,19287728539,304476410660
2020-03-14,LG1,Alumni,2,8,54003,1889627065,7014606287,8904233352
2020-03-14,LG1,Others(HKUST),3,22,491395,7746451037,1354269458,9100720495
2020-03-14,LG1,Non-HKUST,4,50,100986,8975428707,2771623587,11747052294
2020-03-14,LG1,Total,127,814,2618079,397281960292,43272842291,440554802583
2020-03-14,LG3,Staff,25,77,136821,1816115768,195733127,2011848895
2020-03-14,LG3,TPG,8,14,14937,2820452988,153507147,2973960135
2020-03-14,LG3,RPG,29,30,0,1433545645,103575800,1537121445
2020-03-14,LG3,UG,41,50,34570,5752590765,356452864,6109043629
2020-03-14,LG3,Alumni,0,0,0,0,0,0
2020-03-14,LG3,Others(HKUST),4,4,540,7275602,821054,8096656
2020-03-14,LG3,Non-HKUST,3,3,0,164056357,7205391,171261748
2020-03-14,LG3,Total,110,178,186868,11994037125,817295383,12811332508
2020-03-14,LG4,Staff,22,46,5039,2165323385,105888073,2271211458
2020-03-14,LG4,TPG,9,12,1620,1349610773,633497846,1983108619
2020-03-14,LG4,RPG,37,39,0,827219328,288762425,1115981753
2020-03-14,LG4,UG,45,59,7918,5854024586,454434002,6308458588
2020-03-14,LG4,Alumni,0,0,0,0,0,0
2020-03-14,LG4,Others(HKUST),3,9,173518,4791626463,622442396,5414068859
2020-03-14,LG4,Non-HKUST,1,2,0,122077258,18702537,140779795
2020-03-14,LG4,Total,117,167,188095,15109881793,2123727279,17233609072
2020-03-14,All-Floors,Staff,69,339,821022,20477202501,1918310394,22395512895
2020-03-14,All-Floors,TPG,51,386,891198,116893600378,27027352789,143920953167
2020-03-14,All-Floors,RPG,101,251,363060,25065084372,2027400038,27092484410
2020-03-14,All-Floors,UG,158,741,1789530,353300068340,25753552890,379053621230
2020-03-14,All-Floors,Alumni,10,50,135722,19991387487,7603737287,27595124774
2020-03-14,All-Floors,Others(HKUST),8,45,1010869,17845869506,2716287349,20562156855
2020-03-14,All-Floors,Non-HKUST,8,72,114841,12643478825,5139875754,17783354579
2020-03-14,All-Floors,Total,405,1884,5126242,566216691409,72186516501,638403207910
2020-03-15,1,Staff,6,42,413805,4552571335,312216314,4864787649
2020-03-15,1,TPG,1,1,0,111198,60594,171792
2020-03-15,1,RPG,5,5,1618,1609507270,323349120,1932856390
2020-03-15,1,UG,3,3,720,126423,92922,219345
2020-03-15,1,Alumni,0,0,0,0,0,0
2020-03-15,1,Others(HKUST),1,2,172798,1126050079,195831698,1321881777
2020-03-15,1,Non-HKUST,0,0,0,0,0,0
2020-03-15,1,Total,16,53,588941,7288366305,831550648,8119916953
2020-03-15,G,Staff,18,134,190618,10551626346,854699586,11406325932
2020-03-15,G,TPG,30,147,443375,27421975655,5028175594,32450151249
2020-03-15,G,RPG,23,98,288944,9310685682,1588751136,10899436818
2020-03-15,G,UG,71,241,480832,62449942243,8060860284,70510802527
2020-03-15,G,Alumni,11,63,160749,14662593431,675465124,15338058555
2020-03-15,G,Others(HKUST),2,2,172798,2452683311,307537716,2760221027
2020-03-15,G,Non-HKUST,1,3,10620,261184331,545400036,806584367
2020-03-15,G,Total,156,688,1747936,127110690999,17060889476,144171580475
2020-03-15,LG1,Staff,13,30,85488,16811913892,459158916,17271072808
2020-03-15,LG1,TPG,24,220,617836,171946120122,29358504541,201304624663
2020-03-15,LG1,RPG,14,25,45186,2518980242,159141532,2678121774
2020-03-15,LG1,UG,84,568,1530649,227310236970,23443822361,250754059331
2020-03-15,LG1,Alumni,8,37,62285,6401733100,292571272,6694304372
2020-03-15,LG1,Others(HKUST),2,7,432535,5896963495,1013366565,6910330060
2020-03-15,LG1,Non-HKUST,1,17,21599,800147399,65709455,865856854
2020-03-15,LG1,Total,146,904,2795578,431686095220,54792274642,486478369862
2020-03-15,LG3,Staff,11,54,61383,9347022783,187724945,9534747728
2020-03-15,LG3,TPG,9,10,0,126073161,12167150,138240311
2020-03-15,LG3,RPG,25,29,2702,1429607558,79297307,1508904865
2020-03-15,LG3,UG,46,57,32040,4141312556,740898145,4882210701
2020-03-15,LG3,Alumni,3,5,180,55208949,4608287,59817236
2020-03-15,LG3,Others(HKUST),1,2,0,305257,89380,394637
2020-03-15,LG3,Non-HKUST,3,3,0,5168488,21638116,26806604
2020-03-15,LG3,Total,98,160,96305,15104698752,1046423330,16151122082
2020-03-15,LG4,Staff,12,21,720,111143228,18894722,130037950
2020-03-15,LG4,TPG,12,14,1800,2451846527,141697831,2593544358
2020-03-15,LG4,RPG,28,29,0,749779284,69841533,819620817
2020-03-15,LG4,UG,47,67,17642,5908244881,1284338985,7192583866
2020-03-15,LG4,Alumni,0,0,0,0,0,0
2020-03-15,LG4,Others(HKUST),4,15,177296,7889391626,1044459290,8933850916
2020-03-15,LG4,Non-HKUST,0,0,0,0,0,0
2020-03-15,LG4,Total,103,146,197458,17110405546,2559232361,19669637907
2020-03-15,All-Floors,Staff,47,281,752014,41374277584,1832694483,43206972067
2020-03-15,All-Floors,TPG,57,392,1063011,201946126663,34540605710,236486732373
2020-03-15,All-Floors,RPG,79,186,338450,15618560036,2220380628,17838940664
2020-03-15,All-Floors,UG,167,936,2061883,299809863073,33530012697,333339875770
2020-03-15,All-Floors,Alumni,19,105,223214,21119535480,972644683,22092180163
2020-03-15,All-Floors,Others(HKUST),7,28,955427,17365393768,2561284649,19926678417
2020-03-15,All-Floors,Non-HKUST,5,23,32219,1066500218,632747607,1699247825
2020-03-15,All-Floors,Total,381,1951,5426218,598300256822,76290370457,674590627279
2020-03-16,1,Staff,49,501,1053912,73164624928,8948943110,82113568038
2020-03-16,1,TPG,3,3,1439,268261353,15653572,283914925
2020-03-16,1,RPG,7,7,181,72543638,7756177,80299815
2020-03-16,1,UG,4,44,66822,16124671854,924227327,17048899181
2020-03-16,1,Alumni,0,0,0,0,0,0
2020-03-16,1,Others(HKUST),3,51,188829,3286999162,484703885,3771703047
2020-03-16,1,Non-HKUST,0,0,0,0,0,0
2020-03-16,1,Total,66,606,1311183,92917100935,10381284071,103298385006
2020-03-16,G,Staff,116,645,827270,57901008429,5383038546,63284046975
2020-03-16,G,TPG,75,356,917962,114804389044,13234440300,128038829344
2020-03-16,G,RPG,47,171,350727,18472236432,1449497894,19921734326
2020-03-16,G,UG,104,396,733909,87485361360,18855868128,106341229488
2020-03-16,G,Alumni,7,71,130002,14756987294,796341597,15553328891
2020-03-16,G,Others(HKUST),6,23,228573,3827966321,1349648447,5177614768
2020-03-16,G,Non-HKUST,3,10,5402,509090544,29156584,538247128
2020-03-16,G,Total,358,1672,3193845,297757039424,41097991496,338855030920
2020-03-16,LG1,Staff,61,239,321761,22168464553,2999390524,25167855077
2020-03-16,LG1,TPG,52,595,1655096,279547245957,33507240755,313054486712
2020-03-16,LG1,RPG,25,174,415678,26263665232,2665629563,28929294795
2020-03-16,LG1,UG,112,765,2358257,303447400763,51436441838,354883842601
2020-03-16,LG1,Alumni,4,26,67327,2744168030,294845237,3039013267
2020-03-16,LG1,Others(HKUST),8,68,454860,16544701933,3875946538,20420648471
2020-03-16,LG1,Non-HKUST,4,7,38704,959933877,355559177,1315493054
2020-03-16,LG1,Total,266,1874,5311683,651675580345,95135053632,746810633977
2020-03-16,LG3,Staff,72,201,74567,40117865071,1750193041,41868058112
2020-03-16,LG3,TPG,5,5,180,507145122,87821850,594966972
2020-03-16,LG3,RPG,39,44,9001,3785091388,206570607,3991661995
2020-03-16,LG3,UG,38,50,38710,8340311179,198446646,8538757825
2020-03-16,LG3,Alumni,0,0,0,0,0,0
2020-03-16,LG3,Others(HKUST),6,16,2162,50921076,3645610,54566686
2020-03-16,LG3,Non-HKUST,7,8,0,223826372,41555864,265382236
2020-03-16,LG3,Total,167,324,124620,53025160208,2288233618,55313393826
2020-03-16,LG4,Staff,44,115,19275,25142034862,938953545,26080988407
2020-03-16,LG4,TPG,12,13,0,6019930645,479637460,6499568105
2020-03-16,LG4,RPG,32,37,0,1946285212,103875273,2050160485
2020-03-16,LG4,UG,52,86,27887,6315268210,360686794,6675955004
2020-03-16,LG4,Alumni,1,1,0,16461,10589,27050
2020-03-16,LG4,Others(HKUST),8,44,187749,4278939854,603385085,4882324939
2020-03-16,LG4,Non-HKUST,2,2,0,334968,280733,615701
2020-03-16,LG4,Total,151,298,234911,43702810212,2486829479,46189639691
2020-03-16,All-Floors,Staff,207,1701,2296785,218493997843,20020518766,238514516609
2020-03-16,All-Floors,TPG,89,972,2574677,401146972121,47324793937,448471766058
2020-03-16,All-Floors,RPG,118,433,775587,50539821902,4433329514,54973151416
2020-03-16,All-Floors,UG,204,1341,3225585,421713013366,71775670733,493488684099
2020-03-16,All-Floors,Alumni,10,98,197329,17501171785,1091197423,18592369208
2020-03-16,All-Floors,Others(HKUST),15,202,1062173,27989528346,6317329565,34306857911
2020-03-16,All-Floors,Non-HKUST,15,27,44106,1693185761,426552358,2119738119
2020-03-16,All-Floors,Total,658,4774,10176242,1139077691124,151389392296,1290467083420
2020-03-17,1,Staff,48,529,951087,35959408366,6276668129,42236076495
2020-03-17,1,TPG,1,1,719,0,345072,345072
2020-03-17,1,RPG,5,5,719,34422820,11320074,45742894
2020-03-17,1,UG,3,11,29365,1108924369,1163711890,2272636259
2020-03-17,1,Alumni,0,0,0,0,0,0
2020-03-17,1,Others(HKUST),3,22,192077,3358440430,611235783,3969676213
2020-03-17,1,Non-HKUST,0,0,0,0,0,0
2020-03-17,1,Total,60,568,1173967,40461195985,8063280948,48524476933
2020-03-17,G,Staff,109,579,804161,85869573849,9756238047,95625811896
2020-03-17,G,TPG,59,370,838122,115614106971,10904558600,126518665571
2020-03-17,G,RPG,46,165,334766,40718082509,6318400063,47036482572
2020-03-17,G,UG,114,457,922557,148899744487,19809902755,168709647242
2020-03-17,G,Alumni,5,35,99949,2654357533,204209676,2858567209
2020-03-17,G,Others(HKUST),8,32,283157,5137469320,517073045,5654542365
2020-03-17,G,Non-HKUST,6,27,95959,3206720905,292340277,3499061182
2020-03-17,G,Total,347,1665,3378671,402100055574,47802722463,449902778037
2020-03-17,LG1,Staff,59,223,414383,30713499042,4341810609,35055309651
2020-03-17,LG1,TPG,52,513,1267901,153346061356,15413210707,168759272063
2020-03-17,LG1,RPG,30,189,510277,30626448054,4846797062,35473245116
2020-03-17,LG1,UG,121,1059,2948941,318277406308,41627647498,359905053806
2020-03-17,LG1,Alumni,4,10,77935,3607817450,503151607,4110969057
2020-03-17,LG1,Others(HKUST),4,61,489391,8482883707,1037707217,9520590924
2020-03-17,LG1,Non-HKUST,4,27,35827,4552252873,477002122,5029254995
2020-03-17,LG1,Total,274,2082,5744655,549606368790,68247326822,617853695612
2020-03-17,LG3,Staff,67,200,67329,15295744621,5115908836,20411653457
2020-03-17,LG3,TPG,3,3,0,168923032,80818781,249741813
2020-03-17,LG3,RPG,35,40,1261,858694030,67657832,926351862
2020-03-17,LG3,UG,32,43,12407,8074185428,495238862,8569424290
2020-03-17,LG3,Alumni,0,0,0,0,0,0
2020-03-17,LG3,Others(HKUST),3,5,181,46054948,6127918,52182866
2020-03-17,LG3,Non-HKUST,3,3,179,197463079,8075896,205538975
2020-03-17,LG3,Total,143,294,81357,24641065138,5773828125,30414893263
2020-03-17,LG4,Staff,46,99,40179,8929950723,2336619599,11266570322
2020-03-17,LG4,TPG,8,9,0,3763595159,205253731,3968848890
2020-03-17,LG4,RPG,37,38,0,744244672,58085403,802330075
2020-03-17,LG4,UG,43,57,23756,13016929104,858809866,13875738970
2020-03-17,LG4,Alumni,0,0,0,0,0,0
2020-03-17,LG4,Others(HKUST),7,36,180720,5844930967,989305057,6834236024
2020-03-17,LG4,Non-HKUST,1,1,0,2934215,195140,3129355
2020-03-17,LG4,Total,142,240,244655,32302584840,4448268796,36750853636
2020-03-17,All-Floors,Staff,211,1630,2277139,176768176601,27827245220,204595421821
2020-03-17,All-Floors,TPG,82,896,2106742,272892686518,26604186891,299496873409
2020-03-17,All-Floors,RPG,126,437,847023,72981892085,11302260434,84284152519
2020-03-17,All-Floors,UG,205,1627,3937026,489377189696,63955310871,553332500567
2020-03-17,All-Floors,Alumni,8,45,177884,6262174983,707361283,6969536266
2020-03-17,All-Floors,Others(HKUST),15,156,1145526,22869779372,3161449020,26031228392
2020-03-17,All-Floors,Non-HKUST,11,58,131965,7959371072,777613435,8736984507
2020-03-17,All-Floors,Total,658,4849,10623305,1049111270327,134335427154,1183446697481
2020-03-18,1,Staff,55,654,1182385,43621050874,21568937342,65189988216
2020-03-18,1,TPG,0,0,0,0,0,0
2020-03-18,1,RPG,7,17,6290,48551077,8206639,56757716
2020-03-18,1,UG,2,15,34206,1532313589,125909977,1658223566
2020-03-18,1,Alumni,0,0,0,0,0,0
2020-03-18,1,Others(HKUST),3,22,188467,2371131587,462440615,2833572202
2020-03-18,1,Non-HKUST,1,1,0,0,0,0
2020-03-18,1,Total,68,709,1411348,47573047127,22165494573,69738541700
2020-03-18,G,Staff,117,587,954538,69342347254,9633315488,78975662742
2020-03-18,G,TPG,58,290,693937,82185145967,44403067411,126588213378
2020-03-18,G,RPG,40,173,315049,24471432909,3140102010,27611534919
2020-03-18,G,UG,128,484,858965,137736687702,22157236651,159893924353
2020-03-18,G,Alumni,6,44,83145,4482753329,716115288,5198868617
2020-03-18,G,Others(HKUST),4,11,226477,3531465832,415641802,3947107634
2020-03-18,G,Non-HKUST,2,11,23239,1128538070,148021132,1276559202
2020-03-18,G,Total,355,1600,3155350,322878371063,80613499782,403491870845
2020-03-18,LG1,Staff,66,284,340866,25903646627,5302366988,31206013615
2020-03-18,LG1,TPG,50,483,1345595,125236210232,16861817397,142098027629
2020-03-18,LG1,RPG,31,235,513320,65622126837,6938811993,72560938830
2020-03-18,LG1,UG,132,1111,2714977,369513178283,60892053635,430405231918
2020-03-18,LG1,Alumni,4,22,69830,15360555549,583430609,15943986158
2020-03-18,LG1,Others(HKUST),6,18,451090,6042228657,911565762,6953794419
2020-03-18,LG1,Non-HKUST,4,6,10612,243241614,38998975,282240589
2020-03-18,LG1,Total,293,2159,5446290,607921187799,91529045359,699450233158
2020-03-18,LG3,Staff,84,168,90181,12963293805,771399008,13734692813
2020-03-18,LG3,TPG,10,12,721,1764743859,213736859,1978480718
2020-03-18,LG3,RPG,45,47,0,5593631426,217703740,5811335166
2020-03-18,LG3,UG,46,57,5402,17029579720,1901487926,18931067646
2020-03-18,LG3,Alumni,1,1,0,81987312,4309269,86296581
2020-03-18,LG3,Others(HKUST),6,13,1985,221491372,13438377,234929749
2020-03-18,LG3,Non-HKUST,6,6,541,652501601,31312318,683813919
2020-03-18,LG3,Total,198,304,98830,38307229095,3153387497,41460616592
2020-03-18,LG4,Staff,61,133,43029,9542444310,517130094,10059574404
2020-03-18,LG4,TPG,11,15,17282,4031092623,951078885,4982171508
2020-03-18,LG4,RPG,35,36,0,711286670,31698771,742985441
2020-03-18,LG4,UG,39,64,4315,11198826924,1202679161,12401506085
2020-03-18,LG4,Alumni,1,1,0,2160729,277222,2437951
2020-03-18,LG4,Others(HKUST),6,23,179638,4200766422,647219371,4847985793
2020-03-18,LG4,Non-HKUST,1,1,0,1042045,114740,1156785
2020-03-18,LG4,Total,154,273,244264,29687619723,3350198244,33037817967
2020-03-18,All-Floors,Staff,244,1826,2610999,161372782870,37793148920,199165931790
2020-03-18,All-Floors,TPG,79,800,2057535,213217192681,62429700552,275646893233
2020-03-18,All-Floors,RPG,129,508,834659,96447028919,10336523153,106783552072
2020-03-18,All-Floors,UG,231,1731,3617865,537010586218,86279367350,623289953568
2020-03-18,All-Floors,Alumni,10,68,152975,19927456919,1304132388,21231589307
2020-03-18,All-Floors,Others(HKUST),13,87,1047657,16367083870,2450305927,18817389797
2020-03-18,All-Floors,Non-HKUST,13,25,34392,2025323330,218447165,2243770495
2020-03-18,All-Floors,Total,719,5045,10356082,1046367454807,200811625455,1247179080262
2020-03-19,1,Staff,52,573,1145754,42721946988,10279348492,53001295480
2020-03-19,1,TPG,2,2,0,88013167,10147704,98160871
2020-03-19,1,RPG,7,7,2525,7298456,2325443,9623899
2020-03-19,1,UG,6,51,15671,17268895546,1197678025,18466573571
2020-03-19,1,Alumni,0,0,0,0,0,0
2020-03-19,1,Others(HKUST),4,22,162048,600060363,74559839,674620202
2020-03-19,1,Non-HKUST,0,0,0,0,0,0
2020-03-19,1,Total,71,655,1325998,60686214520,11564059503,72250274023
2020-03-19,G,Staff,110,572,926781,62076369603,5073271519,67149641122
2020-03-19,G,TPG,73,398,1128686,92938662869,11477779968,104416442837
2020-03-19,G,RPG,41,128,150179,14503262496,1290998048,15794260544
2020-03-19,G,UG,105,442,975581,146613963753,16194304220,162808267973
2020-03-19,G,Alumni,4,17,36362,1211944318,87895061,1299839379
2020-03-19,G,Others(HKUST),6,27,229834,5094118472,466201998,5560320470
2020-03-19,G,Non-HKUST,4,19,75405,4033036398,295659971,4328696369
2020-03-19,G,Total,343,1603,3522828,326471357909,34886110785,361357468694
2020-03-19,LG1,Staff,54,298,495601,18169271828,7928581793,26097853621
2020-03-19,LG1,TPG,48,345,1045350,95294545794,15688870333,110983416127
2020-03-19,LG1,RPG,29,230,579019,31483885330,5806614851,37290500181
2020-03-19,LG1,UG,103,860,2492390,292281735851,36025290858,328307026709
2020-03-19,LG1,Alumni,2,4,3063,69723464,9311121,79034585
2020-03-19,LG1,Others(HKUST),4,58,491755,11030675185,1284612876,12315288061
2020-03-19,LG1,Non-HKUST,2,13,27000,442160330,50099729,492260059
2020-03-19,LG1,Total,242,1808,5134178,448771997782,66793381561,515565379343
2020-03-19,LG3,Staff,66,171,112892,36824905509,1947414887,38772320396
2020-03-19,LG3,TPG,5,6,0,1026929234,4185689650,5212618884
2020-03-19,LG3,RPG,39,44,902,1473761350,74217899,1547979249
2020-03-19,LG3,UG,43,60,34006,26761187320,2229659532,28990846852
2020-03-19,LG3,Alumni,1,1,1262,74858740,8266063,83124803
2020-03-19,LG3,Others(HKUST),8,12,542,64311061,8789189,73100250
2020-03-19,LG3,Non-HKUST,0,0,0,0,0,0
2020-03-19,LG3,Total,162,294,149604,66225953214,8454037220,74679990434
2020-03-19,LG4,Staff,62,134,21789,14165218834,767725115,14932943949
2020-03-19,LG4,TPG,15,19,179,3479833230,1507799755,4987632985
2020-03-19,LG4,RPG,42,45,178,1985431733,131805396,2117237129
2020-03-19,LG4,UG,41,76,49120,37569038783,1510551744,39079590527
2020-03-19,LG4,Alumni,0,0,0,0,0,0
2020-03-19,LG4,Others(HKUST),7,39,195648,19823157200,3435810663,23258967863
2020-03-19,LG4,Non-HKUST,2,2,0,8140498,371272,8511770
2020-03-19,LG4,Total,169,315,266914,77030820278,7354063945,84384884223
2020-03-19,All-Floors,Staff,218,1748,2702817,173957712762,25996341806,199954054568
2020-03-19,All-Floors,TPG,90,770,2174215,192827984294,32870287410,225698271704
2020-03-19,All-Floors,RPG,131,454,732803,49453639365,7305961637,56759601002
2020-03-19,All-Floors,UG,185,1489,3566768,520494821253,57157484379,577652305632
2020-03-19,All-Floors,Alumni,5,22,40687,1356526522,105472245,1461998767
2020-03-19,All-Floors,Others(HKUST),16,158,1079827,36612322281,5269974565,41882296846
2020-03-19,All-Floors,Non-HKUST,7,34,102405,4483337226,346130972,4829468198
2020-03-19,All-Floors,Total,652,4675,10399522,979186343703,129051653014,1108237996717
2020-03-20,1,Staff,60,611,1138876,59266863601,25149361145,84416224746
2020-03-20,1,TPG,1,1,0,183027609,27416243,210443852
2020-03-20,1,RPG,6,6,2700,3350938,1095234,4446172
2020-03-20,1,UG,8,70,90940,8984429403,842045083,9826474486
2020-03-20,1,Alumni,0,0,0,0,0,0
2020-03-20,1,Others(HKUST),3,23,83746,437636150,53172927,490809077
2020-03-20,1,Non-HKUST,1,1,0,6573,2923,9496
2020-03-20,1,Total,79,712,1316262,68875314274,26073093555,94948407829
2020-03-20,G,Staff,119,573,893259,63383028862,10742131332,74125160194
2020-03-20,G,TPG,75,365,783885,69129257447,5447360590,74576618037
2020-03-20,G,RPG,40,144,205107,35587569113,1748003421,37335572534
2020-03-20,G,UG,112,465,851792,104646212896,8896947473,113543160369
2020-03-20,G,Alumni,4,25,46624,8877022937,435531671,9312554608
2020-03-20,G,Others(HKUST),7,24,225576,5226811407,665040672,5891852079
2020-03-20,G,Non-HKUST,6,15,76143,1693993042,514425845,2208418887
2020-03-20,G,Total,363,1611,3082386,288543895704,28449441004,316993336708
2020-03-20,LG1,Staff,55,262,430480,31122177319,8174177155,39296354474
2020-03-20,LG1,TPG,61,514,1489551,123074388763,12321198977,135395587740
2020-03-20,LG1,RPG,23,144,295563,28117648396,5384775482,33502423878
2020-03-20,LG1,UG,109,852,2290482,218238856628,25667521568,243906378196
2020-03-20,LG1,Alumni,2,7,1261,239686276,9939462,249625738
2020-03-20,LG1,Others(HKUST),7,110,533166,12121784623,2762185504,14883970127
2020-03-20,LG1,Non-HKUST,3,9,31136,1672000534,77680177,1749680711
2020-03-20,LG1,Total,260,1898,5071639,414586542539,54397478325,468984020864
2020-03-20,LG3,Staff,60,174,74377,22489085850,1066697498,23555783348
2020-03-20,LG3,TPG,7,11,2883,644433340,29808106,674241446
2020-03-20,LG3,RPG,39,42,1979,2685035245,262041119,2947076364
2020-03-20,LG3,UG,41,75,54490,10794919580,1397107011,12192026591
2020-03-20,LG3,Alumni,1,3,717,66929332,6580871,73510203
2020-03-20,LG3,Others(HKUST),4,15,1079,175875873,13090033,188965906
2020-03-20,LG3,Non-HKUST,2,2,0,196259164,28501477,224760641
2020-03-20,LG3,Total,154,322,135525,37052538384,2803826115,39856364499
2020-03-20,LG4,Staff,60,131,30974,16830729523,1605748168,18436477691
2020-03-20,LG4,TPG,12,20,0,3807783188,472848002,4280631190
2020-03-20,LG4,RPG,46,48,0,1356647228,54307912,1410955140
2020-03-20,LG4,UG,37,70,18525,8246098626,1139723188,9385821814
2020-03-20,LG4,Alumni,1,1,0,380358,160955,541313
2020-03-20,LG4,Others(HKUST),5,44,189368,8887524320,1003874051,9891398371
2020-03-20,LG4,Non-HKUST,3,3,0,67907924,1195132,69103056
2020-03-20,LG4,Total,164,317,238867,39197071167,4277857408,43474928575
2020-03-20,All-Floors,Staff,227,1751,2567966,193091885155,46738115298,239830000453
2020-03-20,All-Floors,TPG,100,911,2276319,196838890347,18298631918,215137522265
2020-03-20,All-Floors,RPG,124,384,505349,67750250920,7450223168,75200474088
2020-03-20,All-Floors,UG,198,1532,3306229,350910517133,37943344323,388853861456
2020-03-20,All-Floors,Alumni,7,36,48602,9184018903,452212959,9636231862
2020-03-20,All-Floors,Others(HKUST),15,216,1032935,26849632373,4497363187,31346995560
2020-03-20,All-Floors,Non-HKUST,13,30,107279,3630167237,621805554,4251972791
2020-03-20,All-Floors,Total,684,4860,9844679,848255362068,116001696407,964257058475
2020-03-21,1,Staff,4,58,242807,107354205,42116883,149471088
2020-03-21,1,TPG,0,0,0,0,0,0
2020-03-21,1,RPG,2,2,0,87366078,4386487,91752565
2020-03-21,1,UG,0,0,0,0,0,0
2020-03-21,1,Alumni,0,0,0,0,0,0
2020-03-21,1,Others(HKUST),0,0,0,0,0,0
2020-03-21,1,Non-HKUST,2,5,1082,568734704,44339698,613074402
2020-03-21,1,Total,8,65,243889,763454987,90843068,854298055
2020-03-21,G,Staff,13,34,199260,9464145456,959661056,10423806512
2020-03-21,G,TPG,30,123,358575,35228493453,4737045375,39965538828
2020-03-21,G,RPG,21,94,180908,10421063566,902435405,11323498971
2020-03-21,G,UG,62,199,552629,46905289446,3709070609,50614360055
2020-03-21,G,Alumni,7,53,94335,21785751040,1022329775,22808080815
2020-03-21,G,Others(HKUST),4,6,172798,5033293161,518237403,5551530564
2020-03-21,G,Non-HKUST,7,25,29341,4842458754,3700118519,8542577273
2020-03-21,G,Total,144,534,1587846,133680494876,15548898142,149229393018
2020-03-21,LG1,Staff,13,29,98975,1852879804,139098051,1991977855
2020-03-21,LG1,TPG,24,182,559301,96763102736,27053269868,123816372604
2020-03-21,LG1,RPG,13,56,149757,9302195566,694920743,9997116309
2020-03-21,LG1,UG,50,300,865110,93218785600,13544452662,106763238262
2020-03-21,LG1,Alumni,3,27,52024,4718680124,305464464,5024144588
2020-03-21,LG1,Others(HKUST),3,30,469431,16619299556,1730192570,18349492126
2020-03-21,LG1,Non-HKUST,2,4,34386,2358278693,56381867,2414660560
2020-03-21,LG1,Total,108,628,2228984,224833222079,43523780225,268357002304
2020-03-21,LG3,Staff,14,19,0,2855365003,74482494,2929847497
2020-03-21,LG3,TPG,5,11,23759,4381830869,172701587,4554532456
2020-03-21,LG3,RPG,32,34,720,1392686618,141033719,1533720337
2020-03-21,LG3,UG,20,24,5761,1846623587,355404558,2202028145
2020-03-21,LG3,Alumni,1,3,720,1115450756,155602337,1271053093
2020-03-21,LG3,Others(HKUST),2,4,2160,546719,369412,916131
2020-03-21,LG3,Non-HKUST,0,0,0,0,0,0
2020-03-21,LG3,Total,74,95,33120,11592503552,899594107,12492097659
2020-03-21,LG4,Staff,16,18,1082,153122220,31753563,184875783
2020-03-21,LG4,TPG,12,14,540,3635692107,2908521826,6544213933
2020-03-21,LG4,RPG,30,32,540,3325764205,138575566,3464339771
2020-03-21,LG4,UG,28,60,8640,8706335920,623433853,9329769773
2020-03-21,LG4,Alumni,0,0,0,0,0,0
2020-03-21,LG4,Others(HKUST),2,18,183417,27111589791,1420422289,28532012080
2020-03-21,LG4,Non-HKUST,3,3,0,206376620,9784267,216160887
2020-03-21,LG4,Total,91,145,194219,43138880863,5132491364,48271372227
2020-03-21,All-Floors,Staff,47,158,542124,14432866688,1247112047,15679978735
2020-03-21,All-Floors,TPG,46,330,942175,140009119165,34871538656,174880657821
2020-03-21,All-Floors,RPG,83,218,331925,24529076033,1881351920,26410427953
2020-03-21,All-Floors,UG,118,583,1432140,150677034553,18232361682,168909396235
2020-03-21,All-Floors,Alumni,8,83,147079,27619881920,1483396576,29103278496
2020-03-21,All-Floors,Others(HKUST),6,58,827806,48764729227,3669221674,52433950901
2020-03-21,All-Floors,Non-HKUST,11,37,64809,7975848771,3810624351,11786473122
2020-03-21,All-Floors,Total,319,1467,4288058,414008556357,65195606906,479204163263
2020-03-22,1,Staff,8,71,255954,523844011,84804457,608648468
2020-03-22,1,TPG,1,1,0,331095,197917,529012
2020-03-22,1,RPG,6,6,1440,43116083,4456948,47573031
2020-03-22,1,UG,4,4,181,3240978,574738,3815716
2020-03-22,1,Alumni,0,0,0,0,0,0
2020-03-22,1,Others(HKUST),1,1,719,5015284,445635,5460919
2020-03-22,1,Non-HKUST,0,0,0,0,0,0
2020-03-22,1,Total,20,83,258294,575547451,90479695,666027146
2020-03-22,G,Staff,21,140,265693,9153806561,983869709,10137676270
2020-03-22,G,TPG,23,92,237073,17186662518,1668757747,18855420265
2020-03-22,G,RPG,19,56,193330,25316020078,1848231177,27164251255
2020-03-22,G,UG,49,186,481537,32055897338,5133640348,37189537686
2020-03-22,G,Alumni,4,22,13322,17145168618,506147625,17651316243
2020-03-22,G,Others(HKUST),4,8,177116,3115115664,392068135,3507183799
2020-03-22,G,Non-HKUST,4,13,28979,9917155138,283274502,10200429640
2020-03-22,G,Total,124,517,1397050,113889825915,10815989243,124705815158
2020-03-22,LG1,Staff,12,58,153551,4898115230,643433929,5541549159
2020-03-22,LG1,TPG,25,153,538064,72543407971,9074188053,81617596024
2020-03-22,LG1,RPG,6,21,66062,4296948400,164384531,4461332931
2020-03-22,LG1,UG,39,308,684925,90242720055,7515432737,97758152792
2020-03-22,LG1,Alumni,3,23,61204,16890667137,695685693,17586352830
2020-03-22,LG1,Others(HKUST),2,7,432534,5405831960,932422387,6338254347
2020-03-22,LG1,Non-HKUST,2,2,15481,528159730,43910003,572069733
2020-03-22,LG1,Total,89,572,1951821,194805850483,19069457333,213875307816
2020-03-22,LG3,Staff,17,36,19446,745601497,56434726,802036223
2020-03-22,LG3,TPG,6,6,3059,399217165,54502403,453719568
2020-03-22,LG3,RPG,24,25,0,1012553481,58676441,1071229922
2020-03-22,LG3,UG,30,34,7202,3373111927,125778877,3498890804
2020-03-22,LG3,Alumni,1,2,0,197149875,16158561,213308436
2020-03-22,LG3,Others(HKUST),2,4,181,626261,107737,733998
2020-03-22,LG3,Non-HKUST,2,2,1800,2252448848,46574167,2299023015
2020-03-22,LG3,Total,82,109,31688,7980709054,358232912,8338941966
2020-03-22,LG4,Staff,15,22,0,453400399,40647852,494048251
2020-03-22,LG4,TPG,6,6,0,911137013,57474324,968611337
2020-03-22,LG4,RPG,23,23,1439,676337633,36253712,712591345
2020-03-22,LG4,UG,43,64,37631,5343383983,515040840,5858424823
2020-03-22,LG4,Alumni,1,1,0,5695009,1004160,6699169
2020-03-22,LG4,Others(HKUST),4,28,178016,8573265381,1829110569,10402375950
2020-03-22,LG4,Non-HKUST,1,1,0,7205,2523,9728
2020-03-22,LG4,Total,93,145,217086,15963226623,2479533980,18442760603
2020-03-22,All-Floors,Staff,48,327,694644,15774767698,1809190673,17583958371
2020-03-22,All-Floors,TPG,43,258,778196,91040755762,10855120444,101895876206
2020-03-22,All-Floors,RPG,71,131,262271,31344975675,2112002809,33456978484
2020-03-22,All-Floors,UG,127,596,1211476,131018354281,13290467540,144308821821
2020-03-22,All-Floors,Alumni,7,48,74526,34238680639,1218996039,35457676678
2020-03-22,All-Floors,Others(HKUST),8,48,788566,17099854550,3154154463,20254009013
2020-03-22,All-Floors,Non-HKUST,6,18,46260,12697770921,373761195,13071532116
2020-03-22,All-Floors,Total,310,1426,3855939,333215159526,32813693163,366028852689
2020-03-23,1,Staff,19,158,479399,9163358210,3298065498,12461423708
2020-03-23,1,TPG,0,0,0,0,0,0
2020-03-23,1,RPG,5,5,1440,1680771,432744,2113515
2020-03-23,1,UG,1,1,0,86128787,3108615,89237402
2020-03-23,1,Alumni,0,0,0,0,0,0
2020-03-23,1,Others(HKUST),2,3,10065,4697399,4576649,9274048
2020-03-23,1,Non-HKUST,0,0,0,0,0,0
2020-03-23,1,Total,27,167,490904,9255865167,3306183506,12562048673
2020-03-23,G,Staff,23,140,336487,8413848262,6646604759,15060453021
2020-03-23,G,TPG,0,0,0,0,0,0
2020-03-23,G,RPG,2,2,0,122545278,2949758,125495036
2020-03-23,G,UG,3,3,721,117372841,16439486,133812327
2020-03-23,G,Alumni,0,0,0,0,0,0
2020-03-23,G,Others(HKUST),3,6,200490,4545286983,553087449,5098374432
2020-03-23,G,Non-HKUST,0,0,0,0,0,0
2020-03-23,G,Total,31,151,537698,13199053364,7219081452,20418134816
2020-03-23,LG1,Staff,11,23,4501,2155853976,196684034,2352538010
2020-03-23,LG1,TPG,0,0,0,0,0,0
2020-03-23,LG1,RPG,7,8,1619,1099857,750267,1850124
2020-03-23,LG1,UG,6,6,1079,757959081,23216156,781175237
2020-03-23,LG1,Alumni,0,0,0,0,0,0
2020-03-23,LG1,Others(HKUST),2,7,432356,5398625012,932126992,6330752004
2020-03-23,LG1,Non-HKUST,0,0,0,0,0,0
2020-03-23,LG1,Total,26,44,439555,8313537926,1152777449,9466315375
2020-03-23,LG3,Staff,58,79,5403,7097480134,257644281,7355124415
2020-03-23,LG3,TPG,9,19,9539,7252907130,547565725,7800472855
2020-03-23,LG3,RPG,45,51,16372,6421409800,330315695,6751725495
2020-03-23,LG3,UG,32,39,39780,3029896013,305185376,3335081389
2020-03-23,LG3,Alumni,1,1,0,140080,162206,302286
2020-03-23,LG3,Others(HKUST),3,7,0,2086273,1145180,3231453
2020-03-23,LG3,Non-HKUST,2,2,0,761664,172382,934046
2020-03-23,LG3,Total,150,198,71094,23804681094,1442190845,25246871939
2020-03-23,LG4,Staff,33,46,5579,945222691,1035803040,1981025731
2020-03-23,LG4,TPG,9,14,0,103769838,59324352,163094190
2020-03-23,LG4,RPG,38,43,0,2767139045,101560158,2868699203
2020-03-23,LG4,UG,25,53,69306,8546068078,1610407719,10156475797
2020-03-23,LG4,Alumni,1,1,0,7686044,177388817,185074861
2020-03-23,LG4,Others(HKUST),6,38,184498,14997736352,1409478808,16407215160
2020-03-23,LG4,Non-HKUST,1,2,0,93450730,35021424,128472154
2020-03-23,LG4,Total,113,197,259383,27461072778,4428984318,31890057096
2020-03-23,All-Floors,Staff,101,446,831369,27775763273,11434801612,39210564885
2020-03-23,All-Floors,TPG,17,33,9539,7356676968,606890077,7963567045
2020-03-23,All-Floors,RPG,91,109,19431,9313874751,436008622,9749883373
2020-03-23,All-Floors,UG,64,102,110886,12537424800,1958357352,14495782152
2020-03-23,All-Floors,Alumni,2,2,0,7826124,177551023,185377147
2020-03-23,All-Floors,Others(HKUST),11,61,827409,24948432019,2900415078,27848847097
2020-03-23,All-Floors,Non-HKUST,3,4,0,94212394,35193806,129406200
2020-03-23,All-Floors,Total,289,757,1798634,82034210329,17549217570,99583427899
2020-03-24,1,Staff,21,207,577892,23859310475,1079158101,24938468576
2020-03-24,1,TPG,1,1,0,1926198,383949,2310147
2020-03-24,1,RPG,1,1,0,72481,90558,163039
2020-03-24,1,UG,1,1,0,237470,75071,312541
2020-03-24,1,Alumni,0,0,0,0,0,0
2020-03-24,1,Others(HKUST),3,12,60872,169995518,30570361,200565879
2020-03-24,1,Non-HKUST,0,0,0,0,0,0
2020-03-24,1,Total,27,222,638764,24031542142,1110278040,25141820182
2020-03-24,G,Staff,27,161,350682,21279697172,1281786326,22561483498
2020-03-24,G,TPG,1,1,0,2920028,401401,3321429
2020-03-24,G,RPG,2,2,0,66360,68232,134592
2020-03-24,G,UG,1,1,0,7479450,1886355,9365805
2020-03-24,G,Alumni,0,0,0,0,0,0
2020-03-24,G,Others(HKUST),5,8,225385,3242803767,421891718,3664695485
2020-03-24,G,Non-HKUST,0,0,0,0,0,0
2020-03-24,G,Total,36,173,576067,24532966777,1706034032,26239000809
2020-03-24,LG1,Staff,9,32,21785,603086577,66789304,669875881
2020-03-24,LG1,TPG,0,0,0,0,0,0
2020-03-24,LG1,RPG,2,2,0,2923805,2646048,5569853
2020-03-24,LG1,UG,8,9,4500,277335768,42480008,319815776
2020-03-24,LG1,Alumni,0,0,0,0,0,0
2020-03-24,LG1,Others(HKUST),3,7,432534,5405270313,932993015,6338263328
2020-03-24,LG1,Non-HKUST,0,0,0,0,0,0
2020-03-24,LG1,Total,22,50,458819,6288616463,1044908375,7333524838
2020-03-24,LG3,Staff,50,91,10084,9645080206,498525518,10143605724
2020-03-24,LG3,TPG,10,13,0,4009916560,980309067,4990225627
2020-03-24,LG3,RPG,35,38,1441,2782810289,321273263,3104083552
2020-03-24,LG3,UG,20,34,2690,6765296261,323347833,7088644094
2020-03-24,LG3,Alumni,2,3,180,685952,749163,1435115
2020-03-24,LG3,Others(HKUST),5,14,0,79622580,8506677,88129257
2020-03-24,LG3,Non-HKUST,1,1,0,2139047,458829,2597876
2020-03-24,LG3,Total,123,194,14395,23285550895,2133170350,25418721245
2020-03-24,LG4,Staff,22,22,0,283912086,21582317,305494403
2020-03-24,LG4,TPG,9,10,0,605977627,82239865,688217492
2020-03-24,LG4,RPG,36,38,3782,1016948736,71747723,1088696459
2020-03-24,LG4,UG,22,63,26619,14009959353,1345177885,15355137238
2020-03-24,LG4,Alumni,0,0,0,0,0,0
2020-03-24,LG4,Others(HKUST),6,28,178199,10473315218,956254572,11429569790
2020-03-24,LG4,Non-HKUST,2,2,719,5582309,563792,6146101
2020-03-24,LG4,Total,97,163,209319,26395695329,2477566154,28873261483
2020-03-24,All-Floors,Staff,84,513,960443,55671086516,2947841566,58618928082
2020-03-24,All-Floors,TPG,18,25,0,4620740413,1063334282,5684074695
2020-03-24,All-Floors,RPG,72,81,5223,3802821671,395825824,4198647495
2020-03-24,All-Floors,UG,50,108,33809,21060308302,1712967152,22773275454
2020-03-24,All-Floors,Alumni,2,3,180,685952,749163,1435115
2020-03-24,All-Floors,Others(HKUST),14,69,896990,19371007396,2350216343,21721223739
2020-03-24,All-Floors,Non-HKUST,3,3,719,7721356,1022621,8743977
2020-03-24,All-Floors,Total,243,802,1897364,104534371606,8471956951,113006328557
2020-03-25,1,Staff,23,251,678319,12929006344,2295468678,15224475022
2020-03-25,1,TPG,0,0,0,0,0,0
2020-03-25,1,RPG,2,2,539,267616,107965,375581
2020-03-25,1,UG,3,3,720,13987193,1057780,15044973
2020-03-25,1,Alumni,0,0,0,0,0,0
2020-03-25,1,Others(HKUST),3,3,40116,15448232,8936851,24385083
2020-03-25,1,Non-HKUST,0,0,0,0,0,0
2020-03-25,1,Total,31,259,719694,12958709385,2305571274,15264280659
2020-03-25,G,Staff,28,147,406101,10840066022,2748521357,13588587379
2020-03-25,G,TPG,0,0,0,0,0,0
2020-03-25,G,RPG,1,1,0,61357264,4526604,65883868
2020-03-25,G,UG,3,3,0,2058029,420399,2478428
2020-03-25,G,Alumni,0,0,0,0,0,0
2020-03-25,G,Others(HKUST),3,11,184104,9806870733,1125136841,10932007574
2020-03-25,G,Non-HKUST,0,0,0,0,0,0
2020-03-25,G,Total,35,162,590205,20710352048,3878605201,24588957249
2020-03-25,LG1,Staff,11,48,49694,668910313,115971134,784881447
2020-03-25,LG1,TPG,1,1,0,0,0,0
2020-03-25,LG1,RPG,7,7,1442,8586256,1741830,10328086
2020-03-25,LG1,UG,11,14,5040,2911765161,277895778,3189660939
2020-03-25,LG1,Alumni,0,0,0,0,0,0
2020-03-25,LG1,Others(HKUST),3,13,519645,7565593783,1323612069,8889205852
2020-03-25,LG1,Non-HKUST,0,0,0,0,0,0
2020-03-25,LG1,Total,33,83,575821,11154855513,1719220811,12874076324
2020-03-25,LG3,Staff,50,96,1079,3249921347,1171126964,4421048311
2020-03-25,LG3,TPG,5,7,2701,2265022561,580140195,2845162756
2020-03-25,LG3,RPG,51,55,1799,1989691541,98263287,2087954828
2020-03-25,LG3,UG,22,32,43383,5666456728,351113561,6017570289
2020-03-25,LG3,Alumni,2,4,718,483792981,16293568,500086549
2020-03-25,LG3,Others(HKUST),2,3,0,1447067228,165387495,1612454723
2020-03-25,LG3,Non-HKUST,1,1,9896,732147589,260344772,992492361
2020-03-25,LG3,Total,133,198,59576,15834099975,2642669842,18476769817
2020-03-25,LG4,Staff,57,118,165877,4163566476,495064536,4658631012
2020-03-25,LG4,TPG,5,6,0,484057479,36212847,520270326
2020-03-25,LG4,RPG,54,57,2339,1361603389,170551837,1532155226
2020-03-25,LG4,UG,31,63,53282,7200469104,312924536,7513393640
2020-03-25,LG4,Alumni,2,2,0,1270446,439517,1709963
2020-03-25,LG4,Others(HKUST),6,44,292502,16964004889,2323291699,19287296588
2020-03-25,LG4,Non-HKUST,5,5,0,97950830,4510513,102461343
2020-03-25,LG4,Total,160,295,514000,30272922613,3342995485,33615918098
2020-03-25,All-Floors,Staff,105,660,1301070,31851470502,6826152669,38677623171
2020-03-25,All-Floors,TPG,9,14,2701,2749080040,616353042,3365433082
2020-03-25,All-Floors,RPG,107,122,6119,3421506066,275191523,3696697589
2020-03-25,All-Floors,UG,63,115,102425,15794736215,943412054,16738148269
2020-03-25,All-Floors,Alumni,4,6,718,485063427,16733085,501796512
2020-03-25,All-Floors,Others(HKUST),9,74,1036367,35798984865,4946364955,40745349820
2020-03-25,All-Floors,Non-HKUST,5,6,9896,830098419,264855285,1094953704
2020-03-25,All-Floors,Total,302,997,2459296,90930939534,13889062613,104820002147
2020-03-26,1,Staff,25,218,644817,16245941140,8647208295,24893149435
2020-03-26,1,TPG,1,1,0,0,0,0
2020-03-26,1,RPG,2,2,720,36531329,4276721,40808050
2020-03-26,1,UG,2,2,0,365393,151693,517086
2020-03-26,1,Alumni,0,0,0,0,0,0
2020-03-26,1,Others(HKUST),4,12,70236,674438701,46424007,720862708
2020-03-26,1,Non-HKUST,0,0,0,0,0,0
2020-03-26,1,Total,34,235,715773,16957276563,8698060716,25655337279
2020-03-26,G,Staff,22,120,413174,14118536092,4735347603,18853883695
2020-03-26,G,TPG,0,0,0,0,0,0
2020-03-26,G,RPG,0,0,0,0,0,0
2020-03-26,G,UG,2,2,0,3781357,747344,4528701
2020-03-26,G,Alumni,0,0,0,0,0,0
2020-03-26,G,Others(HKUST),2,5,345226,9013356496,1151367869,10164724365
2020-03-26,G,Non-HKUST,0,0,0,0,0,0
2020-03-26,G,Total,26,127,758400,23135673945,5887462816,29023136761
2020-03-26,LG1,Staff,13,33,26824,804104895,414837849,1218942744
2020-03-26,LG1,TPG,1,1,0,31587,32099,63686
2020-03-26,LG1,RPG,6,6,1976,26017966,1844096,27862062
2020-03-26,LG1,UG,7,7,1801,1287643443,24990411,1312633854
2020-03-26,LG1,Alumni,0,0,0,0,0,0
2020-03-26,LG1,Others(HKUST),2,13,776481,13345982970,2319680252,15665663222
2020-03-26,LG1,Non-HKUST,0,0,0,0,0,0
2020-03-26,LG1,Total,29,60,807082,15463780861,2761384707,18225165568
2020-03-26,LG3,Staff,45,71,5041,2371338189,847466877,3218805066
2020-03-26,LG3,TPG,5,5,0,10096391,122766854,132863245
2020-03-26,LG3,RPG,28,30,2339,1558144541,81227682,1639372223
2020-03-26,LG3,UG,22,28,30973,7020232088,489770806,7510002894
2020-03-26,LG3,Alumni,0,0,0,0,0,0
2020-03-26,LG3,Others(HKUST),7,13,1263,15846649,3986973,19833622
2020-03-26,LG3,Non-HKUST,1,1,0,12223860,8525190,20749050
2020-03-26,LG3,Total,108,148,39616,10987881718,1553744382,12541626100
2020-03-26,LG4,Staff,32,38,4682,1002281102,962385706,1964666808
2020-03-26,LG4,TPG,5,5,0,1375405,840654,2216059
2020-03-26,LG4,RPG,37,39,1080,1877891162,166648779,2044539941
2020-03-26,LG4,UG,29,36,49859,5109720909,310835949,5420556858
2020-03-26,LG4,Alumni,0,0,0,0,0,0
2020-03-26,LG4,Others(HKUST),6,35,270901,9995684035,1373649071,11369333106
2020-03-26,LG4,Non-HKUST,2,2,0,35037226,3287080,38324306
2020-03-26,LG4,Total,111,155,326522,18021989839,2817647239,20839637078
2020-03-26,All-Floors,Staff,92,480,1094538,34542201418,15607246330,50149447748
2020-03-26,All-Floors,TPG,11,12,0,11503383,123639607,135142990
2020-03-26,All-Floors,RPG,69,77,6115,3498584998,253997278,3752582276
2020-03-26,All-Floors,UG,57,75,82633,13421743190,826496203,14248239393
2020-03-26,All-Floors,Alumni,0,0,0,0,0,0
2020-03-26,All-Floors,Others(HKUST),15,78,1464107,33045308851,4895108172,37940417023
2020-03-26,All-Floors,Non-HKUST,3,3,0,47261086,11812270,59073356
2020-03-26,All-Floors,Total,247,725,2647393,84566602926,21718299860,106284902786
2020-03-27,1,Staff,19,256,777787,46244700457,2319599525,48564299982
2020-03-27,1,TPG,0,0,0,0,0,0
2020-03-27,1,RPG,4,4,1798,5572572,4990257,10562829
2020-03-27,1,UG,1,1,0,16586634,2415911,19002545
2020-03-27,1,Alumni,1,1,0,122630209,6913479,129543688
2020-03-27,1,Others(HKUST),1,3,901,19958,10429,30387
2020-03-27,1,Non-HKUST,0,0,0,0,0,0
2020-03-27,1,Total,26,265,780486,46389509830,2333929601,48723439431
2020-03-27,G,Staff,26,124,458844,16364591393,2267505906,18632097299
2020-03-27,G,TPG,0,0,0,0,0,0
2020-03-27,G,RPG,6,6,721,183128917,7421163,190550080
2020-03-27,G,UG,2,2,899,76046996,22200471,98247467
2020-03-27,G,Alumni,0,0,0,0,0,0
2020-03-27,G,Others(HKUST),3,5,345596,7297414316,905486633,8202900949
2020-03-27,G,Non-HKUST,1,1,0,12378819,794789,13173608
2020-03-27,G,Total,38,138,806060,23933560441,3203408962,27136969403
2020-03-27,LG1,Staff,11,30,57614,16903014642,1440436467,18343451109
2020-03-27,LG1,TPG,0,0,0,0,0,0
2020-03-27,LG1,RPG,6,6,540,63407921,12485623,75893544
2020-03-27,LG1,UG,6,6,2339,182895477,4288352,187183829
2020-03-27,LG1,Alumni,1,1,0,311341,160382,471723
2020-03-27,LG1,Others(HKUST),2,12,863621,12742868892,2164552313,14907421205
2020-03-27,LG1,Non-HKUST,2,3,721,1802295,583786,2386081
2020-03-27,LG1,Total,28,58,924835,29894300568,3622506923,33516807491
2020-03-27,LG3,Staff,53,67,1798,1422020009,151200212,1573220221
2020-03-27,LG3,TPG,10,23,27182,5703557645,775733782,6479291427
2020-03-27,LG3,RPG,38,40,5584,2651332182,395239450,3046571632
2020-03-27,LG3,UG,26,36,15835,1089821015,70913792,1160734807
2020-03-27,LG3,Alumni,1,1,720,528635,209658,738293
2020-03-27,LG3,Others(HKUST),3,7,0,13796994,6246376,20043370
2020-03-27,LG3,Non-HKUST,1,1,0,41738748,8467286,50206034
2020-03-27,LG3,Total,132,175,51119,10922795228,1408010556,12330805784
2020-03-27,LG4,Staff,25,28,181,809628312,42356718,851985030
2020-03-27,LG4,TPG,14,20,1256,3844491543,429952395,4274443938
2020-03-27,LG4,RPG,50,60,2160,1735956042,185143829,1921099871
2020-03-27,LG4,UG,40,59,54161,7696707269,505618559,8202325828
2020-03-27,LG4,Alumni,1,1,0,22216,13803,36019
2020-03-27,LG4,Others(HKUST),5,33,354767,24050084318,2811947134,26862031452
2020-03-27,LG4,Non-HKUST,2,2,0,1792474,1116664,2909138
2020-03-27,LG4,Total,137,203,412525,38138682174,3976149102,42114831276
2020-03-27,All-Floors,Staff,93,505,1296224,81743954813,6221098828,87965053641
2020-03-27,All-Floors,TPG,17,43,28438,9548049188,1205686177,10753735365
2020-03-27,All-Floors,RPG,96,116,10803,4639397634,605280322,5244677956
2020-03-27,All-Floors,UG,69,104,73234,9062057391,605437085,9667494476
2020-03-27,All-Floors,Alumni,2,4,720,123492401,7297322,130789723
2020-03-27,All-Floors,Others(HKUST),8,60,1564885,44104184478,5888242885,49992427363
2020-03-27,All-Floors,Non-HKUST,6,7,721,57712336,10962525,68674861
2020-03-27,All-Floors,Total,291,839,2975025,149278848241,14544005144,163822853385
2020-03-28,1,Staff,7,57,556763,1984794344,202804385,2187598729
2020-03-28,1,TPG,0,0,0,0,0,0
2020-03-28,1,RPG,4,4,1440,1270670,928796,2199466
2020-03-28,1,UG,2,2,0,0,0,0
2020-03-28,1,Alumni,0,0,0,0,0,0
2020-03-28,1,Others(HKUST),0,0,0,0,0,0
2020-03-28,1,Non-HKUST,0,0,0,0,0,0
2020-03-28,1,Total,13,63,558203,1986065014,203733181,2189798195
2020-03-28,G,Staff,8,43,352437,8954177663,1468980467,10423158130
2020-03-28,G,TPG,0,0,0,0,0,0
2020-03-28,G,RPG,1,1,0,2498053,2639239,5137292
2020-03-28,G,UG,2,2,0,2940641,530908,3471549
2020-03-28,G,Alumni,0,0,0,0,0,0
2020-03-28,G,Others(HKUST),2,4,345596,7296172086,905169192,8201341278
2020-03-28,G,Non-HKUST,1,1,719,1610301,1036562,2646863
2020-03-28,G,Total,14,51,698752,16257398744,2378356368,18635755112
2020-03-28,LG1,Staff,8,8,5938,7132525,2359196,9491721
2020-03-28,LG1,TPG,0,0,0,0,0,0
2020-03-28,LG1,RPG,2,2,1078,820979059,10526703,831505762
2020-03-28,LG1,UG,1,1,0,13906,8285,22191
2020-03-28,LG1,Alumni,0,0,0,0,0,0
2020-03-28,LG1,Others(HKUST),3,12,863990,11521798675,1976540255,13498338930
2020-03-28,LG1,Non-HKUST,0,0,0,0,0,0
2020-03-28,LG1,Total,14,23,871006,12349924165,1989434439,14339358604
2020-03-28,LG3,Staff,12,23,5221,244532032,30572180,275104212
2020-03-28,LG3,TPG,9,47,185773,16247194420,1905449235,18152643655
2020-03-28,LG3,RPG,19,21,359,195483485,22532362,218015847
2020-03-28,LG3,UG,22,23,0,178343916,47072657,225416573
2020-03-28,LG3,Alumni,1,1,0,791502,612281,1403783
2020-03-28,LG3,Others(HKUST),2,5,0,13709519,1873394,15582913
2020-03-28,LG3,Non-HKUST,1,1,0,377502,130349,507851
2020-03-28,LG3,Total,66,121,191353,16880432376,2008242458,18888674834
2020-03-28,LG4,Staff,13,17,0,54753882,8893795,63647677
2020-03-28,LG4,TPG,15,28,14944,4807402297,911132320,5718534617
2020-03-28,LG4,RPG,34,38,180,1459391571,104724076,1564115647
2020-03-28,LG4,UG,26,57,53820,10297750465,396117674,10693868139
2020-03-28,LG4,Alumni,0,0,0,0,0,0
2020-03-28,LG4,Others(HKUST),2,8,346498,12106149768,1651746277,13757896045
2020-03-28,LG4,Non-HKUST,0,0,0,0,0,0
2020-03-28,LG4,Total,90,148,415442,28725447983,3072614142,31798062125
2020-03-28,All-Floors,Staff,42,148,920359,11245390446,1713610023,12959000469
2020-03-28,All-Floors,TPG,18,75,200717,21054596717,2816581555,23871178272
2020-03-28,All-Floors,RPG,60,66,3057,2479622838,141351176,2620974014
2020-03-28,All-Floors,UG,50,85,53820,10479048928,443729524,10922778452
2020-03-28,All-Floors,Alumni,1,1,0,791502,612281,1403783
2020-03-28,All-Floors,Others(HKUST),6,29,1556084,30937830048,4535329118,35473159166
2020-03-28,All-Floors,Non-HKUST,2,2,719,1987803,1166911,3154714
2020-03-28,All-Floors,Total,179,406,2734756,76199268282,9652380588,85851648870
2020-03-29,1,Staff,7,56,515319,1764916136,89163916,1854080052
2020-03-29,1,TPG,1,1,0,1753089600,73263102,1826352702
2020-03-29,1,RPG,4,4,720,1956033,557484,2513517
2020-03-29,1,UG,2,2,541,323584,158321,481905
2020-03-29,1,Alumni,0,0,0,0,0,0
2020-03-29,1,Others(HKUST),0,0,0,0,0,0
2020-03-29,1,Non-HKUST,0,0,0,0,0,0
2020-03-29,1,Total,14,63,516580,3520285353,163142823,3683428176
2020-03-29,G,Staff,3,5,345596,8692756259,1437703617,10130459876
2020-03-29,G,TPG,0,0,0,0,0,0
2020-03-29,G,RPG,0,0,0,0,0,0
2020-03-29,G,UG,0,0,0,0,0,0
2020-03-29,G,Alumni,0,0,0,0,0,0
2020-03-29,G,Others(HKUST),2,4,345596,7296172086,905169192,8201341278
2020-03-29,G,Non-HKUST,0,0,0,0,0,0
2020-03-29,G,Total,5,9,691192,15988928345,2342872809,18331801154
2020-03-29,LG1,Staff,5,5,1259,2910069,1251888,4161957
2020-03-29,LG1,TPG,2,3,900,84441,92771,177212
2020-03-29,LG1,RPG,1,1,361,8662,10936,19598
2020-03-29,LG1,UG,3,3,1800,3030417,1116902,4147319
2020-03-29,LG1,Alumni,0,0,0,0,0,0
2020-03-29,LG1,Others(HKUST),2,11,863990,11494952769,1969698952,13464651721
2020-03-29,LG1,Non-HKUST,0,0,0,0,0,0
2020-03-29,LG1,Total,13,23,868310,11500986358,1972171449,13473157807
2020-03-29,LG3,Staff,13,14,720,1180966538,21830263,1202796801
2020-03-29,LG3,TPG,6,9,5940,992102097,329558587,1321660684
2020-03-29,LG3,RPG,28,30,3782,583865249,53373099,637238348
2020-03-29,LG3,UG,36,41,5919,3038155440,165459209,3203614649
2020-03-29,LG3,Alumni,1,1,0,31452262,3883961,35336223
2020-03-29,LG3,Others(HKUST),2,4,0,5843002,360062,6203064
2020-03-29,LG3,Non-HKUST,0,0,0,0,0,0
2020-03-29,LG3,Total,86,99,16361,5832384588,574465181,6406849769
2020-03-29,LG4,Staff,3,3,0,230539478,3455744,233995222
2020-03-29,LG4,TPG,6,11,1079,974001366,48032347,1022033713
2020-03-29,LG4,RPG,22,24,360,469233213,25481718,494714931
2020-03-29,LG4,UG,38,55,15477,32045387492,759815638,32805203130
2020-03-29,LG4,Alumni,0,0,0,0,0,0
2020-03-29,LG4,Others(HKUST),3,28,350817,13636155994,1962217643,15598373637
2020-03-29,LG4,Non-HKUST,1,2,0,48653161,6882982,55536143
2020-03-29,LG4,Total,73,123,367733,47403970704,2805886072,50209856776
2020-03-29,All-Floors,Staff,26,83,862894,11872088480,1553405428,13425493908
2020-03-29,All-Floors,TPG,13,24,7919,3719277504,450946807,4170224311
2020-03-29,All-Floors,RPG,53,59,5223,1055063157,79423237,1134486394
2020-03-29,All-Floors,UG,74,101,23737,35086896933,926550070,36013447003
2020-03-29,All-Floors,Alumni,1,1,0,31452262,3883961,35336223
2020-03-29,All-Floors,Others(HKUST),6,47,1560403,32433123851,4837445849,37270569700
2020-03-29,All-Floors,Non-HKUST,1,2,0,48653161,6882982,55536143
2020-03-29,All-Floors,Total,174,317,2460176,84246555348,7858538334,92105093682
2020-03-30,1,Staff,19,243,744016,10414855760,3217336170,13632191930
2020-03-30,1,TPG,2,2,719,638892,270995,909887
2020-03-30,1,RPG,3,3,359,14277894,2356278,16634172
2020-03-30,1,UG,2,2,0,36575934,7129616,43705550
2020-03-30,1,Alumni,0,0,0,0,0,0
2020-03-30,1,Others(HKUST),1,2,541,15206274,1036488,16242762
2020-03-30,1,Non-HKUST,0,0,0,0,0,0
2020-03-30,1,Total,27,252,745635,10481554754,3228129547,13709684301
2020-03-30,G,Staff,23,162,439282,16152754174,2430913527,18583667701
2020-03-30,G,TPG,0,0,0,0,0,0
2020-03-30,G,RPG,0,0,0,0,0,0
2020-03-30,G,UG,6,6,360,265521524,37256076,302777600
2020-03-30,G,Alumni,0,0,0,0,0,0
2020-03-30,G,Others(HKUST),3,6,178738,3813647805,466046068,4279693873
2020-03-30,G,Non-HKUST,0,0,0,0,0,0
2020-03-30,G,Total,32,174,618380,20231923503,2934215671,23166139174
2020-03-30,LG1,Staff,19,79,37083,3989453180,260435659,4249888839
2020-03-30,LG1,TPG,0,0,0,0,0,0
2020-03-30,LG1,RPG,3,3,1619,77546462,6713465,84259927
2020-03-30,LG1,UG,2,2,721,1037992,179667,1217659
2020-03-30,LG1,Alumni,0,0,0,0,0,0
2020-03-30,LG1,Others(HKUST),2,9,518573,7262518229,1217416874,8479935103
2020-03-30,LG1,Non-HKUST,0,0,0,0,0,0
2020-03-30,LG1,Total,26,93,557996,11330555863,1484745665,12815301528
2020-03-30,LG3,Staff,43,92,10263,2475508696,524789392,3000298088
2020-03-30,LG3,TPG,9,48,104236,30298743451,16075033257,46373776708
2020-03-30,LG3,RPG,43,45,0,1401951795,68636636,1470588431
2020-03-30,LG3,UG,37,42,2889,3083047723,214482387,3297530110
2020-03-30,LG3,Alumni,1,9,40651,1530616846,146231449,1676848295
2020-03-30,LG3,Others(HKUST),3,4,0,8396871,910810,9307681
2020-03-30,LG3,Non-HKUST,2,2,0,2037629,782808,2820437
2020-03-30,LG3,Total,138,242,158039,38800303011,17030866739,55831169750
2020-03-30,LG4,Staff,30,63,13681,628811834,73803994,702615828
2020-03-30,LG4,TPG,8,30,27008,24331214562,8013517879,32344732441
2020-03-30,LG4,RPG,26,28,180,318185910,18805593,336991503
2020-03-30,LG4,UG,24,68,61001,39458163185,1023445490,40481608675
2020-03-30,LG4,Alumni,3,4,2158,665212811,76848800,742061611
2020-03-30,LG4,Others(HKUST),5,20,261715,10907768331,1442100253,12349868584
2020-03-30,LG4,Non-HKUST,3,3,0,448670442,8437305,457107747
2020-03-30,LG4,Total,99,216,365743,76758027075,10656959314,87414986389
2020-03-30,All-Floors,Staff,89,639,1244325,33661383644,6507278742,40168662386
2020-03-30,All-Floors,TPG,14,80,131963,54630596905,24088822131,78719419036
2020-03-30,All-Floors,RPG,71,79,2158,1811962061,96511972,1908474033
2020-03-30,All-Floors,UG,66,120,64971,42844346358,1282493236,44126839594
2020-03-30,All-Floors,Alumni,3,13,42809,2195829657,223080249,2418909906
2020-03-30,All-Floors,Others(HKUST),8,41,959567,22007537510,3127510493,25135048003
2020-03-30,All-Floors,Non-HKUST,5,5,0,450708071,9220113,459928184
2020-03-30,All-Floors,Total,256,977,2445793,157602364206,35334916936,192937281142
2020-03-31,1,Staff,24,203,796215,13331923876,836823176,14168747052
2020-03-31,1,TPG,0,0,0,0,0,0
2020-03-31,1,RPG,2,2,1438,538756,298322,837078
2020-03-31,1,UG,1,1,719,215533,126971,342504
2020-03-31,1,Alumni,0,0,0,0,0,0
2020-03-31,1,Others(HKUST),1,2,0,4113297,703167,4816464
2020-03-31,1,Non-HKUST,0,0,0,0,0,0
2020-03-31,1,Total,28,208,798372,13336791462,837951636,14174743098
2020-03-31,G,Staff,16,123,426433,26521109378,4072004806,30593114184
2020-03-31,G,TPG,0,0,0,0,0,0
2020-03-31,G,RPG,0,0,0,0,0,0
2020-03-31,G,UG,1,1,0,37138,22178,59316
2020-03-31,G,Alumni,0,0,0,0,0,0
2020-03-31,G,Others(HKUST),3,7,267470,7761016160,878811479,8639827639
2020-03-31,G,Non-HKUST,0,0,0,0,0,0
2020-03-31,G,Total,20,131,693903,34282162676,4950838463,39233001139
2020-03-31,LG1,Staff,10,30,22334,3380246278,354522292,3734768570
2020-03-31,LG1,TPG,0,0,0,0,0,0
2020-03-31,LG1,RPG,2,3,361,9169192,1840738,11009930
2020-03-31,LG1,UG,3,4,540,108233,108791,217024
2020-03-31,LG1,Alumni,0,0,0,0,0,0
2020-03-31,LG1,Others(HKUST),4,15,604783,9444959772,1620123516,11065083288
2020-03-31,LG1,Non-HKUST,0,0,0,0,0,0
2020-03-31,LG1,Total,19,52,628018,12834483475,1976595337,14811078812
2020-03-31,LG3,Staff,42,70,6117,1908943492,191553351,2100496843
2020-03-31,LG3,TPG,1,1,0,5513063,390858,5903921
2020-03-31,LG3,RPG,35,36,0,1108197833,76997043,1185194876
2020-03-31,LG3,UG,39,45,17096,3084153429,268043876,3352197305
2020-03-31,LG3,Alumni,0,0,0,0,0,0
2020-03-31,LG3,Others(HKUST),2,3,361,4720075,722332,5442407
2020-03-31,LG3,Non-HKUST,0,0,0,0,0,0
2020-03-31,LG3,Total,119,155,23574,6111527892,537707460,6649235352
2020-03-31,LG4,Staff,29,56,9178,4078679655,233536493,4312216148
2020-03-31,LG4,TPG,4,4,0,10287168,2055143,12342311
2020-03-31,LG4,RPG,58,62,720,1063439628,72376944,1135816572
2020-03-31,LG4,UG,37,62,47878,7785189549,489658907,8274848456
2020-03-31,LG4,Alumni,0,0,0,0,0,0
2020-03-31,LG4,Others(HKUST),6,28,353863,15064691071,2333193799,17397884870
2020-03-31,LG4,Non-HKUST,2,3,0,4840045,1169650,6009695
2020-03-31,LG4,Total,136,215,411639,28007127116,3131990936,31139118052
2020-03-31,All-Floors,Staff,83,482,1260277,49220902679,5688440118,54909342797
2020-03-31,All-Floors,TPG,5,5,0,15800231,2446001,18246232
2020-03-31,All-Floors,RPG,92,103,2519,2181345409,151513047,2332858456
2020-03-31,All-Floors,UG,75,113,66233,10869703882,757960723,11627664605
2020-03-31,All-Floors,Alumni,0,0,0,0,0,0
2020-03-31,All-Floors,Others(HKUST),9,55,1226477,32279500375,4833554293,37113054668
2020-03-31,All-Floors,Non-HKUST,2,3,0,4840045,1169650,6009695
2020-03-31,All-Floors,Total,266,761,2555506,94572092621,11435083832,106007176453
