Date,Floor,User-Group,User-Count,WiFi-Conn,Duration-Sec,Traffic-In-Byte,Traffic-Out-Byte,Traffic-Both-Byte
2020-01-01,1,Staff,1,1,86399,100867705,7476825,108344530
2020-01-01,1,TPG,0,0,0,0,0,0
2020-01-01,1,RPG,3,3,0,351347473,4652469,355999942
2020-01-01,1,UG,4,4,0,9458579,1195369,10653948
2020-01-01,1,Alumni,0,0,0,0,0,0
2020-01-01,1,Others(HKUST),1,2,172798,274461621,28932894,303394515
2020-01-01,1,Non-HKUST,0,0,0,0,0,0
2020-01-01,1,Total,9,10,259197,736135378,42257557,778392935
2020-01-01,G,Staff,7,9,86578,1838917815,375705833,2214623648
2020-01-01,G,TPG,0,0,0,0,0,0
2020-01-01,G,RPG,2,2,361,92624,36872,129496
2020-01-01,G,UG,4,4,360,119436223,10896060,130332283
2020-01-01,G,Alumni,0,0,0,0,0,0
2020-01-01,G,Others(HKUST),2,2,172798,552346272,45747340,598093612
2020-01-01,G,Non-HKUST,3,6,901,104595540,7814472,112410012
2020-01-01,G,Total,18,23,260998,2615388474,440200577,3055589051
2020-01-01,LG1,Staff,17,19,177294,186896020,25876758,212772778
2020-01-01,LG1,TPG,0,0,0,0,0,0
2020-01-01,LG1,RPG,9,9,1258,103224321,10001948,113226269
2020-01-01,LG1,UG,15,16,5582,339974280,108497391,448471671
2020-01-01,LG1,Alumni,0,0,0,0,0,0
2020-01-01,LG1,Others(HKUST),2,2,172798,763176803,22792794,785969597
2020-01-01,LG1,Non-HKUST,3,4,720,72018444,6281035,78299479
2020-01-01,LG1,Total,46,50,357652,1465289868,173449926,1638739794
2020-01-01,LG3,Staff,19,47,153179,4490989434,336875515,4827864949
2020-01-01,LG3,TPG,3,4,0,859708584,100656756,960365340
2020-01-01,LG3,RPG,35,38,0,1265976268,110077138,1376053406
2020-01-01,LG3,UG,30,31,901,4806018595,327284103,5133302698
2020-01-01,LG3,Alumni,3,3,0,292409174,20932799,313341973
2020-01-01,LG3,Others(HKUST),2,4,0,5252940,3057191,8310131
2020-01-01,LG3,Non-HKUST,0,0,0,0,0,0
2020-01-01,LG3,Total,92,127,154080,11720354995,898883502,12619238497
2020-01-01,LG4,Staff,8,9,180,20758114,13932516,34690630
2020-01-01,LG4,TPG,2,2,0,4763995,94133879,98897874
2020-01-01,LG4,RPG,29,29,0,1300960274,76765724,1377725998
2020-01-01,LG4,UG,20,41,15835,16356221641,789514844,17145736485
2020-01-01,LG4,Alumni,0,0,0,0,0,0
2020-01-01,LG4,Others(HKUST),4,15,173338,1257181653,287250154,1544431807
2020-01-01,LG4,Non-HKUST,0,0,0,0,0,0
2020-01-01,LG4,Total,63,96,189353,18939885677,1261597117,20201482794
2020-01-01,All-Floors,Staff,45,85,503630,6638429088,759867447,7398296535
2020-01-01,All-Floors,TPG,4,6,0,864472579,194790635,1059263214
2020-01-01,All-Floors,RPG,73,81,1619,3021600960,201534151,3223135111
2020-01-01,All-Floors,UG,68,96,22678,21631109318,1237387767,22868497085
2020-01-01,All-Floors,Alumni,3,3,0,292409174,20932799,313341973
2020-01-01,All-Floors,Others(HKUST),7,25,691732,2852419289,387780373,3240199662
2020-01-01,All-Floors,Non-HKUST,3,10,1621,176613984,14095507,190709491
2020-01-01,All-Floors,Total,203,306,1221280,35477054392,2816388679,38293443071
2020-01-02,1,Staff,57,459,940267,47761221181,3229884374,50991105555
2020-01-02,1,TPG,17,70,347820,26142776797,1556138488,27698915285
2020-01-02,1,RPG,13,63,162901,5285627639,540647625,5826275264
2020-01-02,1,UG,25,132,399723,25238116455,2060301884,27298418339
2020-01-02,1,Alumni,0,0,0,0,0,0
2020-01-02,1,Others(HKUST),5,28,211352,1017016968,136931244,1153948212
2020-01-02,1,Non-HKUST,4,25,70025,3352296106,548681242,3900977348
2020-01-02,1,Total,121,777,2132088,108797055146,8072584857,116869640003
2020-01-02,G,Staff,131,477,814525,35983767604,4948983777,40932751381
2020-01-02,G,TPG,76,331,728657,110070840448,9027969605,119098810053
2020-01-02,G,RPG,66,209,345202,34163343496,2788789795,36952133291
2020-01-02,G,UG,98,333,614044,58699648471,7371802980,66071451451
2020-01-02,G,Alumni,11,71,87487,25414988002,2581315229,27996303231
2020-01-02,G,Others(HKUST),11,33,273972,3720959060,267205443,3988164503
2020-01-02,G,Non-HKUST,14,44,114005,3987893386,916800673,4904694059
2020-01-02,G,Total,407,1498,2977892,272041440467,27902867502,299944307969
2020-01-02,LG1,Staff,62,316,571714,16780749321,3101295655,19882044976
2020-01-02,LG1,TPG,37,243,625204,57955138870,20784090371,78739229241
2020-01-02,LG1,RPG,34,114,217229,15227618532,1473621771,16701240303
2020-01-02,LG1,UG,92,427,830605,85581046634,7129580218,92710626852
2020-01-02,LG1,Alumni,5,11,15465,2118751476,125655675,2244407151
2020-01-02,LG1,Others(HKUST),7,53,201412,7130135314,626167487,7756302801
2020-01-02,LG1,Non-HKUST,13,72,160943,23689294058,2543787337,26233081395
2020-01-02,LG1,Total,250,1236,2622572,208482734205,35784198514,244266932719
2020-01-02,LG3,Staff,101,250,228825,14870857290,1996885682,16867742972
2020-01-02,LG3,TPG,33,189,601688,350180267478,18433691724,368613959202
2020-01-02,LG3,RPG,94,242,385772,45154106179,2992223509,48146329688
2020-01-02,LG3,UG,74,203,329922,346199532107,14880757082,361080289189
2020-01-02,LG3,Alumni,6,36,69300,17201870144,2083254806,19285124950
2020-01-02,LG3,Others(HKUST),5,19,1080,1475625578,129409935,1605035513
2020-01-02,LG3,Non-HKUST,12,27,43019,5630076140,416319323,6046395463
2020-01-02,LG3,Total,325,966,1659606,780712334916,40932542061,821644876977
2020-01-02,LG4,Staff,75,188,59267,7204107840,1691982637,8896090477
2020-01-02,LG4,TPG,23,164,250789,159570611424,15448017910,175018629334
2020-01-02,LG4,RPG,73,123,219229,33786090111,2212488108,35998578219
2020-01-02,LG4,UG,74,191,237891,38426480393,3428052557,41854532950
2020-01-02,LG4,Alumni,4,27,43751,11455061041,317731522,11772792563
2020-01-02,LG4,Others(HKUST),6,38,178560,2226910753,387399843,2614310596
2020-01-02,LG4,Non-HKUST,7,30,46595,9780517066,642658387,10423175453
2020-01-02,LG4,Total,262,761,1036082,262449778628,24128330964,286578109592
2020-01-02,All-Floors,Staff,282,1690,2614598,122600703236,14969032125,137569735361
2020-01-02,All-Floors,TPG,97,997,2554158,703919635017,65249908098,769169543115
2020-01-02,All-Floors,RPG,210,751,1330333,133616785957,10007770808,143624556765
2020-01-02,All-Floors,UG,256,1286,2412185,554144824060,34870494721,589015318781
2020-01-02,All-Floors,Alumni,16,145,216003,56190670663,5107957232,61298627895
2020-01-02,All-Floors,Others(HKUST),19,171,866376,15570647673,1547113952,17117761625
2020-01-02,All-Floors,Non-HKUST,30,198,434587,46440076756,5068246962,51508323718
2020-01-02,All-Floors,Total,910,5238,10428240,1632483343362,136820523898,1769303867260
2020-01-03,1,Staff,59,428,999426,20581263565,6161817790,26743081355
2020-01-03,1,TPG,12,52,253476,44699965321,1726050725,46426016046
2020-01-03,1,RPG,12,46,190388,21986710809,673189133,22659899942
2020-01-03,1,UG,32,209,659268,61088731348,10359201757,71447933105
2020-01-03,1,Alumni,0,0,0,0,0,0
2020-01-03,1,Others(HKUST),6,20,256001,735684203,161753638,897437841
2020-01-03,1,Non-HKUST,1,18,34557,12897486503,686728872,13584215375
2020-01-03,1,Total,122,773,2393116,161989841749,19768741915,181758583664
2020-01-03,G,Staff,135,443,775260,30181336209,7207160824,37388497033
2020-01-03,G,TPG,83,383,729030,94033763626,23108547076,117142310702
2020-01-03,G,RPG,81,286,432962,33887482320,5593771523,39481253843
2020-01-03,G,UG,117,366,550486,71145165861,25556651734,96701817595
2020-01-03,G,Alumni,8,53,117712,22619698946,773889432,23393588378
2020-01-03,G,Others(HKUST),7,27,296122,2387958348,313493827,2701452175
2020-01-03,G,Non-HKUST,11,45,66642,5454814590,3949874447,9404689037
2020-01-03,G,Total,442,1603,2968214,259710219900,66503388863,326213608763
2020-01-03,LG1,Staff,70,284,635234,21005757255,1951636448,22957393703
2020-01-03,LG1,TPG,60,309,969522,101635898981,11198424194,112834323175
2020-01-03,LG1,RPG,48,135,291358,18996853669,2737046251,21733899920
2020-01-03,LG1,UG,80,330,742056,81138117564,29010520611,110148638175
2020-01-03,LG1,Alumni,4,18,51473,6128132935,344200930,6472333865
2020-01-03,LG1,Others(HKUST),8,66,208601,4527433656,317272045,4844705701
2020-01-03,LG1,Non-HKUST,8,42,81758,3662358285,293391838,3955750123
2020-01-03,LG1,Total,278,1184,2980002,237094552345,45852492317,282947044662
2020-01-03,LG3,Staff,85,202,203825,9159158629,2566817481,11725976110
2020-01-03,LG3,TPG,33,165,533092,59434161277,5269998887,64704160164
2020-01-03,LG3,RPG,102,291,643479,78867438558,4376859721,83244298279
2020-01-03,LG3,UG,79,262,392378,95365449349,8302575107,103668024456
2020-01-03,LG3,Alumni,6,22,48047,3849536459,225404583,4074941042
2020-01-03,LG3,Others(HKUST),9,23,539,1310593117,214787253,1525380370
2020-01-03,LG3,Non-HKUST,11,46,84976,8189528090,7291074137,15480602227
2020-01-03,LG3,Total,325,1011,1906336,256175865479,28247517169,284423382648
2020-01-03,LG4,Staff,64,220,113368,6368169042,1338564806,7706733848
2020-01-03,LG4,TPG,24,102,203422,52265404556,7337573902,59602978458
2020-01-03,LG4,RPG,69,146,251039,47219391607,4336890415,51556282022
2020-01-03,LG4,UG,49,130,132631,21963081802,2675166872,24638248674
2020-01-03,LG4,Alumni,6,48,60995,18334046411,524644688,18858691099
2020-01-03,LG4,Others(HKUST),8,46,187205,3559824919,461732757,4021557676
2020-01-03,LG4,Non-HKUST,10,39,55225,6596911510,344274317,6941185827
2020-01-03,LG4,Total,230,731,1003885,156306829847,17018847757,173325677604
2020-01-03,All-Floors,Staff,263,1577,2727113,87295684700,19225997349,106521682049
2020-01-03,All-Floors,TPG,119,1011,2688542,352069193761,48640594784,400709788545
2020-01-03,All-Floors,RPG,232,904,1809226,200957876963,17717757043,218675634006
2020-01-03,All-Floors,UG,232,1297,2476819,330700545924,75904116081,406604662005
2020-01-03,All-Floors,Alumni,15,141,278227,50931414751,1868139633,52799554384
2020-01-03,All-Floors,Others(HKUST),21,182,948468,12521494243,1469039520,13990533763
2020-01-03,All-Floors,Non-HKUST,26,190,323158,36801098978,12565343611,49366442589
2020-01-03,All-Floors,Total,908,5302,11251553,1071277309320,177390988021,1248668297341
2020-01-04,1,Staff,5,23,99543,1700965170,5806866759,7507831929
2020-01-04,1,TPG,7,35,115563,10257855260,1080873795,11338729055
2020-01-04,1,RPG,9,15,50224,2856019739,100614897,2956634636
2020-01-04,1,UG,6,25,102956,4461122003,570453921,5031575924
2020-01-04,1,Alumni,0,0,0,0,0,0
2020-01-04,1,Others(HKUST),2,4,172798,697575449,58383981,755959430
2020-01-04,1,Non-HKUST,1,1,0,52166,73335,125501
2020-01-04,1,Total,30,103,541084,19973589787,7617266688,27590856475
2020-01-04,G,Staff,33,89,260643,8683925216,4998777876,13682703092
2020-01-04,G,TPG,70,291,528814,76351625297,14074202671,90425827968
2020-01-04,G,RPG,39,123,245114,30978999590,2323083389,33302082979
2020-01-04,G,UG,84,294,511536,64881156462,41693493423,106574649885
2020-01-04,G,Alumni,10,35,28981,14967245158,276226585,15243471743
2020-01-04,G,Others(HKUST),6,13,268372,4239759455,234608093,4474367548
2020-01-04,G,Non-HKUST,9,28,21060,4714276773,485107845,5199384618
2020-01-04,G,Total,251,873,1864520,204816987951,64085499882,268902487833
2020-01-04,LG1,Staff,29,75,295727,8610970400,1994152761,10605123161
2020-01-04,LG1,TPG,45,176,635391,41268507542,10152426522,51420934064
2020-01-04,LG1,RPG,25,99,238280,10768637139,2442352499,13210989638
2020-01-04,LG1,UG,45,113,270135,32092165444,3376121801,35468287245
2020-01-04,LG1,Alumni,5,21,46440,3881996614,651619860,4533616474
2020-01-04,LG1,Others(HKUST),4,53,220504,14092445746,631685006,14724130752
2020-01-04,LG1,Non-HKUST,3,4,4318,1337465508,130921190,1468386698
2020-01-04,LG1,Total,156,541,1710795,112052188393,19379279639,131431468032
2020-01-04,LG3,Staff,30,49,133198,7110885132,1859230666,8970115798
2020-01-04,LG3,TPG,29,80,312117,32050467823,2804360324,34854828147
2020-01-04,LG3,RPG,59,159,256474,53566259545,2131364336,55697623881
2020-01-04,LG3,UG,73,284,410198,268157367713,11287642263,279445009976
2020-01-04,LG3,Alumni,10,31,60647,5658834447,398865784,6057700231
2020-01-04,LG3,Others(HKUST),2,15,540,4353342846,182040140,4535382986
2020-01-04,LG3,Non-HKUST,5,29,113017,9602108887,956518104,10558626991
2020-01-04,LG3,Total,208,647,1286191,380499266393,19620021617,400119288010
2020-01-04,LG4,Staff,13,32,21969,2376489500,289772430,2666261930
2020-01-04,LG4,TPG,33,122,346162,41759122137,13667713004,55426835141
2020-01-04,LG4,RPG,34,51,52918,21679102934,460028884,22139131818
2020-01-04,LG4,UG,41,65,59397,15271235856,675429907,15946665763
2020-01-04,LG4,Alumni,3,4,2523,890906922,19611106,910518028
2020-01-04,LG4,Others(HKUST),4,18,179278,3149059552,236634919,3385694471
2020-01-04,LG4,Non-HKUST,3,3,0,5961915,304821,6266736
2020-01-04,LG4,Total,131,295,662247,85131878816,15349495071,100481373887
2020-01-04,All-Floors,Staff,80,268,811080,28483235418,14948800492,43432035910
2020-01-04,All-Floors,TPG,102,704,1938047,201687578059,41779576316,243467154375
2020-01-04,All-Floors,RPG,133,447,843010,119849018947,7457444005,127306462952
2020-01-04,All-Floors,UG,175,781,1354222,384863047478,57603141315,442466188793
2020-01-04,All-Floors,Alumni,17,91,138591,25398983141,1346323335,26745306476
2020-01-04,All-Floors,Others(HKUST),10,103,841492,26532183048,1343352139,27875535187
2020-01-04,All-Floors,Non-HKUST,15,65,138395,15659865249,1572925295,17232790544
2020-01-04,All-Floors,Total,532,2459,6064837,802473911340,126051562897,928525474237
2020-01-05,1,Staff,7,16,128358,1443490231,346901136,1790391367
2020-01-05,1,TPG,9,35,171599,13733986946,1074338019,14808324965
2020-01-05,1,RPG,7,20,90567,750250434,103141786,853392220
2020-01-05,1,UG,8,31,134683,6176635922,1139145792,7315781714
2020-01-05,1,Alumni,3,8,17825,1909265101,107355794,2016620895
2020-01-05,1,Others(HKUST),1,3,172618,826704318,78973592,905677910
2020-01-05,1,Non-HKUST,3,3,18185,113657422,41994052,155651474
2020-01-05,1,Total,38,116,733835,24953990374,2891850171,27845840545
2020-01-05,G,Staff,30,85,264623,11036949144,5261379836,16298328980
2020-01-05,G,TPG,33,83,136822,16106406894,3534745049,19641151943
2020-01-05,G,RPG,35,88,220191,12080071535,2976873771,15056945306
2020-01-05,G,UG,51,159,281014,25782253869,3307307886,29089561755
2020-01-05,G,Alumni,12,32,43574,1648018505,128445924,1776464429
2020-01-05,G,Others(HKUST),5,15,296649,2827363498,345120759,3172484257
2020-01-05,G,Non-HKUST,10,32,67324,16860641952,6327925524,23188567476
2020-01-05,G,Total,176,494,1310197,86341705397,21881798749,108223504146
2020-01-05,LG1,Staff,22,34,221406,3383823938,4410420802,7794244740
2020-01-05,LG1,TPG,19,101,387663,30385057312,9222802766,39607860078
2020-01-05,LG1,RPG,28,72,181298,5199731549,4460663987,9660395536
2020-01-05,LG1,UG,41,105,234610,15858888245,2176901790,18035790035
2020-01-05,LG1,Alumni,2,10,22508,1256520693,284291023,1540811716
2020-01-05,LG1,Others(HKUST),4,29,180539,4160623437,241916199,4402539636
2020-01-05,LG1,Non-HKUST,4,23,48437,14060800835,542690720,14603491555
2020-01-05,LG1,Total,120,374,1276461,74305446009,21339687287,95645133296
2020-01-05,LG3,Staff,19,40,108001,2102315275,162457696,2264772971
2020-01-05,LG3,TPG,30,134,305349,28130683694,5584207909,33714891603
2020-01-05,LG3,RPG,59,112,146011,30148546672,4828561010,34977107682
2020-01-05,LG3,UG,43,74,73273,22818398083,2161145672,24979543755
2020-01-05,LG3,Alumni,9,18,6121,2022882030,180631222,2203513252
2020-01-05,LG3,Others(HKUST),3,9,180,274334436,14960708,289295144
2020-01-05,LG3,Non-HKUST,4,15,70399,1162738129,160301882,1323040011
2020-01-05,LG3,Total,167,402,709334,86659898319,13092266099,99752164418
2020-01-05,LG4,Staff,12,18,10446,326049602,29312978,355362580
2020-01-05,LG4,TPG,11,22,32952,4947044627,3778702352,8725746979
2020-01-05,LG4,RPG,32,48,54551,9042447457,2168174949,11210622406
2020-01-05,LG4,UG,49,91,97397,14177351320,1547518418,15724869738
2020-01-05,LG4,Alumni,6,33,62113,55313551301,7166390812,62479942113
2020-01-05,LG4,Others(HKUST),3,14,172798,1089641697,101453112,1191094809
2020-01-05,LG4,Non-HKUST,4,9,2518,1088128268,76117669,1164245937
2020-01-05,LG4,Total,117,235,432775,85984214272,14867670290,100851884562
2020-01-05,All-Floors,Staff,68,193,732834,18292628190,10210472448,28503100638
2020-01-05,All-Floors,TPG,66,375,1034385,93303179473,23194796095,116497975568
2020-01-05,All-Floors,RPG,132,340,692618,57221047647,14537415503,71758463150
2020-01-05,All-Floors,UG,147,460,820977,84813527439,10332019558,95145546997
2020-01-05,All-Floors,Alumni,23,101,152141,62150237630,7867114775,70017352405
2020-01-05,All-Floors,Others(HKUST),10,70,822784,9178667386,782424370,9961091756
2020-01-05,All-Floors,Non-HKUST,16,82,206863,33285966606,7149029847,40434996453
2020-01-05,All-Floors,Total,462,1621,4462602,358245254371,74073272596,432318526967
2020-01-06,1,Staff,57,427,988568,71647425237,3716322219,75363747456
2020-01-06,1,TPG,19,113,448821,58674010349,11384692801,70058703150
2020-01-06,1,RPG,16,82,225847,14875459058,4117303200,18992762258
2020-01-06,1,UG,31,189,557063,61133063002,14333805879,75466868881
2020-01-06,1,Alumni,0,0,0,0,0,0
2020-01-06,1,Others(HKUST),5,19,217644,1834635494,313182883,2147818377
2020-01-06,1,Non-HKUST,3,3,25187,508582379,1156085942,1664668321
2020-01-06,1,Total,131,833,2463130,208673175519,35021392924,243694568443
2020-01-06,G,Staff,135,506,879890,39221925417,25032606317,64254531734
2020-01-06,G,TPG,104,463,965134,143965155118,21065808752,165030963870
2020-01-06,G,RPG,66,200,348520,30823195434,2463042824,33286238258
2020-01-06,G,UG,162,506,733440,104814320195,13494748053,118309068248
2020-01-06,G,Alumni,5,7,3058,615836421,40601214,656437635
2020-01-06,G,Others(HKUST),8,25,268028,4583352928,481492109,5064845037
2020-01-06,G,Non-HKUST,16,41,36530,5241018164,315115573,5556133737
2020-01-06,G,Total,496,1748,3234600,329264803677,62893414842,392158218519
2020-01-06,LG1,Staff,67,319,696189,34612284287,3533235252,38145519539
2020-01-06,LG1,TPG,61,276,776906,78455575004,9230468223,87686043227
2020-01-06,LG1,RPG,43,196,524215,46743834941,4942295817,51686130758
2020-01-06,LG1,UG,104,475,1240833,109704401382,13588112130,123292513512
2020-01-06,LG1,Alumni,2,7,44268,1446551695,90584162,1537135857
2020-01-06,LG1,Others(HKUST),7,57,173735,7161437519,1309746552,8471184071
2020-01-06,LG1,Non-HKUST,6,25,54575,3252456568,239972334,3492428902
2020-01-06,LG1,Total,290,1355,3510721,281376541396,32934414470,314310955866
2020-01-06,LG3,Staff,122,260,260031,15635489578,2330942762,17966432340
2020-01-06,LG3,TPG,54,313,985133,163552299113,13049420063,176601719176
2020-01-06,LG3,RPG,102,304,544192,95328493089,7624519704,102953012793
2020-01-06,LG3,UG,108,325,570170,507669650424,36380123144,544049773568
2020-01-06,LG3,Alumni,2,19,58480,8834606744,488158061,9322764805
2020-01-06,LG3,Others(HKUST),11,40,7719,1757836517,517513790,2275350307
2020-01-06,LG3,Non-HKUST,20,42,112221,17062594177,654804352,17717398529
2020-01-06,LG3,Total,419,1303,2537946,809840969642,61045481876,870886451518
2020-01-06,LG4,Staff,77,204,125713,14048356312,1540664439,15589020751
2020-01-06,LG4,TPG,37,110,240409,46469790659,16297429413,62767220072
2020-01-06,LG4,RPG,72,118,147000,25013308267,986753250,26000061517
2020-01-06,LG4,UG,85,221,217745,49396750702,4044211875,53440962577
2020-01-06,LG4,Alumni,3,32,42816,24878435216,592685469,25471120685
2020-01-06,LG4,Others(HKUST),6,49,185387,4451215173,798332541,5249547714
2020-01-06,LG4,Non-HKUST,15,56,124724,13209523287,927817609,14137340896
2020-01-06,LG4,Total,295,790,1083794,177467379616,25187894596,202655274212
2020-01-06,All-Floors,Staff,277,1716,2950391,175165480831,36153770989,211319251820
2020-01-06,All-Floors,TPG,139,1275,3416403,491116830243,71027819252,562144649495
2020-01-06,All-Floors,RPG,221,900,1789774,212784290789,20133914795,232918205584
2020-01-06,All-Floors,UG,304,1716,3319251,832718185705,81841001081,914559186786
2020-01-06,All-Floors,Alumni,6,65,148622,35775430076,1212028906,36987458982
2020-01-06,All-Floors,Others(HKUST),21,190,852513,19788477631,3420267875,23208745506
2020-01-06,All-Floors,Non-HKUST,39,167,353237,39274174575,3293795810,42567970385
2020-01-06,All-Floors,Total,1007,6029,12830191,1806622869850,217082598708,2023705468558
2020-01-07,1,Staff,63,583,1150967,80380074436,5890639014,86270713450
2020-01-07,1,TPG,37,207,878346,91494210340,5703290866,97197501206
2020-01-07,1,RPG,28,112,293968,10125634303,819095855,10944730158
2020-01-07,1,UG,27,176,535540,26908821817,36722352474,63631174291
2020-01-07,1,Alumni,2,16,65193,6055360650,466859796,6522220446
2020-01-07,1,Others(HKUST),6,26,224661,1610881205,213484983,1824366188
2020-01-07,1,Non-HKUST,5,16,116489,6892097991,2951865154,9843963145
2020-01-07,1,Total,168,1136,3265164,223467080742,52767588142,276234668884
2020-01-07,G,Staff,149,562,987055,55103531664,8629191134,63732722798
2020-01-07,G,TPG,100,376,885869,143442782782,25294351434,168737134216
2020-01-07,G,RPG,99,318,596595,82924576442,12991200326,95915776768
2020-01-07,G,UG,163,487,772810,121078440275,13124400027,134202840302
2020-01-07,G,Alumni,8,22,27187,19088347064,1015004837,20103351901
2020-01-07,G,Others(HKUST),8,35,298975,5031175639,316415829,5347591468
2020-01-07,G,Non-HKUST,19,51,57974,6331759738,1035675433,7367435171
2020-01-07,G,Total,546,1851,3626465,433000613604,62406239020,495406852624
2020-01-07,LG1,Staff,78,321,563368,28559738360,3459274173,32019012533
2020-01-07,LG1,TPG,50,323,1040342,105550870951,10673485900,116224356851
2020-01-07,LG1,RPG,60,207,491007,29938105027,9400237269,39338342296
2020-01-07,LG1,UG,113,512,1504262,150157323347,15059028478,165216351825
2020-01-07,LG1,Alumni,3,6,14752,2769472655,593234046,3362706701
2020-01-07,LG1,Others(HKUST),6,58,135718,11377518081,623413415,12000931496
2020-01-07,LG1,Non-HKUST,10,50,133193,9899920459,1172636491,11072556950
2020-01-07,LG1,Total,320,1477,3882642,338252948880,40981309772,379234258652
2020-01-07,LG3,Staff,89,296,316815,23668877796,3092302107,26761179903
2020-01-07,LG3,TPG,41,240,685789,188183575652,20899777156,209083352808
2020-01-07,LG3,RPG,122,320,656442,66963849304,9900360383,76864209687
2020-01-07,LG3,UG,123,377,574535,218120019447,7634870616,225754890063
2020-01-07,LG3,Alumni,4,29,75571,22772081333,3150596493,25922677826
2020-01-07,LG3,Others(HKUST),5,23,3782,2319427309,118829727,2438257036
2020-01-07,LG3,Non-HKUST,15,40,114979,38195710079,1199423115,39395133194
2020-01-07,LG3,Total,399,1325,2427913,560223540920,45996159597,606219700517
2020-01-07,LG4,Staff,69,231,85223,16582187430,2170302360,18752489790
2020-01-07,LG4,TPG,31,149,329537,82636458659,6720050586,89356509245
2020-01-07,LG4,RPG,69,160,200656,399075038924,21776969253,420852008177
2020-01-07,LG4,UG,90,314,324798,112879191278,8848794151,121727985429
2020-01-07,LG4,Alumni,2,40,57062,24935175573,766193760,25701369333
2020-01-07,LG4,Others(HKUST),6,37,182885,4366103775,280658348,4646762123
2020-01-07,LG4,Non-HKUST,9,47,101304,4530931608,415349634,4946281242
2020-01-07,LG4,Total,276,978,1281465,645005087247,40978318092,685983405339
2020-01-07,All-Floors,Staff,266,1993,3103428,204294409686,23241708788,227536118474
2020-01-07,All-Floors,TPG,153,1295,3819883,611307898384,69290955942,680598854326
2020-01-07,All-Floors,RPG,268,1117,2238668,589027204000,54887863086,643915067086
2020-01-07,All-Floors,UG,315,1866,3711945,629143796164,81389445746,710533241910
2020-01-07,All-Floors,Alumni,10,113,239765,75620437275,5991888932,81612326207
2020-01-07,All-Floors,Others(HKUST),13,179,846021,24705106009,1552802302,26257908311
2020-01-07,All-Floors,Non-HKUST,36,204,523939,65850419875,6774949827,72625369702
2020-01-07,All-Floors,Total,1061,6767,14483649,2199949271393,243129614623,2443078886016
2020-01-08,1,Staff,67,498,1053884,49341166383,4729485851,54070652234
2020-01-08,1,TPG,24,207,560042,32523555497,4753689349,37277244846
2020-01-08,1,RPG,25,111,466213,14207193013,1197986794,15405179807
2020-01-08,1,UG,34,192,458624,54888721259,3106012071,57994733330
2020-01-08,1,Alumni,1,2,1800,111251031,11876389,123127420
2020-01-08,1,Others(HKUST),5,20,234724,854955663,160916356,1015872019
2020-01-08,1,Non-HKUST,3,7,14407,2937386914,86669249,3024056163
2020-01-08,1,Total,159,1037,2789694,154864229760,14046636059,168910865819
2020-01-08,G,Staff,133,561,927005,70811188911,9980004770,80791193681
2020-01-08,G,TPG,103,362,639446,77408464574,7495796413,84904260987
2020-01-08,G,RPG,88,271,437213,33242814458,2233154326,35475968784
2020-01-08,G,UG,165,532,886869,111876704332,14598145152,126474849484
2020-01-08,G,Alumni,10,33,61961,7318177467,495937761,7814115228
2020-01-08,G,Others(HKUST),8,31,306199,3095474787,239430833,3334905620
2020-01-08,G,Non-HKUST,23,66,89135,4784132090,748756226,5532888316
2020-01-08,G,Total,530,1856,3347828,308536956619,35791225481,344328182100
2020-01-08,LG1,Staff,81,353,638874,30188490960,5643617316,35832108276
2020-01-08,LG1,TPG,61,427,1287973,196431059849,17839580730,214270640579
2020-01-08,LG1,RPG,58,212,469459,50055000424,6461220809,56516221233
2020-01-08,LG1,UG,113,595,1668451,161238171980,10147325994,171385497974
2020-01-08,LG1,Alumni,3,25,12071,12750121523,839000114,13589121637
2020-01-08,LG1,Others(HKUST),9,35,213290,273511636,38996712,312508348
2020-01-08,LG1,Non-HKUST,13,60,119164,4335706618,789719465,5125426083
2020-01-08,LG1,Total,338,1707,4409282,455272062990,41759461140,497031524130
2020-01-08,LG3,Staff,121,264,199900,16837272938,1753050335,18590323273
2020-01-08,LG3,TPG,39,154,436771,57805438815,8490612326,66296051141
2020-01-08,LG3,RPG,123,299,626050,77424908751,7836727322,85261636073
2020-01-08,LG3,UG,101,257,592046,106372293865,53780693986,160152987851
2020-01-08,LG3,Alumni,5,64,64977,66197949214,5704774836,71902724050
2020-01-08,LG3,Others(HKUST),6,13,721,70745943,6752105,77498048
2020-01-08,LG3,Non-HKUST,15,34,87867,25936781215,1300972145,27237753360
2020-01-08,LG3,Total,410,1085,2008332,350645390741,78873583055,429518973796
2020-01-08,LG4,Staff,84,271,114917,7620978303,1562213678,9183191981
2020-01-08,LG4,TPG,31,167,466023,69110952780,4890795385,74001748165
2020-01-08,LG4,RPG,72,124,177563,11276631250,1336633263,12613264513
2020-01-08,LG4,UG,70,160,210893,30706216588,2717950493,33424167081
2020-01-08,LG4,Alumni,5,39,38711,45007988637,1736717533,46744706170
2020-01-08,LG4,Others(HKUST),8,36,177125,2543397524,492952084,3036349608
2020-01-08,LG4,Non-HKUST,13,45,95189,3645737641,366679017,4012416658
2020-01-08,LG4,Total,283,842,1280421,169911902723,13103941453,183015844176
2020-01-08,All-Floors,Staff,310,1947,2934580,174799097495,23668371950,198467469445
2020-01-08,All-Floors,TPG,142,1317,3390255,433279471515,43470474203,476749945718
2020-01-08,All-Floors,RPG,267,1017,2176498,186206547896,19065722514,205272270410
2020-01-08,All-Floors,UG,314,1736,3816883,465082108024,84350127696,549432235720
2020-01-08,All-Floors,Alumni,14,163,179520,131385487872,8788306633,140173794505
2020-01-08,All-Floors,Others(HKUST),18,135,932059,6838085553,939048090,7777133643
2020-01-08,All-Floors,Non-HKUST,40,212,405762,41639744478,3292796102,44932540580
2020-01-08,All-Floors,Total,1105,6527,13835557,1439230542833,183574847188,1622805390021
2020-01-09,1,Staff,61,533,1249868,65898459221,4731711078,70630170299
2020-01-09,1,TPG,31,261,1019570,66644875355,5542070389,72186945744
2020-01-09,1,RPG,22,134,438102,37381201698,2253173133,39634374831
2020-01-09,1,UG,38,243,584765,67653951461,14482851168,82136802629
2020-01-09,1,Alumni,2,11,80121,6884788100,312736662,7197524762
2020-01-09,1,Others(HKUST),6,46,279639,1768211111,215933752,1984144863
2020-01-09,1,Non-HKUST,3,9,52771,907732920,92276637,1000009557
2020-01-09,1,Total,163,1237,3704836,247139219866,27630752819,274769972685
2020-01-09,G,Staff,142,515,929382,38758114184,5029650461,43787764645
2020-01-09,G,TPG,91,344,634023,90021260415,9029267404,99050527819
2020-01-09,G,RPG,86,297,537899,35861144678,8660605632,44521750310
2020-01-09,G,UG,155,469,832965,88308353611,79689085999,167997439610
2020-01-09,G,Alumni,6,19,7365,5815765385,237000060,6052765445
2020-01-09,G,Others(HKUST),8,39,274686,9489240145,473662308,9962902453
2020-01-09,G,Non-HKUST,15,44,52768,5486551872,837888645,6324440517
2020-01-09,G,Total,503,1727,3269088,273740430290,103957160509,377697590799
2020-01-09,LG1,Staff,69,264,534204,14733813585,7382417636,22116231221
2020-01-09,LG1,TPG,51,296,951799,153195673926,29408195794,182603869720
2020-01-09,LG1,RPG,42,134,264165,92926778504,6326953842,99253732346
2020-01-09,LG1,UG,108,554,1608836,134369037114,11669346084,146038383198
2020-01-09,LG1,Alumni,1,7,28769,1347913448,121975594,1469889042
2020-01-09,LG1,Others(HKUST),7,86,233018,6626700490,331621088,6958321578
2020-01-09,LG1,Non-HKUST,6,39,110555,4888153448,1314288078,6202441526
2020-01-09,LG1,Total,284,1380,3731346,408088070515,56554798116,464642868631
2020-01-09,LG3,Staff,102,235,227874,12876047487,3025234299,15901281786
2020-01-09,LG3,TPG,36,160,606957,128544380992,23099246844,151643627836
2020-01-09,LG3,RPG,88,237,435782,49250975721,4896208419,54147184140
2020-01-09,LG3,UG,84,334,431070,3387807023179,61602885952,3449409909131
2020-01-09,LG3,Alumni,7,32,73426,15471139134,4787406862,20258545996
2020-01-09,LG3,Others(HKUST),10,39,1080,1704600594,94805208,1799405802
2020-01-09,LG3,Non-HKUST,9,22,58865,3762786961,460822091,4223609052
2020-01-09,LG3,Total,336,1059,1835054,3599416954068,97966609675,3697383563743
2020-01-09,LG4,Staff,60,308,131140,11280808057,1559474666,12840282723
2020-01-09,LG4,TPG,16,89,272188,72126179042,17048407034,89174586076
2020-01-09,LG4,RPG,85,153,154586,25865276965,3161440702,29026717667
2020-01-09,LG4,UG,60,205,138782,47966521560,12452644627,60419166187
2020-01-09,LG4,Alumni,10,71,129028,47061615519,2465225645,49526841164
2020-01-09,LG4,Others(HKUST),11,68,214926,25326417077,1381455953,26707873030
2020-01-09,LG4,Non-HKUST,12,22,34053,14280159164,553076149,14833235313
2020-01-09,LG4,Total,254,916,1074703,243906977384,38621724776,282528702160
2020-01-09,All-Floors,Staff,263,1855,3072468,143547242534,21728488140,165275730674
2020-01-09,All-Floors,TPG,129,1150,3484537,510532369730,84127187465,594659557195
2020-01-09,All-Floors,RPG,248,955,1830534,241285377566,25298381728,266583759294
2020-01-09,All-Floors,UG,284,1805,3596418,3726104886925,179896813830,3906001700755
2020-01-09,All-Floors,Alumni,14,140,318709,76581221586,7924344823,84505566409
2020-01-09,All-Floors,Others(HKUST),24,278,1003349,44915169417,2497478309,47412647726
2020-01-09,All-Floors,Non-HKUST,32,136,309012,29325384365,3258351600,32583735965
2020-01-09,All-Floors,Total,994,6319,13615027,4772291652123,324731045895,5097022698018
2020-01-10,1,Staff,63,621,1242796,52179300540,6829000183,59008300723
2020-01-10,1,TPG,32,230,1002443,101466015767,8724193078,110190208845
2020-01-10,1,RPG,14,83,268752,12043140341,985839486,13028979827
2020-01-10,1,UG,33,146,388632,29290744709,15541333873,44832078582
2020-01-10,1,Alumni,0,0,0,0,0,0
2020-01-10,1,Others(HKUST),6,64,389077,1275527433,173714042,1449241475
2020-01-10,1,Non-HKUST,7,14,29530,2492838220,147108626,2639946846
2020-01-10,1,Total,155,1158,3321230,198747567010,32401189288,231148756298
2020-01-10,G,Staff,162,533,887699,44755033166,5704560230,50459593396
2020-01-10,G,TPG,99,407,607064,97473328682,15617268850,113090597532
2020-01-10,G,RPG,85,300,598341,44902429765,6892230405,51794660170
2020-01-10,G,UG,135,379,592918,62735740550,4968460148,67704200698
2020-01-10,G,Alumni,4,5,6119,1303179238,68203051,1371382289
2020-01-10,G,Others(HKUST),9,28,280601,7739957405,300087034,8040044439
2020-01-10,G,Non-HKUST,21,70,112458,9191629016,632862622,9824491638
2020-01-10,G,Total,515,1722,3085200,268101297822,34183672340,302284970162
2020-01-10,LG1,Staff,106,335,490276,22460451115,2010901039,24471352154
2020-01-10,LG1,TPG,66,405,944550,119915526058,15958206192,135873732250
2020-01-10,LG1,RPG,40,117,350032,18399912510,3661106824,22061019334
2020-01-10,LG1,UG,109,483,1208228,132246442987,10811384096,143057827083
2020-01-10,LG1,Alumni,3,17,61883,117419363657,1151253572,118570617229
2020-01-10,LG1,Others(HKUST),9,40,120640,258573718,39359954,297933672
2020-01-10,LG1,Non-HKUST,14,48,116462,10482678308,1586253406,12068931714
2020-01-10,LG1,Total,347,1445,3292071,421182948353,35218465083,456401413436
2020-01-10,LG3,Staff,100,182,161177,14686514019,2375066648,17061580667
2020-01-10,LG3,TPG,51,330,797060,132324521107,10405699128,142730220235
2020-01-10,LG3,RPG,91,267,499402,82809462590,7201628197,90011090787
2020-01-10,LG3,UG,94,341,382470,988395128702,30464103120,1018859231822
2020-01-10,LG3,Alumni,5,17,9171,4900322757,492067377,5392390134
2020-01-10,LG3,Others(HKUST),9,18,1447,175971733,16196843,192168576
2020-01-10,LG3,Non-HKUST,13,17,37821,1030964082,104271266,1135235348
2020-01-10,LG3,Total,363,1172,1888548,1224322884990,51059032579,1275381917569
2020-01-10,LG4,Staff,81,265,87365,17030066960,1248890697,18278957657
2020-01-10,LG4,TPG,23,122,311263,86301856325,28116980848,114418837173
2020-01-10,LG4,RPG,78,119,112832,15356361048,952458061,16308819109
2020-01-10,LG4,UG,81,290,286336,30151755818,5899193719,36050949537
2020-01-10,LG4,Alumni,3,30,41202,27391436659,1020296649,28411733308
2020-01-10,LG4,Others(HKUST),10,31,184505,3422508695,616070489,4038579184
2020-01-10,LG4,Non-HKUST,7,42,75364,4756622587,425109061,5181731648
2020-01-10,LG4,Total,283,899,1098867,184410608092,38278999524,222689607616
2020-01-10,All-Floors,Staff,307,1936,2869313,151111365800,18168418797,169279784597
2020-01-10,All-Floors,TPG,141,1494,3662380,537481247939,78822348096,616303596035
2020-01-10,All-Floors,RPG,221,886,1829359,173511306254,19693262973,193204569227
2020-01-10,All-Floors,UG,296,1639,2858584,1242819812766,67684474956,1310504287722
2020-01-10,All-Floors,Alumni,11,69,118375,151014302311,2731820649,153746122960
2020-01-10,All-Floors,Others(HKUST),22,181,976270,12872538984,1145428362,14017967346
2020-01-10,All-Floors,Non-HKUST,40,191,371635,27954732213,2895604981,30850337194
2020-01-10,All-Floors,Total,1038,6396,12685916,2296765306267,191141358814,2487906665081
2020-01-11,1,Staff,9,80,242463,8883136947,400823195,9283960142
2020-01-11,1,TPG,15,81,417348,19596721076,1376716476,20973437552
2020-01-11,1,RPG,12,52,213274,37161215435,2130687016,39291902451
2020-01-11,1,UG,12,30,167181,11711949584,1532813241,13244762825
2020-01-11,1,Alumni,1,6,15473,389698779,136838842,526537621
2020-01-11,1,Others(HKUST),2,5,172619,1691295661,155284494,1846580155
2020-01-11,1,Non-HKUST,2,14,30421,2672832285,64943017,2737775302
2020-01-11,1,Total,53,268,1258779,82106849767,5798106281,87904956048
2020-01-11,G,Staff,36,103,256695,4894777099,862795073,5757572172
2020-01-11,G,TPG,45,127,328840,22104211737,3293512783,25397724520
2020-01-11,G,RPG,46,102,248900,15760781522,1542178125,17302959647
2020-01-11,G,UG,57,171,332015,38149634982,4686749547,42836384529
2020-01-11,G,Alumni,10,26,37262,3743452686,251554689,3995007375
2020-01-11,G,Others(HKUST),4,10,259197,3232371273,261723732,3494095005
2020-01-11,G,Non-HKUST,8,25,30045,3065907814,190727408,3256635222
2020-01-11,G,Total,206,564,1492954,90951137113,11089241357,102040378470
2020-01-11,LG1,Staff,20,73,88177,2454577976,380000656,2834578632
2020-01-11,LG1,TPG,22,103,418300,21706859822,3466691665,25173551487
2020-01-11,LG1,RPG,27,66,147742,14856023208,9225227638,24081250846
2020-01-11,LG1,UG,54,187,513917,53749939747,7534071200,61284010947
2020-01-11,LG1,Alumni,5,31,74857,7455554622,855357064,8310911686
2020-01-11,LG1,Others(HKUST),4,38,135720,10344635507,618881019,10963516526
2020-01-11,LG1,Non-HKUST,7,12,50742,4183397229,166264605,4349661834
2020-01-11,LG1,Total,139,510,1429455,114750988111,22246493847,136997481958
2020-01-11,LG3,Staff,34,78,180322,5700246510,291416675,5991663185
2020-01-11,LG3,TPG,23,59,192222,20929769585,1699365725,22629135310
2020-01-11,LG3,RPG,64,132,223679,24049235711,1612381695,25661617406
2020-01-11,LG3,UG,52,114,149583,29969194262,1490397309,31459591571
2020-01-11,LG3,Alumni,5,6,4319,1218469967,58497813,1276967780
2020-01-11,LG3,Others(HKUST),3,17,901,1347615157,118319212,1465934369
2020-01-11,LG3,Non-HKUST,6,6,0,1528294500,73793018,1602087518
2020-01-11,LG3,Total,187,412,751026,84742825692,5344171447,90086997139
2020-01-11,LG4,Staff,9,30,18184,2104681841,120476597,2225158438
2020-01-11,LG4,TPG,15,89,262377,39525416971,7091152424,46616569395
2020-01-11,LG4,RPG,46,58,40848,3640130962,215708202,3855839164
2020-01-11,LG4,UG,41,109,106184,25780221144,1418006363,27198227507
2020-01-11,LG4,Alumni,5,6,540,1276082871,56494027,1332576898
2020-01-11,LG4,Others(HKUST),4,18,175500,4363158605,540693206,4903851811
2020-01-11,LG4,Non-HKUST,3,17,44808,1097357681,91089872,1188447553
2020-01-11,LG4,Total,123,327,648441,77787050075,9533620691,87320670766
2020-01-11,All-Floors,Staff,72,364,785841,24037420373,2055512196,26092932569
2020-01-11,All-Floors,TPG,80,459,1619087,123862979191,16927439073,140790418264
2020-01-11,All-Floors,RPG,154,410,874443,95467386838,14726182676,110193569514
2020-01-11,All-Floors,UG,150,611,1268880,159360939719,16662037660,176022977379
2020-01-11,All-Floors,Alumni,13,75,132451,14083258925,1358742435,15442001360
2020-01-11,All-Floors,Others(HKUST),11,88,743937,20979076203,1694901663,22673977866
2020-01-11,All-Floors,Non-HKUST,19,74,156016,12547789509,586817920,13134607429
2020-01-11,All-Floors,Total,499,2081,5580655,450338850758,54011633623,504350484381
2020-01-12,1,Staff,10,36,212228,14326513526,809281187,15135794713
2020-01-12,1,TPG,14,72,313391,25149023031,2829802974,27978826005
2020-01-12,1,RPG,7,19,43211,1671087155,132010304,1803097459
2020-01-12,1,UG,9,34,59408,3619274034,1523600431,5142874465
2020-01-12,1,Alumni,0,0,0,0,0,0
2020-01-12,1,Others(HKUST),2,4,172798,928218222,117824372,1046042594
2020-01-12,1,Non-HKUST,0,0,0,0,0,0
2020-01-12,1,Total,42,165,801036,45694115968,5412519268,51106635236
2020-01-12,G,Staff,30,93,208629,9507395461,3712302867,13219698328
2020-01-12,G,TPG,44,129,253837,80200206444,7761870433,87962076877
2020-01-12,G,RPG,39,122,239246,13161796052,2588044150,15749840202
2020-01-12,G,UG,43,99,167238,9163449808,963703154,10127152962
2020-01-12,G,Alumni,7,16,18364,305826070,34237818,340063888
2020-01-12,G,Others(HKUST),5,13,302378,2862711818,243515481,3106227299
2020-01-12,G,Non-HKUST,4,13,6660,1196315668,74354899,1270670567
2020-01-12,G,Total,172,485,1196352,116397701321,15378028802,131775730123
2020-01-12,LG1,Staff,26,83,103339,5948659740,995754262,6944414002
2020-01-12,LG1,TPG,29,128,448638,24460855109,6655820581,31116675690
2020-01-12,LG1,RPG,23,48,65166,2200023497,976440028,3176463525
2020-01-12,LG1,UG,32,86,188301,29485363396,1357101113,30842464509
2020-01-12,LG1,Alumni,4,6,14938,1512654719,63861292,1576516011
2020-01-12,LG1,Others(HKUST),3,22,102599,3091308055,600221389,3691529444
2020-01-12,LG1,Non-HKUST,2,3,6300,269700268,16865721,286565989
2020-01-12,LG1,Total,119,376,929281,66968564784,10666064386,77634629170
2020-01-12,LG3,Staff,31,125,235625,13642614356,4739225442,18381839798
2020-01-12,LG3,TPG,24,74,144027,9506813258,1329417524,10836230782
2020-01-12,LG3,RPG,42,114,161844,14073707569,1596643246,15670350815
2020-01-12,LG3,UG,37,57,79921,12308706657,750899059,13059605716
2020-01-12,LG3,Alumni,9,19,28265,3334923553,166738430,3501661983
2020-01-12,LG3,Others(HKUST),3,10,0,681706032,163149634,844855666
2020-01-12,LG3,Non-HKUST,2,3,0,1511401,1167127,2678528
2020-01-12,LG3,Total,148,402,649682,53549982826,8747240462,62297223288
2020-01-12,LG4,Staff,20,42,21425,5672393341,666656056,6339049397
2020-01-12,LG4,TPG,17,52,89122,8899298306,494674585,9393972891
2020-01-12,LG4,RPG,33,60,3957,994763483,193829942,1188593425
2020-01-12,LG4,UG,39,79,55628,15953956102,1998548416,17952504518
2020-01-12,LG4,Alumni,6,13,35097,3696769799,188714953,3885484752
2020-01-12,LG4,Others(HKUST),6,39,176581,3237843125,503001513,3740844638
2020-01-12,LG4,Non-HKUST,8,19,6304,840447314,47471662,887918976
2020-01-12,LG4,Total,129,304,388114,39295471470,4092897127,43388368597
2020-01-12,All-Floors,Staff,78,379,781246,49097576424,10923219814,60020796238
2020-01-12,All-Floors,TPG,75,455,1249015,148216196148,19071586097,167287782245
2020-01-12,All-Floors,RPG,114,363,513424,32101377756,5486967670,37588345426
2020-01-12,All-Floors,UG,118,355,550496,70530749997,6593852173,77124602170
2020-01-12,All-Floors,Alumni,17,54,96664,8850174141,453552493,9303726634
2020-01-12,All-Floors,Others(HKUST),12,88,754356,10801787252,1627712389,12429499641
2020-01-12,All-Floors,Non-HKUST,14,38,19264,2307974651,139859409,2447834060
2020-01-12,All-Floors,Total,428,1732,3964465,321905836369,44296750045,366202586414
2020-01-13,1,Staff,65,489,1174781,45095391518,5656968644,50752360162
2020-01-13,1,TPG,30,211,777046,217326365566,9602707979,226929073545
2020-01-13,1,RPG,19,94,309202,13030867643,3017427722,16048295365
2020-01-13,1,UG,31,195,572277,34159338097,8220199559,42379537656
2020-01-13,1,Alumni,0,0,0,0,0,0
2020-01-13,1,Others(HKUST),6,32,299537,2298500438,289170412,2587670850
2020-01-13,1,Non-HKUST,3,14,80612,4277157731,221737166,4498894897
2020-01-13,1,Total,154,1035,3213455,316187620993,27008211482,343195832475
2020-01-13,G,Staff,138,504,892940,38784815199,8939821924,47724637123
2020-01-13,G,TPG,96,349,627514,138056972944,11186614217,149243587161
2020-01-13,G,RPG,81,271,554543,47308304151,10471864485,57780168636
2020-01-13,G,UG,148,475,919057,119839563780,45954659377,165794223157
2020-01-13,G,Alumni,3,6,718,2069154660,498308121,2567462781
2020-01-13,G,Others(HKUST),8,34,298493,5325287076,563398713,5888685789
2020-01-13,G,Non-HKUST,20,85,152795,13947373056,659056132,14606429188
2020-01-13,G,Total,494,1724,3446060,365331470866,78273722969,443605193835
2020-01-13,LG1,Staff,70,249,365151,21725746513,3371009627,25096756140
2020-01-13,LG1,TPG,37,209,732984,65257048297,10769959178,76027007475
2020-01-13,LG1,RPG,41,150,382482,59007424874,14311244326,73318669200
2020-01-13,LG1,UG,123,504,1338980,130120006722,61377331188,191497337910
2020-01-13,LG1,Alumni,2,12,44076,2677374074,314532389,2991906463
2020-01-13,LG1,Others(HKUST),6,51,115932,6974536012,1239670570,8214206582
2020-01-13,LG1,Non-HKUST,7,41,72558,2739176758,182966474,2922143232
2020-01-13,LG1,Total,286,1216,3052163,288501313250,91566713752,380068027002
2020-01-13,LG3,Staff,124,253,231681,16004634593,3183796356,19188430949
2020-01-13,LG3,TPG,38,208,490768,60802907797,13414772805,74217680602
2020-01-13,LG3,RPG,109,262,528145,40909620073,3212592834,44122212907
2020-01-13,LG3,UG,124,426,884919,157083764113,12696387645,169780151758
2020-01-13,LG3,Alumni,2,2,0,146793267,14637036,161430303
2020-01-13,LG3,Others(HKUST),5,19,1082,1347548993,59726041,1407275034
2020-01-13,LG3,Non-HKUST,9,11,30601,9248769090,589384254,9838153344
2020-01-13,LG3,Total,411,1181,2167196,285544037926,33171296971,318715334897
2020-01-13,LG4,Staff,75,225,93478,12677312932,2462373585,15139686517
2020-01-13,LG4,TPG,24,156,393819,61038060419,5476494436,66514554855
2020-01-13,LG4,RPG,86,142,246098,31141838536,1430756310,32572594846
2020-01-13,LG4,UG,91,242,324293,79874437684,4387322229,84261759913
2020-01-13,LG4,Alumni,4,16,52733,8356634836,1609739751,9966374587
2020-01-13,LG4,Others(HKUST),9,35,209367,2725049568,384141563,3109191131
2020-01-13,LG4,Non-HKUST,13,64,88529,13747440038,5382271043,19129711081
2020-01-13,LG4,Total,302,880,1408317,209560774013,21133098917,230693872930
2020-01-13,All-Floors,Staff,297,1720,2758031,134287900755,23613970136,157901870891
2020-01-13,All-Floors,TPG,128,1133,3022131,542481355023,50450548615,592931903638
2020-01-13,All-Floors,RPG,252,919,2020470,191398055277,32443885677,223841940954
2020-01-13,All-Floors,UG,338,1842,4039526,521077110396,132635899998,653713010394
2020-01-13,All-Floors,Alumni,5,36,97527,13249956837,2437217297,15687174134
2020-01-13,All-Floors,Others(HKUST),21,171,924411,18670922087,2536107299,21207029386
2020-01-13,All-Floors,Non-HKUST,40,215,425095,43959916673,7035415069,50995331742
2020-01-13,All-Floors,Total,1081,6036,13287191,1465125217048,251153044091,1716278261139
2020-01-14,1,Staff,63,576,1131660,59004879913,50451981464,109456861377
2020-01-14,1,TPG,35,233,874831,76041065179,7357941941,83399007120
2020-01-14,1,RPG,16,110,339346,88060388919,16232099395,104292488314
2020-01-14,1,UG,42,319,584931,100883571340,17519930345,118403501685
2020-01-14,1,Alumni,1,11,42683,8586151158,364477572,8950628730
2020-01-14,1,Others(HKUST),7,56,375996,6843385538,1671222225,8514607763
2020-01-14,1,Non-HKUST,2,2,10630,1515613266,92618155,1608231421
2020-01-14,1,Total,166,1307,3360077,340935055313,93690271097,434625326410
2020-01-14,G,Staff,134,676,860080,67323307363,16836087039,84159394402
2020-01-14,G,TPG,112,488,732647,166743610523,11589304627,178332915150
2020-01-14,G,RPG,85,319,549182,57718756093,7551099633,65269855726
2020-01-14,G,UG,153,481,672215,100900115067,24997428752,125897543819
2020-01-14,G,Alumni,8,20,29913,4354228333,241295411,4595523744
2020-01-14,G,Others(HKUST),11,41,224944,6319263293,509156088,6828419381
2020-01-14,G,Non-HKUST,15,60,117695,16949249844,6834043999,23783293843
2020-01-14,G,Total,518,2085,3186676,420308530516,68558415549,488866946065
2020-01-14,LG1,Staff,45,212,227778,15548907830,1702232744,17251140574
2020-01-14,LG1,TPG,53,373,1158674,177088420607,30845146746,207933567353
2020-01-14,LG1,RPG,36,203,460926,71832733369,8876380399,80709113768
2020-01-14,LG1,UG,93,437,1227372,113097211840,7492820834,120590032674
2020-01-14,LG1,Alumni,5,14,18154,1261316353,132970617,1394286970
2020-01-14,LG1,Others(HKUST),8,64,350773,5251504666,431699502,5683204168
2020-01-14,LG1,Non-HKUST,6,59,132850,11650375973,645900537,12296276510
2020-01-14,LG1,Total,246,1362,3576527,395730470638,50127151379,445857622017
2020-01-14,LG3,Staff,102,271,273999,57155157709,6138348393,63293506102
2020-01-14,LG3,TPG,46,202,518088,68424768761,14938085658,83362854419
2020-01-14,LG3,RPG,106,188,348156,45529364278,2769562662,48298926940
2020-01-14,LG3,UG,103,302,668386,91132597957,5257979939,96390577896
2020-01-14,LG3,Alumni,3,4,2690,131188447,9849259,141037706
2020-01-14,LG3,Others(HKUST),8,26,361,870729889,171468922,1042198811
2020-01-14,LG3,Non-HKUST,8,15,24090,2929914236,130642296,3060556532
2020-01-14,LG3,Total,376,1008,1835770,266173721277,29415937129,295589658406
2020-01-14,LG4,Staff,88,267,181157,25321912783,27513164944,52835077727
2020-01-14,LG4,TPG,26,103,429634,66688153860,3403970538,70092124398
2020-01-14,LG4,RPG,81,141,139665,107349950985,7934732275,115284683260
2020-01-14,LG4,UG,105,248,342276,76932710343,5395216326,82327926669
2020-01-14,LG4,Alumni,3,44,59796,110703714219,2044868417,112748582636
2020-01-14,LG4,Others(HKUST),10,42,179637,3745868791,423602566,4169471357
2020-01-14,LG4,Non-HKUST,8,23,50375,4075802395,396276206,4472078601
2020-01-14,LG4,Total,321,868,1382540,394818113376,47111831272,441929944648
2020-01-14,All-Floors,Staff,263,2002,2674674,224354165598,102641814584,326995980182
2020-01-14,All-Floors,TPG,154,1399,3713874,554986018930,68134449510,623120468440
2020-01-14,All-Floors,RPG,249,961,1837275,370491193644,43363874364,413855068008
2020-01-14,All-Floors,UG,319,1787,3495180,482946206547,60663376196,543609582743
2020-01-14,All-Floors,Alumni,12,93,153236,125036598510,2793461276,127830059786
2020-01-14,All-Floors,Others(HKUST),23,229,1131711,23030752177,3207149303,26237901480
2020-01-14,All-Floors,Non-HKUST,27,159,335640,37120955714,8099481193,45220436907
2020-01-14,All-Floors,Total,1047,6630,13341590,1817965891120,288903606426,2106869497546
2020-01-15,1,Staff,71,582,1231184,20946499990,49981808689,70928308679
2020-01-15,1,TPG,23,158,593962,58278048225,8264771316,66542819541
2020-01-15,1,RPG,17,117,347432,26882477543,1754380899,28636858442
2020-01-15,1,UG,27,204,363707,44180753366,4381178489,48561931855
2020-01-15,1,Alumni,0,0,0,0,0,0
2020-01-15,1,Others(HKUST),5,33,417073,3944938183,1302307675,5247245858
2020-01-15,1,Non-HKUST,3,6,13866,2071163816,100810760,2171974576
2020-01-15,1,Total,146,1100,2967224,156303881123,65785257828,222089138951
2020-01-15,G,Staff,147,681,1018153,61326793301,16833012470,78159805771
2020-01-15,G,TPG,100,345,500422,105645640660,10964603978,116610244638
2020-01-15,G,RPG,69,231,322350,40580814099,4411044262,44991858361
2020-01-15,G,UG,158,473,725257,223898149232,27341730809,251239880041
2020-01-15,G,Alumni,8,19,50420,3245058031,292033641,3537091672
2020-01-15,G,Others(HKUST),8,37,283708,4563561425,465196984,5028758409
2020-01-15,G,Non-HKUST,16,72,101695,22388978643,915638892,23304617535
2020-01-15,G,Total,506,1858,3002005,461648995391,61223261036,522872256427
2020-01-15,LG1,Staff,51,188,222524,8629899563,2876706026,11506605589
2020-01-15,LG1,TPG,53,380,1197033,143489713181,16451579321,159941292502
2020-01-15,LG1,RPG,45,197,441501,75464341050,13333455481,88797796531
2020-01-15,LG1,UG,114,594,1407502,203887560226,42356312803,246243873029
2020-01-15,LG1,Alumni,3,17,63172,7722029263,1201198587,8923227850
2020-01-15,LG1,Others(HKUST),5,59,558380,3995175208,812961062,4808136270
2020-01-15,LG1,Non-HKUST,10,35,80278,8736316137,328535365,9064851502
2020-01-15,LG1,Total,281,1470,3970390,451925034628,77360748645,529285783273
2020-01-15,LG3,Staff,104,258,255463,19768619913,5241427146,25010047059
2020-01-15,LG3,TPG,42,294,784103,91748387344,16839931702,108588319046
2020-01-15,LG3,RPG,110,226,430503,43965401128,13033274492,56998675620
2020-01-15,LG3,UG,107,354,685582,1153009399583,34119609841,1187129009424
2020-01-15,LG3,Alumni,7,19,13148,2955715601,585239676,3540955277
2020-01-15,LG3,Others(HKUST),7,19,721,189103217,22153124,211256341
2020-01-15,LG3,Non-HKUST,14,31,80051,14047075953,476441493,14523517446
2020-01-15,LG3,Total,391,1201,2249571,1325683702739,70318077474,1396001780213
2020-01-15,LG4,Staff,86,214,66284,14717703458,1038659775,15756363233
2020-01-15,LG4,TPG,20,111,315634,92121839085,8204144275,100325983360
2020-01-15,LG4,RPG,86,175,225484,42760454469,1623891125,44384345594
2020-01-15,LG4,UG,92,360,500630,101236138982,13935605782,115171744764
2020-01-15,LG4,Alumni,2,42,30079,11891432434,507920790,12399353224
2020-01-15,LG4,Others(HKUST),11,40,101355,3058238689,245037012,3303275701
2020-01-15,LG4,Non-HKUST,11,44,62799,7526005079,1484372371,9010377450
2020-01-15,LG4,Total,308,986,1302265,273311812196,27039631130,300351443326
2020-01-15,All-Floors,Staff,283,1923,2793608,125389516225,75971614106,201361130331
2020-01-15,All-Floors,TPG,134,1288,3391154,491283628495,60725030592,552008659087
2020-01-15,All-Floors,RPG,246,946,1767270,229653488289,34156046259,263809534548
2020-01-15,All-Floors,UG,317,1985,3682678,1726212001389,122134437724,1848346439113
2020-01-15,All-Floors,Alumni,16,97,156819,25814235329,2586392694,28400628023
2020-01-15,All-Floors,Others(HKUST),23,188,1361237,15751016722,2847655857,18598672579
2020-01-15,All-Floors,Non-HKUST,39,188,338689,54769539628,3305798881,58075338509
2020-01-15,All-Floors,Total,1058,6615,13491455,2668873426077,301726976113,2970600402190
2020-01-16,1,Staff,68,575,1082695,53780768618,6716347161,60497115779
2020-01-16,1,TPG,22,180,547932,89592742605,8728369706,98321112311
2020-01-16,1,RPG,16,120,421478,56505240572,3251305959,59756546531
2020-01-16,1,UG,29,192,408946,40289253668,9957285640,50246539308
2020-01-16,1,Alumni,1,3,3947,30007956,10167269,40175225
2020-01-16,1,Others(HKUST),6,64,429495,2335253146,374702503,2709955649
2020-01-16,1,Non-HKUST,2,5,18547,37428946,5765001,43193947
2020-01-16,1,Total,144,1139,2913040,242570695511,29043943239,271614638750
2020-01-16,G,Staff,142,647,827619,45632949543,5626903992,51259853535
2020-01-16,G,TPG,82,319,494780,126866956869,18654504190,145521461059
2020-01-16,G,RPG,91,286,558301,53422670472,2986195721,56408866193
2020-01-16,G,UG,166,555,831472,137920091396,10960287461,148880378857
2020-01-16,G,Alumni,10,18,5759,12192182836,321717206,12513900042
2020-01-16,G,Others(HKUST),11,43,317178,4793491473,394213389,5187704862
2020-01-16,G,Non-HKUST,12,34,70357,16157607906,1578953660,17736561566
2020-01-16,G,Total,514,1902,3105466,396985950495,40522775619,437508726114
2020-01-16,LG1,Staff,54,182,307183,22565910344,1439184820,24005095164
2020-01-16,LG1,TPG,50,269,695554,68528044317,9217949809,77745994126
2020-01-16,LG1,RPG,42,209,559823,54333043051,3885122106,58218165157
2020-01-16,LG1,UG,119,527,1591201,112372683943,9788315634,122160999577
2020-01-16,LG1,Alumni,5,24,72697,9766883818,601127447,10368011265
2020-01-16,LG1,Others(HKUST),8,65,547740,6655767645,557433270,7213200915
2020-01-16,LG1,Non-HKUST,10,57,164181,13372233042,1616295653,14988528695
2020-01-16,LG1,Total,288,1333,3938379,287594566160,27105428739,314699994899
2020-01-16,LG3,Staff,111,282,207108,28487646350,3678748005,32166394355
2020-01-16,LG3,TPG,29,181,530177,80253380919,20804647032,101058027951
2020-01-16,LG3,RPG,89,139,257243,42723228698,37514478790,80237707488
2020-01-16,LG3,UG,135,553,887492,377781310428,20975687429,398756997857
2020-01-16,LG3,Alumni,3,14,19773,6116782464,466293299,6583075763
2020-01-16,LG3,Others(HKUST),8,25,2704,2287473284,164229290,2451702574
2020-01-16,LG3,Non-HKUST,8,13,30754,2612805557,71466149,2684271706
2020-01-16,LG3,Total,383,1207,1935251,540262627700,83675549994,623938177694
2020-01-16,LG4,Staff,93,238,97028,8571964510,871173510,9443138020
2020-01-16,LG4,TPG,17,99,181466,62344032601,6543513410,68887546011
2020-01-16,LG4,RPG,74,168,173807,49306735852,5654246685,54960982537
2020-01-16,LG4,UG,104,358,689991,92041002053,11056660619,103097662672
2020-01-16,LG4,Alumni,5,64,84430,147742146393,2556112676,150298259069
2020-01-16,LG4,Others(HKUST),8,34,128162,5907076483,419123886,6326200369
2020-01-16,LG4,Non-HKUST,8,12,4317,1323236472,62930184,1386166656
2020-01-16,LG4,Total,309,973,1359201,367236194364,27163760970,394399955334
2020-01-16,All-Floors,Staff,277,1924,2521633,159039239365,18332357488,177371596853
2020-01-16,All-Floors,TPG,107,1048,2449909,427585157311,63948984147,491534141458
2020-01-16,All-Floors,RPG,243,922,1970652,256290918645,53291349261,309582267906
2020-01-16,All-Floors,UG,341,2185,4409102,760404341488,62738236783,823142578271
2020-01-16,All-Floors,Alumni,12,123,186606,175848003467,3955417897,179803421364
2020-01-16,All-Floors,Others(HKUST),21,231,1425279,21979062031,1909702338,23888764369
2020-01-16,All-Floors,Non-HKUST,31,121,288156,33503311923,3335410647,36838722570
2020-01-16,All-Floors,Total,1032,6554,13251337,1834650034230,207511458561,2042161492791
2020-01-17,1,Staff,69,642,1219583,52613160056,42704633851,95317793907
2020-01-17,1,TPG,18,147,444965,60495732217,14678867282,75174599499
2020-01-17,1,RPG,15,87,303793,15930562030,1878164207,17808726237
2020-01-17,1,UG,21,163,335508,35033777018,2792408914,37826185932
2020-01-17,1,Alumni,1,14,9000,3685313557,273618840,3958932397
2020-01-17,1,Others(HKUST),6,52,437568,1552925190,176191828,1729117018
2020-01-17,1,Non-HKUST,2,5,179,155219601,30309069,185528670
2020-01-17,1,Total,132,1110,2750596,169466689669,62534193991,232000883660
2020-01-17,G,Staff,143,762,1048284,53457814752,10382437429,63840252181
2020-01-17,G,TPG,82,305,556116,79053471849,8371782868,87425254717
2020-01-17,G,RPG,72,218,340155,113804267747,21308298308,135112566055
2020-01-17,G,UG,141,476,727397,121550291670,11730326549,133280618219
2020-01-17,G,Alumni,7,16,3237,5092530311,793780480,5886310791
2020-01-17,G,Others(HKUST),7,17,279550,6276852373,248773021,6525625394
2020-01-17,G,Non-HKUST,19,63,131726,14047314609,1247269834,15294584443
2020-01-17,G,Total,471,1857,3086465,393282543311,54082668489,447365211800
2020-01-17,LG1,Staff,52,187,248892,16325988911,3693828619,20019817530
2020-01-17,LG1,TPG,51,421,1081689,303518225341,16378499690,319896725031
2020-01-17,LG1,RPG,33,148,264107,159806924065,6856140683,166663064748
2020-01-17,LG1,UG,103,480,1656423,120257018060,9470213919,129727231979
2020-01-17,LG1,Alumni,7,22,82038,12033264635,2705372611,14738637246
2020-01-17,LG1,Others(HKUST),5,17,531893,366376613,110718282,477094895
2020-01-17,LG1,Non-HKUST,3,11,17613,1179834616,73461329,1253295945
2020-01-17,LG1,Total,254,1286,3882655,613487632241,39288235133,652775867374
2020-01-17,LG3,Staff,97,239,230916,18504787370,2371515023,20876302393
2020-01-17,LG3,TPG,22,95,323016,41962308959,3116534539,45078843498
2020-01-17,LG3,RPG,71,147,377926,86303974862,4640100349,90944075211
2020-01-17,LG3,UG,95,239,349887,110853706516,6815406656,117669113172
2020-01-17,LG3,Alumni,1,2,14411,2712884199,357711327,3070595526
2020-01-17,LG3,Others(HKUST),3,4,1080,9875069,2237103,12112172
2020-01-17,LG3,Non-HKUST,8,11,1802,626697962,45267816,671965778
2020-01-17,LG3,Total,297,737,1299038,260974234937,17348772813,278323007750
2020-01-17,LG4,Staff,89,322,193082,8915893147,2871572840,11787465987
2020-01-17,LG4,TPG,20,71,235742,30434575657,4911895690,35346471347
2020-01-17,LG4,RPG,55,104,96497,9365305613,2039378951,11404684564
2020-01-17,LG4,UG,89,204,362105,51095713466,3803238220,54898951686
2020-01-17,LG4,Alumni,2,14,22834,5298683164,306450344,5605133508
2020-01-17,LG4,Others(HKUST),7,41,105499,2642353063,865902726,3508255789
2020-01-17,LG4,Non-HKUST,19,122,376847,10597644353,1449801427,12047445780
2020-01-17,LG4,Total,281,878,1392606,118350168463,16248240198,134598408661
2020-01-17,All-Floors,Staff,280,2152,2940757,149817644236,62023987762,211841631998
2020-01-17,All-Floors,TPG,110,1039,2641528,515464314023,47457580069,562921894092
2020-01-17,All-Floors,RPG,186,704,1382478,385211034317,36722082498,421933116815
2020-01-17,All-Floors,UG,301,1562,3431320,438790506730,34611594258,473402100988
2020-01-17,All-Floors,Alumni,8,68,131520,28822675866,4436933602,33259609468
2020-01-17,All-Floors,Others(HKUST),13,131,1355590,10848382308,1403822960,12252205268
2020-01-17,All-Floors,Non-HKUST,37,212,528167,26606711141,2846109475,29452820616
2020-01-17,All-Floors,Total,935,5868,12411360,1555561268621,189502110624,1745063379245
2020-01-18,1,Staff,8,40,252378,2282974833,301126750,2584101583
2020-01-18,1,TPG,8,38,129207,7955861106,1228759445,9184620551
2020-01-18,1,RPG,5,26,88000,4467141449,275896065,4743037514
2020-01-18,1,UG,9,30,95743,4788141532,1055102148,5843243680
2020-01-18,1,Alumni,2,15,21947,2817562589,259354499,3076917088
2020-01-18,1,Others(HKUST),1,6,340755,1038101170,119298639,1157399809
2020-01-18,1,Non-HKUST,2,2,9538,87016418,19115194,106131612
2020-01-18,1,Total,35,157,937568,23436799097,3258652740,26695451837
2020-01-18,G,Staff,30,112,268899,16111005326,20909887865,37020893191
2020-01-18,G,TPG,45,148,216478,44671043185,4710016237,49381059422
2020-01-18,G,RPG,34,81,65325,11049022439,654348811,11703371250
2020-01-18,G,UG,59,213,374671,48795943762,5570209678,54366153440
2020-01-18,G,Alumni,13,45,27179,7694788581,844848338,8539636919
2020-01-18,G,Others(HKUST),6,23,281514,17529950359,1352680795,18882631154
2020-01-18,G,Non-HKUST,4,13,720,1142477587,403273274,1545750861
2020-01-18,G,Total,191,635,1234786,146994231239,34445264998,181439496237
2020-01-18,LG1,Staff,12,30,81366,5427103421,1731772587,7158876008
2020-01-18,LG1,TPG,31,159,369966,27529516082,5875181023,33404697105
2020-01-18,LG1,RPG,14,48,116456,9512548147,1458299660,10970847807
2020-01-18,LG1,UG,40,139,278957,53193414337,9193497356,62386911693
2020-01-18,LG1,Alumni,5,32,65674,32031961044,1061911366,33093872410
2020-01-18,LG1,Others(HKUST),5,43,558542,10226398715,1908550806,12134949521
2020-01-18,LG1,Non-HKUST,2,8,23572,685982227,44176703,730158930
2020-01-18,LG1,Total,109,459,1494533,138606923973,21273389501,159880313474
2020-01-18,LG3,Staff,17,68,226975,18350427478,14062312718,32412740196
2020-01-18,LG3,TPG,18,41,87100,9176229392,632296166,9808525558
2020-01-18,LG3,RPG,55,75,89603,13942487762,631674577,14574162339
2020-01-18,LG3,UG,53,145,198663,78692924364,3644778428,82337702792
2020-01-18,LG3,Alumni,6,31,47861,2825439982,286637880,3112077862
2020-01-18,LG3,Others(HKUST),4,17,0,4023834316,893970618,4917804934
2020-01-18,LG3,Non-HKUST,3,3,0,429405,193662,623067
2020-01-18,LG3,Total,156,380,650202,127011772699,20151864049,147163636748
2020-01-18,LG4,Staff,18,58,24130,3426104974,4578076654,8004181628
2020-01-18,LG4,TPG,22,62,168255,27600788464,3892516225,31493304689
2020-01-18,LG4,RPG,25,39,34377,4221515882,131783606,4353299488
2020-01-18,LG4,UG,32,78,118427,17422661241,1266900990,18689562231
2020-01-18,LG4,Alumni,6,16,42104,4155204840,347968459,4503173299
2020-01-18,LG4,Others(HKUST),5,24,123291,3702014599,767858529,4469873128
2020-01-18,LG4,Non-HKUST,5,15,22124,1777581340,437668692,2215250032
2020-01-18,LG4,Total,113,292,532708,62305871340,11422773155,73728644495
2020-01-18,All-Floors,Staff,55,308,853748,45597616032,41583176574,87180792606
2020-01-18,All-Floors,TPG,76,448,971006,116933438229,16338769096,133272207325
2020-01-18,All-Floors,RPG,98,269,393761,43192715679,3152002719,46344718398
2020-01-18,All-Floors,UG,136,605,1066461,202893085236,20730488600,223623573836
2020-01-18,All-Floors,Alumni,18,139,204765,49524957036,2800720542,52325677578
2020-01-18,All-Floors,Others(HKUST),13,113,1304102,36520299159,5042359387,41562658546
2020-01-18,All-Floors,Non-HKUST,14,41,55954,3693486977,904427525,4597914502
2020-01-18,All-Floors,Total,410,1923,4849797,498355598348,90551944443,588907542791
2020-01-19,1,Staff,9,40,241736,4161352438,1236852392,5398204830
2020-01-19,1,TPG,3,15,66423,8211728632,706909076,8918637708
2020-01-19,1,RPG,2,15,30423,526199792,41601426,567801218
2020-01-19,1,UG,8,17,36361,2044429458,94577763,2139007221
2020-01-19,1,Alumni,1,5,9543,1211428169,42909439,1254337608
2020-01-19,1,Others(HKUST),2,6,259376,1539784585,135097864,1674882449
2020-01-19,1,Non-HKUST,1,1,719,32531,30080,62611
2020-01-19,1,Total,26,99,644581,17694955605,2257978040,19952933645
2020-01-19,G,Staff,20,58,210240,6155624979,681478429,6837103408
2020-01-19,G,TPG,23,64,71834,8893874443,682495089,9576369532
2020-01-19,G,RPG,14,28,51304,5969898009,282673006,6252571015
2020-01-19,G,UG,56,179,374609,40305605541,2829376738,43134982279
2020-01-19,G,Alumni,12,27,35468,5297559332,134777069,5432336401
2020-01-19,G,Others(HKUST),3,8,259197,3580998255,223451145,3804449400
2020-01-19,G,Non-HKUST,3,9,9182,81307102,344268266,425575368
2020-01-19,G,Total,131,373,1011834,70284867661,5178519742,75463387403
2020-01-19,LG1,Staff,11,23,34383,868716949,61155081,929872030
2020-01-19,LG1,TPG,25,119,360911,24670895003,1817198480,26488093483
2020-01-19,LG1,RPG,9,20,46081,3147596776,269083552,3416680328
2020-01-19,LG1,UG,34,134,324406,25817417925,4984034539,30801452464
2020-01-19,LG1,Alumni,4,9,32761,4295182163,157992102,4453174265
2020-01-19,LG1,Others(HKUST),3,29,524157,5195048163,285879833,5480927996
2020-01-19,LG1,Non-HKUST,1,1,0,24293930,2636688,26930618
2020-01-19,LG1,Total,87,335,1322699,64019150909,7577980275,71597131184
2020-01-19,LG3,Staff,16,39,134648,8027727860,460553736,8488281596
2020-01-19,LG3,TPG,14,36,67683,5550993475,443011643,5994005118
2020-01-19,LG3,RPG,36,55,59216,10959785629,5556955083,16516740712
2020-01-19,LG3,UG,31,59,38165,6700286664,436473834,7136760498
2020-01-19,LG3,Alumni,4,5,359,185218671,20977896,206196567
2020-01-19,LG3,Others(HKUST),3,8,0,869687787,36304930,905992717
2020-01-19,LG3,Non-HKUST,5,7,358,18302746,321732273,340035019
2020-01-19,LG3,Total,109,209,300429,32312002832,7276009395,39588012227
2020-01-19,LG4,Staff,8,12,11157,544367461,29268984,573636445
2020-01-19,LG4,TPG,20,29,50946,6890325439,689069711,7579395150
2020-01-19,LG4,RPG,22,35,74165,4081999842,518013170,4600013012
2020-01-19,LG4,UG,26,60,105846,15343884284,5137835053,20481719337
2020-01-19,LG4,Alumni,3,11,40868,3564922009,269908750,3834830759
2020-01-19,LG4,Others(HKUST),5,27,95041,5121921963,486058502,5607980465
2020-01-19,LG4,Non-HKUST,4,13,25384,4479152709,606774860,5085927569
2020-01-19,LG4,Total,88,187,403407,40026573707,7736929030,47763502737
2020-01-19,All-Floors,Staff,48,172,632164,19757789687,2469308622,22227098309
2020-01-19,All-Floors,TPG,56,263,617797,54217816992,4338683999,58556500991
2020-01-19,All-Floors,RPG,67,153,261189,24685480048,6668326237,31353806285
2020-01-19,All-Floors,UG,118,449,879387,90211623872,13482297927,103693921799
2020-01-19,All-Floors,Alumni,14,57,118999,14554310344,626565256,15180875600
2020-01-19,All-Floors,Others(HKUST),9,78,1137771,16307440753,1166792274,17474233027
2020-01-19,All-Floors,Non-HKUST,11,31,35643,4603089018,1275442167,5878531185
2020-01-19,All-Floors,Total,323,1203,3682950,224337550714,30027416482,254364967196
2020-01-20,1,Staff,62,596,1384284,54228075237,10561787188,64789862425
2020-01-20,1,TPG,20,139,529685,30047545312,4823075909,34870621221
2020-01-20,1,RPG,11,35,156612,4395633781,300353292,4695987073
2020-01-20,1,UG,26,190,515609,95533370903,8593192709,104126563612
2020-01-20,1,Alumni,1,2,5402,34889095,327434004,362323099
2020-01-20,1,Others(HKUST),4,27,313951,3245058035,324135812,3569193847
2020-01-20,1,Non-HKUST,1,11,51306,790818796,105164581,895983377
2020-01-20,1,Total,125,1000,2956849,188275391159,25035143495,213310534654
2020-01-20,G,Staff,129,617,948868,40055154263,4127942578,44183096841
2020-01-20,G,TPG,52,165,276040,38583104260,3599097272,42182201532
2020-01-20,G,RPG,50,160,273436,34983935292,1759872538,36743807830
2020-01-20,G,UG,180,631,925140,375816122991,24711696267,400527819258
2020-01-20,G,Alumni,9,21,52037,8174469538,583572908,8758042446
2020-01-20,G,Others(HKUST),10,31,272339,7863351948,565553381,8428905329
2020-01-20,G,Non-HKUST,17,51,113909,11975110218,714140435,12689250653
2020-01-20,G,Total,447,1676,2861769,517451248510,36061875379,553513123889
2020-01-20,LG1,Staff,42,138,181169,8895525243,2210629140,11106154383
2020-01-20,LG1,TPG,41,381,1020058,92360581554,7161378113,99521959667
2020-01-20,LG1,RPG,22,68,184833,16412775641,1921359895,18334135536
2020-01-20,LG1,UG,141,734,1848537,158161617286,26415707610,184577324896
2020-01-20,LG1,Alumni,5,24,105798,17148264336,1120786589,18269050925
2020-01-20,LG1,Others(HKUST),6,64,558358,13536712690,848791102,14385503792
2020-01-20,LG1,Non-HKUST,5,11,32563,796183176,51496017,847679193
2020-01-20,LG1,Total,262,1420,3931316,307311659926,39730148466,347041808392
2020-01-20,LG3,Staff,85,199,225957,17034916608,2416780362,19451696970
2020-01-20,LG3,TPG,20,72,268759,13299974995,1167375956,14467350951
2020-01-20,LG3,RPG,68,109,202268,18095296277,1441045319,19536341596
2020-01-20,LG3,UG,99,268,305950,256345792214,11076152815,267421945029
2020-01-20,LG3,Alumni,2,6,13672,749079010,270151643,1019230653
2020-01-20,LG3,Others(HKUST),5,17,0,2040436627,135557295,2175993922
2020-01-20,LG3,Non-HKUST,5,11,44982,21059164573,818478207,21877642780
2020-01-20,LG3,Total,284,682,1061588,328624660304,17325541597,345950201901
2020-01-20,LG4,Staff,65,200,116680,10786400179,1091776325,11878176504
2020-01-20,LG4,TPG,16,28,57885,5691374636,548807685,6240182321
2020-01-20,LG4,RPG,52,91,51635,18902645508,1371424918,20274070426
2020-01-20,LG4,UG,87,359,551089,302719381495,15312165243,318031546738
2020-01-20,LG4,Alumni,1,34,43041,7469491918,312820045,7782311963
2020-01-20,LG4,Others(HKUST),6,27,99897,6542568022,731415770,7273983792
2020-01-20,LG4,Non-HKUST,6,6,0,32577830,9646801,42224631
2020-01-20,LG4,Total,233,745,920227,352144439588,19378056787,371522496375
2020-01-20,All-Floors,Staff,242,1750,2856958,131000071530,20408915593,151408987123
2020-01-20,All-Floors,TPG,81,785,2152427,179982580757,17299734935,197282315692
2020-01-20,All-Floors,RPG,160,463,868784,92790286499,6794055962,99584342461
2020-01-20,All-Floors,UG,341,2182,4146325,1188576284889,86108914644,1274685199533
2020-01-20,All-Floors,Alumni,13,87,219950,33576193897,2614765189,36190959086
2020-01-20,All-Floors,Others(HKUST),20,166,1244545,33228127322,2605453360,35833580682
2020-01-20,All-Floors,Non-HKUST,27,90,242760,34653854593,1698926041,36352780634
2020-01-20,All-Floors,Total,884,5523,11731749,1693807399487,137530765724,1831338165211
2020-01-21,1,Staff,74,637,1516979,55543666317,90331454144,145875120461
2020-01-21,1,TPG,21,173,454134,56694780138,6871695214,63566475352
2020-01-21,1,RPG,2,17,82606,7899580386,426541723,8326122109
2020-01-21,1,UG,25,192,355090,33717749647,2434196744,36151946391
2020-01-21,1,Alumni,2,4,29300,7875303604,1123677155,8998980759
2020-01-21,1,Others(HKUST),4,47,383384,2680254871,240761183,2921016054
2020-01-21,1,Non-HKUST,3,14,51111,1143364693,132669116,1276033809
2020-01-21,1,Total,131,1084,2872604,165554699656,101560995279,267115694935
2020-01-21,G,Staff,140,662,844190,48516508778,22238032217,70754540995
2020-01-21,G,TPG,53,178,412433,46836652576,3885797718,50722450294
2020-01-21,G,RPG,48,169,336339,36296045924,3159458047,39455503971
2020-01-21,G,UG,175,575,863165,203168057535,24425403097,227593460632
2020-01-21,G,Alumni,8,30,63743,11836971112,500189075,12337160187
2020-01-21,G,Others(HKUST),7,31,219095,5119476215,478841289,5598317504
2020-01-21,G,Non-HKUST,14,33,62796,6051554342,583213831,6634768173
2020-01-21,G,Total,445,1678,2801761,357825266482,55270935274,413096201756
2020-01-21,LG1,Staff,61,204,168781,37866735180,66140141639,104006876819
2020-01-21,LG1,TPG,34,239,774868,83531634461,17295920602,100827555063
2020-01-21,LG1,RPG,22,70,164647,71608048323,30692008351,102300056674
2020-01-21,LG1,UG,130,756,2171655,209221003541,37029692836,246250696377
2020-01-21,LG1,Alumni,4,20,60591,882621577,194985495,1077607072
2020-01-21,LG1,Others(HKUST),7,49,539822,9713293842,1361828891,11075122733
2020-01-21,LG1,Non-HKUST,7,19,60836,3037244857,202231929,3239476786
2020-01-21,LG1,Total,265,1357,3941200,415860581781,152916809743,568777391524
2020-01-21,LG3,Staff,95,245,319260,64367244242,17479284173,81846528415
2020-01-21,LG3,TPG,15,66,215276,10722840117,723511538,11446351655
2020-01-21,LG3,RPG,40,104,194286,15452595922,836360508,16288956430
2020-01-21,LG3,UG,113,278,550125,86363774992,18310690036,104674465028
2020-01-21,LG3,Alumni,4,4,14027,1248545635,60378122,1308923757
2020-01-21,LG3,Others(HKUST),4,23,900,1268299776,236843355,1505143131
2020-01-21,LG3,Non-HKUST,5,26,43357,33352080002,1678538978,35030618980
2020-01-21,LG3,Total,276,746,1337231,212775380686,39325606710,252100987396
2020-01-21,LG4,Staff,76,222,149833,18801159992,20655421129,39456581121
2020-01-21,LG4,TPG,8,14,33122,2448831078,81240469,2530071547
2020-01-21,LG4,RPG,37,61,54855,6271800301,324140038,6595940339
2020-01-21,LG4,UG,97,299,626966,97568699679,4038550201,101607249880
2020-01-21,LG4,Alumni,0,0,0,0,0,0
2020-01-21,LG4,Others(HKUST),8,47,159112,5710751783,601991933,6312743716
2020-01-21,LG4,Non-HKUST,4,5,2702,509528768,33969498,543498266
2020-01-21,LG4,Total,230,648,1026590,131310771601,25735313268,157046084869
2020-01-21,All-Floors,Staff,266,1970,2999043,225095314509,216844333302,441939647811
2020-01-21,All-Floors,TPG,75,670,1889833,200234738370,28858165541,229092903911
2020-01-21,All-Floors,RPG,119,421,832733,137528070856,35438508667,172966579523
2020-01-21,All-Floors,UG,350,2100,4567001,630039285394,86238532914,716277818308
2020-01-21,All-Floors,Alumni,11,58,167661,21843441928,1879229847,23722671775
2020-01-21,All-Floors,Others(HKUST),18,197,1302313,24492076487,2920266651,27412343138
2020-01-21,All-Floors,Non-HKUST,24,97,220802,44093772662,2630623352,46724396014
2020-01-21,All-Floors,Total,863,5513,11979386,1283326700206,374809660274,1658136360480
2020-01-22,1,Staff,61,542,1166921,39481940830,3247060247,42729001077
2020-01-22,1,TPG,9,51,210352,12587465827,983061871,13570527698
2020-01-22,1,RPG,8,100,205090,10818800197,1682585964,12501386161
2020-01-22,1,UG,28,200,346820,38107628564,1980119726,40087748290
2020-01-22,1,Alumni,2,5,22509,5783276238,287760980,6071037218
2020-01-22,1,Others(HKUST),4,53,411124,1891938144,314878122,2206816266
2020-01-22,1,Non-HKUST,1,4,18737,482554565,37975803,520530368
2020-01-22,1,Total,113,955,2381553,109153604365,8533442713,117687047078
2020-01-22,G,Staff,120,539,837828,42460653980,6330047307,48790701287
2020-01-22,G,TPG,52,201,434936,34096847906,5501581789,39598429695
2020-01-22,G,RPG,33,131,156413,14325978819,1302254472,15628233291
2020-01-22,G,UG,192,589,826042,110209595043,13595333770,123804928813
2020-01-22,G,Alumni,7,28,64603,10790819485,501012436,11291831921
2020-01-22,G,Others(HKUST),11,41,193325,2647372378,218139297,2865511675
2020-01-22,G,Non-HKUST,8,20,38351,3085491103,209243733,3294734836
2020-01-22,G,Total,423,1549,2551498,217616758714,27657612804,245274371518
2020-01-22,LG1,Staff,43,204,275009,10808845158,1796303670,12605148828
2020-01-22,LG1,TPG,35,299,739724,95360561798,8817061878,104177623676
2020-01-22,LG1,RPG,14,38,104701,3715537655,1306646116,5022183771
2020-01-22,LG1,UG,137,617,1749236,150479750332,25349586522,175829336854
2020-01-22,LG1,Alumni,3,10,44066,620025650,42485020,662510670
2020-01-22,LG1,Others(HKUST),7,63,507820,6359480029,535983918,6895463947
2020-01-22,LG1,Non-HKUST,5,21,39058,1293086407,218693943,1511780350
2020-01-22,LG1,Total,244,1252,3459614,268637287029,38066761067,306704048096
2020-01-22,LG3,Staff,86,196,364304,18988420727,2681917793,21670338520
2020-01-22,LG3,TPG,19,58,178553,15936505961,1301790495,17238296456
2020-01-22,LG3,RPG,36,92,142805,13136963830,795117156,13932080986
2020-01-22,LG3,UG,99,240,346094,32261737281,8336547101,40598284382
2020-01-22,LG3,Alumni,2,2,0,70371890,8874858,79246748
2020-01-22,LG3,Others(HKUST),5,25,2339,1025016764,60605362,1085622126
2020-01-22,LG3,Non-HKUST,4,5,539,124930427,16404423,141334850
2020-01-22,LG3,Total,251,618,1034634,81543946880,13201257188,94745204068
2020-01-22,LG4,Staff,55,123,40518,4439389808,1019051433,5458441241
2020-01-22,LG4,TPG,15,39,165079,16741043878,1325679690,18066723568
2020-01-22,LG4,RPG,34,66,19978,9274664984,438023106,9712688090
2020-01-22,LG4,UG,96,268,530958,69178299074,7227588956,76405888030
2020-01-22,LG4,Alumni,2,21,51995,21856457328,700142255,22556599583
2020-01-22,LG4,Others(HKUST),9,26,176942,2187313355,246592547,2433905902
2020-01-22,LG4,Non-HKUST,2,6,1799,1641040177,50274003,1691314180
2020-01-22,LG4,Total,213,549,987269,125318208604,11007351990,136325560594
2020-01-22,All-Floors,Staff,233,1604,2684580,116179250503,15074380450,131253630953
2020-01-22,All-Floors,TPG,71,648,1728644,174722425370,17929175723,192651601093
2020-01-22,All-Floors,RPG,86,427,628987,51271945485,5524626814,56796572299
2020-01-22,All-Floors,UG,359,1914,3799150,400237010294,56489176075,456726186369
2020-01-22,All-Floors,Alumni,12,66,183173,39120950591,1540275549,40661226140
2020-01-22,All-Floors,Others(HKUST),20,208,1291550,14111120670,1376199246,15487319916
2020-01-22,All-Floors,Non-HKUST,17,56,98484,6627102679,532591905,7159694584
2020-01-22,All-Floors,Total,798,4923,10414568,802269805592,98466425762,900736231354
2020-01-23,1,Staff,61,547,1173129,48793896082,19041055584,67834951666
2020-01-23,1,TPG,5,26,47877,48127288665,689178926,48816467591
2020-01-23,1,RPG,7,55,170846,4169599068,447409198,4617008266
2020-01-23,1,UG,21,179,405529,47584009401,1838735724,49422745125
2020-01-23,1,Alumni,0,0,0,0,0,0
2020-01-23,1,Others(HKUST),5,42,345606,2398449810,520589777,2919039587
2020-01-23,1,Non-HKUST,1,1,13865,557677920,66178923,623856843
2020-01-23,1,Total,100,850,2156852,151630920946,22603148132,174234069078
2020-01-23,G,Staff,125,593,848764,56190349727,12732188472,68922538199
2020-01-23,G,TPG,31,127,200640,26494213871,2079815154,28574029025
2020-01-23,G,RPG,34,110,210815,16793005493,2010293654,18803299147
2020-01-23,G,UG,179,582,909089,105247513254,9338207086,114585720340
2020-01-23,G,Alumni,4,12,19078,486280832,47766293,534047125
2020-01-23,G,Others(HKUST),8,25,260232,6977400079,587101677,7564501756
2020-01-23,G,Non-HKUST,7,17,46271,1820819111,446260782,2267079893
2020-01-23,G,Total,388,1466,2494889,214009582367,27241633118,241251215485
2020-01-23,LG1,Staff,44,170,190618,57132874009,2757905034,59890779043
2020-01-23,LG1,TPG,28,278,618540,120773459764,6853762462,127627222226
2020-01-23,LG1,RPG,18,85,168875,25787533702,2474405788,28261939490
2020-01-23,LG1,UG,147,828,2060051,185725794359,16601215177,202327009536
2020-01-23,LG1,Alumni,0,0,0,0,0,0
2020-01-23,LG1,Others(HKUST),5,58,471417,10904422925,922385510,11826808435
2020-01-23,LG1,Non-HKUST,3,6,41232,325629333,19160949,344790282
2020-01-23,LG1,Total,245,1425,3550733,400649714092,29628834920,430278549012
2020-01-23,LG3,Staff,85,268,355319,104993554524,16439838540,121433393064
2020-01-23,LG3,TPG,9,55,180351,12196095785,1746353427,13942449212
2020-01-23,LG3,RPG,35,76,79180,20899175465,1811717390,22710892855
2020-01-23,LG3,UG,103,187,159420,29170255448,1683370600,30853626048
2020-01-23,LG3,Alumni,2,2,900,179806897,7145951,186952848
2020-01-23,LG3,Others(HKUST),7,21,357,3336572704,240777657,3577350361
2020-01-23,LG3,Non-HKUST,1,2,41934,6442450941,302360005,6744810946
2020-01-23,LG3,Total,242,611,817461,177217911764,22231563570,199449475334
2020-01-23,LG4,Staff,71,192,101002,76875538280,8840795648,85716333928
2020-01-23,LG4,TPG,11,65,187478,19296509106,2003112530,21299621636
2020-01-23,LG4,RPG,22,78,44450,49674092447,3927519829,53601612276
2020-01-23,LG4,UG,84,294,594801,85134391300,6405055728,91539447028
2020-01-23,LG4,Alumni,2,28,44099,15557161085,370203829,15927364914
2020-01-23,LG4,Others(HKUST),9,40,189342,7895077687,896044516,8791122203
2020-01-23,LG4,Non-HKUST,3,6,1980,25583981,5352248,30936229
2020-01-23,LG4,Total,202,703,1163152,254458353886,22448084328,276906438214
2020-01-23,All-Floors,Staff,240,1770,2668832,343986212622,59811783278,403797995900
2020-01-23,All-Floors,TPG,49,551,1234886,226887567191,13372222499,240259789690
2020-01-23,All-Floors,RPG,79,404,674166,117323406175,10671345859,127994752034
2020-01-23,All-Floors,UG,354,2070,4128890,452861963762,35866584315,488728548077
2020-01-23,All-Floors,Alumni,7,42,64077,16223248814,425116073,16648364887
2020-01-23,All-Floors,Others(HKUST),19,186,1266954,31511923205,3166899137,34678822342
2020-01-23,All-Floors,Non-HKUST,14,32,145282,9172161286,839312907,10011474193
2020-01-23,All-Floors,Total,762,5055,10183087,1197966483055,124153264068,1322119747123
2020-01-24,1,Staff,40,246,465653,14266731068,7093522648,21360253716
2020-01-24,1,TPG,3,8,1982,1523849968,46037417,1569887385
2020-01-24,1,RPG,2,3,22686,665894425,38990744,704885169
2020-01-24,1,UG,10,48,90574,10452178486,530928805,10983107291
2020-01-24,1,Alumni,0,0,0,0,0,0
2020-01-24,1,Others(HKUST),4,23,303860,1736240461,250980392,1987220853
2020-01-24,1,Non-HKUST,2,6,20349,744419755,54837810,799257565
2020-01-24,1,Total,61,334,905104,29389314163,8015297816,37404611979
2020-01-24,G,Staff,57,201,461302,21537572749,31227984711,52765557460
2020-01-24,G,TPG,11,49,41585,6418431319,3151789269,9570220588
2020-01-24,G,RPG,6,19,29540,1070375473,94989536,1165365009
2020-01-24,G,UG,27,69,144390,13788530702,14170609348,27959140050
2020-01-24,G,Alumni,3,3,181,6148714249,123243569,6271957818
2020-01-24,G,Others(HKUST),7,19,367211,4184040741,329595289,4513636030
2020-01-24,G,Non-HKUST,4,10,25749,513788634,26560170,540348804
2020-01-24,G,Total,115,370,1069958,53661453867,49124771892,102786225759
2020-01-24,LG1,Staff,24,98,59246,32162389617,2418341489,34580731106
2020-01-24,LG1,TPG,3,7,539,1509116363,58414494,1567530857
2020-01-24,LG1,RPG,3,3,180,9313646,540648,9854294
2020-01-24,LG1,UG,24,64,94153,12561606522,491105390,13052711912
2020-01-24,LG1,Alumni,2,5,27365,2019801285,116144142,2135945427
2020-01-24,LG1,Others(HKUST),6,41,449283,654604503,319235898,973840401
2020-01-24,LG1,Non-HKUST,1,1,2521,1300254,218029,1518283
2020-01-24,LG1,Total,63,219,633287,48918132190,3404000090,52322132280
2020-01-24,LG3,Staff,45,132,225551,52041110833,10783986561,62825097394
2020-01-24,LG3,TPG,11,27,28819,1985112407,638127234,2623239641
2020-01-24,LG3,RPG,13,28,13321,728960124,141802979,870763103
2020-01-24,LG3,UG,44,87,66427,6576574419,382954365,6959528784
2020-01-24,LG3,Alumni,2,2,361,52988871,4692302,57681173
2020-01-24,LG3,Others(HKUST),3,8,7383,71030087978,3504272394,74534360372
2020-01-24,LG3,Non-HKUST,4,5,719,41923360,53494205,95417565
2020-01-24,LG3,Total,122,289,342581,132456757992,15509330040,147966088032
2020-01-24,LG4,Staff,31,67,13689,2854472011,4058568917,6913040928
2020-01-24,LG4,TPG,1,1,0,1562624,130179,1692803
2020-01-24,LG4,RPG,18,18,0,3054804302,59890649,3114694951
2020-01-24,LG4,UG,33,68,5401,11534091032,1092537595,12626628627
2020-01-24,LG4,Alumni,3,18,20883,21577796368,381623564,21959419932
2020-01-24,LG4,Others(HKUST),5,23,175320,2297204401,346492810,2643697211
2020-01-24,LG4,Non-HKUST,2,4,900,89835328,1195386,91030714
2020-01-24,LG4,Total,93,199,216193,41409766066,5940439100,47350205166
2020-01-24,All-Floors,Staff,126,744,1225441,122862276278,55582404326,178444680604
2020-01-24,All-Floors,TPG,21,92,72925,11438072681,3894498593,15332571274
2020-01-24,All-Floors,RPG,37,71,65727,5529347970,336214556,5865562526
2020-01-24,All-Floors,UG,112,336,400945,54912981161,16668135503,71581116664
2020-01-24,All-Floors,Alumni,6,28,48790,29799300773,625703577,30425004350
2020-01-24,All-Floors,Others(HKUST),15,114,1303057,79902178084,4750576783,84652754867
2020-01-24,All-Floors,Non-HKUST,10,26,50238,1391267331,136305600,1527572931
2020-01-24,All-Floors,Total,327,1411,3167123,305835424278,81993838938,387829263216
2020-01-25,1,Staff,3,23,30215,452178565,130031239,582209804
2020-01-25,1,TPG,0,0,0,0,0,0
2020-01-25,1,RPG,0,0,0,0,0,0
2020-01-25,1,UG,1,1,0,15512,16576,32088
2020-01-25,1,Alumni,0,0,0,0,0,0
2020-01-25,1,Others(HKUST),2,26,259741,1351222570,151512512,1502735082
2020-01-25,1,Non-HKUST,0,0,0,0,0,0
2020-01-25,1,Total,6,50,289956,1803416647,281560327,2084976974
2020-01-25,G,Staff,5,11,173158,6824001810,916674426,7740676236
2020-01-25,G,TPG,0,0,0,0,0,0
2020-01-25,G,RPG,0,0,0,0,0,0
2020-01-25,G,UG,0,0,0,0,0,0
2020-01-25,G,Alumni,0,0,0,0,0,0
2020-01-25,G,Others(HKUST),3,7,346316,3965928685,283153267,4249081952
2020-01-25,G,Non-HKUST,0,0,0,0,0,0
2020-01-25,G,Total,8,18,519474,10789930495,1199827693,11989758188
2020-01-25,LG1,Staff,4,8,1440,149415143,31470335,180885478
2020-01-25,LG1,TPG,0,0,0,0,0,0
2020-01-25,LG1,RPG,1,1,720,274522,124079,398601
2020-01-25,LG1,UG,1,1,721,34381244,2449560,36830804
2020-01-25,LG1,Alumni,0,0,0,0,0,0
2020-01-25,LG1,Others(HKUST),1,5,431995,490316948,147616085,637933033
2020-01-25,LG1,Non-HKUST,0,0,0,0,0,0
2020-01-25,LG1,Total,7,15,434876,674387857,181660059,856047916
2020-01-25,LG3,Staff,2,45,92889,73559414,8507755,82067169
2020-01-25,LG3,TPG,0,0,0,0,0,0
2020-01-25,LG3,RPG,8,8,179,421866469,11338181,433204650
2020-01-25,LG3,UG,7,10,180,10445652,1688237,12133889
2020-01-25,LG3,Alumni,0,0,0,0,0,0
2020-01-25,LG3,Others(HKUST),2,4,180,1004326,955255,1959581
2020-01-25,LG3,Non-HKUST,2,3,0,10618323,1750461,12368784
2020-01-25,LG3,Total,21,70,93428,517494184,24239889,541734073
2020-01-25,LG4,Staff,4,4,0,1403991,268148,1672139
2020-01-25,LG4,TPG,1,1,0,7138295,304929,7443224
2020-01-25,LG4,RPG,3,4,0,5244215,1196235,6440450
2020-01-25,LG4,UG,13,30,7201,616182449,151563082,767745531
2020-01-25,LG4,Alumni,0,0,0,0,0,0
2020-01-25,LG4,Others(HKUST),2,4,172618,1275327559,231081701,1506409260
2020-01-25,LG4,Non-HKUST,1,1,0,13917312,1121071,15038383
2020-01-25,LG4,Total,24,44,179819,1919213821,385535166,2304748987
2020-01-25,All-Floors,Staff,14,91,297702,7500558923,1086951903,8587510826
2020-01-25,All-Floors,TPG,1,1,0,7138295,304929,7443224
2020-01-25,All-Floors,RPG,12,13,899,427385206,12658495,440043701
2020-01-25,All-Floors,UG,19,42,8102,661024857,155717455,816742312
2020-01-25,All-Floors,Alumni,0,0,0,0,0,0
2020-01-25,All-Floors,Others(HKUST),5,46,1210850,7083800088,814318820,7898118908
2020-01-25,All-Floors,Non-HKUST,3,4,0,24535635,2871532,27407167
2020-01-25,All-Floors,Total,54,197,1517553,15704443004,2072823134,17777266138
2020-01-26,1,Staff,5,23,111253,339385913,68980603,408366516
2020-01-26,1,TPG,0,0,0,0,0,0
2020-01-26,1,RPG,1,1,720,123973441,6739035,130712476
2020-01-26,1,UG,0,0,0,0,0,0
2020-01-26,1,Alumni,0,0,0,0,0,0
2020-01-26,1,Others(HKUST),1,26,255782,2963868784,320219806,3284088590
2020-01-26,1,Non-HKUST,0,0,0,0,0,0
2020-01-26,1,Total,7,50,367755,3427228138,395939444,3823167582
2020-01-26,G,Staff,4,7,172979,6691752343,882573518,7574325861
2020-01-26,G,TPG,0,0,0,0,0,0
2020-01-26,G,RPG,0,0,0,0,0,0
2020-01-26,G,UG,0,0,0,0,0,0
2020-01-26,G,Alumni,0,0,0,0,0,0
2020-01-26,G,Others(HKUST),2,7,344875,8391684864,603443870,8995128734
2020-01-26,G,Non-HKUST,1,1,0,674483,328674,1003157
2020-01-26,G,Total,7,15,517854,15084111690,1486346062,16570457752
2020-01-26,LG1,Staff,6,12,2340,217703514,52731110,270434624
2020-01-26,LG1,TPG,1,1,540,25779,9758,35537
2020-01-26,LG1,RPG,1,1,0,7711,7566,15277
2020-01-26,LG1,UG,1,1,0,222860,71397,294257
2020-01-26,LG1,Alumni,0,0,0,0,0,0
2020-01-26,LG1,Others(HKUST),1,9,431271,1203295583,323900856,1527196439
2020-01-26,LG1,Non-HKUST,0,0,0,0,0,0
2020-01-26,LG1,Total,10,24,434151,1421255447,376720687,1797976134
2020-01-26,LG3,Staff,8,24,43201,39798908,11033764,50832672
2020-01-26,LG3,TPG,0,0,0,0,0,0
2020-01-26,LG3,RPG,8,9,0,291043843,10030436,301074279
2020-01-26,LG3,UG,17,17,540,298857434,17027014,315884448
2020-01-26,LG3,Alumni,0,0,0,0,0,0
2020-01-26,LG3,Others(HKUST),1,3,361,227947,45161,273108
2020-01-26,LG3,Non-HKUST,0,0,0,0,0,0
2020-01-26,LG3,Total,34,53,44102,629928132,38136375,668064507
2020-01-26,LG4,Staff,4,5,180,119561281,484186231,603747512
2020-01-26,LG4,TPG,0,0,0,0,0,0
2020-01-26,LG4,RPG,14,14,180,529709676,454353784,984063460
2020-01-26,LG4,UG,15,27,9899,3083860345,133488575,3217348920
2020-01-26,LG4,Alumni,0,0,0,0,0,0
2020-01-26,LG4,Others(HKUST),3,20,176756,4328137466,839331695,5167469161
2020-01-26,LG4,Non-HKUST,0,0,0,0,0,0
2020-01-26,LG4,Total,36,66,187015,8061268768,1911360285,9972629053
2020-01-26,All-Floors,Staff,21,71,329953,7408201959,1499505226,8907707185
2020-01-26,All-Floors,TPG,1,1,540,25779,9758,35537
2020-01-26,All-Floors,RPG,23,25,900,944734671,471130821,1415865492
2020-01-26,All-Floors,UG,31,45,10439,3382940639,150586986,3533527625
2020-01-26,All-Floors,Alumni,0,0,0,0,0,0
2020-01-26,All-Floors,Others(HKUST),6,65,1209045,16887214644,2086941388,18974156032
2020-01-26,All-Floors,Non-HKUST,1,1,0,674483,328674,1003157
2020-01-26,All-Floors,Total,83,208,1550877,28623792175,4208502853,32832295028
2020-01-27,1,Staff,3,7,91984,14091282,10233361,24324643
2020-01-27,1,TPG,0,0,0,0,0,0
2020-01-27,1,RPG,0,0,0,0,0,0
2020-01-27,1,UG,2,3,719,4043881,452002,4495883
2020-01-27,1,Alumni,0,0,0,0,0,0
2020-01-27,1,Others(HKUST),1,21,254519,1651955957,177458324,1829414281
2020-01-27,1,Non-HKUST,0,0,0,0,0,0
2020-01-27,1,Total,6,31,347222,1670091120,188143687,1858234807
2020-01-27,G,Staff,5,7,172619,14282136675,1717378586,15999515261
2020-01-27,G,TPG,0,0,0,0,0,0
2020-01-27,G,RPG,1,1,0,117607,34061,151668
2020-01-27,G,UG,3,3,0,1246867,210056,1456923
2020-01-27,G,Alumni,0,0,0,0,0,0
2020-01-27,G,Others(HKUST),2,4,345596,4579108790,331302917,4910411707
2020-01-27,G,Non-HKUST,0,0,0,0,0,0
2020-01-27,G,Total,11,15,518215,18862609939,2048925620,20911535559
2020-01-27,LG1,Staff,4,4,1081,966800,2775799,3742599
2020-01-27,LG1,TPG,0,0,0,0,0,0
2020-01-27,LG1,RPG,0,0,0,0,0,0
2020-01-27,LG1,UG,6,6,3061,372647294,14810810,387458104
2020-01-27,LG1,Alumni,0,0,0,0,0,0
2020-01-27,LG1,Others(HKUST),3,7,431995,910056436,218248602,1128305038
2020-01-27,LG1,Non-HKUST,0,0,0,0,0,0
2020-01-27,LG1,Total,13,17,436137,1283670530,235835211,1519505741
2020-01-27,LG3,Staff,4,4,0,16241481,775738,17017219
2020-01-27,LG3,TPG,1,1,0,0,0,0
2020-01-27,LG3,RPG,8,8,0,1281894362,54124385,1336018747
2020-01-27,LG3,UG,16,16,180,92470701,5852065,98322766
2020-01-27,LG3,Alumni,1,1,0,165420902,4877409,170298311
2020-01-27,LG3,Others(HKUST),1,1,360,796238,331043,1127281
2020-01-27,LG3,Non-HKUST,0,0,0,0,0,0
2020-01-27,LG3,Total,31,31,540,1556823684,65960640,1622784324
2020-01-27,LG4,Staff,2,3,0,650439,304942,955381
2020-01-27,LG4,TPG,1,1,180,2486435,709441,3195876
2020-01-27,LG4,RPG,9,9,0,67733328,4500973,72234301
2020-01-27,LG4,UG,13,23,3413,1103593482,181298657,1284892139
2020-01-27,LG4,Alumni,0,0,0,0,0,0
2020-01-27,LG4,Others(HKUST),4,20,213841,10168382334,818177132,10986559466
2020-01-27,LG4,Non-HKUST,1,1,0,820909,115232,936141
2020-01-27,LG4,Total,30,57,217434,11343666927,1005106377,12348773304
2020-01-27,All-Floors,Staff,15,25,265684,14314086677,1731468426,16045555103
2020-01-27,All-Floors,TPG,2,2,180,2486435,709441,3195876
2020-01-27,All-Floors,RPG,17,18,0,1349745297,58659419,1408404716
2020-01-27,All-Floors,UG,34,51,7373,1574002225,202623590,1776625815
2020-01-27,All-Floors,Alumni,1,1,0,165420902,4877409,170298311
2020-01-27,All-Floors,Others(HKUST),8,53,1246311,17310299755,1545518018,18855817773
2020-01-27,All-Floors,Non-HKUST,1,1,0,820909,115232,936141
2020-01-27,All-Floors,Total,78,151,1519548,34716862200,3543971535,38260833735
2020-01-28,1,Staff,3,10,125465,1257524804,54998225,1312523029
2020-01-28,1,TPG,3,11,50762,6672373448,733857518,7406230966
2020-01-28,1,RPG,7,31,98833,24423213543,696254465,25119468008
2020-01-28,1,UG,5,7,44102,1887053770,66141122,1953194892
2020-01-28,1,Alumni,0,0,0,0,0,0
2020-01-28,1,Others(HKUST),1,22,249477,1622930684,175937061,1798867745
2020-01-28,1,Non-HKUST,2,9,40686,1029907044,1589738415,2619645459
2020-01-28,1,Total,21,90,609325,36893003293,3316926806,40209930099
2020-01-28,G,Staff,20,39,183238,11510051729,1151877165,12661928894
2020-01-28,G,TPG,12,48,41940,21032106613,1739833950,22771940563
2020-01-28,G,RPG,14,51,77226,7135019592,422471069,7557490661
2020-01-28,G,UG,40,131,251104,18652351960,2008701774,20661053734
2020-01-28,G,Alumni,2,5,15477,141414943,48237367,189652310
2020-01-28,G,Others(HKUST),3,7,321308,7451585440,447715334,7899300774
2020-01-28,G,Non-HKUST,3,3,4320,191138946,239232435,430371381
2020-01-28,G,Total,94,284,894613,66113669223,6058069094,72171738317
2020-01-28,LG1,Staff,14,22,41047,2757888177,59604312,2817492489
2020-01-28,LG1,TPG,9,50,137712,13830705638,697380863,14528086501
2020-01-28,LG1,RPG,5,5,1260,106557186,7624057,114181243
2020-01-28,LG1,UG,32,122,274343,37014677615,1858765712,38873443327
2020-01-28,LG1,Alumni,2,4,13142,351124248,49605303,400729551
2020-01-28,LG1,Others(HKUST),3,12,451259,5712377344,420617445,6132994789
2020-01-28,LG1,Non-HKUST,1,5,10440,1842101859,27573333,1869675192
2020-01-28,LG1,Total,66,220,929203,61615432067,3121171025,64736603092
2020-01-28,LG3,Staff,18,18,0,357928112,17009123,374937235
2020-01-28,LG3,TPG,6,9,1801,3045160221,222496765,3267656986
2020-01-28,LG3,RPG,12,14,29881,3573176780,201196620,3774373400
2020-01-28,LG3,UG,30,64,52199,9400409830,525662425,9926072255
2020-01-28,LG3,Alumni,2,3,0,17543051,2145614,19688665
2020-01-28,LG3,Others(HKUST),2,3,360,2679005,1142042,3821047
2020-01-28,LG3,Non-HKUST,1,1,0,6238132,802637,7040769
2020-01-28,LG3,Total,71,112,84241,16403135131,970455226,17373590357
2020-01-28,LG4,Staff,13,16,11880,532270727,38805650,571076377
2020-01-28,LG4,TPG,7,47,151925,23308044379,2927812579,26235856958
2020-01-28,LG4,RPG,10,16,19442,1559291001,82060898,1641351899
2020-01-28,LG4,UG,27,73,25201,7890234479,415803435,8306037914
2020-01-28,LG4,Alumni,4,11,41038,3303138201,266299469,3569437670
2020-01-28,LG4,Others(HKUST),4,28,194216,8600884801,1074528275,9675413076
2020-01-28,LG4,Non-HKUST,3,12,20163,1475254895,89810835,1565065730
2020-01-28,LG4,Total,68,203,463865,46669118483,4895121141,51564239624
2020-01-28,All-Floors,Staff,50,105,361630,16415663549,1322294475,17737958024
2020-01-28,All-Floors,TPG,23,165,384140,67888390299,6321381675,74209771974
2020-01-28,All-Floors,RPG,35,117,226642,36797258102,1409607109,38206865211
2020-01-28,All-Floors,UG,94,397,646949,74844727654,4875074468,79719802122
2020-01-28,All-Floors,Alumni,8,23,69657,3813220443,366287753,4179508196
2020-01-28,All-Floors,Others(HKUST),8,72,1216620,23390457274,2119940157,25510397431
2020-01-28,All-Floors,Non-HKUST,7,30,75609,4544640876,1947157655,6491798531
2020-01-28,All-Floors,Total,225,909,2981247,227694358197,18361743292,246056101489
2020-01-29,1,Staff,9,60,157505,630719215,235578625,866297840
2020-01-29,1,TPG,0,0,0,0,0,0
2020-01-29,1,RPG,4,4,1438,37665848,4585447,42251295
2020-01-29,1,UG,1,1,0,2913062,275116,3188178
2020-01-29,1,Alumni,0,0,0,0,0,0
2020-01-29,1,Others(HKUST),1,20,249836,1626803944,176811483,1803615427
2020-01-29,1,Non-HKUST,0,0,0,0,0,0
2020-01-29,1,Total,15,85,408779,2298102069,417250671,2715352740
2020-01-29,G,Staff,7,10,174598,8378153695,1046847675,9425001370
2020-01-29,G,TPG,0,0,0,0,0,0
2020-01-29,G,RPG,0,0,0,0,0,0
2020-01-29,G,UG,2,2,0,4257047,727549,4984596
2020-01-29,G,Alumni,0,0,0,0,0,0
2020-01-29,G,Others(HKUST),1,4,259017,3938290026,278977805,4217267831
2020-01-29,G,Non-HKUST,0,0,0,0,0,0
2020-01-29,G,Total,10,16,433615,12320700768,1326553029,13647253797
2020-01-29,LG1,Staff,8,13,3601,55344178,12525576,67869754
2020-01-29,LG1,TPG,1,1,540,183465219,4915619,188380838
2020-01-29,LG1,RPG,2,2,720,3866722,659207,4525929
2020-01-29,LG1,UG,7,7,2879,159147459,8232065,167379524
2020-01-29,LG1,Alumni,0,0,0,0,0,0
2020-01-29,LG1,Others(HKUST),2,7,431995,930381287,225824715,1156206002
2020-01-29,LG1,Non-HKUST,0,0,0,0,0,0
2020-01-29,LG1,Total,20,30,439735,1332204865,252157182,1584362047
2020-01-29,LG3,Staff,17,20,720,1700230281,54601160,1754831441
2020-01-29,LG3,TPG,3,3,0,7870312,973741,8844053
2020-01-29,LG3,RPG,15,16,539,750512732,36132089,786644821
2020-01-29,LG3,UG,16,16,4863,311527491,19195776,330723267
2020-01-29,LG3,Alumni,1,1,0,452883483,17428802,470312285
2020-01-29,LG3,Others(HKUST),5,5,0,42866925,7128890,49995815
2020-01-29,LG3,Non-HKUST,2,2,360,1540640037,1906855677,3447495714
2020-01-29,LG3,Total,59,63,6482,4806531261,2042316135,6848847396
2020-01-29,LG4,Staff,11,11,0,1058501798,38831646,1097333444
2020-01-29,LG4,TPG,2,2,0,119235187,8222211,127457398
2020-01-29,LG4,RPG,14,15,0,470582879,28967152,499550031
2020-01-29,LG4,UG,26,47,8103,2683392118,245978589,2929370707
2020-01-29,LG4,Alumni,0,0,0,0,0,0
2020-01-29,LG4,Others(HKUST),5,29,200703,23550013753,1307485819,24857499572
2020-01-29,LG4,Non-HKUST,3,3,0,35534356,1997338,37531694
2020-01-29,LG4,Total,61,107,208806,27917260091,1631482755,29548742846
2020-01-29,All-Floors,Staff,44,114,336424,11822949167,1388384682,13211333849
2020-01-29,All-Floors,TPG,5,6,540,310570718,14111571,324682289
2020-01-29,All-Floors,RPG,33,37,2697,1262628181,70343895,1332972076
2020-01-29,All-Floors,UG,49,73,15845,3161237177,274409095,3435646272
2020-01-29,All-Floors,Alumni,1,1,0,452883483,17428802,470312285
2020-01-29,All-Floors,Others(HKUST),8,65,1141551,30088355935,1996228712,32084584647
2020-01-29,All-Floors,Non-HKUST,5,5,360,1576174393,1908853015,3485027408
2020-01-29,All-Floors,Total,145,301,1497417,48674799054,5669759772,54344558826
2020-01-30,1,Staff,6,34,160563,1592520065,460045772,2052565837
2020-01-30,1,TPG,0,0,0,0,0,0
2020-01-30,1,RPG,7,7,1621,378043672,28606873,406650545
2020-01-30,1,UG,1,1,0,8245481,1343307,9588788
2020-01-30,1,Alumni,0,0,0,0,0,0
2020-01-30,1,Others(HKUST),1,20,249654,1622857362,175319966,1798177328
2020-01-30,1,Non-HKUST,1,1,719,5604,22116,27720
2020-01-30,1,Total,16,63,412557,3601672184,665338034,4267010218
2020-01-30,G,Staff,9,32,180178,9965441046,1556028775,11521469821
2020-01-30,G,TPG,0,0,0,0,0,0
2020-01-30,G,RPG,0,0,0,0,0,0
2020-01-30,G,UG,2,2,0,28906045,3513398,32419443
2020-01-30,G,Alumni,0,0,0,0,0,0
2020-01-30,G,Others(HKUST),1,4,258838,6949148867,445378039,7394526906
2020-01-30,G,Non-HKUST,1,1,360,49143,28714,77857
2020-01-30,G,Total,13,39,439376,16943545101,2004948926,18948494027
2020-01-30,LG1,Staff,14,20,2338,134205940,78171719,212377659
2020-01-30,LG1,TPG,0,0,0,0,0,0
2020-01-30,LG1,RPG,3,3,899,8528706,1725342,10254048
2020-01-30,LG1,UG,6,6,2701,160921869,8232978,169154847
2020-01-30,LG1,Alumni,0,0,0,0,0,0
2020-01-30,LG1,Others(HKUST),3,7,432895,1046918904,235280405,1282199309
2020-01-30,LG1,Non-HKUST,0,0,0,0,0,0
2020-01-30,LG1,Total,26,36,438833,1350575419,323410444,1673985863
2020-01-30,LG3,Staff,11,20,719,1185059647,167740201,1352799848
2020-01-30,LG3,TPG,1,1,0,249028,100773,349801
2020-01-30,LG3,RPG,14,16,179,3299686402,138285891,3437972293
2020-01-30,LG3,UG,15,17,541,1287770639,138918451,1426689090
2020-01-30,LG3,Alumni,0,0,0,0,0,0
2020-01-30,LG3,Others(HKUST),2,2,0,1962267,397331,2359598
2020-01-30,LG3,Non-HKUST,2,2,0,33280236,5330543,38610779
2020-01-30,LG3,Total,45,58,1439,5808008219,450773190,6258781409
2020-01-30,LG4,Staff,6,7,0,17448368,4003395,21451763
2020-01-30,LG4,TPG,2,2,0,4956398,878455,5834853
2020-01-30,LG4,RPG,12,13,0,196194223,7599297,203793520
2020-01-30,LG4,UG,28,55,7562,4960401181,377930468,5338331649
2020-01-30,LG4,Alumni,0,0,0,0,0,0
2020-01-30,LG4,Others(HKUST),6,18,177477,2439521202,348968671,2788489873
2020-01-30,LG4,Non-HKUST,1,1,0,50124,34837,84961
2020-01-30,LG4,Total,55,96,185039,7618571496,739415123,8357986619
2020-01-30,All-Floors,Staff,37,113,343798,12894675066,2265989862,15160664928
2020-01-30,All-Floors,TPG,3,3,0,5205426,979228,6184654
2020-01-30,All-Floors,RPG,33,39,2699,3882453003,176217403,4058670406
2020-01-30,All-Floors,UG,49,81,10804,6446245215,529938602,6976183817
2020-01-30,All-Floors,Alumni,0,0,0,0,0,0
2020-01-30,All-Floors,Others(HKUST),9,51,1118864,12060408602,1205344412,13265753014
2020-01-30,All-Floors,Non-HKUST,5,5,1079,33385107,5416210,38801317
2020-01-30,All-Floors,Total,136,292,1477244,35322372419,4183885717,39506258136
2020-01-31,1,Staff,4,46,155175,8007265550,1694279905,9701545455
2020-01-31,1,TPG,0,0,0,0,0,0
2020-01-31,1,RPG,6,6,1800,36462522,4015579,40478101
2020-01-31,1,UG,2,2,720,148612,110770,259382
2020-01-31,1,Alumni,0,0,0,0,0,0
2020-01-31,1,Others(HKUST),1,17,251272,1619282475,174315365,1793597840
2020-01-31,1,Non-HKUST,0,0,0,0,0,0
2020-01-31,1,Total,13,71,408967,9663159159,1872721619,11535880778
2020-01-31,G,Staff,10,17,178198,9522039183,1328653381,10850692564
2020-01-31,G,TPG,0,0,0,0,0,0
2020-01-31,G,RPG,1,1,0,64231,29800,94031
2020-01-31,G,UG,4,4,0,882802,328354,1211156
2020-01-31,G,Alumni,0,0,0,0,0,0
2020-01-31,G,Others(HKUST),2,4,259197,3951833694,279796661,4231630355
2020-01-31,G,Non-HKUST,0,0,0,0,0,0
2020-01-31,G,Total,17,26,437395,13474819910,1608808196,15083628106
2020-01-31,LG1,Staff,9,21,3960,2020910994,557423197,2578334191
2020-01-31,LG1,TPG,0,0,0,0,0,0
2020-01-31,LG1,RPG,1,1,721,16158,10799,26957
2020-01-31,LG1,UG,8,9,2337,46551982,3843319,50395301
2020-01-31,LG1,Alumni,0,0,0,0,0,0
2020-01-31,LG1,Others(HKUST),2,6,431995,929159744,225945538,1155105282
2020-01-31,LG1,Non-HKUST,0,0,0,0,0,0
2020-01-31,LG1,Total,20,37,439013,2996638878,787222853,3783861731
2020-01-31,LG3,Staff,14,21,0,548019818,145095765,693115583
2020-01-31,LG3,TPG,5,10,2340,2075636125,91269065,2166905190
2020-01-31,LG3,RPG,13,13,0,197705209,19585811,217291020
2020-01-31,LG3,UG,17,19,1080,1179897962,77666885,1257564847
2020-01-31,LG3,Alumni,0,0,0,0,0,0
2020-01-31,LG3,Others(HKUST),3,4,0,21548705,1698840,23247545
2020-01-31,LG3,Non-HKUST,0,0,0,0,0,0
2020-01-31,LG3,Total,52,67,3420,4022807819,335316366,4358124185
2020-01-31,LG4,Staff,8,8,0,178976937,11431554,190408491
2020-01-31,LG4,TPG,1,3,0,220201474,9402195,229603669
2020-01-31,LG4,RPG,10,11,0,214509896,12725311,227235207
2020-01-31,LG4,UG,28,43,7381,5073985382,290475591,5364460973
2020-01-31,LG4,Alumni,0,0,0,0,0,0
2020-01-31,LG4,Others(HKUST),4,10,175139,1575856783,240855878,1816712661
2020-01-31,LG4,Non-HKUST,3,3,361,280737217,55088789,335826006
2020-01-31,LG4,Total,54,78,182881,7544267689,619979318,8164247007
2020-01-31,All-Floors,Staff,35,113,337333,20277212482,3736883802,24014096284
2020-01-31,All-Floors,TPG,5,13,2340,2295837599,100671260,2396508859
2020-01-31,All-Floors,RPG,27,32,2521,448758016,36367300,485125316
2020-01-31,All-Floors,UG,57,77,11518,6301466740,372424919,6673891659
2020-01-31,All-Floors,Alumni,0,0,0,0,0,0
2020-01-31,All-Floors,Others(HKUST),7,41,1117603,8097681401,922612282,9020293683
2020-01-31,All-Floors,Non-HKUST,3,3,361,280737217,55088789,335826006
2020-01-31,All-Floors,Total,134,279,1471676,37701693455,5224048352,42925741807
