Date,Floor,User-Group,User-Count,WiFi-Conn,Duration-Sec,Traffic-In-Byte,Traffic-Out-Byte,Traffic-Both-Byte
2021-06-01,1,Alumni,4,41,58356,121300982,13158927926,13280228908
2021-06-01,1,Non-HKUST,14,41,97977,89466629,3604626856,3694093485
2021-06-01,1,Others(HKUST),5,18,98357,4200872,57659853,61860725
2021-06-01,1,RPG,20,212,319375,212818983,7893483289,8106302272
2021-06-01,1,Staff,88,1438,1371183,477200674,25121910565,25599111239
2021-06-01,1,TPG,30,173,379013,571662027,10241047947,10812709974
2021-06-01,1,Total,205,2249,2677663,1749621992,87232569981,88982191973
2021-06-01,1,UG,44,326,353402,272971825,27154913545,27427885370
2021-06-01,All-Floors,Alumni,19,451,317546,339361021,30460685484,30800046505
2021-06-01,All-Floors,Non-HKUST,115,1275,790182,872118936,30806297717,31678416653
2021-06-01,All-Floors,Others(HKUST),28,276,495634,62127777,2350770882,2412898659
2021-06-01,All-Floors,RPG,497,3430,2319177,1906640796,89795164526,91701805322
2021-06-01,All-Floors,Staff,560,6115,3093221,1341067979,55162810020,56503877999
2021-06-01,All-Floors,TPG,117,3554,2414814,7230862787,106769483338,114000346125
2021-06-01,All-Floors,Total,2180,24684,15300343,19783102855,592319859957,612102962812
2021-06-01,All-Floors,UG,844,9583,5869769,8030923559,276974647990,285005571549
2021-06-01,G,Alumni,10,151,47449,62754012,2979102185,3041856197
2021-06-01,G,Non-HKUST,53,269,198500,165705478,9016454408,9182159886
2021-06-01,G,Others(HKUST),9,75,67714,11037448,311113395,322150843
2021-06-01,G,RPG,148,1220,497662,347473342,10414797456,10762270798
2021-06-01,G,Staff,206,1795,762765,348910420,16905340851,17254251271
2021-06-01,G,TPG,98,1394,429702,675945106,27848805530,28524750636
2021-06-01,G,Total,838,7915,2937394,2541181676,132058479911,134599661587
2021-06-01,G,UG,314,3011,933602,929355870,64582866086,65512221956
2021-06-01,LG1,Alumni,7,106,72058,55917526,8554543444,8610460970
2021-06-01,LG1,Non-HKUST,38,319,206180,372255440,11091576449,11463831889
2021-06-01,LG1,Others(HKUST),9,43,252215,36316679,1718107919,1754424598
2021-06-01,LG1,RPG,64,834,893050,1035594119,58089842182,59125436301
2021-06-01,LG1,Staff,79,820,419246,381353944,8910869837,9292223781
2021-06-01,LG1,TPG,59,943,748572,4730197337,29218363671,33948561008
2021-06-01,LG1,Total,499,5558,5279768,12158147051,235586539628,247744686679
2021-06-01,LG1,UG,243,2493,2688447,5546512006,118003236126,123549748132
2021-06-01,LG3,Alumni,6,91,36902,14465543,796557678,811023221
2021-06-01,LG3,Non-HKUST,54,410,201656,208369430,5538711769,5747081199
2021-06-01,LG3,Others(HKUST),15,92,34155,5076101,208265282,213341383
2021-06-01,LG3,RPG,265,555,329798,192035501,5689124596,5881160097
2021-06-01,LG3,Staff,312,1088,322369,84018558,2563124972,2647143530
2021-06-01,LG3,TPG,62,509,450748,858683051,24788644533,25647327584
2021-06-01,LG3,Total,1211,4384,2371185,1895311935,76616022939,78511334874
2021-06-01,LG3,UG,497,1639,995557,532663751,37031594109,37564257860
2021-06-01,LG4,Alumni,10,62,102781,84922958,4971554251,5056477209
2021-06-01,LG4,Non-HKUST,43,236,85869,36321959,1554928235,1591250194
2021-06-01,LG4,Others(HKUST),12,48,43193,5496677,55624433,61121110
2021-06-01,LG4,RPG,311,609,279292,118718851,7707917003,7826635854
2021-06-01,LG4,Staff,303,974,217658,49584383,1661563795,1711148178
2021-06-01,LG4,TPG,68,535,406779,394375266,14672621657,15066996923
2021-06-01,LG4,Total,1279,4578,2034333,1438840201,60826247498,62265087699
2021-06-01,LG4,UG,532,2114,898761,749420107,30202038124,30951458231
2021-06-02,1,Alumni,4,101,127639,291674943,14289484193,14581159136
2021-06-02,1,Non-HKUST,11,150,89644,73592039,6687839203,6761431242
2021-06-02,1,Others(HKUST),3,12,86768,854309,3538892,4393201
2021-06-02,1,RPG,24,128,259269,148554884,8144458400,8293013284
2021-06-02,1,Staff,75,1299,1323523,458392744,28730084554,29188477298
2021-06-02,1,TPG,26,357,628728,537853504,27671259329,28209112833
2021-06-02,1,Total,174,2226,2713656,1643287457,93914817192,95558104649
2021-06-02,1,UG,31,179,198085,132365034,8388152621,8520517655
2021-06-02,All-Floors,Alumni,31,627,472794,902538801,35441867778,36344406579
2021-06-02,All-Floors,Non-HKUST,118,1065,829562,1603803326,135957531209,137561334535
2021-06-02,All-Floors,Others(HKUST),28,280,542245,68255954,1429347513,1497603467
2021-06-02,All-Floors,RPG,532,3580,2519727,2878534825,77403033168,80281567993
2021-06-02,All-Floors,Staff,603,5813,3093411,1338448420,68724973905,70063422325
2021-06-02,All-Floors,TPG,127,3169,2735536,5451196039,160496355137,165947551176
2021-06-02,All-Floors,Total,2225,24324,15740698,20883984553,753241098319,774125082872
2021-06-02,All-Floors,UG,786,9790,5547423,8641207188,273787989609,282429196797
2021-06-02,G,Alumni,15,158,52441,61381679,3702059464,3763441143
2021-06-02,G,Non-HKUST,59,304,263548,290692174,5783724071,6074416245
2021-06-02,G,Others(HKUST),10,62,99951,15884107,395580353,411464460
2021-06-02,G,RPG,135,1170,525849,787987255,14393292877,15181280132
2021-06-02,G,Staff,185,1608,784637,313999294,7264021981,7578021275
2021-06-02,G,TPG,103,1194,429770,586618421,34506691734,35093310155
2021-06-02,G,Total,828,7405,3176671,2936844944,122324025558,125260870502
2021-06-02,G,UG,321,2909,1020475,880282014,56278655078,57158937092
2021-06-02,LG1,Alumni,8,242,166075,451294508,10528986598,10980281106
2021-06-02,LG1,Non-HKUST,34,247,199436,926552308,115912055626,116838607934
2021-06-02,LG1,Others(HKUST),7,83,270189,39930451,940054116,979984567
2021-06-02,LG1,RPG,77,995,1101972,1544581733,39851374840,41395956573
2021-06-02,LG1,Staff,75,984,462752,262716483,7922335697,8185052180
2021-06-02,LG1,TPG,56,832,792735,3467208758,49405223258,52872432016
2021-06-02,LG1,Total,513,6483,5429863,13024736410,352620175818,365644912228
2021-06-02,LG1,UG,256,3100,2436704,6332452169,128060145683,134392597852
2021-06-02,LG3,Alumni,16,61,52408,51958110,3640102914,3692061024
2021-06-02,LG3,Non-HKUST,49,194,209690,193419852,5075021532,5268441384
2021-06-02,LG3,Others(HKUST),13,58,5117,924797,4529933,5454730
2021-06-02,LG3,RPG,327,672,352927,257904423,9582721086,9840625509
2021-06-02,LG3,Staff,346,1092,322153,245922181,22892380175,23138302356
2021-06-02,LG3,TPG,52,395,399523,427397985,18350438607,18777836592
2021-06-02,LG3,Total,1245,4103,2428611,1899373621,101020577773,102919951394
2021-06-02,LG3,UG,442,1631,1086793,721846273,41475383526,42197229799
2021-06-02,LG4,Alumni,14,65,74231,46229561,3281234609,3327464170
2021-06-02,LG4,Non-HKUST,44,170,67244,119546953,2498890777,2618437730
2021-06-02,LG4,Others(HKUST),14,65,80220,10662290,85644219,96306509
2021-06-02,LG4,RPG,345,615,279710,139506530,5431185965,5570692495
2021-06-02,LG4,Staff,333,830,200346,57417718,1916151498,1973569216
2021-06-02,LG4,TPG,55,391,484780,432117371,30562742209,30994859580
2021-06-02,LG4,Total,1256,4107,1991897,1379742121,83361501978,84741244099
2021-06-02,LG4,UG,451,1971,805366,574261698,39585652701,40159914399
2021-06-03,1,Alumni,3,44,84155,193198946,8676171401,8869370347
2021-06-03,1,Non-HKUST,12,61,72081,61508072,1218187586,1279695658
2021-06-03,1,Others(HKUST),4,62,57458,3839933,83236006,87075939
2021-06-03,1,RPG,25,357,318668,1313501273,52638945937,53952447210
2021-06-03,1,Staff,73,1225,1292365,528683720,30164230563,30692914283
2021-06-03,1,TPG,31,335,588612,564413818,21028172707,21592586525
2021-06-03,1,Total,195,2566,3124339,3123694487,146237585792,149361280279
2021-06-03,1,UG,47,482,711000,458548725,32428641592,32887190317
2021-06-03,All-Floors,Alumni,21,345,364743,520223885,30065688838,30585912723
2021-06-03,All-Floors,Non-HKUST,104,1267,753001,830805529,40894637387,41725442916
2021-06-03,All-Floors,Others(HKUST),23,221,383980,39663758,1773796526,1813460284
2021-06-03,All-Floors,RPG,528,3959,2924500,4563906832,164210244501,168774151333
2021-06-03,All-Floors,Staff,558,6042,3103046,1314785964,88305361786,89620147750
2021-06-03,All-Floors,TPG,124,3048,2523233,5057308551,139675520980,144732829531
2021-06-03,All-Floors,Total,2050,24201,15662736,18562024935,824912659528,843474684463
2021-06-03,All-Floors,UG,692,9319,5610233,6235330416,359987409510,366222739926
2021-06-03,G,Alumni,9,124,46625,24400413,1892952927,1917353340
2021-06-03,G,Non-HKUST,54,288,127282,92198502,9545787678,9637986180
2021-06-03,G,Others(HKUST),6,40,102658,2192833,63017631,65210464
2021-06-03,G,RPG,145,1343,868024,1073384823,60886258924,61959643747
2021-06-03,G,Staff,184,1818,713141,312663959,31179111478,31491775437
2021-06-03,G,TPG,102,1296,670480,467199606,50219214819,50686414425
2021-06-03,G,Total,806,7942,3375399,3121825460,268710536694,271832362154
2021-06-03,G,UG,306,3033,847189,1149785324,114924193237,116073978561
2021-06-03,LG1,Alumni,6,119,115025,208738539,5757610550,5966349089
2021-06-03,LG1,Non-HKUST,39,340,310079,488928551,19639772777,20128701328
2021-06-03,LG1,Others(HKUST),6,26,173100,29821113,1595032371,1624853484
2021-06-03,LG1,RPG,82,781,834815,1740275399,31131428904,32871704303
2021-06-03,LG1,Staff,84,955,562691,340410807,22288748934,22629159741
2021-06-03,LG1,TPG,47,651,679038,3529718206,17902449956,21432168162
2021-06-03,LG1,Total,465,5111,4659856,8579948183,210520233201,219100181384
2021-06-03,LG1,UG,201,2239,1985108,2242055568,112205189709,114447245277
2021-06-03,LG3,Alumni,8,20,55384,59691425,1816276532,1875967957
2021-06-03,LG3,Non-HKUST,44,329,137484,84597218,2622528061,2707125279
2021-06-03,LG3,Others(HKUST),16,42,5955,172545,1362436,1534981
2021-06-03,LG3,RPG,302,765,430703,220304230,8790356692,9010660922
2021-06-03,LG3,Staff,338,1201,369998,74468949,2521919125,2596388074
2021-06-03,LG3,TPG,58,276,243050,158912473,5977738204,6136650677
2021-06-03,LG3,Total,1143,4223,2366490,1567570937,72572312456,74139883393
2021-06-03,LG3,UG,377,1590,1123916,969424097,50842131406,51811555503
2021-06-03,LG4,Alumni,11,38,63554,34194562,11922677428,11956871990
2021-06-03,LG4,Non-HKUST,39,249,106075,103573186,7868361285,7971934471
2021-06-03,LG4,Others(HKUST),12,51,44809,3637334,31148082,34785416
2021-06-03,LG4,RPG,336,713,472290,216441107,10763254044,10979695151
2021-06-03,LG4,Staff,303,843,164851,58558529,2151351686,2209910215
2021-06-03,LG4,TPG,62,490,342053,337064448,44547945294,44885009742
2021-06-03,LG4,Total,1158,4359,2136652,2168985868,126871991385,129040977253
2021-06-03,LG4,UG,395,1975,943020,1415516702,49587253566,51002770268
2021-06-04,1,Alumni,2,71,79520,153787779,7556231359,7710019138
2021-06-04,1,Non-HKUST,5,8,36785,25428101,1228189077,1253617178
2021-06-04,1,Others(HKUST),6,69,65607,10424266,1174136577,1184560843
2021-06-04,1,RPG,18,175,224608,98928984,5754613972,5853542956
2021-06-04,1,Staff,78,1138,1224293,351527744,13229188821,13580716565
2021-06-04,1,TPG,24,328,452359,1649453237,34645605778,36295059015
2021-06-04,1,Total,167,2046,2414936,2727984154,149227743101,151955727255
2021-06-04,1,UG,34,257,331764,438434043,85639777517,86078211560
2021-06-04,All-Floors,Alumni,30,635,467695,647686506,30552709483,31200395989
2021-06-04,All-Floors,Non-HKUST,119,788,738511,587294854,33491619267,34078914121
2021-06-04,All-Floors,Others(HKUST),24,579,414838,61285846,1559499936,1620785782
2021-06-04,All-Floors,RPG,522,3577,2520625,2868330579,80710193978,83578524557
2021-06-04,All-Floors,Staff,612,5532,2794492,1241709485,41913252092,43154961577
2021-06-04,All-Floors,TPG,110,2609,2146124,4707551622,111745686713,116453238335
2021-06-04,All-Floors,Total,1974,22382,14030686,16065542164,686518827072,702584369236
2021-06-04,All-Floors,UG,557,8662,4948401,5951683272,386545865603,392497548875
2021-06-04,G,Alumni,15,127,10822,2331082,73728838,76059920
2021-06-04,G,Non-HKUST,52,167,190034,100375734,4077240685,4177616419
2021-06-04,G,Others(HKUST),9,100,45791,11931498,137215217,149146715
2021-06-04,G,RPG,117,1322,820285,817658391,30245733553,31063391944
2021-06-04,G,Staff,194,1674,669603,515398264,11078356347,11593754611
2021-06-04,G,TPG,87,1001,443590,354342144,17785763508,18140105652
2021-06-04,G,Total,748,7184,3011634,2812917476,117051209095,119864126571
2021-06-04,G,UG,274,2793,831509,1010880363,53653170947,54664051310
2021-06-04,LG1,Alumni,14,220,192309,400456912,8587695109,8988152021
2021-06-04,LG1,Non-HKUST,38,272,273758,183086249,17054311197,17237397446
2021-06-04,LG1,Others(HKUST),7,48,178388,33140406,81602798,114743204
2021-06-04,LG1,RPG,60,764,776489,1199255997,26331168097,27530424094
2021-06-04,LG1,Staff,80,663,274370,168467296,8445208386,8613675682
2021-06-04,LG1,TPG,46,612,661219,2377824343,32390274805,34768099148
2021-06-04,LG1,Total,441,4861,4516560,7629245217,213241985246,220871230463
2021-06-04,LG1,UG,196,2282,2160027,3267014014,120351724854,123618738868
2021-06-04,LG3,Alumni,14,116,62128,33145960,2257621080,2290767040
2021-06-04,LG3,Non-HKUST,48,142,115925,102464439,4178115228,4280579667
2021-06-04,LG3,Others(HKUST),14,198,16101,3355951,58871012,62226963
2021-06-04,LG3,RPG,302,666,345357,574141791,13349405157,13923546948
2021-06-04,LG3,Staff,347,1168,372547,80661315,4734722151,4815383466
2021-06-04,LG3,TPG,42,238,130041,102245852,8358447824,8460693676
2021-06-04,LG3,Total,1060,3834,1778562,1410813484,65045979066,66456792550
2021-06-04,LG3,UG,293,1306,736463,514798176,32108796614,32623594790
2021-06-04,LG4,Alumni,18,101,122916,57964773,12077433097,12135397870
2021-06-04,LG4,Non-HKUST,45,199,122009,175940331,6953763080,7129703411
2021-06-04,LG4,Others(HKUST),12,164,108951,2433725,107674332,110108057
2021-06-04,LG4,RPG,335,650,353886,178345416,5029273199,5207618615
2021-06-04,LG4,Staff,318,889,253679,125654866,4425776387,4551431253
2021-06-04,LG4,TPG,57,430,458915,223686046,18565594798,18789280844
2021-06-04,LG4,Total,1110,4457,2308994,1484581833,141951910564,143436492397
2021-06-04,LG4,UG,325,2024,888638,720556676,94792395671,95512952347
2021-06-05,1,Alumni,4,9,42680,5714970,879214837,884929807
2021-06-05,1,Non-HKUST,9,38,38898,66944752,3421449023,3488393775
2021-06-05,1,Others(HKUST),2,13,80682,3365867,21687859,25053726
2021-06-05,1,RPG,12,66,75001,35214673,2417390533,2452605206
2021-06-05,1,Staff,11,73,104345,60237043,2441413410,2501650453
2021-06-05,1,TPG,6,75,114074,45772911,3097450267,3143223178
2021-06-05,1,Total,53,313,516346,266344622,15993250932,16259595554
2021-06-05,1,UG,9,39,60666,49094406,3714645003,3763739409
2021-06-05,All-Floors,Alumni,34,612,430581,396934771,27942632359,28339567130
2021-06-05,All-Floors,Non-HKUST,55,498,294588,207916992,11872416800,12080333792
2021-06-05,All-Floors,Others(HKUST),12,225,326784,26536324,131020749,157557073
2021-06-05,All-Floors,RPG,309,1374,693634,702067523,81121048047,81823115570
2021-06-05,All-Floors,Staff,167,1072,528117,320360656,28756766499,29077127155
2021-06-05,All-Floors,TPG,78,1297,1113806,5273662574,66391507011,71665169585
2021-06-05,All-Floors,Total,998,8136,5309565,10813636208,329857724643,340671360851
2021-06-05,All-Floors,UG,343,3058,1922055,3886157368,113642333178,117528490546
2021-06-05,G,Alumni,23,195,70173,51420434,5334256571,5385677005
2021-06-05,G,Non-HKUST,27,119,82875,34985426,1181939143,1216924569
2021-06-05,G,Others(HKUST),4,94,37330,3904143,29576936,33481079
2021-06-05,G,RPG,64,442,299104,310386828,12976564485,13286951313
2021-06-05,G,Staff,52,301,135481,25325044,558716329,584041373
2021-06-05,G,TPG,53,545,271435,157737678,7403430939,7561168617
2021-06-05,G,Total,353,2714,1172928,728656576,40227077269,40955733845
2021-06-05,G,UG,130,1018,276530,144897023,12742592866,12887489889
2021-06-05,LG1,Alumni,17,180,124474,207751445,13914082170,14121833615
2021-06-05,LG1,Non-HKUST,13,140,41504,16344921,2568960140,2585305061
2021-06-05,LG1,Others(HKUST),2,47,154269,14773911,58126048,72899959
2021-06-05,LG1,RPG,27,151,63899,102773507,54819420593,54922194100
2021-06-05,LG1,Staff,24,169,115576,93426642,2562098367,2655525009
2021-06-05,LG1,TPG,29,365,533107,4938165494,44708300548,49646466042
2021-06-05,LG1,Total,221,1808,1953418,8542795531,168787682486,177330478017
2021-06-05,LG1,UG,109,756,920589,3169559611,50156694620,53326254231
2021-06-05,LG3,Alumni,15,86,68649,38264492,2589449223,2627713715
2021-06-05,LG3,Non-HKUST,32,113,113198,81921857,4020525368,4102447225
2021-06-05,LG3,Others(HKUST),7,40,13389,305806,5222752,5528558
2021-06-05,LG3,RPG,198,378,146892,74588227,3635421496,3710009723
2021-06-05,LG3,Staff,105,284,47006,5263086,307145801,312408887
2021-06-05,LG3,TPG,34,122,62523,39754773,6698800759,6738555532
2021-06-05,LG3,Total,570,1541,785484,532246657,35515493875,36047740532
2021-06-05,LG3,UG,179,518,333827,292148416,18258928476,18551076892
2021-06-05,LG4,Alumni,23,142,124605,93783430,5225629558,5319412988
2021-06-05,LG4,Non-HKUST,23,88,18113,7720036,679543126,687263162
2021-06-05,LG4,Others(HKUST),6,31,41114,4186597,16407154,20593751
2021-06-05,LG4,RPG,182,337,108738,179104288,7272250940,7451355228
2021-06-05,LG4,Staff,86,245,125709,136108841,22887392592,23023501433
2021-06-05,LG4,TPG,34,190,132667,92231718,4483524498,4575756216
2021-06-05,LG4,Total,568,1760,881389,743592822,69334220081,70077812903
2021-06-05,LG4,UG,214,727,330443,230457912,28769472213,28999930125
2021-06-06,1,Alumni,3,15,58383,57878805,3916796009,3974674814
2021-06-06,1,Non-HKUST,6,10,22258,17357385,2347864815,2365222200
2021-06-06,1,Others(HKUST),1,3,79299,0,0,0
2021-06-06,1,RPG,12,50,78652,37089833,1372924854,1410014687
2021-06-06,1,Staff,7,52,42103,8001992,1048802341,1056804333
2021-06-06,1,TPG,9,116,166600,235875682,7439599329,7675475011
2021-06-06,1,Total,52,383,678355,496970117,29697266322,30194236439
2021-06-06,1,UG,14,137,231060,140766420,13571278974,13712045394
2021-06-06,All-Floors,Alumni,33,448,377674,352274993,29897779917,30250054910
2021-06-06,All-Floors,Non-HKUST,53,252,285719,330254249,8539231165,8869485414
2021-06-06,All-Floors,Others(HKUST),9,34,369788,20390221,89244238,109634459
2021-06-06,All-Floors,RPG,280,1320,870599,666108841,50578041404,51244150245
2021-06-06,All-Floors,Staff,135,873,409894,157209585,5973683103,6130892688
2021-06-06,All-Floors,TPG,71,1218,1082999,4636809202,74673378173,79310187375
2021-06-06,All-Floors,Total,922,7967,6118494,9194250838,295910437563,305104688401
2021-06-06,All-Floors,UG,341,3822,2721821,3031203747,126159079563,129190283310
2021-06-06,G,Alumni,18,179,74747,60923957,4308686569,4369610526
2021-06-06,G,Non-HKUST,19,118,82515,104593916,2587632334,2692226250
2021-06-06,G,Others(HKUST),2,2,23638,3147522,10276713,13424235
2021-06-06,G,RPG,53,495,333129,352529190,23459443129,23811972319
2021-06-06,G,Staff,39,299,219590,50499624,1556439577,1606939201
2021-06-06,G,TPG,52,438,199472,101581019,9020840160,9122421179
2021-06-06,G,Total,305,2653,1247425,1417759938,61853531910,63271291848
2021-06-06,G,UG,122,1122,314334,744484710,20910213428,21654698138
2021-06-06,LG1,Alumni,9,129,78852,54194540,3173886187,3228080727
2021-06-06,LG1,Non-HKUST,8,47,41341,32705787,489635960,522341747
2021-06-06,LG1,Others(HKUST),2,6,153347,11847220,55643903,67491123
2021-06-06,LG1,RPG,31,154,153280,132047002,17817422287,17949469289
2021-06-06,LG1,Staff,18,72,22886,34018910,629336943,663355853
2021-06-06,LG1,TPG,28,384,456256,4020049513,21090597521,25110647034
2021-06-06,LG1,Total,195,1787,2023830,5482398523,88774853387,94257251910
2021-06-06,LG1,UG,99,995,1117868,1197535551,45518330586,46715866137
2021-06-06,LG3,Alumni,17,63,53345,41174455,7070474989,7111649444
2021-06-06,LG3,Non-HKUST,24,53,103510,118163426,2176750730,2294914156
2021-06-06,LG3,Others(HKUST),5,11,240,27731,69241,96972
2021-06-06,LG3,RPG,149,344,183874,93660371,3510651801,3604312172
2021-06-06,LG3,Staff,65,237,39642,3975106,340118057,344093163
2021-06-06,LG3,TPG,35,174,177932,229696117,34546439490,34776135607
2021-06-06,LG3,Total,495,1712,1151512,1138452832,74994713333,76133166165
2021-06-06,LG3,UG,200,830,592969,651755626,27350209025,28001964651
2021-06-06,LG4,Alumni,19,62,112347,138103236,11427936163,11566039399
2021-06-06,LG4,Non-HKUST,20,24,36095,57433735,937347326,994781061
2021-06-06,LG4,Others(HKUST),7,12,113264,5367748,23254381,28622129
2021-06-06,LG4,RPG,171,277,121664,50782445,4417599333,4468381778
2021-06-06,LG4,Staff,67,213,85673,60713953,2398986185,2459700138
2021-06-06,LG4,TPG,35,106,82739,49606871,2575901673,2625508544
2021-06-06,LG4,Total,549,1432,1017372,658669428,40590072611,41248742039
2021-06-06,LG4,UG,230,738,465590,296661440,18809047550,19105708990
2021-06-07,1,Alumni,6,66,131814,185845239,8437048297,8622893536
2021-06-07,1,Non-HKUST,16,55,61581,34928875,4404055001,4438983876
2021-06-07,1,Others(HKUST),5,40,88443,4308430,12438037,16746467
2021-06-07,1,RPG,31,302,346344,356083093,18622438105,18978521198
2021-06-07,1,Staff,76,1335,1271076,402419974,10800424756,11202844730
2021-06-07,1,TPG,23,386,398237,331240435,20041057795,20372298230
2021-06-07,1,Total,201,2797,2852046,1647195269,78641261592,80288456861
2021-06-07,1,UG,44,613,554551,332369223,16323799601,16656168824
2021-06-07,All-Floors,Alumni,22,549,489654,708523231,24614699600,25323222831
2021-06-07,All-Floors,Non-HKUST,109,913,922072,1435971730,47183834294,48619806024
2021-06-07,All-Floors,Others(HKUST),18,233,370260,28070976,228292494,256363470
2021-06-07,All-Floors,RPG,531,4059,2516496,3401361605,88888979312,92290340917
2021-06-07,All-Floors,Staff,551,6264,2865850,1010924864,29024217512,30035142376
2021-06-07,All-Floors,TPG,115,3478,2521589,3753758956,96341653196,100095412152
2021-06-07,All-Floors,Total,1901,26600,15548532,36069281182,575685404129,611754685311
2021-06-07,All-Floors,UG,555,11104,5862611,25730669820,289403727721,315134397541
2021-06-07,G,Alumni,13,200,69767,66742970,2943454588,3010197558
2021-06-07,G,Non-HKUST,44,226,111838,143193091,4564226537,4707419628
2021-06-07,G,Others(HKUST),8,45,32265,5316311,86362962,91679273
2021-06-07,G,RPG,139,1484,648607,643962601,25821613822,26465576423
2021-06-07,G,Staff,177,1841,625457,256799904,5354685294,5611485198
2021-06-07,G,TPG,98,1440,673795,693061393,19344859152,20037920545
2021-06-07,G,Total,808,8769,3235865,3250847408,131858083010,135108930418
2021-06-07,G,UG,329,3533,1074136,1441771138,73742880655,75184651793
2021-06-07,LG1,Alumni,8,82,75920,121783758,3448899269,3570683027
2021-06-07,LG1,Non-HKUST,38,276,317139,428649456,13181940350,13610589806
2021-06-07,LG1,Others(HKUST),7,38,163131,12763337,49822748,62586085
2021-06-07,LG1,RPG,83,764,725209,1722220573,20774882584,22497103157
2021-06-07,LG1,Staff,71,986,407671,118186551,4648467293,4766653844
2021-06-07,LG1,TPG,50,1018,833036,896558503,32870000659,33766559162
2021-06-07,LG1,Total,513,6597,4847509,11484596822,179664596760,191149193582
2021-06-07,LG1,UG,256,3433,2325403,8184434644,104690583857,112875018501
2021-06-07,LG3,Alumni,10,44,35336,40286432,1177064199,1217350631
2021-06-07,LG3,Non-HKUST,42,174,180229,131323909,5603042790,5734366699
2021-06-07,LG3,Others(HKUST),10,50,4597,379376,29142739,29522115
2021-06-07,LG3,RPG,313,843,489568,446983417,15817007206,16263990623
2021-06-07,LG3,Staff,312,1162,255881,70776736,4202289029,4273065765
2021-06-07,LG3,TPG,44,276,292621,1652076516,15513041740,17165118256
2021-06-07,LG3,Total,1019,4189,2316792,17529913913,102610118729,120140032642
2021-06-07,LG3,UG,288,1640,1058560,15188087527,60268531026,75456618553
2021-06-07,LG4,Alumni,16,157,176817,293864832,8608233247,8902098079
2021-06-07,LG4,Non-HKUST,53,182,251285,697876399,19430569616,20128446015
2021-06-07,LG4,Others(HKUST),11,60,81824,5303522,50526008,55829530
2021-06-07,LG4,RPG,332,666,306768,232111921,7853037595,8085149516
2021-06-07,LG4,Staff,306,940,305765,162741699,4018351140,4181092839
2021-06-07,LG4,TPG,58,358,323900,180822109,8572693850,8753515959
2021-06-07,LG4,Total,1091,4248,2296320,2156727770,82911344038,85068071808
2021-06-07,LG4,UG,315,1885,849961,584007288,34377932582,34961939870
2021-06-08,1,Alumni,5,197,148882,200094645,8872474811,9072569456
2021-06-08,1,Non-HKUST,10,96,104728,73420107,4389614254,4463034361
2021-06-08,1,Others(HKUST),2,17,91345,927725,44430134,45357859
2021-06-08,1,RPG,29,432,477128,249029983,10724504856,10973534839
2021-06-08,1,Staff,80,1565,1214535,622747246,24969209870,25591957116
2021-06-08,1,TPG,19,291,541056,4173282337,24252225480,28425507817
2021-06-08,1,Total,195,3268,3328667,5785042375,98824206502,104609248877
2021-06-08,1,UG,50,670,750993,465540332,25571747097,26037287429
2021-06-08,All-Floors,Alumni,30,757,661477,644020880,29268971118,29912991998
2021-06-08,All-Floors,Non-HKUST,100,1471,899228,1249484370,65725437205,66974921575
2021-06-08,All-Floors,Others(HKUST),28,275,578542,32027950,1004641726,1036669676
2021-06-08,All-Floors,RPG,532,4191,2872879,4848256080,82001463502,86849719582
2021-06-08,All-Floors,Staff,643,7000,3195694,2141839122,58181987963,60323827085
2021-06-08,All-Floors,TPG,103,2746,2548597,10913386414,115760493556,126673879970
2021-06-08,All-Floors,Total,2020,26057,16643480,28054904506,576981674244,605036578750
2021-06-08,All-Floors,UG,584,9617,5887063,8225889690,225038679174,233264568864
2021-06-08,G,Alumni,14,167,60203,60033402,2538498129,2598531531
2021-06-08,G,Non-HKUST,41,330,143323,80048596,1734280364,1814328960
2021-06-08,G,Others(HKUST),7,74,182014,6564748,736639463,743204211
2021-06-08,G,RPG,140,1458,593778,1566485966,19207538134,20774024100
2021-06-08,G,Staff,185,1873,888267,143246252,4243829449,4387075701
2021-06-08,G,TPG,79,1030,393992,303683313,12357773616,12661456929
2021-06-08,G,Total,764,7978,3134914,2831784160,74651235710,77483019870
2021-06-08,G,UG,298,3046,873337,671721883,33832676555,34504398438
2021-06-08,LG1,Alumni,10,123,86630,93231659,2160435925,2253667584
2021-06-08,LG1,Non-HKUST,34,433,298983,204601276,6977043541,7181644817
2021-06-08,LG1,Others(HKUST),3,46,192438,15464599,55277781,70742380
2021-06-08,LG1,RPG,96,959,1047069,1983634178,31479224678,33462858856
2021-06-08,LG1,Staff,88,859,357916,205174233,8568520248,8773694481
2021-06-08,LG1,TPG,44,803,972097,4803074885,54524066837,59327141722
2021-06-08,LG1,Total,509,6068,5483781,11853289095,202140537025,213993826120
2021-06-08,LG1,UG,234,2845,2528648,4548108265,98375968015,102924076280
2021-06-08,LG3,Alumni,20,82,73864,64606887,1909771654,1974378541
2021-06-08,LG3,Non-HKUST,50,416,239319,356857832,21512567784,21869425616
2021-06-08,LG3,Others(HKUST),19,74,14479,911153,4689006,5600159
2021-06-08,LG3,RPG,330,803,449784,850144409,11041591986,11891736395
2021-06-08,LG3,Staff,418,1562,336317,90828412,2764070469,2854898881
2021-06-08,LG3,TPG,49,267,246971,1135518096,7350358735,8485876831
2021-06-08,LG3,Total,1209,4964,2398701,4210218994,83258889730,87469108724
2021-06-08,LG3,UG,323,1760,1037967,1711352205,38675840096,40387192301
2021-06-08,LG4,Alumni,19,188,291898,226054287,13787790599,14013844886
2021-06-08,LG4,Non-HKUST,45,196,112875,534556559,31111931262,31646487821
2021-06-08,LG4,Others(HKUST),20,64,98266,8159725,163605342,171765067
2021-06-08,LG4,RPG,287,539,305120,198961544,9548603848,9747565392
2021-06-08,LG4,Staff,342,1141,398659,1079842979,17636357927,18716200906
2021-06-08,LG4,TPG,44,355,394481,497827783,17276068888,17773896671
2021-06-08,LG4,Total,1078,3779,2297417,3374569882,118106805277,121481375159
2021-06-08,LG4,UG,321,1296,696118,829167005,28582447411,29411614416
2021-06-09,1,Alumni,6,65,166711,304290724,26818006254,27122296978
2021-06-09,1,Non-HKUST,9,133,70477,59902922,2499906749,2559809671
2021-06-09,1,Others(HKUST),3,25,40569,681405,13897493,14578898
2021-06-09,1,RPG,27,309,314036,229931251,7659591778,7889523029
2021-06-09,1,Staff,71,1314,1133155,424076123,37275954085,37700030208
2021-06-09,1,TPG,23,481,466625,397042554,29220842359,29617884913
2021-06-09,1,Total,178,2743,2753807,1689351093,121345859278,123035210371
2021-06-09,1,UG,39,416,562234,273426114,17857660560,18131086674
2021-06-09,All-Floors,Alumni,33,716,761538,1083507482,64741707523,65825215005
2021-06-09,All-Floors,Non-HKUST,111,940,841456,870135358,32598543807,33468679165
2021-06-09,All-Floors,Others(HKUST),25,622,376360,24412788,704741964,729154752
2021-06-09,All-Floors,RPG,520,3765,2659234,2980690672,108542820769,111523511441
2021-06-09,All-Floors,Staff,639,5698,2894018,1242347338,68883352695,70125700033
2021-06-09,All-Floors,TPG,100,3104,2674451,3608346239,126118259156,129726605395
2021-06-09,All-Floors,Total,1983,24420,16069164,21986585023,838131824207,860118409230
2021-06-09,All-Floors,UG,555,9575,5862107,12177145146,436542398293,448719543439
2021-06-09,G,Alumni,19,229,148980,166767696,8073565407,8240333103
2021-06-09,G,Non-HKUST,44,251,206153,257838297,5176774911,5434613208
2021-06-09,G,Others(HKUST),5,102,123402,4544944,367518577,372063521
2021-06-09,G,RPG,107,1204,616027,1037011720,34812295811,35849307531
2021-06-09,G,Staff,163,1684,858409,274891020,9285246110,9560137130
2021-06-09,G,TPG,83,1172,594020,1457879593,33680004296,35137883889
2021-06-09,G,Total,700,7462,3239899,4289324516,152166730693,156456055209
2021-06-09,G,UG,279,2820,692908,1090391246,60771325581,61861716827
2021-06-09,LG1,Alumni,8,162,130908,357071231,9106551736,9463622967
2021-06-09,LG1,Non-HKUST,30,229,214458,314114702,7992971636,8307086338
2021-06-09,LG1,Others(HKUST),6,55,96734,3888752,27249462,31138214
2021-06-09,LG1,RPG,78,729,736761,1118695230,36965525083,38084220313
2021-06-09,LG1,Staff,83,674,353086,379357875,12531964104,12911321979
2021-06-09,LG1,TPG,53,866,988793,860147793,41711129966,42571277759
2021-06-09,LG1,Total,465,5372,4997650,11824928523,326206892016,338031820539
2021-06-09,LG1,UG,207,2657,2476910,8791652940,217871500029,226663152969
2021-06-09,LG3,Alumni,15,44,30787,48768636,1978921095,2027689731
2021-06-09,LG3,Non-HKUST,54,209,213183,136228320,12595120057,12731348377
2021-06-09,LG3,Others(HKUST),17,265,38630,11363683,205493031,216856714
2021-06-09,LG3,RPG,370,955,564851,386682767,16968703883,17355386650
2021-06-09,LG3,Staff,430,1184,253800,55295717,1844706812,1900002529
2021-06-09,LG3,TPG,52,302,316655,731983988,14028578527,14760562515
2021-06-09,LG3,Total,1284,4708,2541502,2384932221,133994120904,136379053125
2021-06-09,LG3,UG,346,1749,1123596,1014609110,86372597499,87387206609
2021-06-09,LG4,Alumni,18,216,284152,206609195,18764663031,18971272226
2021-06-09,LG4,Non-HKUST,38,118,137185,102051117,4333770454,4435821571
2021-06-09,LG4,Others(HKUST),14,175,77025,3934004,90583401,94517405
2021-06-09,LG4,RPG,275,568,427559,208369704,12136704214,12345073918
2021-06-09,LG4,Staff,319,842,295568,108726603,7945481584,8054208187
2021-06-09,LG4,TPG,34,283,308358,161292311,7477704008,7638996319
2021-06-09,LG4,Total,1022,4135,2536306,1798048670,104418221316,106216269986
2021-06-09,LG4,UG,324,1933,1006459,1007065736,53669314624,54676380360
2021-06-10,1,Alumni,2,7,84691,111107659,12611326641,12722434300
2021-06-10,1,Non-HKUST,9,73,48321,37311557,2377371573,2414683130
2021-06-10,1,Others(HKUST),3,15,36808,1178995,19133070,20312065
2021-06-10,1,RPG,24,266,446644,313015536,12484626748,12797642284
2021-06-10,1,Staff,79,1624,1157334,479120391,56302569210,56781689601
2021-06-10,1,TPG,21,284,439242,841135443,62287528826,63128664269
2021-06-10,1,Total,173,2773,2767067,2109276531,163099023975,165208300506
2021-06-10,1,UG,35,504,554027,326406950,17016467907,17342874857
2021-06-10,All-Floors,Alumni,26,544,622131,920252687,36395643161,37315895848
2021-06-10,All-Floors,Non-HKUST,97,1193,722215,657805025,38169235592,38827040617
2021-06-10,All-Floors,Others(HKUST),30,202,286036,78752760,1715450036,1794202796
2021-06-10,All-Floors,RPG,505,3576,2901785,5024809064,97170490915,102195299979
2021-06-10,All-Floors,Staff,577,5956,3071689,1747006397,91971818772,93718825169
2021-06-10,All-Floors,TPG,109,2722,2701374,11035962271,161155840665,172191802936
2021-06-10,All-Floors,Total,1838,21758,15970793,29507151376,754206953266,783714104642
2021-06-10,All-Floors,UG,494,7565,5665563,10042563172,327628474125,337671037297
2021-06-10,G,Alumni,14,219,184264,246639348,10953068869,11199708217
2021-06-10,G,Non-HKUST,45,287,157160,88095597,4553751331,4641846928
2021-06-10,G,Others(HKUST),6,27,139649,6896024,130735667,137631691
2021-06-10,G,RPG,124,1197,799648,1577063054,23952177033,25529240087
2021-06-10,G,Staff,175,1677,914225,309421209,10367799958,10677221167
2021-06-10,G,TPG,91,1069,427607,1239816546,21867169818,23106986364
2021-06-10,G,Total,711,6808,3448530,4822478567,147551580729,152374059296
2021-06-10,G,UG,256,2332,825977,1354546789,75726878053,77081424842
2021-06-10,LG1,Alumni,8,156,202315,480598754,10339868190,10820466944
2021-06-10,LG1,Non-HKUST,26,279,201859,228521559,6460267208,6688788767
2021-06-10,LG1,Others(HKUST),7,17,38330,8424525,50331714,58756239
2021-06-10,LG1,RPG,80,666,671363,2395302702,35477025601,37872328303
2021-06-10,LG1,Staff,83,713,407383,602542307,15177713815,15780256122
2021-06-10,LG1,TPG,60,828,1182793,8636979917,47118126846,55755106763
2021-06-10,LG1,Total,441,4945,5151436,18968898570,259289477589,278258376159
2021-06-10,LG1,UG,177,2286,2447393,6616528806,144666144215,151282673021
2021-06-10,LG3,Alumni,16,47,37409,25256938,601394643,626651581
2021-06-10,LG3,Non-HKUST,52,332,202186,220420057,21961955836,22182375893
2021-06-10,LG3,Others(HKUST),17,78,40334,57556950,1461821463,1519378413
2021-06-10,LG3,RPG,309,722,438888,216132861,7646686909,7862819770
2021-06-10,LG3,Staff,353,1094,335460,61014594,3489519333,3550533927
2021-06-10,LG3,TPG,52,309,353856,174037344,9720358493,9894395837
2021-06-10,LG3,Total,1062,3803,2397664,1811038681,95335304598,97146343279
2021-06-10,LG3,UG,263,1221,989531,1056619937,50453567921,51510187858
2021-06-10,LG4,Alumni,14,115,113452,56649988,1889984818,1946634806
2021-06-10,LG4,Non-HKUST,41,222,112689,83456255,2815889644,2899345899
2021-06-10,LG4,Others(HKUST),16,65,30915,4696266,53428122,58124388
2021-06-10,LG4,RPG,319,725,545242,523294911,17609974624,18133269535
2021-06-10,LG4,Staff,315,848,257287,294907896,6634216456,6929124352
2021-06-10,LG4,TPG,47,232,297876,143993021,20162656682,20306649703
2021-06-10,LG4,Total,1025,3429,2206096,1795459027,88931566375,90727025402
2021-06-10,LG4,UG,273,1222,848635,688460690,39765416029,40453876719
2021-06-11,1,Alumni,6,22,77968,153454027,13082176192,13235630219
2021-06-11,1,Non-HKUST,6,16,41017,26312427,1061299728,1087612155
2021-06-11,1,Others(HKUST),2,13,16989,839090,994843,1833933
2021-06-11,1,RPG,19,218,336078,175322439,4985007140,5160329579
2021-06-11,1,Staff,65,1340,950845,405022907,27513827203,27918850110
2021-06-11,1,TPG,12,115,219342,1087837959,20764054943,21851892902
2021-06-11,1,Total,140,2245,2290071,2314172585,87505095259,89819267844
2021-06-11,1,UG,30,521,647832,465383736,20097735210,20563118946
2021-06-11,All-Floors,Alumni,27,629,752345,906057648,45081477693,45987535341
2021-06-11,All-Floors,Non-HKUST,94,1020,775978,742358669,21912497919,22654856588
2021-06-11,All-Floors,Others(HKUST),16,182,227186,18966648,267418011,286384659
2021-06-11,All-Floors,RPG,388,2876,2439579,4080472426,76149029406,80229501832
2021-06-11,All-Floors,Staff,550,5469,2589906,1150165278,51302456249,52452621527
2021-06-11,All-Floors,TPG,86,1692,1890769,8854295319,91049555777,99903851096
2021-06-11,All-Floors,Total,1560,17860,13292860,22082412634,546003193065,568085605699
2021-06-11,All-Floors,UG,399,5992,4617097,6330096646,260240758010,266570854656
2021-06-11,G,Alumni,17,208,161274,282958654,8283498002,8566456656
2021-06-11,G,Non-HKUST,47,360,244039,275695003,8499157807,8774852810
2021-06-11,G,Others(HKUST),6,34,63470,4260637,39707292,43967929
2021-06-11,G,RPG,115,1091,719359,1031281050,28749014771,29780295821
2021-06-11,G,Staff,172,1475,669514,202389204,7826398216,8028787420
2021-06-11,G,TPG,73,707,416311,233446095,14461551424,14694997519
2021-06-11,G,Total,651,5853,2847255,2618223579,93571073250,96189296829
2021-06-11,G,UG,221,1978,573288,588192936,25711745738,26299938674
2021-06-11,LG1,Alumni,10,114,129238,264327682,12344430914,12608758596
2021-06-11,LG1,Non-HKUST,31,303,280411,288369090,4160295490,4448664580
2021-06-11,LG1,Others(HKUST),6,28,47701,4667508,116053492,120721000
2021-06-11,LG1,RPG,74,696,834922,1499428845,30621140736,32120569581
2021-06-11,LG1,Staff,78,600,431527,355747628,10202433888,10558181516
2021-06-11,LG1,TPG,35,583,946698,7332622537,46025528156,53358150693
2021-06-11,LG1,Total,394,3876,4416796,13177532747,237849437529,251026970276
2021-06-11,LG1,UG,160,1552,1746299,3432369457,134379554853,137811924310
2021-06-11,LG3,Alumni,12,87,55558,61996053,1399962534,1461958587
2021-06-11,LG3,Non-HKUST,40,222,148377,123813329,6923110271,7046923600
2021-06-11,LG3,Others(HKUST),10,41,6997,984888,88100129,89085017
2021-06-11,LG3,RPG,229,457,334601,1211532641,9701118916,10912651557
2021-06-11,LG3,Staff,348,982,299538,97045229,2980970573,3078015802
2021-06-11,LG3,TPG,31,179,208922,126161029,4013827631,4139988660
2021-06-11,LG3,Total,894,2919,1852901,2227732777,64662548386,66890281163
2021-06-11,LG3,UG,224,951,798908,606199608,39555458332,40161657940
2021-06-11,LG4,Alumni,16,198,328307,143321232,9971410051,10114731283
2021-06-11,LG4,Non-HKUST,36,119,62134,28168820,1268634623,1296803443
2021-06-11,LG4,Others(HKUST),11,66,92029,8214525,22562255,30776780
2021-06-11,LG4,RPG,232,414,214619,162907451,2092747843,2255655294
2021-06-11,LG4,Staff,302,1072,238482,89960310,2778826369,2868786679
2021-06-11,LG4,TPG,28,108,99496,74227699,5784593623,5858821322
2021-06-11,LG4,Total,833,2967,1885837,1744750946,62415038641,64159789587
2021-06-11,LG4,UG,208,990,850770,1237950909,40496263877,41734214786
2021-06-12,1,Alumni,0,0,0,0,0,0
2021-06-12,1,Non-HKUST,0,0,0,0,0,0
2021-06-12,1,Others(HKUST),0,0,0,0,0,0
2021-06-12,1,RPG,0,0,0,0,0,0
2021-06-12,1,Staff,0,0,0,0,0,0
2021-06-12,1,TPG,0,0,0,0,0,0
2021-06-12,1,Total,0,0,0,0,0,0
2021-06-12,1,UG,0,0,0,0,0,0
2021-06-12,All-Floors,Alumni,0,0,0,0,0,0
2021-06-12,All-Floors,Non-HKUST,0,0,0,0,0,0
2021-06-12,All-Floors,Others(HKUST),0,0,0,0,0,0
2021-06-12,All-Floors,RPG,0,0,0,0,0,0
2021-06-12,All-Floors,Staff,0,0,0,0,0,0
2021-06-12,All-Floors,TPG,0,0,0,0,0,0
2021-06-12,All-Floors,Total,0,0,0,0,0,0
2021-06-12,All-Floors,UG,0,0,0,0,0,0
2021-06-12,G,Alumni,0,0,0,0,0,0
2021-06-12,G,Non-HKUST,0,0,0,0,0,0
2021-06-12,G,Others(HKUST),0,0,0,0,0,0
2021-06-12,G,RPG,0,0,0,0,0,0
2021-06-12,G,Staff,0,0,0,0,0,0
2021-06-12,G,TPG,0,0,0,0,0,0
2021-06-12,G,Total,0,0,0,0,0,0
2021-06-12,G,UG,0,0,0,0,0,0
2021-06-12,LG1,Alumni,0,0,0,0,0,0
2021-06-12,LG1,Non-HKUST,0,0,0,0,0,0
2021-06-12,LG1,Others(HKUST),0,0,0,0,0,0
2021-06-12,LG1,RPG,0,0,0,0,0,0
2021-06-12,LG1,Staff,0,0,0,0,0,0
2021-06-12,LG1,TPG,0,0,0,0,0,0
2021-06-12,LG1,Total,0,0,0,0,0,0
2021-06-12,LG1,UG,0,0,0,0,0,0
2021-06-12,LG3,Alumni,0,0,0,0,0,0
2021-06-12,LG3,Non-HKUST,0,0,0,0,0,0
2021-06-12,LG3,Others(HKUST),0,0,0,0,0,0
2021-06-12,LG3,RPG,0,0,0,0,0,0
2021-06-12,LG3,Staff,0,0,0,0,0,0
2021-06-12,LG3,TPG,0,0,0,0,0,0
2021-06-12,LG3,Total,0,0,0,0,0,0
2021-06-12,LG3,UG,0,0,0,0,0,0
2021-06-12,LG4,Alumni,0,0,0,0,0,0
2021-06-12,LG4,Non-HKUST,0,0,0,0,0,0
2021-06-12,LG4,Others(HKUST),0,0,0,0,0,0
2021-06-12,LG4,RPG,0,0,0,0,0,0
2021-06-12,LG4,Staff,0,0,0,0,0,0
2021-06-12,LG4,TPG,0,0,0,0,0,0
2021-06-12,LG4,Total,0,0,0,0,0,0
2021-06-12,LG4,UG,0,0,0,0,0,0
2021-06-13,1,Alumni,0,0,0,0,0,0
2021-06-13,1,Non-HKUST,0,0,0,0,0,0
2021-06-13,1,Others(HKUST),0,0,0,0,0,0
2021-06-13,1,RPG,0,0,0,0,0,0
2021-06-13,1,Staff,0,0,0,0,0,0
2021-06-13,1,TPG,0,0,0,0,0,0
2021-06-13,1,Total,0,0,0,0,0,0
2021-06-13,1,UG,0,0,0,0,0,0
2021-06-13,All-Floors,Alumni,0,0,0,0,0,0
2021-06-13,All-Floors,Non-HKUST,0,0,0,0,0,0
2021-06-13,All-Floors,Others(HKUST),0,0,0,0,0,0
2021-06-13,All-Floors,RPG,0,0,0,0,0,0
2021-06-13,All-Floors,Staff,0,0,0,0,0,0
2021-06-13,All-Floors,TPG,0,0,0,0,0,0
2021-06-13,All-Floors,Total,0,0,0,0,0,0
2021-06-13,All-Floors,UG,0,0,0,0,0,0
2021-06-13,G,Alumni,0,0,0,0,0,0
2021-06-13,G,Non-HKUST,0,0,0,0,0,0
2021-06-13,G,Others(HKUST),0,0,0,0,0,0
2021-06-13,G,RPG,0,0,0,0,0,0
2021-06-13,G,Staff,0,0,0,0,0,0
2021-06-13,G,TPG,0,0,0,0,0,0
2021-06-13,G,Total,0,0,0,0,0,0
2021-06-13,G,UG,0,0,0,0,0,0
2021-06-13,LG1,Alumni,0,0,0,0,0,0
2021-06-13,LG1,Non-HKUST,0,0,0,0,0,0
2021-06-13,LG1,Others(HKUST),0,0,0,0,0,0
2021-06-13,LG1,RPG,0,0,0,0,0,0
2021-06-13,LG1,Staff,0,0,0,0,0,0
2021-06-13,LG1,TPG,0,0,0,0,0,0
2021-06-13,LG1,Total,0,0,0,0,0,0
2021-06-13,LG1,UG,0,0,0,0,0,0
2021-06-13,LG3,Alumni,0,0,0,0,0,0
2021-06-13,LG3,Non-HKUST,0,0,0,0,0,0
2021-06-13,LG3,Others(HKUST),0,0,0,0,0,0
2021-06-13,LG3,RPG,0,0,0,0,0,0
2021-06-13,LG3,Staff,0,0,0,0,0,0
2021-06-13,LG3,TPG,0,0,0,0,0,0
2021-06-13,LG3,Total,0,0,0,0,0,0
2021-06-13,LG3,UG,0,0,0,0,0,0
2021-06-13,LG4,Alumni,0,0,0,0,0,0
2021-06-13,LG4,Non-HKUST,0,0,0,0,0,0
2021-06-13,LG4,Others(HKUST),0,0,0,0,0,0
2021-06-13,LG4,RPG,0,0,0,0,0,0
2021-06-13,LG4,Staff,0,0,0,0,0,0
2021-06-13,LG4,TPG,0,0,0,0,0,0
2021-06-13,LG4,Total,0,0,0,0,0,0
2021-06-13,LG4,UG,0,0,0,0,0,0
2021-06-14,1,Alumni,0,0,0,0,0,0
2021-06-14,1,Non-HKUST,0,0,0,0,0,0
2021-06-14,1,Others(HKUST),0,0,0,0,0,0
2021-06-14,1,RPG,0,0,0,0,0,0
2021-06-14,1,Staff,0,0,0,0,0,0
2021-06-14,1,TPG,0,0,0,0,0,0
2021-06-14,1,Total,0,0,0,0,0,0
2021-06-14,1,UG,0,0,0,0,0,0
2021-06-14,All-Floors,Alumni,0,0,0,0,0,0
2021-06-14,All-Floors,Non-HKUST,0,0,0,0,0,0
2021-06-14,All-Floors,Others(HKUST),0,0,0,0,0,0
2021-06-14,All-Floors,RPG,0,0,0,0,0,0
2021-06-14,All-Floors,Staff,0,0,0,0,0,0
2021-06-14,All-Floors,TPG,0,0,0,0,0,0
2021-06-14,All-Floors,Total,0,0,0,0,0,0
2021-06-14,All-Floors,UG,0,0,0,0,0,0
2021-06-14,G,Alumni,0,0,0,0,0,0
2021-06-14,G,Non-HKUST,0,0,0,0,0,0
2021-06-14,G,Others(HKUST),0,0,0,0,0,0
2021-06-14,G,RPG,0,0,0,0,0,0
2021-06-14,G,Staff,0,0,0,0,0,0
2021-06-14,G,TPG,0,0,0,0,0,0
2021-06-14,G,Total,0,0,0,0,0,0
2021-06-14,G,UG,0,0,0,0,0,0
2021-06-14,LG1,Alumni,0,0,0,0,0,0
2021-06-14,LG1,Non-HKUST,0,0,0,0,0,0
2021-06-14,LG1,Others(HKUST),0,0,0,0,0,0
2021-06-14,LG1,RPG,0,0,0,0,0,0
2021-06-14,LG1,Staff,0,0,0,0,0,0
2021-06-14,LG1,TPG,0,0,0,0,0,0
2021-06-14,LG1,Total,0,0,0,0,0,0
2021-06-14,LG1,UG,0,0,0,0,0,0
2021-06-14,LG3,Alumni,0,0,0,0,0,0
2021-06-14,LG3,Non-HKUST,0,0,0,0,0,0
2021-06-14,LG3,Others(HKUST),0,0,0,0,0,0
2021-06-14,LG3,RPG,0,0,0,0,0,0
2021-06-14,LG3,Staff,0,0,0,0,0,0
2021-06-14,LG3,TPG,0,0,0,0,0,0
2021-06-14,LG3,Total,0,0,0,0,0,0
2021-06-14,LG3,UG,0,0,0,0,0,0
2021-06-14,LG4,Alumni,0,0,0,0,0,0
2021-06-14,LG4,Non-HKUST,0,0,0,0,0,0
2021-06-14,LG4,Others(HKUST),0,0,0,0,0,0
2021-06-14,LG4,RPG,0,0,0,0,0,0
2021-06-14,LG4,Staff,0,0,0,0,0,0
2021-06-14,LG4,TPG,0,0,0,0,0,0
2021-06-14,LG4,Total,0,0,0,0,0,0
2021-06-14,LG4,UG,0,0,0,0,0,0
2021-06-15,1,Alumni,4,45,116366,114979038,15506422597,15621401635
2021-06-15,1,Non-HKUST,4,10,30375,6961724,602235368,609197092
2021-06-15,1,Others(HKUST),2,10,67692,914439,209934911,210849350
2021-06-15,1,RPG,17,130,179226,97225631,8285737335,8382962966
2021-06-15,1,Staff,57,899,669078,118798382,7737495751,7856294133
2021-06-15,1,TPG,12,280,270520,302422140,7583032314,7885454454
2021-06-15,1,Total,130,1861,1879359,1004710884,62885570427,63890281311
2021-06-15,1,UG,34,487,546102,363409530,22960712151,23324121681
2021-06-15,All-Floors,Alumni,30,779,561937,541748967,35550124788,36091873755
2021-06-15,All-Floors,Non-HKUST,83,673,542022,532533973,26835357358,27367891331
2021-06-15,All-Floors,Others(HKUST),18,115,392533,23362866,379836635,403199501
2021-06-15,All-Floors,RPG,465,3123,1959168,2063497988,62909984619,64973482607
2021-06-15,All-Floors,Staff,513,4230,1736919,483152691,24724315538,25207468229
2021-06-15,All-Floors,TPG,80,2260,1604710,4321025609,84187421448,88508447057
2021-06-15,All-Floors,Total,1655,18482,11219602,12268387392,445116089436,457384476828
2021-06-15,All-Floors,UG,466,7302,4422313,4303065298,210529049050,214832114348
2021-06-15,G,Alumni,19,251,105224,93260559,1746283666,1839544225
2021-06-15,G,Non-HKUST,29,166,73573,83719506,2501824622,2585544128
2021-06-15,G,Others(HKUST),3,11,47630,1636138,28379939,30016077
2021-06-15,G,RPG,118,1058,523967,522945369,12391186205,12914131574
2021-06-15,G,Staff,168,1341,532398,180192170,4596757565,4776949735
2021-06-15,G,TPG,63,839,248778,147027647,7186014740,7333042387
2021-06-15,G,Total,639,5998,2015598,1431660546,59246430132,60678090678
2021-06-15,G,UG,239,2332,484028,402879157,30795983395,31198862552
2021-06-15,LG1,Alumni,11,260,128920,200285570,3400577657,3600863227
2021-06-15,LG1,Non-HKUST,21,165,136977,294676897,10451287615,10745964512
2021-06-15,LG1,Others(HKUST),4,17,201433,14840512,40660104,55500616
2021-06-15,LG1,RPG,64,585,472805,644564758,17734386286,18378951044
2021-06-15,LG1,Staff,69,547,186338,95288136,8459876476,8555164612
2021-06-15,LG1,TPG,37,614,553433,3556616381,43636120061,47192736442
2021-06-15,LG1,Total,374,4232,3477920,7345563170,181973985546,189319548716
2021-06-15,LG1,UG,168,2044,1798014,2539290916,98251077347,100790368263
2021-06-15,LG3,Alumni,15,64,40705,41050201,1084916724,1125966925
2021-06-15,LG3,Non-HKUST,50,232,222646,115027460,11406002002,11521029462
2021-06-15,LG3,Others(HKUST),14,42,8839,141565,314456,456021
2021-06-15,LG3,RPG,308,735,403981,641774004,19683448285,20325222289
2021-06-15,LG3,Staff,332,768,173577,44405096,1087162770,1131567866
2021-06-15,LG3,TPG,32,266,329924,217027123,16106815305,16323842428
2021-06-15,LG3,Total,1027,3492,2216891,1769120663,89443046198,91212166861
2021-06-15,LG3,UG,276,1385,1037219,709695214,40074386656,40784081870
2021-06-15,LG4,Alumni,14,159,170722,92173599,13811924144,13904097743
2021-06-15,LG4,Non-HKUST,35,100,78451,32148386,1874007751,1906156137
2021-06-15,LG4,Others(HKUST),14,35,66939,5830212,100547225,106377437
2021-06-15,LG4,RPG,276,615,379189,156988226,4815226508,4972214734
2021-06-15,LG4,Staff,269,675,175528,44468907,2843022976,2887491883
2021-06-15,LG4,TPG,40,261,202055,97932318,9675439028,9773371346
2021-06-15,LG4,Total,920,2899,1629834,717332129,51567057133,52284389262
2021-06-15,LG4,UG,272,1054,556950,287790481,18446889501,18734679982
2021-06-16,1,Alumni,4,10,74217,122786281,8179843157,8302629438
2021-06-16,1,Non-HKUST,14,130,95329,194989847,2160628587,2355618434
2021-06-16,1,Others(HKUST),3,32,132944,8654722,48878314,57533036
2021-06-16,1,RPG,41,158,342661,222690306,11257124971,11479815277
2021-06-16,1,Staff,92,1371,972641,483419333,48288382647,48771801980
2021-06-16,1,TPG,23,248,344887,439857211,28714543502,29154400713
2021-06-16,1,Total,230,2331,2516265,1857570322,124722515549,126580085871
2021-06-16,1,UG,53,382,553586,385172622,26073114371,26458286993
2021-06-16,All-Floors,Alumni,37,876,702027,916635782,44149471102,45066106884
2021-06-16,All-Floors,Non-HKUST,110,1653,861901,1151180527,89365514855,90516695382
2021-06-16,All-Floors,Others(HKUST),23,248,751053,46761339,379027752,425789091
2021-06-16,All-Floors,RPG,545,4227,3249993,4275313666,99446771508,103722085174
2021-06-16,All-Floors,Staff,632,6469,2763016,1075088108,69660269315,70735357423
2021-06-16,All-Floors,TPG,90,2105,1949893,8158736858,109793815786,117952552644
2021-06-16,All-Floors,Total,1938,22938,15575211,21630865114,690374955841,712005820955
2021-06-16,All-Floors,UG,501,7360,5297328,6007148834,277580085523,283587234357
2021-06-16,G,Alumni,20,245,131116,121046052,4841971342,4963017394
2021-06-16,G,Non-HKUST,44,357,165733,185695851,7515806512,7701502363
2021-06-16,G,Others(HKUST),9,46,160831,10491219,121706163,132197382
2021-06-16,G,RPG,140,1526,921637,1250753368,30807645085,32058398453
2021-06-16,G,Staff,166,1734,862061,245196282,6977739558,7222935840
2021-06-16,G,TPG,70,834,440219,789164190,33878883317,34668047507
2021-06-16,G,Total,686,7140,3397191,3262839612,119489832299,122752671911
2021-06-16,G,UG,237,2398,715594,660492650,35346080322,36006572972
2021-06-16,LG1,Alumni,12,340,214972,326442529,13594190346,13920632875
2021-06-16,LG1,Non-HKUST,37,427,212828,381232893,8305596888,8686829781
2021-06-16,LG1,Others(HKUST),7,45,287002,18551909,143714272,162266181
2021-06-16,LG1,RPG,94,871,787518,1525638451,23205143637,24730782088
2021-06-16,LG1,Staff,83,730,280259,139017197,5911242971,6050260168
2021-06-16,LG1,TPG,37,454,608877,6572036960,23630713456,30202750416
2021-06-16,LG1,Total,457,5052,4733780,12478355660,213154244968,225632600628
2021-06-16,LG1,UG,187,2185,2342324,3515435721,138363643398,141879079119
2021-06-16,LG3,Alumni,18,86,34533,30259242,1141515868,1171775110
2021-06-16,LG3,Non-HKUST,58,448,244355,230301221,28460533154,28690834375
2021-06-16,LG3,Others(HKUST),17,57,35962,637563,4794051,5431614
2021-06-16,LG3,RPG,386,934,577966,952757734,21336373512,22289131246
2021-06-16,LG3,Staff,427,1579,252362,93286188,2941292186,3034578374
2021-06-16,LG3,TPG,49,350,361179,216841153,13743615522,13960456675
2021-06-16,LG3,Total,1285,4956,2403154,2246576597,102018295483,104264872080
2021-06-16,LG3,UG,330,1502,896797,722493496,34390171190,35112664686
2021-06-16,LG4,Alumni,22,195,247189,316101678,16391950389,16708052067
2021-06-16,LG4,Non-HKUST,51,291,143656,158960715,42922949714,43081910429
2021-06-16,LG4,Others(HKUST),14,68,134314,8425926,59934952,68360878
2021-06-16,LG4,RPG,328,738,620211,323473807,12840484303,13163958110
2021-06-16,LG4,Staff,369,1055,395693,114169108,5541611953,5655781061
2021-06-16,LG4,TPG,39,219,194731,140837344,9826059989,9966897333
2021-06-16,LG4,Total,1111,3459,2524821,1785522923,130990067542,132775590465
2021-06-16,LG4,UG,288,893,789027,723554345,43407076242,44130630587
2021-06-17,1,Alumni,5,22,102062,110574569,11943840927,12054415496
2021-06-17,1,Non-HKUST,10,59,71824,61604641,2177668212,2239272853
2021-06-17,1,Others(HKUST),5,39,86149,35312609,4693635516,4728948125
2021-06-17,1,RPG,28,169,198988,124207830,11885486178,12009694008
2021-06-17,1,Staff,79,1528,1192110,469507190,32633138129,33102645319
2021-06-17,1,TPG,13,174,227819,149731473,6779125023,6928856496
2021-06-17,1,Total,205,2424,2366300,1684204067,97396399504,99080603571
2021-06-17,1,UG,65,433,487348,733265755,27283505519,28016771274
2021-06-17,All-Floors,Alumni,28,562,693037,784193464,47045008596,47829202060
2021-06-17,All-Floors,Non-HKUST,105,1228,862223,1293542617,42939276773,44232819390
2021-06-17,All-Floors,Others(HKUST),20,231,480932,76885909,6174049536,6250935445
2021-06-17,All-Floors,RPG,507,3919,2862553,3358904404,204331185360,207690089764
2021-06-17,All-Floors,Staff,625,5970,2887425,1292211569,77043914969,78336126538
2021-06-17,All-Floors,TPG,90,2536,2245035,8017653071,91421808622,99439461693
2021-06-17,All-Floors,Total,1893,21997,15410521,21996700195,709660210491,731656910686
2021-06-17,All-Floors,UG,518,7551,5379316,7173309161,240704966635,247878275796
2021-06-17,G,Alumni,17,287,252730,307417274,14225300542,14532717816
2021-06-17,G,Non-HKUST,44,301,84154,72452012,2738131568,2810583580
2021-06-17,G,Others(HKUST),5,19,50919,2991358,67931692,70923050
2021-06-17,G,RPG,121,1368,833038,841299061,59861844937,60703143998
2021-06-17,G,Staff,165,1722,682665,213510031,9392564796,9606074827
2021-06-17,G,TPG,69,924,352366,566776820,12087487671,12654264491
2021-06-17,G,Total,659,7009,2910435,3416744050,129044015772,132460759822
2021-06-17,G,UG,238,2388,654563,1412297494,30670754566,32083052060
2021-06-17,LG1,Alumni,7,102,109420,185244996,5207662079,5392907075
2021-06-17,LG1,Non-HKUST,37,371,281874,837114057,11808364099,12645478156
2021-06-17,LG1,Others(HKUST),4,14,181031,24555073,943889925,968444998
2021-06-17,LG1,RPG,82,896,880409,1106205208,86727466248,87833671456
2021-06-17,LG1,Staff,78,681,414037,387801984,26547489377,26935291361
2021-06-17,LG1,TPG,53,919,1203176,6953021278,56133425521,63086446799
2021-06-17,LG1,Total,427,5202,5309234,12671159842,298476559143,311147718985
2021-06-17,LG1,UG,166,2219,2239287,3177217246,111108261894,114285479140
2021-06-17,LG3,Alumni,12,54,22812,12041707,507032469,519074176
2021-06-17,LG3,Non-HKUST,53,346,241841,185823156,24200128723,24385951879
2021-06-17,LG3,Others(HKUST),11,65,7040,2503562,15753242,18256804
2021-06-17,LG3,RPG,302,716,363682,832781911,8953488857,9786270768
2021-06-17,LG3,Staff,382,1273,371562,114904321,5195922825,5310827146
2021-06-17,LG3,TPG,49,289,270642,227986199,11938363916,12166350115
2021-06-17,LG3,Total,1131,4572,2745014,2825824252,105958240170,108784064422
2021-06-17,LG3,UG,322,1829,1467435,1449783396,55147550138,56597333534
2021-06-17,LG4,Alumni,16,97,206013,168914918,15161172579,15330087497
2021-06-17,LG4,Non-HKUST,38,151,182530,136548751,2014984171,2151532922
2021-06-17,LG4,Others(HKUST),15,94,155793,11523307,452839161,464362468
2021-06-17,LG4,RPG,307,770,586436,454410394,36902899140,37357309534
2021-06-17,LG4,Staff,360,766,227051,106488043,3274799842,3381287885
2021-06-17,LG4,TPG,33,230,191032,120137301,4483406491,4603543792
2021-06-17,LG4,Total,1054,2790,2079538,1398767984,78784995902,80183763886
2021-06-17,LG4,UG,285,682,530683,400745270,16494894518,16895639788
2021-06-18,1,Alumni,4,39,74154,100736219,4269965871,4370702090
2021-06-18,1,Non-HKUST,10,52,71006,130767526,1254338359,1385105885
2021-06-18,1,Others(HKUST),1,5,25386,9687,17030,26717
2021-06-18,1,RPG,32,103,125842,104685336,4705265599,4809950935
2021-06-18,1,Staff,76,1258,1089402,471928222,32992391637,33464319859
2021-06-18,1,TPG,21,211,281197,230034024,15763258785,15993292809
2021-06-18,1,Total,211,2125,2182833,1378748261,75202736713,76581484974
2021-06-18,1,UG,67,457,515846,340587247,16217499432,16558086679
2021-06-18,All-Floors,Alumni,26,708,439012,434878233,27554895944,27989774177
2021-06-18,All-Floors,Non-HKUST,99,1079,821475,1191632780,38938949222,40130582002
2021-06-18,All-Floors,Others(HKUST),15,480,420871,42669916,775286942,817956858
2021-06-18,All-Floors,RPG,470,3481,2417098,3186193663,94510840636,97697034299
2021-06-18,All-Floors,Staff,576,5552,2576872,1495030755,57886774031,59381804786
2021-06-18,All-Floors,TPG,94,2372,2510303,15351965704,105229894741,120581860445
2021-06-18,All-Floors,Total,1798,21233,14473255,30108745437,577707150182,607815895619
2021-06-18,All-Floors,UG,518,7561,5287624,8406374386,252810508666,261216883052
2021-06-18,G,Alumni,15,234,90990,89831254,4296208367,4386039621
2021-06-18,G,Non-HKUST,40,259,62856,192671654,9168455603,9361127257
2021-06-18,G,Others(HKUST),6,60,86127,16201284,422431540,438632824
2021-06-18,G,RPG,116,1219,556692,473054942,17382233450,17855288392
2021-06-18,G,Staff,172,1590,702452,593517983,8839475542,9432993525
2021-06-18,G,TPG,74,968,341602,933288530,19055607935,19988896465
2021-06-18,G,Total,666,6931,2353802,3104332984,83954846649,87059179633
2021-06-18,G,UG,243,2601,513083,805767337,24790434212,25596201549
2021-06-18,LG1,Alumni,11,214,90792,77887592,3801038355,3878925947
2021-06-18,LG1,Non-HKUST,31,350,273805,507687864,6918236094,7425923958
2021-06-18,LG1,Others(HKUST),4,18,174457,14814798,54657149,69471947
2021-06-18,LG1,RPG,82,834,875972,1706459313,27986593061,29693052374
2021-06-18,LG1,Staff,84,516,260245,118054250,8597514143,8715568393
2021-06-18,LG1,TPG,50,711,1190658,13597122372,41603594752,55200717124
2021-06-18,LG1,Total,438,4532,5022642,21574771211,206757857813,228332629024
2021-06-18,LG1,UG,176,1889,2156713,5552745022,117796224259,123348969281
2021-06-18,LG3,Alumni,13,83,40176,29699526,3213397233,3243096759
2021-06-18,LG3,Non-HKUST,56,244,188020,145517147,8141299238,8286816385
2021-06-18,LG3,Others(HKUST),8,224,18347,3840813,115171540,119012353
2021-06-18,LG3,RPG,301,724,450983,709076043,17106790970,17815867013
2021-06-18,LG3,Staff,359,1392,315826,208886002,5418177688,5627063690
2021-06-18,LG3,TPG,52,231,331364,265622914,15352469308,15618092222
2021-06-18,LG3,Total,1090,4493,2489345,2241094819,105268423368,107509518187
2021-06-18,LG3,UG,301,1595,1144629,878452374,55921117391,56799569765
2021-06-18,LG4,Alumni,13,138,142900,136723642,11974286118,12111009760
2021-06-18,LG4,Non-HKUST,49,174,225788,214988589,13456619928,13671608517
2021-06-18,LG4,Others(HKUST),12,173,116554,7803334,183009683,190813017
2021-06-18,LG4,RPG,289,601,407609,192918029,27329957556,27522875585
2021-06-18,LG4,Staff,335,796,208947,102644298,2039215021,2141859319
2021-06-18,LG4,TPG,35,251,365482,325897864,13454963961,13780861825
2021-06-18,LG4,Total,1013,3152,2424633,1809798162,106523285639,108333083801
2021-06-18,LG4,UG,280,1019,957353,828822406,38085233372,38914055778
2021-06-19,1,Alumni,1,1,135,2905,540,3445
2021-06-19,1,Non-HKUST,4,6,27287,44435218,1467906901,1512342119
2021-06-19,1,Others(HKUST),4,5,12771,784859,11359456,12144315
2021-06-19,1,RPG,19,80,76657,49121706,3077087600,3126209306
2021-06-19,1,Staff,13,46,47040,24419616,395030686,419450302
2021-06-19,1,TPG,8,26,55080,56396898,2608617305,2665014203
2021-06-19,1,Total,115,408,536191,489477697,48821593496,49311071193
2021-06-19,1,UG,66,244,317221,314316495,41261591008,41575907503
2021-06-19,All-Floors,Alumni,29,318,225807,217589469,13287727200,13505316669
2021-06-19,All-Floors,Non-HKUST,69,508,285758,208055479,9513240448,9721295927
2021-06-19,All-Floors,Others(HKUST),14,103,324287,32492840,1155456534,1187949374
2021-06-19,All-Floors,RPG,330,1651,1106180,806116117,32493158665,33299274782
2021-06-19,All-Floors,Staff,170,1010,438726,414926320,9118069622,9532995942
2021-06-19,All-Floors,TPG,41,580,580184,530121803,34671312691,35201434494
2021-06-19,All-Floors,Total,1053,7242,4981687,4643599982,235381178079,240024778061
2021-06-19,All-Floors,UG,400,3072,2020745,2434297954,135142212919,137576510873
2021-06-19,G,Alumni,19,139,67608,96249523,1615760196,1712009719
2021-06-19,G,Non-HKUST,21,91,22867,18289968,998748074,1017038042
2021-06-19,G,Others(HKUST),1,3,71115,10769154,190814416,201583570
2021-06-19,G,RPG,63,476,354276,291881882,8065286869,8357168751
2021-06-19,G,Staff,34,295,105514,113319115,3332334284,3445653399
2021-06-19,G,TPG,25,243,130571,101164941,3505676807,3606841748
2021-06-19,G,Total,277,2153,1043526,959657220,33415850289,34375507509
2021-06-19,G,UG,114,906,291575,327982637,15707229643,16035212280
2021-06-19,LG1,Alumni,8,56,15799,19382239,1600341563,1619723802
2021-06-19,LG1,Non-HKUST,15,241,97279,47414114,2400708393,2448122507
2021-06-19,LG1,Others(HKUST),3,7,173066,14697145,45556692,60253837
2021-06-19,LG1,RPG,42,324,300595,313170469,13182695251,13495865720
2021-06-19,LG1,Staff,18,101,91039,227112071,4332552467,4559664538
2021-06-19,LG1,TPG,20,205,322693,308847823,16966319829,17275167652
2021-06-19,LG1,Total,193,1504,1615725,2109068296,81041053351,83150121647
2021-06-19,LG1,UG,87,570,615254,1178444435,42512879156,43691323591
2021-06-19,LG3,Alumni,16,56,37180,25785425,2865112512,2890897937
2021-06-19,LG3,Non-HKUST,42,92,61371,27485381,1995591748,2023077129
2021-06-19,LG3,Others(HKUST),8,30,1985,56078,33053702,33109780
2021-06-19,LG3,RPG,214,452,159684,77517766,2660670561,2738188327
2021-06-19,LG3,Staff,100,304,83153,8793219,142170194,150963413
2021-06-19,LG3,TPG,19,46,31411,7265085,773573547,780838632
2021-06-19,LG3,Total,653,1784,749102,346256478,17764711029,18110967507
2021-06-19,LG3,UG,254,804,374318,199353524,9294538765,9493892289
2021-06-19,LG4,Alumni,14,66,105085,76169377,7206512389,7282681766
2021-06-19,LG4,Non-HKUST,37,78,76954,70430798,2650285332,2720716130
2021-06-19,LG4,Others(HKUST),12,58,65350,6185604,874672268,880857872
2021-06-19,LG4,RPG,195,319,214968,74424294,5507418384,5581842678
2021-06-19,LG4,Staff,91,264,111980,41282299,915981991,957264290
2021-06-19,LG4,TPG,16,60,40429,56447056,10817125203,10873572259
2021-06-19,LG4,Total,577,1393,1037143,739140291,54337969914,55077110205
2021-06-19,LG4,UG,212,548,422377,414200863,26365974347,26780175210
2021-06-20,1,Alumni,1,1,5568,8023514,878560217,886583731
2021-06-20,1,Non-HKUST,5,13,30023,12559648,921685089,934244737
2021-06-20,1,Others(HKUST),2,3,12190,897976,11275491,12173467
2021-06-20,1,RPG,32,111,157730,119434414,4110024896,4229459310
2021-06-20,1,Staff,15,66,77307,43750209,273414869,317165078
2021-06-20,1,TPG,7,36,37927,23062496,2945758067,2968820563
2021-06-20,1,Total,109,382,475001,337110929,13742541394,14079652323
2021-06-20,1,UG,47,152,154256,129382672,4601822765,4731205437
2021-06-20,All-Floors,Alumni,21,365,185489,215726330,16736295720,16952022050
2021-06-20,All-Floors,Non-HKUST,53,463,429842,320311434,25534426770,25854738204
2021-06-20,All-Floors,Others(HKUST),11,125,350590,61340154,1043139281,1104479435
2021-06-20,All-Floors,RPG,300,1519,992265,880884454,32409432683,33290317137
2021-06-20,All-Floors,Staff,161,976,586496,476879374,42094682899,42571562273
2021-06-20,All-Floors,TPG,33,700,651816,709706039,76603483847,77313189886
2021-06-20,All-Floors,Total,932,7378,5383404,5431599641,289561095131,294992694772
2021-06-20,All-Floors,UG,353,3230,2186906,2766751856,95139633931,97906385787
2021-06-20,G,Alumni,12,96,12521,7818038,250414308,258232346
2021-06-20,G,Non-HKUST,21,152,116832,81386092,1580557844,1661943936
2021-06-20,G,Others(HKUST),3,29,141678,38067415,651768382,689835797
2021-06-20,G,RPG,42,408,245051,405091406,9942221869,10347313275
2021-06-20,G,Staff,39,281,109258,70687947,2095023038,2165710985
2021-06-20,G,TPG,31,322,259390,166185823,11080848307,11247034130
2021-06-20,G,Total,246,2259,1144651,920250464,38148298520,39068548984
2021-06-20,G,UG,98,971,259921,151013743,12547464772,12698478515
2021-06-20,LG1,Alumni,9,50,35912,61416421,2622977115,2684393536
2021-06-20,LG1,Non-HKUST,12,166,129553,132142862,13749778527,13881921389
2021-06-20,LG1,Others(HKUST),2,5,142903,11703360,46883980,58587340
2021-06-20,LG1,RPG,45,319,347241,240382196,12648445132,12888827328
2021-06-20,LG1,Staff,22,134,99763,214779443,5454314988,5669094431
2021-06-20,LG1,TPG,20,179,231981,427109058,55668532378,56095641436
2021-06-20,LG1,Total,203,1613,1979228,2983184358,139570162630,142553346988
2021-06-20,LG1,UG,93,760,991875,1895651018,49379230510,51274881528
2021-06-20,LG3,Alumni,14,153,50913,56162553,6707982232,6764144785
2021-06-20,LG3,Non-HKUST,26,64,103913,56013368,3478876822,3534890190
2021-06-20,LG3,Others(HKUST),5,40,5306,1897055,86866285,88763340
2021-06-20,LG3,RPG,207,401,148923,76996841,4884749804,4961746645
2021-06-20,LG3,Staff,91,278,89082,34921067,1632761126,1667682193
2021-06-20,LG3,TPG,17,104,96349,59623042,3232075703,3291698745
2021-06-20,LG3,Total,588,1814,826118,531173073,30248333525,30779506598
2021-06-20,LG3,UG,228,774,331632,245559147,10225021553,10470580700
2021-06-20,LG4,Alumni,9,65,80575,82305804,6276361848,6358667652
2021-06-20,LG4,Non-HKUST,24,68,49521,38209464,5803528488,5841737952
2021-06-20,LG4,Others(HKUST),10,48,48513,8774348,246345143,255119491
2021-06-20,LG4,RPG,188,280,93320,38979597,823990982,862970579
2021-06-20,LG4,Staff,106,217,211086,112740708,32639168878,32751909586
2021-06-20,LG4,TPG,13,59,26169,33725620,3676269392,3709995012
2021-06-20,LG4,Total,561,1310,958406,659880817,67851759062,68511639879
2021-06-20,LG4,UG,211,573,449222,345145276,18386094331,18731239607
2021-06-21,1,Alumni,1,3,27696,57658832,2603579689,2661238521
2021-06-21,1,Non-HKUST,9,49,40918,61048410,9069303932,9130352342
2021-06-21,1,Others(HKUST),2,11,31212,899683,19984507,20884190
2021-06-21,1,RPG,37,79,115937,133908847,5220563563,5354472410
2021-06-21,1,Staff,88,1711,1174859,619473554,25482841369,26102314923
2021-06-21,1,TPG,5,69,66693,43082524,3781768415,3824850939
2021-06-21,1,Total,204,2387,1893788,1456795755,76401850397,77858646152
2021-06-21,1,UG,62,465,436473,540723905,30223808922,30764532827
2021-06-21,All-Floors,Alumni,20,337,359031,444822769,13846066083,14290888852
2021-06-21,All-Floors,Non-HKUST,118,1502,793758,1095884680,42931430760,44027315440
2021-06-21,All-Floors,Others(HKUST),24,188,375441,41937330,1042001995,1083939325
2021-06-21,All-Floors,RPG,506,4030,3033531,4523179274,80577017206,85100196480
2021-06-21,All-Floors,Staff,598,6707,2749835,1511223269,70981848897,72493072166
2021-06-21,All-Floors,TPG,83,1730,1617930,11420142685,73776412223,85196554908
2021-06-21,All-Floors,Total,1814,22648,15316494,32895465947,676112616025,709008081972
2021-06-21,All-Floors,UG,465,8154,6386968,13858275940,392957838861,406816114801
2021-06-21,G,Alumni,9,100,28270,89385974,846901867,936287841
2021-06-21,G,Non-HKUST,50,354,190935,301528060,6579962879,6881490939
2021-06-21,G,Others(HKUST),4,29,70394,18220191,471387824,489608015
2021-06-21,G,RPG,138,1458,744117,1037359325,19920095494,20957454819
2021-06-21,G,Staff,180,2143,722994,443399857,14710665768,15154065625
2021-06-21,G,TPG,58,676,406913,432842518,16698722971,17131565489
2021-06-21,G,Total,683,7721,2947207,3618033977,109125706449,112743740426
2021-06-21,G,UG,244,2961,783584,1295298052,49897969646,51193267698
2021-06-21,LG1,Alumni,5,98,91001,109425913,1161149086,1270574999
2021-06-21,LG1,Non-HKUST,44,433,262556,389215650,8463964595,8853180245
2021-06-21,LG1,Others(HKUST),9,24,155999,13276930,217948296,231225226
2021-06-21,LG1,RPG,90,1031,1151842,2247457809,30053608846,32301066655
2021-06-21,LG1,Staff,92,645,249010,173794889,7592978674,7766773563
2021-06-21,LG1,TPG,41,529,612951,10499446223,25802997918,36302444141
2021-06-21,LG1,Total,479,5200,5520176,23412314646,282348747005,305761061651
2021-06-21,LG1,UG,198,2440,2996817,9979697232,209056099590,219035796822
2021-06-21,LG3,Alumni,12,45,27386,22856433,261045050,283901483
2021-06-21,LG3,Non-HKUST,53,483,216695,254854967,11218208361,11473063328
2021-06-21,LG3,Others(HKUST),12,37,1800,708249,3436938,4145187
2021-06-21,LG3,RPG,302,826,554280,768005376,16170984151,16938989527
2021-06-21,LG3,Staff,373,1273,273208,158858817,5765175533,5924034350
2021-06-21,LG3,TPG,40,195,237038,170948583,11733144397,11904092980
2021-06-21,LG3,Total,1081,4337,2608847,2598294853,109839056666,112437351519
2021-06-21,LG3,UG,289,1478,1298440,1222062428,64687062236,65909124664
2021-06-21,LG4,Alumni,12,91,184678,165495617,8973390391,9138886008
2021-06-21,LG4,Non-HKUST,46,183,82654,89237593,7599990993,7689228586
2021-06-21,LG4,Others(HKUST),17,87,116036,8832277,329244430,338076707
2021-06-21,LG4,RPG,316,636,467355,336447917,9211765152,9548213069
2021-06-21,LG4,Staff,343,935,329764,115696152,17430187553,17545883705
2021-06-21,LG4,TPG,51,261,294335,273822837,15759778522,16033601359
2021-06-21,LG4,Total,1028,3003,2346476,1810026716,98397255508,100207282224
2021-06-21,LG4,UG,243,810,871654,820494323,39092898467,39913392790
2021-06-22,1,Alumni,2,6,24443,40613517,1060315915,1100929432
2021-06-22,1,Non-HKUST,11,69,102743,141248237,2445309015,2586557252
2021-06-22,1,Others(HKUST),3,12,47619,340666,2063434,2404100
2021-06-22,1,RPG,22,111,261647,146251266,8397137381,8543388647
2021-06-22,1,Staff,80,1531,1069018,655785563,18406479525,19062265088
2021-06-22,1,TPG,13,94,82882,89582452,2598368071,2687950523
2021-06-22,1,Total,175,2135,1882507,1213070158,40724330555,41937400713
2021-06-22,1,UG,44,312,294155,139248457,7814657214,7953905671
2021-06-22,All-Floors,Alumni,23,304,314998,357632561,24650843759,25008476320
2021-06-22,All-Floors,Non-HKUST,95,1073,672493,838029344,27990035864,28828065208
2021-06-22,All-Floors,Others(HKUST),26,209,430785,60543348,2489557141,2550100489
2021-06-22,All-Floors,RPG,506,3745,2537674,9002491116,126233343548,135235834664
2021-06-22,All-Floors,Staff,639,5930,2422257,1421717029,35914684751,37336401780
2021-06-22,All-Floors,TPG,85,2228,1957163,4643607754,96692685293,101336293047
2021-06-22,All-Floors,Total,1874,21577,14546835,24680892253,635753691302,660434583555
2021-06-22,All-Floors,UG,500,8088,6211465,8356871101,321782540946,330139412047
2021-06-22,G,Alumni,11,133,66798,126049146,1801285458,1927334604
2021-06-22,G,Non-HKUST,35,265,119303,218724487,4316214723,4534939210
2021-06-22,G,Others(HKUST),5,35,77879,24858353,679675732,704534085
2021-06-22,G,RPG,118,1342,638410,1273558121,19032918679,20306476800
2021-06-22,G,Staff,167,1984,700432,200087023,3951350010,4151437033
2021-06-22,G,TPG,64,1096,701533,579551353,21227909274,21807460627
2021-06-22,G,Total,648,7798,2968419,3310481357,94005895894,97316377251
2021-06-22,G,UG,248,2943,664064,887652874,42996542018,43884194892
2021-06-22,LG1,Alumni,6,63,46548,46007633,1642803594,1688811227
2021-06-22,LG1,Non-HKUST,27,270,228445,257435585,5120238985,5377674570
2021-06-22,LG1,Others(HKUST),5,37,198855,13056399,173128985,186185384
2021-06-22,LG1,RPG,83,981,1098010,7076307663,39674628773,46750936436
2021-06-22,LG1,Staff,88,547,257852,281819794,5589510730,5871330524
2021-06-22,LG1,TPG,37,601,726125,3452848873,46420201979,49873050852
2021-06-22,LG1,Total,418,4810,5604832,15586210492,231138082555,246724293047
2021-06-22,LG1,UG,172,2311,3048997,4458734545,132517569509,136976304054
2021-06-22,LG3,Alumni,12,47,45102,40375207,4283704415,4324079622
2021-06-22,LG3,Non-HKUST,45,277,129176,136312528,4877995119,5014307647
2021-06-22,LG3,Others(HKUST),18,45,10120,123788,548347,672135
2021-06-22,LG3,RPG,329,674,235209,228701518,7375866237,7604567755
2021-06-22,LG3,Staff,396,1073,209426,229973332,5173274082,5403247414
2021-06-22,LG3,TPG,40,208,215356,243352085,15421544949,15664897034
2021-06-22,LG3,Total,1162,3782,2123858,2640902945,118020820643,120661723588
2021-06-22,LG3,UG,322,1458,1279469,1762064487,80887887494,82649951981
2021-06-22,LG4,Alumni,13,55,132107,104587058,15862734377,15967321435
2021-06-22,LG4,Non-HKUST,46,192,92826,84308507,11230278022,11314586529
2021-06-22,LG4,Others(HKUST),15,80,96312,22164142,1634140643,1656304785
2021-06-22,LG4,RPG,311,637,304398,277672548,51752792478,52030465026
2021-06-22,LG4,Staff,369,795,185529,54051317,2794070404,2848121721
2021-06-22,LG4,TPG,41,229,231267,278272991,11024661020,11302934011
2021-06-22,LG4,Total,1080,3052,1967219,1930227301,151864561655,153794788956
2021-06-22,LG4,UG,285,1064,924780,1109170738,57565884711,58675055449
2021-06-23,1,Alumni,3,25,46600,83142479,7724081453,7807223932
2021-06-23,1,Non-HKUST,10,119,66517,17585120,1842425187,1860010307
2021-06-23,1,Others(HKUST),2,44,60994,2889071,26150850,29039921
2021-06-23,1,RPG,18,150,229437,194464669,6110283437,6304748106
2021-06-23,1,Staff,66,1297,1047300,527620396,14549965470,15077585866
2021-06-23,1,TPG,10,71,212774,151087807,16761334730,16912422537
2021-06-23,1,Total,152,2363,2428738,1766274556,79097127677,80863402233
2021-06-23,1,UG,43,657,765116,789485014,32082886550,32872371564
2021-06-23,All-Floors,Alumni,22,444,509669,892488091,35421438937,36313927028
2021-06-23,All-Floors,Non-HKUST,119,1103,830165,1317752690,53128024138,54445776828
2021-06-23,All-Floors,Others(HKUST),31,552,430325,190001682,4536002101,4726003783
2021-06-23,All-Floors,RPG,492,3735,2389270,4450162853,120607393183,125057556036
2021-06-23,All-Floors,Staff,573,5676,2411271,3423467361,46840378002,50263845363
2021-06-23,All-Floors,TPG,73,1780,1743600,9431341159,64872924227,74304265386
2021-06-23,All-Floors,Total,1803,22156,15413262,30345418745,755646670190,785992088935
2021-06-23,All-Floors,UG,493,8866,7098962,10640204909,430240509602,440880714511
2021-06-23,G,Alumni,13,177,71751,84268525,1557372926,1641641451
2021-06-23,G,Non-HKUST,46,259,96846,261153031,3824509033,4085662064
2021-06-23,G,Others(HKUST),5,191,68935,50464209,1096450149,1146914358
2021-06-23,G,RPG,124,1206,461036,736835106,19914732613,20651567719
2021-06-23,G,Staff,160,1669,665866,183172075,9757047594,9940219669
2021-06-23,G,TPG,57,752,420535,6652276725,14252844992,20905121717
2021-06-23,G,Total,672,7317,2454589,8755876683,88672825604,97428702287
2021-06-23,G,UG,267,3063,669620,787707012,38269868297,39057575309
2021-06-23,LG1,Alumni,7,150,130348,453293931,4743351135,5196645066
2021-06-23,LG1,Non-HKUST,43,387,287828,597811215,11488369878,12086181093
2021-06-23,LG1,Others(HKUST),7,158,225969,41684967,838573373,880258340
2021-06-23,LG1,RPG,81,1006,1060902,2404955729,47617951254,50022906983
2021-06-23,LG1,Staff,86,536,259770,208940436,7397238826,7606179262
2021-06-23,LG1,TPG,38,464,564396,1991909729,15910961862,17902871591
2021-06-23,LG1,Total,467,5412,5931901,12207676453,340599452324,352807128777
2021-06-23,LG1,UG,205,2711,3402688,6509080446,252603005996,259112086442
2021-06-23,LG3,Alumni,10,27,48573,63471170,1119437040,1182908210
2021-06-23,LG3,Non-HKUST,62,238,272577,203681614,12948711908,13152393522
2021-06-23,LG3,Others(HKUST),15,89,19062,77969267,2346471476,2424440743
2021-06-23,LG3,RPG,311,774,268727,855705191,14412198972,15267904163
2021-06-23,LG3,Staff,373,1342,275229,2434938909,12229326330,14664265239
2021-06-23,LG3,TPG,40,192,152637,328116273,4087557236,4415673509
2021-06-23,LG3,Total,1126,4200,2156502,5374350023,112672929924,118047279947
2021-06-23,LG3,UG,315,1538,1119697,1410467599,65529226962,66939694561
2021-06-23,LG4,Alumni,10,65,212397,208311986,20277196383,20485508369
2021-06-23,LG4,Non-HKUST,50,100,106397,237521710,23024008132,23261529842
2021-06-23,LG4,Others(HKUST),20,70,55365,16994168,228356253,245350421
2021-06-23,LG4,RPG,317,599,369168,258202158,32552226907,32810429065
2021-06-23,LG4,Staff,330,832,163106,68795545,2906799782,2975595327
2021-06-23,LG4,TPG,33,301,393258,307950625,13860225407,14168176032
2021-06-23,LG4,Total,1037,2864,2441532,2241241030,134604334661,136845575691
2021-06-23,LG4,UG,277,897,1141841,1143464838,41755521797,42898986635
2021-06-24,1,Alumni,2,9,74484,84074942,8696871426,8780946368
2021-06-24,1,Non-HKUST,3,4,3564,1679820,14613475,16293295
2021-06-24,1,Others(HKUST),1,6,22541,1316118,74074981,75391099
2021-06-24,1,RPG,25,215,337159,219179734,10219724882,10438904616
2021-06-24,1,Staff,59,1380,950246,246153144,8781029507,9027182651
2021-06-24,1,TPG,12,92,172422,121974362,5363172703,5485147065
2021-06-24,1,Total,135,2060,2066314,929355607,59845881108,60775236715
2021-06-24,1,UG,33,354,505898,254977487,26696394134,26951371621
2021-06-24,All-Floors,Alumni,24,375,519669,600160044,29192741642,29792901686
2021-06-24,All-Floors,Non-HKUST,84,687,568927,573439663,25076521555,25649961218
2021-06-24,All-Floors,Others(HKUST),19,331,407481,35994968,848915772,884910740
2021-06-24,All-Floors,RPG,531,4696,3578119,4764163505,227579284941,232343448446
2021-06-24,All-Floors,Staff,586,5694,2414005,1729677164,46503825644,48233502808
2021-06-24,All-Floors,TPG,72,2004,1775052,4274851292,67312797446,71587648738
2021-06-24,All-Floors,Total,1856,21879,14726699,18548115061,719087202982,737635318043
2021-06-24,All-Floors,UG,540,8092,5463446,6569828425,322573115982,329142944407
2021-06-24,G,Alumni,15,124,74866,133562562,1715810005,1849372567
2021-06-24,G,Non-HKUST,31,206,108530,83964310,2691714770,2775679080
2021-06-24,G,Others(HKUST),4,55,115924,6411724,258079523,264491247
2021-06-24,G,RPG,152,1796,859582,906521280,66149027235,67055548515
2021-06-24,G,Staff,157,1688,624228,295922393,11648347681,11944270074
2021-06-24,G,TPG,57,883,297943,466603015,7172847366,7639450381
2021-06-24,G,Total,657,7577,2768826,2718526956,121438780223,124157307179
2021-06-24,G,UG,241,2825,687753,825541672,31802953643,32628495315
2021-06-24,LG1,Alumni,5,52,48874,60556604,1299579194,1360135798
2021-06-24,LG1,Non-HKUST,23,215,203129,196422120,2880746266,3077168386
2021-06-24,LG1,Others(HKUST),4,20,154585,11711525,47335743,59047268
2021-06-24,LG1,RPG,94,1201,1413626,1986945308,58961911826,60948857134
2021-06-24,LG1,Staff,78,555,269436,338303144,9289337675,9627640819
2021-06-24,LG1,TPG,38,665,865648,3274026398,39238778800,42512805198
2021-06-24,LG1,Total,446,5136,5437773,9365498551,231037654597,240403153148
2021-06-24,LG1,UG,204,2428,2482475,3497533452,119319965093,122817498545
2021-06-24,LG3,Alumni,13,40,67380,58883885,1577433331,1636317216
2021-06-24,LG3,Non-HKUST,47,154,133812,152990119,10599804708,10752794827
2021-06-24,LG3,Others(HKUST),13,130,16754,3859928,126335713,130195641
2021-06-24,LG3,RPG,313,760,454924,1285647331,55292129993,56577777324
2021-06-24,LG3,Staff,356,1227,290476,283630686,12341626646,12625257332
2021-06-24,LG3,TPG,37,232,186425,141916641,7896499664,8038416305
2021-06-24,LG3,Total,1118,4049,2191718,3064913026,200747247131,203812160157
2021-06-24,LG3,UG,339,1506,1041947,1137984436,112913417076,114051401512
2021-06-24,LG4,Alumni,13,150,254065,263082051,15903047686,16166129737
2021-06-24,LG4,Non-HKUST,38,108,119892,138383294,8889642336,9028025630
2021-06-24,LG4,Others(HKUST),14,120,97677,12695673,343089812,355785485
2021-06-24,LG4,RPG,334,724,512828,365869852,36956491005,37322360857
2021-06-24,LG4,Staff,342,844,279619,565667797,4443484135,5009151932
2021-06-24,LG4,TPG,29,132,252614,270330876,7641498913,7911829789
2021-06-24,LG4,Total,1105,3057,2262068,2469820921,106017639923,108487460844
2021-06-24,LG4,UG,335,979,745373,853791378,31840386036,32694177414
2021-06-25,1,Alumni,5,8,9926,1626,4520,6146
2021-06-25,1,Non-HKUST,1,3,8034,5073535,653738266,658811801
2021-06-25,1,Others(HKUST),3,11,47617,487556,831826,1319382
2021-06-25,1,RPG,23,132,121284,78073480,3482209865,3560283345
2021-06-25,1,Staff,59,987,1050147,251934216,8308288462,8560222678
2021-06-25,1,TPG,14,88,112135,2134577121,6966763027,9101340148
2021-06-25,1,Total,157,1557,1887904,2809184794,32902836077,35712020871
2021-06-25,1,UG,52,328,538761,339037260,13491000111,13830037371
2021-06-25,All-Floors,Alumni,29,526,435251,332989113,25266325880,25599314993
2021-06-25,All-Floors,Non-HKUST,112,782,692083,1866900895,30003607784,31870508679
2021-06-25,All-Floors,Others(HKUST),24,236,206492,47109434,1145970313,1193079747
2021-06-25,All-Floors,RPG,506,3535,2067058,3024273642,45987706308,49011979950
2021-06-25,All-Floors,Staff,633,4956,2265073,1238145322,21685598601,22923743923
2021-06-25,All-Floors,TPG,82,2060,1889950,5574630901,86333340419,91907971320
2021-06-25,All-Floors,Total,1906,19802,12988616,18801174938,417714707042,436515881980
2021-06-25,All-Floors,UG,520,7707,5432709,6717125631,207292157737,214009283368
2021-06-25,G,Alumni,17,175,119179,104131636,1844650796,1948782432
2021-06-25,G,Non-HKUST,43,208,154546,155111384,6906277765,7061389149
2021-06-25,G,Others(HKUST),6,26,95511,2383054,76739588,79122642
2021-06-25,G,RPG,108,1213,551482,584734527,16203364342,16788098869
2021-06-25,G,Staff,163,1513,559440,213436854,4780946782,4994383636
2021-06-25,G,TPG,68,867,556088,571121420,18904288193,19475409613
2021-06-25,G,Total,645,6553,2530847,2296809154,77203657032,79500466186
2021-06-25,G,UG,240,2551,494601,665890279,28487389566,29153279845
2021-06-25,LG1,Alumni,10,115,111474,81666715,5654230588,5735897303
2021-06-25,LG1,Non-HKUST,30,239,309706,1544491877,10335881841,11880373718
2021-06-25,LG1,Others(HKUST),7,33,6015,1311845,251091824,252403669
2021-06-25,LG1,RPG,112,722,583102,1657805699,12370555993,14028361692
2021-06-25,LG1,Staff,89,506,243779,136677185,2359237443,2495914628
2021-06-25,LG1,TPG,43,641,703082,2356876985,37481733343,39838610328
2021-06-25,LG1,Total,534,4796,4751747,9844938859,179214223883,189059162742
2021-06-25,LG1,UG,243,2540,2794589,4066108553,110761492851,114827601404
2021-06-25,LG3,Alumni,16,51,24480,13563028,3599623636,3613186664
2021-06-25,LG3,Non-HKUST,63,228,131777,96731741,7532038316,7628770057
2021-06-25,LG3,Others(HKUST),16,99,13263,40934241,790852741,831786982
2021-06-25,LG3,RPG,377,866,418051,460302292,7907631693,8367933985
2021-06-25,LG3,Staff,443,1266,205967,528323330,4365572118,4893895448
2021-06-25,LG3,TPG,42,301,301618,260185104,18234025006,18494210110
2021-06-25,LG3,Total,1263,4131,1961828,2146539084,72109627467,74256166551
2021-06-25,LG3,UG,306,1320,866672,746499348,29679883957,30426383305
2021-06-25,LG4,Alumni,17,177,170192,133626108,14167816340,14301442448
2021-06-25,LG4,Non-HKUST,47,104,88020,65492358,4575671596,4641163954
2021-06-25,LG4,Others(HKUST),16,67,44086,1992738,26454334,28447072
2021-06-25,LG4,RPG,286,602,393139,243357644,6023944415,6267302059
2021-06-25,LG4,Staff,328,684,205740,107773737,1871553796,1979327533
2021-06-25,LG4,TPG,37,163,217027,251870271,4746530850,4998401121
2021-06-25,LG4,Total,1012,2765,1856290,1703703047,56284362583,57988065630
2021-06-25,LG4,UG,281,968,738086,899590191,24872391252,25771981443
2021-06-26,1,Alumni,1,7,130,5893730,451539951,457433681
2021-06-26,1,Non-HKUST,8,18,23997,32187930,4278915844,4311103774
2021-06-26,1,Others(HKUST),1,5,91013,11419,42040,53459
2021-06-26,1,RPG,11,34,58373,23645468,1071534298,1095179766
2021-06-26,1,Staff,10,73,69593,27766033,1311509496,1339275529
2021-06-26,1,TPG,7,28,46015,27540572,2663703456,2691244028
2021-06-26,1,Total,59,293,520371,251049122,18849662519,19100711641
2021-06-26,1,UG,21,128,231250,134003970,9072417434,9206421404
2021-06-26,All-Floors,Alumni,28,323,223051,175054147,19362737207,19537791354
2021-06-26,All-Floors,Non-HKUST,72,381,268562,348190663,30465573065,30813763728
2021-06-26,All-Floors,Others(HKUST),15,122,314917,8338158,114551321,122889479
2021-06-26,All-Floors,RPG,308,1485,887614,967239796,22943615381,23910855177
2021-06-26,All-Floors,Staff,171,984,385476,359731925,10056145885,10415877810
2021-06-26,All-Floors,TPG,46,672,630430,620980516,26098180686,26719161202
2021-06-26,All-Floors,Total,1050,6980,4718469,5456886878,198592527084,204049413962
2021-06-26,All-Floors,UG,410,3013,2008419,2977351673,89551723539,92529075212
2021-06-26,G,Alumni,13,103,33119,25898173,1531339395,1557237568
2021-06-26,G,Non-HKUST,20,67,54703,118527243,12186137529,12304664772
2021-06-26,G,Others(HKUST),3,5,66501,3040007,77246547,80286554
2021-06-26,G,RPG,49,362,226541,251881456,11264260166,11516141622
2021-06-26,G,Staff,34,211,53806,45957307,2439868340,2485825647
2021-06-26,G,TPG,35,265,111019,75181645,2752812987,2827994632
2021-06-26,G,Total,264,1889,799477,1231884835,46577805513,47809690348
2021-06-26,G,UG,110,876,253788,711399004,16326140549,17037539553
2021-06-26,LG1,Alumni,13,65,79654,66801142,4705576313,4772377455
2021-06-26,LG1,Non-HKUST,14,117,72437,103752627,9283018031,9386770658
2021-06-26,LG1,Others(HKUST),3,13,95341,711105,1784744,2495849
2021-06-26,LG1,RPG,70,385,298983,549421001,5825899786,6375320787
2021-06-26,LG1,Staff,30,127,70381,43968893,2241908898,2285877791
2021-06-26,LG1,TPG,14,143,175419,293006293,5897006944,6190013237
2021-06-26,LG1,Total,315,1631,1633079,2772488748,62388887269,65161376017
2021-06-26,LG1,UG,171,781,840864,1714827687,34433692553,36148520240
2021-06-26,LG3,Alumni,15,50,34119,26706541,8458892942,8485599483
2021-06-26,LG3,Non-HKUST,42,79,53913,45355752,2635453884,2680809636
2021-06-26,LG3,Others(HKUST),9,57,17650,2240124,18345979,20586103
2021-06-26,LG3,RPG,206,432,177854,97743232,3822726976,3920470208
2021-06-26,LG3,Staff,128,388,103390,145106165,2536122052,2681228217
2021-06-26,LG3,TPG,25,96,116071,81948549,4351734968,4433683517
2021-06-26,LG3,Total,668,1873,765158,538655687,32068539233,32607194920
2021-06-26,LG3,UG,243,771,262161,139555324,10245262432,10384817756
2021-06-26,LG4,Alumni,14,98,76029,49754561,4215388606,4265143167
2021-06-26,LG4,Non-HKUST,35,100,63512,48367111,2082047777,2130414888
2021-06-26,LG4,Others(HKUST),7,42,44412,2335503,17132011,19467514
2021-06-26,LG4,RPG,168,272,125863,44548639,959194155,1003742794
2021-06-26,LG4,Staff,84,185,88306,96933527,1526737099,1623670626
2021-06-26,LG4,TPG,25,140,181906,143303457,10432922331,10576225788
2021-06-26,LG4,Total,547,1294,1000384,662808486,38707632550,39370441036
2021-06-26,LG4,UG,214,457,420356,277565688,19474210571,19751776259
2021-06-27,1,Alumni,0,0,0,0,0,0
2021-06-27,1,Non-HKUST,2,10,3844,802986,69104387,69907373
2021-06-27,1,Others(HKUST),1,2,90451,1077360,12103480,13180840
2021-06-27,1,RPG,8,54,80323,61616504,8983642574,9045259078
2021-06-27,1,Staff,11,51,54936,16543232,462713413,479256645
2021-06-27,1,TPG,5,41,43352,23678238,996096646,1019774884
2021-06-27,1,Total,45,274,428211,187498951,15270445458,15457944409
2021-06-27,1,UG,18,116,155305,83780631,4746784958,4830565589
2021-06-27,All-Floors,Alumni,26,312,149830,164455624,7236361133,7400816757
2021-06-27,All-Floors,Non-HKUST,50,328,318000,177822090,8103967685,8281789775
2021-06-27,All-Floors,Others(HKUST),8,108,202971,7583508,43518593,51102101
2021-06-27,All-Floors,RPG,327,2085,1189756,4657852724,49994722964,54652575688
2021-06-27,All-Floors,Staff,148,935,424116,186257122,8063543232,8249800354
2021-06-27,All-Floors,TPG,36,515,544239,331089846,12345632041,12676721887
2021-06-27,All-Floors,Total,1043,7634,5315119,7332796203,180253143421,187585939624
2021-06-27,All-Floors,UG,448,3351,2486207,1807735289,94465397773,96273133062
2021-06-27,G,Alumni,15,89,36224,41039167,1011431372,1052470539
2021-06-27,G,Non-HKUST,15,92,54954,35714528,1535159531,1570874059
2021-06-27,G,Others(HKUST),1,5,395,4486,2140891,2145377
2021-06-27,G,RPG,57,400,181685,233388567,8626251397,8859639964
2021-06-27,G,Staff,28,294,113868,69487541,4377110395,4446597936
2021-06-27,G,TPG,24,156,137594,101587417,5533621674,5635209091
2021-06-27,G,Total,262,1870,915336,729944084,35754851331,36484795415
2021-06-27,G,UG,122,834,390616,248722378,14669136071,14917858449
2021-06-27,LG1,Alumni,11,64,23670,53098263,2048550062,2101648325
2021-06-27,LG1,Non-HKUST,20,84,158267,93296697,2551426874,2644723571
2021-06-27,LG1,Others(HKUST),4,10,94719,5891190,24879279,30770469
2021-06-27,LG1,RPG,90,709,525000,1065471873,7574909539,8640381412
2021-06-27,LG1,Staff,31,106,115222,34551218,837118692,871669910
2021-06-27,LG1,TPG,13,191,207457,96903436,3053051631,3149955067
2021-06-27,LG1,Total,393,2161,2131874,2214248976,60368417245,62582666221
2021-06-27,LG1,UG,224,997,1007539,865036299,44278481168,45143517467
2021-06-27,LG3,Alumni,15,89,21795,15643903,539550176,555194079
2021-06-27,LG3,Non-HKUST,23,60,33564,17902895,1020324258,1038227153
2021-06-27,LG3,Others(HKUST),5,46,2521,78488,194004,272492
2021-06-27,LG3,RPG,242,586,219166,3199118070,22513263884,25712381954
2021-06-27,LG3,Staff,108,314,53573,33074712,1113095841,1146170553
2021-06-27,LG3,TPG,21,60,53086,38127002,1104459771,1142586773
2021-06-27,LG3,Total,681,1969,837966,3693166824,44612191065,48305357889
2021-06-27,LG3,UG,267,814,454261,389221754,18321303131,18710524885
2021-06-27,LG4,Alumni,13,70,68141,54674291,3636829523,3691503814
2021-06-27,LG4,Non-HKUST,17,82,67371,30104984,2927952635,2958057619
2021-06-27,LG4,Others(HKUST),5,45,14885,531984,4200939,4732923
2021-06-27,LG4,RPG,190,336,183582,98257710,2296655570,2394913280
2021-06-27,LG4,Staff,75,170,86517,32600419,1273504891,1306105310
2021-06-27,LG4,TPG,15,67,102750,70793753,1658402319,1729196072
2021-06-27,LG4,Total,533,1360,1001732,507937368,24247238322,24755175690
2021-06-27,LG4,UG,218,590,478486,220974227,12449692445,12670666672
2021-06-28,1,Alumni,3,20,75679,106259727,5070162209,5176421936
2021-06-28,1,Non-HKUST,3,24,6606,2882119,441574629,444456748
2021-06-28,1,Others(HKUST),3,13,93874,768270,3244838,4013108
2021-06-28,1,RPG,10,99,181103,152662432,4795612750,4948275182
2021-06-28,1,Staff,74,1324,1354825,423801905,11259098447,11682900352
2021-06-28,1,TPG,8,112,137072,90943376,20638848049,20729791425
2021-06-28,1,Total,135,2178,2443035,1098979978,68838462844,69937442822
2021-06-28,1,UG,34,586,593876,321662149,26629921922,26951584071
2021-06-28,All-Floors,Alumni,14,162,223527,289402162,13994427855,14283830017
2021-06-28,All-Floors,Non-HKUST,91,734,506230,761056233,20605945259,21367001492
2021-06-28,All-Floors,Others(HKUST),20,236,259625,7500044,237978448,245478492
2021-06-28,All-Floors,RPG,487,3283,2289329,3930153761,59640117746,63570271507
2021-06-28,All-Floors,Staff,597,5470,2838890,1193640953,29954820283,31148461236
2021-06-28,All-Floors,TPG,50,922,943208,1072021302,34009703750,35081725052
2021-06-28,All-Floors,Total,1730,17605,12126200,14106754600,345163468423,359270223023
2021-06-28,All-Floors,UG,471,6798,5065391,6852980145,186720475082,193573455227
2021-06-28,G,Alumni,5,21,2891,2147340,25738410,27885750
2021-06-28,G,Non-HKUST,29,186,87997,349334778,7686695307,8036030085
2021-06-28,G,Others(HKUST),5,31,26604,1664583,157736951,159401534
2021-06-28,G,RPG,110,750,418752,375926184,14240109440,14616035624
2021-06-28,G,Staff,152,1458,707427,379023026,6904948959,7283971985
2021-06-28,G,TPG,35,349,197384,552649649,2289175188,2841824837
2021-06-28,G,Total,537,4408,1999904,2567387948,47549521164,50116909112
2021-06-28,G,UG,201,1613,558849,906642388,16245116909,17151759297
2021-06-28,LG1,Alumni,4,40,18446,106080916,1974352311,2080433227
2021-06-28,LG1,Non-HKUST,27,301,251476,331055753,6349221857,6680277610
2021-06-28,LG1,Others(HKUST),9,50,97741,741869,6849410,7591279
2021-06-28,LG1,RPG,104,974,896828,1589103385,25826781850,27415885235
2021-06-28,LG1,Staff,84,438,280897,183322923,6351841353,6535164276
2021-06-28,LG1,TPG,17,193,229891,264924993,5301140621,5566065614
2021-06-28,LG1,Total,483,4143,3989840,7055573622,147014962381,154070536003
2021-06-28,LG1,UG,238,2147,2214561,4580343783,101204774979,105785118762
2021-06-28,LG3,Alumni,9,20,1010,566382,1695152,2261534
2021-06-28,LG3,Non-HKUST,49,123,68423,41497877,3266345210,3307843087
2021-06-28,LG3,Others(HKUST),11,78,23698,2738992,49843606,52582598
2021-06-28,LG3,RPG,351,853,473652,753165208,8474742827,9227908035
2021-06-28,LG3,Staff,426,1358,262467,92174022,2541909018,2634083040
2021-06-28,LG3,TPG,31,165,185881,65724183,3508099636,3573823819
2021-06-28,LG3,Total,1189,4060,1959912,1504650937,43070782715,44575433652
2021-06-28,LG3,UG,312,1463,944781,548784273,25228147266,25776931539
2021-06-28,LG4,Alumni,6,61,125501,74347797,6922479773,6996827570
2021-06-28,LG4,Non-HKUST,40,100,91728,36285706,2862108256,2898393962
2021-06-28,LG4,Others(HKUST),12,64,17708,1586330,20303643,21889973
2021-06-28,LG4,RPG,282,607,318994,1059296552,6302870879,7362167431
2021-06-28,LG4,Staff,320,892,233274,115319077,2897022506,3012341583
2021-06-28,LG4,TPG,23,103,192980,97779101,2272440256,2370219357
2021-06-28,LG4,Total,926,2816,1733509,1880162115,38689739319,40569901434
2021-06-28,LG4,UG,243,989,753324,495547552,17412514006,17908061558
2021-06-29,1,Alumni,3,8,29160,61832378,4132999251,4194831629
2021-06-29,1,Non-HKUST,10,29,13325,7235219,295698264,302933483
2021-06-29,1,Others(HKUST),2,8,111092,1509046,85161101,86670147
2021-06-29,1,RPG,15,137,119734,140641038,2330098048,2470739086
2021-06-29,1,Staff,77,1252,1313149,288622037,9547993023,9836615060
2021-06-29,1,TPG,15,166,240458,305814259,8567599402,8873413661
2021-06-29,1,Total,173,2232,2633696,1363103130,54148134338,55511237468
2021-06-29,1,UG,51,632,806778,557449153,29188585249,29746034402
2021-06-29,All-Floors,Alumni,20,336,346406,1220911424,18049747280,19270658704
2021-06-29,All-Floors,Non-HKUST,121,964,644241,871236002,21539655433,22410891435
2021-06-29,All-Floors,Others(HKUST),24,309,448122,57720217,962274612,1019994829
2021-06-29,All-Floors,RPG,624,4851,3185174,6262131787,81609874873,87872006660
2021-06-29,All-Floors,Staff,815,5980,2775985,1289019306,35359108434,36648127740
2021-06-29,All-Floors,TPG,75,2039,1749004,3841056477,68833039857,72674096334
2021-06-29,All-Floors,Total,2286,22772,15377181,22960408145,607701950803,630662358948
2021-06-29,All-Floors,UG,607,8293,6228249,9418332932,381348250314,390766583246
2021-06-29,G,Alumni,11,138,53462,57877270,420391341,478268611
2021-06-29,G,Non-HKUST,45,287,191422,167308147,5698153967,5865462114
2021-06-29,G,Others(HKUST),4,33,85678,2384348,87693997,90078345
2021-06-29,G,RPG,136,1653,864567,914791271,27007214319,27922005590
2021-06-29,G,Staff,162,1636,538868,175535855,10653140934,10828676789
2021-06-29,G,TPG,60,839,522675,1878301020,15982390864,17860691884
2021-06-29,G,Total,665,6973,2819625,3804101090,106096591418,109900692508
2021-06-29,G,UG,247,2387,562953,607903179,46247605996,46855509175
2021-06-29,LG1,Alumni,6,60,62235,104844167,1650065203,1754909370
2021-06-29,LG1,Non-HKUST,29,249,175706,424489134,5544642869,5969132003
2021-06-29,LG1,Others(HKUST),7,122,174188,41635778,606591990,648227768
2021-06-29,LG1,RPG,111,1197,1164505,3782873706,29357454061,33140327767
2021-06-29,LG1,Staff,113,595,343838,291352517,7525979619,7817332136
2021-06-29,LG1,TPG,24,329,406152,1111743800,19558427055,20670170855
2021-06-29,LG1,Total,534,4599,4983571,11953164559,237497174341,249450338900
2021-06-29,LG1,UG,244,2047,2656947,6196225457,173254013544,179450239001
2021-06-29,LG3,Alumni,15,44,53513,669002130,1379805610,2048807740
2021-06-29,LG3,Non-HKUST,81,282,173189,186274998,8349007957,8535282955
2021-06-29,LG3,Others(HKUST),17,108,27154,8522831,169216498,177739329
2021-06-29,LG3,RPG,529,1313,655363,1173878693,14531724335,15705603028
2021-06-29,LG3,Staff,677,1833,416570,432764099,5279083317,5711847416
2021-06-29,LG3,TPG,49,307,218103,276586610,9736519882,10013106492
2021-06-29,LG3,Total,1821,5771,2781806,4014632054,122313170907,126327802961
2021-06-29,LG3,UG,453,1884,1237914,1267602693,82867813308,84135416001
2021-06-29,LG4,Alumni,9,86,148036,327355479,10466485875,10793841354
2021-06-29,LG4,Non-HKUST,38,117,90599,85928504,1652152376,1738080880
2021-06-29,LG4,Others(HKUST),15,38,50010,3668214,13611026,17279240
2021-06-29,LG4,RPG,236,551,381005,249947079,8383384110,8633331189
2021-06-29,LG4,Staff,296,664,163560,100744798,2352911541,2453656339
2021-06-29,LG4,TPG,34,398,361616,268610788,14988102654,15256713442
2021-06-29,LG4,Total,867,3197,2158483,1825407312,87646879799,89472287111
2021-06-29,LG4,UG,239,1343,963657,789152450,49790232217,50579384667
2021-06-30,1,Alumni,2,10,23163,29853507,1110869721,1140723228
2021-06-30,1,Non-HKUST,4,120,27815,11360114,347800529,359160643
2021-06-30,1,Others(HKUST),4,29,149485,286579785,3596401651,3882981436
2021-06-30,1,RPG,15,94,137897,74531967,3099860248,3174392215
2021-06-30,1,Staff,82,1565,1454449,675063525,15471026746,16146090271
2021-06-30,1,TPG,8,81,87269,51282231,3210323078,3261605309
2021-06-30,1,Total,161,2435,2562026,1716355578,66393124126,68109479704
2021-06-30,1,UG,46,536,681948,587684449,39556842153,40144526602
2021-06-30,All-Floors,Alumni,20,435,386754,422243891,25903507846,26325751737
2021-06-30,All-Floors,Non-HKUST,110,937,643940,603871571,27611205071,28215076642
2021-06-30,All-Floors,Others(HKUST),23,514,369725,354062538,5047638143,5401700681
2021-06-30,All-Floors,RPG,544,3785,2557663,7925703400,78911064678,86836768078
2021-06-30,All-Floors,Staff,663,5864,2876312,1697559228,84977120542,86674679770
2021-06-30,All-Floors,TPG,68,1487,1589642,1971119310,72187489189,74158608499
2021-06-30,All-Floors,Total,1996,21592,14349477,21692122321,658246834686,679938957007
2021-06-30,All-Floors,UG,568,8570,5925441,8717562383,363608809217,372326371600
2021-06-30,G,Alumni,14,140,93380,181744608,4540025666,4721770274
2021-06-30,G,Non-HKUST,35,216,122151,142022030,4760032734,4902054764
2021-06-30,G,Others(HKUST),6,67,9739,1636254,46165176,47801430
2021-06-30,G,RPG,117,1455,745049,5588216221,26051885651,31640101872
2021-06-30,G,Staff,156,1647,633389,210957652,8226568630,8437526282
2021-06-30,G,TPG,52,705,421804,358549463,13316779987,13675329450
2021-06-30,G,Total,637,6988,2702601,7251594488,119878296801,127129891289
2021-06-30,G,UG,257,2758,677089,768468260,62936838957,63705307217
2021-06-30,LG1,Alumni,10,87,95609,79542488,1464173777,1543716265
2021-06-30,LG1,Non-HKUST,26,189,143458,88036052,2983805948,3071842000
2021-06-30,LG1,Others(HKUST),8,23,99487,6102921,26100832,32203753
2021-06-30,LG1,RPG,114,922,881691,1053346293,24214439254,25267785547
2021-06-30,LG1,Staff,95,552,302732,399623337,4747576865,5147200202
2021-06-30,LG1,TPG,29,314,526701,881919593,13169290923,14051210516
2021-06-30,LG1,Total,546,4346,4548650,8110904687,222711901501,230822806188
2021-06-30,LG1,UG,264,2259,2498972,5602334003,176106513902,181708847905
2021-06-30,LG3,Alumni,10,103,25121,11221524,424621170,435842694
2021-06-30,LG3,Non-HKUST,70,252,173622,242417281,9732646142,9975063423
2021-06-30,LG3,Others(HKUST),19,255,59520,36251874,454385310,490637184
2021-06-30,LG3,RPG,429,930,455683,865061256,11876187784,12741249040
2021-06-30,LG3,Staff,517,1453,316139,348442887,55297678284,55646121171
2021-06-30,LG3,TPG,37,181,179588,105937480,4126142701,4232080181
2021-06-30,LG3,Total,1445,4908,2468464,2858412729,135919997100,138778409829
2021-06-30,LG3,UG,363,1734,1258791,1249080427,54008335709,55257416136
2021-06-30,LG4,Alumni,11,95,149481,119881764,18363817512,18483699276
2021-06-30,LG4,Non-HKUST,39,160,176894,120036094,9786919718,9906955812
2021-06-30,LG4,Others(HKUST),10,140,51494,23491704,924585174,948076878
2021-06-30,LG4,RPG,177,384,337343,344547663,13668691741,14013239404
2021-06-30,LG4,Staff,235,647,169603,63471827,1234270017,1297741844
2021-06-30,LG4,TPG,29,206,374280,573430543,38364952500,38938383043
2021-06-30,LG4,Total,737,2915,2067736,1754854839,113343515158,115098369997
2021-06-30,LG4,UG,236,1283,808641,509995244,31000278496,31510273740
