Date,Floor,User-Group,User-Count,WiFi-Conn,Duration-Sec,Traffic-In-Byte,Traffic-Out-Byte,Traffic-Both-Byte
2022-05-01,1,Alumni,0,0,0,0,0,0
2022-05-01,1,Non-HKUST,3,3,35,0,0,0
2022-05-01,1,Others(HKUST),2,2,30,6626,11319,17945
2022-05-01,1,RPG,58,65,1025,35333399,371112922,406446321
2022-05-01,1,Staff,17,21,38467,4382463,85958143,90340606
2022-05-01,1,TPG,15,19,1300,92431,225754,318185
2022-05-01,1,Total,161,187,45010,40329440,466723755,507053195
2022-05-01,1,UG,66,77,4153,514521,9415617,9930138
2022-05-01,All-Floors,Alumni,6,29,3803,73352678,280975598,354328276
2022-05-01,All-Floors,Non-HKUST,28,263,383917,1951622182,17790083737,19741705919
2022-05-01,All-Floors,Others(HKUST),14,49,278434,31307780,1275231257,1306539037
2022-05-01,All-Floors,RPG,285,1659,876163,1137716878,29699379062,30837095940
2022-05-01,All-Floors,Staff,96,301,96702,65955071,1898242475,1964197546
2022-05-01,All-Floors,TPG,88,1929,2342928,3214449913,61090789496,64305239409
2022-05-01,All-Floors,Total,1085,12439,11094379,19201918320,395275742351,414477660671
2022-05-01,All-Floors,UG,568,8209,7112432,12727513818,283241040726,295968554544
2022-05-01,G,Alumni,2,2,5,0,0,0
2022-05-01,G,Non-HKUST,3,3,85,6624,7640,14264
2022-05-01,G,Others(HKUST),4,5,82876,6529806,1189159802,1195689608
2022-05-01,G,RPG,17,17,386,41206,83598,124804
2022-05-01,G,Staff,14,18,1507,755856,3820061,4575917
2022-05-01,G,TPG,11,12,1061,429715,36907195,37336910
2022-05-01,G,Total,96,118,88978,8868039,1234968967,1243837006
2022-05-01,G,UG,45,61,3058,1104832,4990671,6095503
2022-05-01,LG1,Alumni,0,0,0,0,0,0
2022-05-01,LG1,Non-HKUST,17,233,383034,1951428274,17787944165,19739372439
2022-05-01,LG1,Others(HKUST),1,4,154302,20493909,60219411,80713320
2022-05-01,LG1,RPG,38,986,848173,1051877474,27889856597,28941734071
2022-05-01,LG1,Staff,9,47,45320,21602717,795860837,817463554
2022-05-01,LG1,TPG,58,1760,2335513,3104275869,58681529413,61785805282
2022-05-01,LG1,Total,325,9434,10700758,18343531233,378167107411,396510638644
2022-05-01,LG1,UG,202,6404,6934416,12193852990,272951696988,285145549978
2022-05-01,LG3,Alumni,2,5,65,7879,70444,78323
2022-05-01,LG3,Non-HKUST,9,12,265,39446,39434,78880
2022-05-01,LG3,Others(HKUST),8,23,1621,92782,383282,476064
2022-05-01,LG3,RPG,193,325,15599,25354222,544886670,570240892
2022-05-01,LG3,Staff,67,150,8884,25062960,555332658,580395618
2022-05-01,LG3,TPG,37,73,2983,6092815,503772719,509865534
2022-05-01,LG3,Total,727,1503,134439,417027254,8162385607,8579412861
2022-05-01,LG3,UG,411,915,105022,360377150,6557900400,6918277550
2022-05-01,LG4,Alumni,4,22,3733,73344799,280905154,354249953
2022-05-01,LG4,Non-HKUST,9,12,498,147838,2092498,2240336
2022-05-01,LG4,Others(HKUST),8,15,39605,4184657,25457443,29642100
2022-05-01,LG4,RPG,166,266,10980,25110577,893439275,918549852
2022-05-01,LG4,Staff,45,65,2524,14151075,457270776,471421851
2022-05-01,LG4,TPG,29,65,2071,103559083,1868354415,1971913498
2022-05-01,LG4,Total,622,1197,125194,392162354,7244556611,7636718965
2022-05-01,LG4,UG,361,752,65783,171664325,3717037050,3888701375
2022-05-02,1,Alumni,1,1,10,0,0,0
2022-05-02,1,Non-HKUST,5,5,45,1894,6862,8756
2022-05-02,1,Others(HKUST),1,1,15,0,0,0
2022-05-02,1,RPG,71,243,114795,84168776,4182868227,4267037003
2022-05-02,1,Staff,37,68,103532,6490859,54700024,61190883
2022-05-02,1,TPG,30,157,204953,171075427,4784535499,4955610926
2022-05-02,1,Total,278,896,915108,747211280,26722314447,27469525727
2022-05-02,1,UG,133,421,491758,485474324,17700203835,18185678159
2022-05-02,All-Floors,Alumni,23,251,183489,309020212,7737841101,8046861313
2022-05-02,All-Floors,Non-HKUST,32,461,531258,3515601523,58035523022,61551124545
2022-05-02,All-Floors,Others(HKUST),12,47,284592,6186884,1833118694,1839305578
2022-05-02,All-Floors,RPG,420,3252,1920424,2982109001,68018142563,71000251564
2022-05-02,All-Floors,Staff,159,922,515983,721993077,26194205161,26916198238
2022-05-02,All-Floors,TPG,138,4087,4238616,8174974819,180022543465,188197518284
2022-05-02,All-Floors,Total,1467,25225,20058480,35850208897,827068486977,862918695874
2022-05-02,All-Floors,UG,683,16205,12384118,20140323381,485227112971,505367436352
2022-05-02,G,Alumni,10,88,50074,112454488,2033899476,2146353964
2022-05-02,G,Non-HKUST,12,50,6911,42916601,505993013,548909614
2022-05-02,G,Others(HKUST),5,9,99176,4768869,1827682794,1832451663
2022-05-02,G,RPG,90,440,144915,244413852,3411754767,3656168619
2022-05-02,G,Staff,39,185,112167,125432832,9112987367,9238420199
2022-05-02,G,TPG,89,584,260055,242868376,9918545112,10161413488
2022-05-02,G,Total,537,3296,1464954,1699678906,54038780109,55738459015
2022-05-02,G,UG,292,1940,791656,926823888,27227917580,28154741468
2022-05-02,LG1,Alumni,5,65,53794,137211969,3087008813,3224220782
2022-05-02,LG1,Non-HKUST,21,275,490687,3413532354,56009696794,59423229148
2022-05-02,LG1,Others(HKUST),1,6,143669,472660,1057868,1530528
2022-05-02,LG1,RPG,56,1311,1330549,1843758167,33840228989,35683987156
2022-05-02,LG1,Staff,8,175,218700,439615725,13972268178,14411883903
2022-05-02,LG1,TPG,88,2815,3354318,7339676814,149534273286,156873950100
2022-05-02,LG1,Total,473,15219,15372430,29614284947,606976004478,636590289425
2022-05-02,LG1,UG,294,10572,9780713,16440017258,350531470550,366971487808
2022-05-02,LG3,Alumni,13,34,35780,29595054,1810526416,1840121470
2022-05-02,LG3,Non-HKUST,13,32,17820,51012624,1198704868,1249717492
2022-05-02,LG3,Others(HKUST),5,15,285,2224,10797,13021
2022-05-02,LG3,RPG,326,670,207934,640931783,19351506848,19992438631
2022-05-02,LG3,Staff,107,288,60891,80320506,1483413477,1563733983
2022-05-02,LG3,TPG,62,362,341908,344059181,14315992666,14660051847
2022-05-02,LG3,Total,987,3064,1422169,2765867013,108096023822,110861890835
2022-05-02,LG3,UG,461,1663,757551,1619945641,69935868750,71555814391
2022-05-02,LG4,Alumni,13,63,43831,29758701,806406396,836165097
2022-05-02,LG4,Non-HKUST,9,99,15795,8138050,321121485,329259535
2022-05-02,LG4,Others(HKUST),7,16,41447,943131,4367235,5310366
2022-05-02,LG4,RPG,257,588,122231,168836423,7231783732,7400620155
2022-05-02,LG4,Staff,74,206,20693,70133155,1570836115,1640969270
2022-05-02,LG4,TPG,48,169,77382,77295021,1469196902,1546491923
2022-05-02,LG4,Total,794,2750,883819,1023166751,31235364121,32258530872
2022-05-02,LG4,UG,386,1609,562440,668062270,19831652256,20499714526
2022-05-03,1,Alumni,2,43,13643,16861567,485680028,502541595
2022-05-03,1,Non-HKUST,15,167,148723,478449677,5770023711,6248473388
2022-05-03,1,Others(HKUST),4,4,145,14355,21343,35698
2022-05-03,1,RPG,138,365,188602,287200658,9006222959,9293423617
2022-05-03,1,Staff,166,1816,1289403,335585290,9265628473,9601213763
2022-05-03,1,TPG,27,239,441780,467113173,8925598212,9392711385
2022-05-03,1,Total,591,3904,3809334,4144044712,121663129584,125807174296
2022-05-03,1,UG,239,1270,1727038,2558819992,88209954858,90768774850
2022-05-03,All-Floors,Alumni,19,455,236503,2036305306,17933219090,19969524396
2022-05-03,All-Floors,Non-HKUST,52,628,535701,1072832217,24169082655,25241914872
2022-05-03,All-Floors,Others(HKUST),31,196,312454,84799500,24702915114,24787714614
2022-05-03,All-Floors,RPG,551,4067,2315019,5791837768,85133401190,90925238958
2022-05-03,All-Floors,Staff,701,6750,2646577,1416335072,34500381972,35916717044
2022-05-03,All-Floors,TPG,150,5404,4263654,8830914928,152341556224,161172471152
2022-05-03,All-Floors,Total,2419,44585,29653316,64045277450,1182180507248,1246225784698
2022-05-03,All-Floors,UG,915,27085,19343408,44812252659,843399951003,888212203662
2022-05-03,G,Alumni,10,121,36101,61544541,969848842,1031393383
2022-05-03,G,Non-HKUST,23,116,48069,137726913,1465718366,1603445279
2022-05-03,G,Others(HKUST),12,32,130118,66537604,24522645402,24589183006
2022-05-03,G,RPG,139,995,510988,1080220747,22924395315,24004616062
2022-05-03,G,Staff,209,1566,678054,565142542,9385569584,9950712126
2022-05-03,G,TPG,111,1183,693965,1512356387,18835515024,20347871411
2022-05-03,G,Total,1005,9751,4482366,9163319657,181512404788,190675724445
2022-05-03,G,UG,501,5738,2385071,5739790923,103408712255,109148503178
2022-05-03,LG1,Alumni,5,75,37997,137486724,4910790689,5048277413
2022-05-03,LG1,Non-HKUST,17,190,242094,336698156,11306105155,11642803311
2022-05-03,LG1,Others(HKUST),5,24,136165,6446730,40822404,47269134
2022-05-03,LG1,RPG,67,1078,803314,2075545793,23982799412,26058345205
2022-05-03,LG1,Staff,71,699,229972,161760984,4510015949,4671776933
2022-05-03,LG1,TPG,83,1386,1434648,4514251748,64015198119,68529449867
2022-05-03,LG1,Total,658,16148,13997694,36378000384,542623976365,579001976749
2022-05-03,LG1,UG,410,12696,11113504,29145810249,433858244637,463004054886
2022-05-03,LG3,Alumni,14,42,38991,1491624554,4152772786,5644397340
2022-05-03,LG3,Non-HKUST,29,77,55882,52897468,4361398175,4414295643
2022-05-03,LG3,Others(HKUST),17,77,2892,9284238,85700981,94985219
2022-05-03,LG3,RPG,386,1010,578725,1820700400,20093555001,21914255401
2022-05-03,LG3,Staff,434,1522,229415,209962046,5159474623,5369436669
2022-05-03,LG3,TPG,84,1046,1167623,1675925835,45919958806,47595884641
2022-05-03,LG3,Total,1590,7385,4149262,9454950026,213143040005,222597990031
2022-05-03,LG3,UG,626,3611,2075734,4194555485,133370179633,137564735118
2022-05-03,LG4,Alumni,11,174,109771,328787920,7414126745,7742914665
2022-05-03,LG4,Non-HKUST,23,78,40933,67060003,1265837248,1332897251
2022-05-03,LG4,Others(HKUST),15,59,43134,2516573,53724984,56241557
2022-05-03,LG4,RPG,305,619,233390,528170170,9126428503,9654598673
2022-05-03,LG4,Staff,351,1147,219733,143884210,6179693343,6323577553
2022-05-03,LG4,TPG,72,1550,525638,661267785,14645286063,15306553848
2022-05-03,LG4,Total,1331,7397,3214660,4904962671,123237956506,128142919177
2022-05-03,LG4,UG,554,3770,2042061,3173276010,84552859620,87726135630
2022-05-04,1,Alumni,0,0,0,0,0,0
2022-05-04,1,Non-HKUST,0,0,0,0,0,0
2022-05-04,1,Others(HKUST),0,0,0,0,0,0
2022-05-04,1,RPG,0,0,0,0,0,0
2022-05-04,1,Staff,0,0,0,0,0,0
2022-05-04,1,TPG,0,0,0,0,0,0
2022-05-04,1,Total,0,0,0,0,0,0
2022-05-04,1,UG,0,0,0,0,0,0
2022-05-04,All-Floors,Alumni,0,0,0,0,0,0
2022-05-04,All-Floors,Non-HKUST,2,2,1681,3976971,54053276,58030247
2022-05-04,All-Floors,Others(HKUST),1,5,2981,199180,394981,594161
2022-05-04,All-Floors,RPG,0,0,0,0,0,0
2022-05-04,All-Floors,Staff,0,0,0,0,0,0
2022-05-04,All-Floors,TPG,3,23,4562,400051,3550219,3950270
2022-05-04,All-Floors,Total,65,300,80288,197494126,3133706576,3331200702
2022-05-04,All-Floors,UG,59,270,71064,192917924,3075708100,3268626024
2022-05-04,G,Alumni,0,0,0,0,0,0
2022-05-04,G,Non-HKUST,0,0,0,0,0,0
2022-05-04,G,Others(HKUST),0,0,0,0,0,0
2022-05-04,G,RPG,0,0,0,0,0,0
2022-05-04,G,Staff,0,0,0,0,0,0
2022-05-04,G,TPG,0,0,0,0,0,0
2022-05-04,G,Total,0,0,0,0,0,0
2022-05-04,G,UG,0,0,0,0,0,0
2022-05-04,LG1,Alumni,0,0,0,0,0,0
2022-05-04,LG1,Non-HKUST,2,2,1681,3976971,54053276,58030247
2022-05-04,LG1,Others(HKUST),1,5,2981,199180,394981,594161
2022-05-04,LG1,RPG,0,0,0,0,0,0
2022-05-04,LG1,Staff,0,0,0,0,0,0
2022-05-04,LG1,TPG,3,23,4562,400051,3550219,3950270
2022-05-04,LG1,Total,65,300,80288,197494126,3133706576,3331200702
2022-05-04,LG1,UG,59,270,71064,192917924,3075708100,3268626024
2022-05-04,LG3,Alumni,0,0,0,0,0,0
2022-05-04,LG3,Non-HKUST,0,0,0,0,0,0
2022-05-04,LG3,Others(HKUST),0,0,0,0,0,0
2022-05-04,LG3,RPG,0,0,0,0,0,0
2022-05-04,LG3,Staff,0,0,0,0,0,0
2022-05-04,LG3,TPG,0,0,0,0,0,0
2022-05-04,LG3,Total,0,0,0,0,0,0
2022-05-04,LG3,UG,0,0,0,0,0,0
2022-05-04,LG4,Alumni,0,0,0,0,0,0
2022-05-04,LG4,Non-HKUST,0,0,0,0,0,0
2022-05-04,LG4,Others(HKUST),0,0,0,0,0,0
2022-05-04,LG4,RPG,0,0,0,0,0,0
2022-05-04,LG4,Staff,0,0,0,0,0,0
2022-05-04,LG4,TPG,0,0,0,0,0,0
2022-05-04,LG4,Total,0,0,0,0,0,0
2022-05-04,LG4,UG,0,0,0,0,0,0
2022-05-05,1,Alumni,0,0,0,0,0,0
2022-05-05,1,Non-HKUST,0,0,0,0,0,0
2022-05-05,1,Others(HKUST),0,0,0,0,0,0
2022-05-05,1,RPG,0,0,0,0,0,0
2022-05-05,1,Staff,0,0,0,0,0,0
2022-05-05,1,TPG,0,0,0,0,0,0
2022-05-05,1,Total,0,0,0,0,0,0
2022-05-05,1,UG,0,0,0,0,0,0
2022-05-05,All-Floors,Alumni,0,0,0,0,0,0
2022-05-05,All-Floors,Non-HKUST,0,0,0,0,0,0
2022-05-05,All-Floors,Others(HKUST),0,0,0,0,0,0
2022-05-05,All-Floors,RPG,0,0,0,0,0,0
2022-05-05,All-Floors,Staff,0,0,0,0,0,0
2022-05-05,All-Floors,TPG,0,0,0,0,0,0
2022-05-05,All-Floors,Total,0,0,0,0,0,0
2022-05-05,All-Floors,UG,0,0,0,0,0,0
2022-05-05,G,Alumni,0,0,0,0,0,0
2022-05-05,G,Non-HKUST,0,0,0,0,0,0
2022-05-05,G,Others(HKUST),0,0,0,0,0,0
2022-05-05,G,RPG,0,0,0,0,0,0
2022-05-05,G,Staff,0,0,0,0,0,0
2022-05-05,G,TPG,0,0,0,0,0,0
2022-05-05,G,Total,0,0,0,0,0,0
2022-05-05,G,UG,0,0,0,0,0,0
2022-05-05,LG1,Alumni,0,0,0,0,0,0
2022-05-05,LG1,Non-HKUST,0,0,0,0,0,0
2022-05-05,LG1,Others(HKUST),0,0,0,0,0,0
2022-05-05,LG1,RPG,0,0,0,0,0,0
2022-05-05,LG1,Staff,0,0,0,0,0,0
2022-05-05,LG1,TPG,0,0,0,0,0,0
2022-05-05,LG1,Total,0,0,0,0,0,0
2022-05-05,LG1,UG,0,0,0,0,0,0
2022-05-05,LG3,Alumni,0,0,0,0,0,0
2022-05-05,LG3,Non-HKUST,0,0,0,0,0,0
2022-05-05,LG3,Others(HKUST),0,0,0,0,0,0
2022-05-05,LG3,RPG,0,0,0,0,0,0
2022-05-05,LG3,Staff,0,0,0,0,0,0
2022-05-05,LG3,TPG,0,0,0,0,0,0
2022-05-05,LG3,Total,0,0,0,0,0,0
2022-05-05,LG3,UG,0,0,0,0,0,0
2022-05-05,LG4,Alumni,0,0,0,0,0,0
2022-05-05,LG4,Non-HKUST,0,0,0,0,0,0
2022-05-05,LG4,Others(HKUST),0,0,0,0,0,0
2022-05-05,LG4,RPG,0,0,0,0,0,0
2022-05-05,LG4,Staff,0,0,0,0,0,0
2022-05-05,LG4,TPG,0,0,0,0,0,0
2022-05-05,LG4,Total,0,0,0,0,0,0
2022-05-05,LG4,UG,0,0,0,0,0,0
2022-05-06,1,Alumni,0,0,0,0,0,0
2022-05-06,1,Non-HKUST,0,0,0,0,0,0
2022-05-06,1,Others(HKUST),0,0,0,0,0,0
2022-05-06,1,RPG,0,0,0,0,0,0
2022-05-06,1,Staff,0,0,0,0,0,0
2022-05-06,1,TPG,0,0,0,0,0,0
2022-05-06,1,Total,0,0,0,0,0,0
2022-05-06,1,UG,0,0,0,0,0,0
2022-05-06,All-Floors,Alumni,0,0,0,0,0,0
2022-05-06,All-Floors,Non-HKUST,0,0,0,0,0,0
2022-05-06,All-Floors,Others(HKUST),0,0,0,0,0,0
2022-05-06,All-Floors,RPG,0,0,0,0,0,0
2022-05-06,All-Floors,Staff,0,0,0,0,0,0
2022-05-06,All-Floors,TPG,0,0,0,0,0,0
2022-05-06,All-Floors,Total,0,0,0,0,0,0
2022-05-06,All-Floors,UG,0,0,0,0,0,0
2022-05-06,G,Alumni,0,0,0,0,0,0
2022-05-06,G,Non-HKUST,0,0,0,0,0,0
2022-05-06,G,Others(HKUST),0,0,0,0,0,0
2022-05-06,G,RPG,0,0,0,0,0,0
2022-05-06,G,Staff,0,0,0,0,0,0
2022-05-06,G,TPG,0,0,0,0,0,0
2022-05-06,G,Total,0,0,0,0,0,0
2022-05-06,G,UG,0,0,0,0,0,0
2022-05-06,LG1,Alumni,0,0,0,0,0,0
2022-05-06,LG1,Non-HKUST,0,0,0,0,0,0
2022-05-06,LG1,Others(HKUST),0,0,0,0,0,0
2022-05-06,LG1,RPG,0,0,0,0,0,0
2022-05-06,LG1,Staff,0,0,0,0,0,0
2022-05-06,LG1,TPG,0,0,0,0,0,0
2022-05-06,LG1,Total,0,0,0,0,0,0
2022-05-06,LG1,UG,0,0,0,0,0,0
2022-05-06,LG3,Alumni,0,0,0,0,0,0
2022-05-06,LG3,Non-HKUST,0,0,0,0,0,0
2022-05-06,LG3,Others(HKUST),0,0,0,0,0,0
2022-05-06,LG3,RPG,0,0,0,0,0,0
2022-05-06,LG3,Staff,0,0,0,0,0,0
2022-05-06,LG3,TPG,0,0,0,0,0,0
2022-05-06,LG3,Total,0,0,0,0,0,0
2022-05-06,LG3,UG,0,0,0,0,0,0
2022-05-06,LG4,Alumni,0,0,0,0,0,0
2022-05-06,LG4,Non-HKUST,0,0,0,0,0,0
2022-05-06,LG4,Others(HKUST),0,0,0,0,0,0
2022-05-06,LG4,RPG,0,0,0,0,0,0
2022-05-06,LG4,Staff,0,0,0,0,0,0
2022-05-06,LG4,TPG,0,0,0,0,0,0
2022-05-06,LG4,Total,0,0,0,0,0,0
2022-05-06,LG4,UG,0,0,0,0,0,0
2022-05-07,1,Alumni,0,0,0,0,0,0
2022-05-07,1,Non-HKUST,0,0,0,0,0,0
2022-05-07,1,Others(HKUST),0,0,0,0,0,0
2022-05-07,1,RPG,0,0,0,0,0,0
2022-05-07,1,Staff,0,0,0,0,0,0
2022-05-07,1,TPG,0,0,0,0,0,0
2022-05-07,1,Total,0,0,0,0,0,0
2022-05-07,1,UG,0,0,0,0,0,0
2022-05-07,All-Floors,Alumni,0,0,0,0,0,0
2022-05-07,All-Floors,Non-HKUST,0,0,0,0,0,0
2022-05-07,All-Floors,Others(HKUST),0,0,0,0,0,0
2022-05-07,All-Floors,RPG,0,0,0,0,0,0
2022-05-07,All-Floors,Staff,0,0,0,0,0,0
2022-05-07,All-Floors,TPG,0,0,0,0,0,0
2022-05-07,All-Floors,Total,0,0,0,0,0,0
2022-05-07,All-Floors,UG,0,0,0,0,0,0
2022-05-07,G,Alumni,0,0,0,0,0,0
2022-05-07,G,Non-HKUST,0,0,0,0,0,0
2022-05-07,G,Others(HKUST),0,0,0,0,0,0
2022-05-07,G,RPG,0,0,0,0,0,0
2022-05-07,G,Staff,0,0,0,0,0,0
2022-05-07,G,TPG,0,0,0,0,0,0
2022-05-07,G,Total,0,0,0,0,0,0
2022-05-07,G,UG,0,0,0,0,0,0
2022-05-07,LG1,Alumni,0,0,0,0,0,0
2022-05-07,LG1,Non-HKUST,0,0,0,0,0,0
2022-05-07,LG1,Others(HKUST),0,0,0,0,0,0
2022-05-07,LG1,RPG,0,0,0,0,0,0
2022-05-07,LG1,Staff,0,0,0,0,0,0
2022-05-07,LG1,TPG,0,0,0,0,0,0
2022-05-07,LG1,Total,0,0,0,0,0,0
2022-05-07,LG1,UG,0,0,0,0,0,0
2022-05-07,LG3,Alumni,0,0,0,0,0,0
2022-05-07,LG3,Non-HKUST,0,0,0,0,0,0
2022-05-07,LG3,Others(HKUST),0,0,0,0,0,0
2022-05-07,LG3,RPG,0,0,0,0,0,0
2022-05-07,LG3,Staff,0,0,0,0,0,0
2022-05-07,LG3,TPG,0,0,0,0,0,0
2022-05-07,LG3,Total,0,0,0,0,0,0
2022-05-07,LG3,UG,0,0,0,0,0,0
2022-05-07,LG4,Alumni,0,0,0,0,0,0
2022-05-07,LG4,Non-HKUST,0,0,0,0,0,0
2022-05-07,LG4,Others(HKUST),0,0,0,0,0,0
2022-05-07,LG4,RPG,0,0,0,0,0,0
2022-05-07,LG4,Staff,0,0,0,0,0,0
2022-05-07,LG4,TPG,0,0,0,0,0,0
2022-05-07,LG4,Total,0,0,0,0,0,0
2022-05-07,LG4,UG,0,0,0,0,0,0
2022-05-08,1,Alumni,0,0,0,0,0,0
2022-05-08,1,Non-HKUST,0,0,0,0,0,0
2022-05-08,1,Others(HKUST),0,0,0,0,0,0
2022-05-08,1,RPG,0,0,0,0,0,0
2022-05-08,1,Staff,0,0,0,0,0,0
2022-05-08,1,TPG,0,0,0,0,0,0
2022-05-08,1,Total,0,0,0,0,0,0
2022-05-08,1,UG,0,0,0,0,0,0
2022-05-08,All-Floors,Alumni,0,0,0,0,0,0
2022-05-08,All-Floors,Non-HKUST,0,0,0,0,0,0
2022-05-08,All-Floors,Others(HKUST),0,0,0,0,0,0
2022-05-08,All-Floors,RPG,0,0,0,0,0,0
2022-05-08,All-Floors,Staff,0,0,0,0,0,0
2022-05-08,All-Floors,TPG,0,0,0,0,0,0
2022-05-08,All-Floors,Total,0,0,0,0,0,0
2022-05-08,All-Floors,UG,0,0,0,0,0,0
2022-05-08,G,Alumni,0,0,0,0,0,0
2022-05-08,G,Non-HKUST,0,0,0,0,0,0
2022-05-08,G,Others(HKUST),0,0,0,0,0,0
2022-05-08,G,RPG,0,0,0,0,0,0
2022-05-08,G,Staff,0,0,0,0,0,0
2022-05-08,G,TPG,0,0,0,0,0,0
2022-05-08,G,Total,0,0,0,0,0,0
2022-05-08,G,UG,0,0,0,0,0,0
2022-05-08,LG1,Alumni,0,0,0,0,0,0
2022-05-08,LG1,Non-HKUST,0,0,0,0,0,0
2022-05-08,LG1,Others(HKUST),0,0,0,0,0,0
2022-05-08,LG1,RPG,0,0,0,0,0,0
2022-05-08,LG1,Staff,0,0,0,0,0,0
2022-05-08,LG1,TPG,0,0,0,0,0,0
2022-05-08,LG1,Total,0,0,0,0,0,0
2022-05-08,LG1,UG,0,0,0,0,0,0
2022-05-08,LG3,Alumni,0,0,0,0,0,0
2022-05-08,LG3,Non-HKUST,0,0,0,0,0,0
2022-05-08,LG3,Others(HKUST),0,0,0,0,0,0
2022-05-08,LG3,RPG,0,0,0,0,0,0
2022-05-08,LG3,Staff,0,0,0,0,0,0
2022-05-08,LG3,TPG,0,0,0,0,0,0
2022-05-08,LG3,Total,0,0,0,0,0,0
2022-05-08,LG3,UG,0,0,0,0,0,0
2022-05-08,LG4,Alumni,0,0,0,0,0,0
2022-05-08,LG4,Non-HKUST,0,0,0,0,0,0
2022-05-08,LG4,Others(HKUST),0,0,0,0,0,0
2022-05-08,LG4,RPG,0,0,0,0,0,0
2022-05-08,LG4,Staff,0,0,0,0,0,0
2022-05-08,LG4,TPG,0,0,0,0,0,0
2022-05-08,LG4,Total,0,0,0,0,0,0
2022-05-08,LG4,UG,0,0,0,0,0,0
2022-05-09,1,Alumni,0,0,0,0,0,0
2022-05-09,1,Non-HKUST,0,0,0,0,0,0
2022-05-09,1,Others(HKUST),0,0,0,0,0,0
2022-05-09,1,RPG,0,0,0,0,0,0
2022-05-09,1,Staff,0,0,0,0,0,0
2022-05-09,1,TPG,0,0,0,0,0,0
2022-05-09,1,Total,0,0,0,0,0,0
2022-05-09,1,UG,0,0,0,0,0,0
2022-05-09,All-Floors,Alumni,0,0,0,0,0,0
2022-05-09,All-Floors,Non-HKUST,0,0,0,0,0,0
2022-05-09,All-Floors,Others(HKUST),0,0,0,0,0,0
2022-05-09,All-Floors,RPG,0,0,0,0,0,0
2022-05-09,All-Floors,Staff,0,0,0,0,0,0
2022-05-09,All-Floors,TPG,0,0,0,0,0,0
2022-05-09,All-Floors,Total,0,0,0,0,0,0
2022-05-09,All-Floors,UG,0,0,0,0,0,0
2022-05-09,G,Alumni,0,0,0,0,0,0
2022-05-09,G,Non-HKUST,0,0,0,0,0,0
2022-05-09,G,Others(HKUST),0,0,0,0,0,0
2022-05-09,G,RPG,0,0,0,0,0,0
2022-05-09,G,Staff,0,0,0,0,0,0
2022-05-09,G,TPG,0,0,0,0,0,0
2022-05-09,G,Total,0,0,0,0,0,0
2022-05-09,G,UG,0,0,0,0,0,0
2022-05-09,LG1,Alumni,0,0,0,0,0,0
2022-05-09,LG1,Non-HKUST,0,0,0,0,0,0
2022-05-09,LG1,Others(HKUST),0,0,0,0,0,0
2022-05-09,LG1,RPG,0,0,0,0,0,0
2022-05-09,LG1,Staff,0,0,0,0,0,0
2022-05-09,LG1,TPG,0,0,0,0,0,0
2022-05-09,LG1,Total,0,0,0,0,0,0
2022-05-09,LG1,UG,0,0,0,0,0,0
2022-05-09,LG3,Alumni,0,0,0,0,0,0
2022-05-09,LG3,Non-HKUST,0,0,0,0,0,0
2022-05-09,LG3,Others(HKUST),0,0,0,0,0,0
2022-05-09,LG3,RPG,0,0,0,0,0,0
2022-05-09,LG3,Staff,0,0,0,0,0,0
2022-05-09,LG3,TPG,0,0,0,0,0,0
2022-05-09,LG3,Total,0,0,0,0,0,0
2022-05-09,LG3,UG,0,0,0,0,0,0
2022-05-09,LG4,Alumni,0,0,0,0,0,0
2022-05-09,LG4,Non-HKUST,0,0,0,0,0,0
2022-05-09,LG4,Others(HKUST),0,0,0,0,0,0
2022-05-09,LG4,RPG,0,0,0,0,0,0
2022-05-09,LG4,Staff,0,0,0,0,0,0
2022-05-09,LG4,TPG,0,0,0,0,0,0
2022-05-09,LG4,Total,0,0,0,0,0,0
2022-05-09,LG4,UG,0,0,0,0,0,0
2022-05-10,1,Alumni,0,0,0,0,0,0
2022-05-10,1,Non-HKUST,0,0,0,0,0,0
2022-05-10,1,Others(HKUST),0,0,0,0,0,0
2022-05-10,1,RPG,0,0,0,0,0,0
2022-05-10,1,Staff,0,0,0,0,0,0
2022-05-10,1,TPG,0,0,0,0,0,0
2022-05-10,1,Total,0,0,0,0,0,0
2022-05-10,1,UG,0,0,0,0,0,0
2022-05-10,All-Floors,Alumni,0,0,0,0,0,0
2022-05-10,All-Floors,Non-HKUST,0,0,0,0,0,0
2022-05-10,All-Floors,Others(HKUST),0,0,0,0,0,0
2022-05-10,All-Floors,RPG,0,0,0,0,0,0
2022-05-10,All-Floors,Staff,0,0,0,0,0,0
2022-05-10,All-Floors,TPG,0,0,0,0,0,0
2022-05-10,All-Floors,Total,0,0,0,0,0,0
2022-05-10,All-Floors,UG,0,0,0,0,0,0
2022-05-10,G,Alumni,0,0,0,0,0,0
2022-05-10,G,Non-HKUST,0,0,0,0,0,0
2022-05-10,G,Others(HKUST),0,0,0,0,0,0
2022-05-10,G,RPG,0,0,0,0,0,0
2022-05-10,G,Staff,0,0,0,0,0,0
2022-05-10,G,TPG,0,0,0,0,0,0
2022-05-10,G,Total,0,0,0,0,0,0
2022-05-10,G,UG,0,0,0,0,0,0
2022-05-10,LG1,Alumni,0,0,0,0,0,0
2022-05-10,LG1,Non-HKUST,0,0,0,0,0,0
2022-05-10,LG1,Others(HKUST),0,0,0,0,0,0
2022-05-10,LG1,RPG,0,0,0,0,0,0
2022-05-10,LG1,Staff,0,0,0,0,0,0
2022-05-10,LG1,TPG,0,0,0,0,0,0
2022-05-10,LG1,Total,0,0,0,0,0,0
2022-05-10,LG1,UG,0,0,0,0,0,0
2022-05-10,LG3,Alumni,0,0,0,0,0,0
2022-05-10,LG3,Non-HKUST,0,0,0,0,0,0
2022-05-10,LG3,Others(HKUST),0,0,0,0,0,0
2022-05-10,LG3,RPG,0,0,0,0,0,0
2022-05-10,LG3,Staff,0,0,0,0,0,0
2022-05-10,LG3,TPG,0,0,0,0,0,0
2022-05-10,LG3,Total,0,0,0,0,0,0
2022-05-10,LG3,UG,0,0,0,0,0,0
2022-05-10,LG4,Alumni,0,0,0,0,0,0
2022-05-10,LG4,Non-HKUST,0,0,0,0,0,0
2022-05-10,LG4,Others(HKUST),0,0,0,0,0,0
2022-05-10,LG4,RPG,0,0,0,0,0,0
2022-05-10,LG4,Staff,0,0,0,0,0,0
2022-05-10,LG4,TPG,0,0,0,0,0,0
2022-05-10,LG4,Total,0,0,0,0,0,0
2022-05-10,LG4,UG,0,0,0,0,0,0
2022-05-11,1,Alumni,0,0,0,0,0,0
2022-05-11,1,Non-HKUST,0,0,0,0,0,0
2022-05-11,1,Others(HKUST),0,0,0,0,0,0
2022-05-11,1,RPG,0,0,0,0,0,0
2022-05-11,1,Staff,0,0,0,0,0,0
2022-05-11,1,TPG,0,0,0,0,0,0
2022-05-11,1,Total,0,0,0,0,0,0
2022-05-11,1,UG,0,0,0,0,0,0
2022-05-11,All-Floors,Alumni,0,0,0,0,0,0
2022-05-11,All-Floors,Non-HKUST,0,0,0,0,0,0
2022-05-11,All-Floors,Others(HKUST),0,0,0,0,0,0
2022-05-11,All-Floors,RPG,0,0,0,0,0,0
2022-05-11,All-Floors,Staff,0,0,0,0,0,0
2022-05-11,All-Floors,TPG,0,0,0,0,0,0
2022-05-11,All-Floors,Total,0,0,0,0,0,0
2022-05-11,All-Floors,UG,0,0,0,0,0,0
2022-05-11,G,Alumni,0,0,0,0,0,0
2022-05-11,G,Non-HKUST,0,0,0,0,0,0
2022-05-11,G,Others(HKUST),0,0,0,0,0,0
2022-05-11,G,RPG,0,0,0,0,0,0
2022-05-11,G,Staff,0,0,0,0,0,0
2022-05-11,G,TPG,0,0,0,0,0,0
2022-05-11,G,Total,0,0,0,0,0,0
2022-05-11,G,UG,0,0,0,0,0,0
2022-05-11,LG1,Alumni,0,0,0,0,0,0
2022-05-11,LG1,Non-HKUST,0,0,0,0,0,0
2022-05-11,LG1,Others(HKUST),0,0,0,0,0,0
2022-05-11,LG1,RPG,0,0,0,0,0,0
2022-05-11,LG1,Staff,0,0,0,0,0,0
2022-05-11,LG1,TPG,0,0,0,0,0,0
2022-05-11,LG1,Total,0,0,0,0,0,0
2022-05-11,LG1,UG,0,0,0,0,0,0
2022-05-11,LG3,Alumni,0,0,0,0,0,0
2022-05-11,LG3,Non-HKUST,0,0,0,0,0,0
2022-05-11,LG3,Others(HKUST),0,0,0,0,0,0
2022-05-11,LG3,RPG,0,0,0,0,0,0
2022-05-11,LG3,Staff,0,0,0,0,0,0
2022-05-11,LG3,TPG,0,0,0,0,0,0
2022-05-11,LG3,Total,0,0,0,0,0,0
2022-05-11,LG3,UG,0,0,0,0,0,0
2022-05-11,LG4,Alumni,0,0,0,0,0,0
2022-05-11,LG4,Non-HKUST,0,0,0,0,0,0
2022-05-11,LG4,Others(HKUST),0,0,0,0,0,0
2022-05-11,LG4,RPG,0,0,0,0,0,0
2022-05-11,LG4,Staff,0,0,0,0,0,0
2022-05-11,LG4,TPG,0,0,0,0,0,0
2022-05-11,LG4,Total,0,0,0,0,0,0
2022-05-11,LG4,UG,0,0,0,0,0,0
2022-05-12,1,Alumni,0,0,0,0,0,0
2022-05-12,1,Non-HKUST,0,0,0,0,0,0
2022-05-12,1,Others(HKUST),0,0,0,0,0,0
2022-05-12,1,RPG,0,0,0,0,0,0
2022-05-12,1,Staff,0,0,0,0,0,0
2022-05-12,1,TPG,0,0,0,0,0,0
2022-05-12,1,Total,0,0,0,0,0,0
2022-05-12,1,UG,0,0,0,0,0,0
2022-05-12,All-Floors,Alumni,0,0,0,0,0,0
2022-05-12,All-Floors,Non-HKUST,0,0,0,0,0,0
2022-05-12,All-Floors,Others(HKUST),0,0,0,0,0,0
2022-05-12,All-Floors,RPG,0,0,0,0,0,0
2022-05-12,All-Floors,Staff,0,0,0,0,0,0
2022-05-12,All-Floors,TPG,0,0,0,0,0,0
2022-05-12,All-Floors,Total,0,0,0,0,0,0
2022-05-12,All-Floors,UG,0,0,0,0,0,0
2022-05-12,G,Alumni,0,0,0,0,0,0
2022-05-12,G,Non-HKUST,0,0,0,0,0,0
2022-05-12,G,Others(HKUST),0,0,0,0,0,0
2022-05-12,G,RPG,0,0,0,0,0,0
2022-05-12,G,Staff,0,0,0,0,0,0
2022-05-12,G,TPG,0,0,0,0,0,0
2022-05-12,G,Total,0,0,0,0,0,0
2022-05-12,G,UG,0,0,0,0,0,0
2022-05-12,LG1,Alumni,0,0,0,0,0,0
2022-05-12,LG1,Non-HKUST,0,0,0,0,0,0
2022-05-12,LG1,Others(HKUST),0,0,0,0,0,0
2022-05-12,LG1,RPG,0,0,0,0,0,0
2022-05-12,LG1,Staff,0,0,0,0,0,0
2022-05-12,LG1,TPG,0,0,0,0,0,0
2022-05-12,LG1,Total,0,0,0,0,0,0
2022-05-12,LG1,UG,0,0,0,0,0,0
2022-05-12,LG3,Alumni,0,0,0,0,0,0
2022-05-12,LG3,Non-HKUST,0,0,0,0,0,0
2022-05-12,LG3,Others(HKUST),0,0,0,0,0,0
2022-05-12,LG3,RPG,0,0,0,0,0,0
2022-05-12,LG3,Staff,0,0,0,0,0,0
2022-05-12,LG3,TPG,0,0,0,0,0,0
2022-05-12,LG3,Total,0,0,0,0,0,0
2022-05-12,LG3,UG,0,0,0,0,0,0
2022-05-12,LG4,Alumni,0,0,0,0,0,0
2022-05-12,LG4,Non-HKUST,0,0,0,0,0,0
2022-05-12,LG4,Others(HKUST),0,0,0,0,0,0
2022-05-12,LG4,RPG,0,0,0,0,0,0
2022-05-12,LG4,Staff,0,0,0,0,0,0
2022-05-12,LG4,TPG,0,0,0,0,0,0
2022-05-12,LG4,Total,0,0,0,0,0,0
2022-05-12,LG4,UG,0,0,0,0,0,0
2022-05-13,1,Alumni,0,0,0,0,0,0
2022-05-13,1,Non-HKUST,0,0,0,0,0,0
2022-05-13,1,Others(HKUST),0,0,0,0,0,0
2022-05-13,1,RPG,0,0,0,0,0,0
2022-05-13,1,Staff,0,0,0,0,0,0
2022-05-13,1,TPG,0,0,0,0,0,0
2022-05-13,1,Total,0,0,0,0,0,0
2022-05-13,1,UG,0,0,0,0,0,0
2022-05-13,All-Floors,Alumni,0,0,0,0,0,0
2022-05-13,All-Floors,Non-HKUST,0,0,0,0,0,0
2022-05-13,All-Floors,Others(HKUST),0,0,0,0,0,0
2022-05-13,All-Floors,RPG,0,0,0,0,0,0
2022-05-13,All-Floors,Staff,0,0,0,0,0,0
2022-05-13,All-Floors,TPG,0,0,0,0,0,0
2022-05-13,All-Floors,Total,0,0,0,0,0,0
2022-05-13,All-Floors,UG,0,0,0,0,0,0
2022-05-13,G,Alumni,0,0,0,0,0,0
2022-05-13,G,Non-HKUST,0,0,0,0,0,0
2022-05-13,G,Others(HKUST),0,0,0,0,0,0
2022-05-13,G,RPG,0,0,0,0,0,0
2022-05-13,G,Staff,0,0,0,0,0,0
2022-05-13,G,TPG,0,0,0,0,0,0
2022-05-13,G,Total,0,0,0,0,0,0
2022-05-13,G,UG,0,0,0,0,0,0
2022-05-13,LG1,Alumni,0,0,0,0,0,0
2022-05-13,LG1,Non-HKUST,0,0,0,0,0,0
2022-05-13,LG1,Others(HKUST),0,0,0,0,0,0
2022-05-13,LG1,RPG,0,0,0,0,0,0
2022-05-13,LG1,Staff,0,0,0,0,0,0
2022-05-13,LG1,TPG,0,0,0,0,0,0
2022-05-13,LG1,Total,0,0,0,0,0,0
2022-05-13,LG1,UG,0,0,0,0,0,0
2022-05-13,LG3,Alumni,0,0,0,0,0,0
2022-05-13,LG3,Non-HKUST,0,0,0,0,0,0
2022-05-13,LG3,Others(HKUST),0,0,0,0,0,0
2022-05-13,LG3,RPG,0,0,0,0,0,0
2022-05-13,LG3,Staff,0,0,0,0,0,0
2022-05-13,LG3,TPG,0,0,0,0,0,0
2022-05-13,LG3,Total,0,0,0,0,0,0
2022-05-13,LG3,UG,0,0,0,0,0,0
2022-05-13,LG4,Alumni,0,0,0,0,0,0
2022-05-13,LG4,Non-HKUST,0,0,0,0,0,0
2022-05-13,LG4,Others(HKUST),0,0,0,0,0,0
2022-05-13,LG4,RPG,0,0,0,0,0,0
2022-05-13,LG4,Staff,0,0,0,0,0,0
2022-05-13,LG4,TPG,0,0,0,0,0,0
2022-05-13,LG4,Total,0,0,0,0,0,0
2022-05-13,LG4,UG,0,0,0,0,0,0
2022-05-14,1,Alumni,0,0,0,0,0,0
2022-05-14,1,Non-HKUST,0,0,0,0,0,0
2022-05-14,1,Others(HKUST),0,0,0,0,0,0
2022-05-14,1,RPG,0,0,0,0,0,0
2022-05-14,1,Staff,0,0,0,0,0,0
2022-05-14,1,TPG,0,0,0,0,0,0
2022-05-14,1,Total,0,0,0,0,0,0
2022-05-14,1,UG,0,0,0,0,0,0
2022-05-14,All-Floors,Alumni,0,0,0,0,0,0
2022-05-14,All-Floors,Non-HKUST,0,0,0,0,0,0
2022-05-14,All-Floors,Others(HKUST),0,0,0,0,0,0
2022-05-14,All-Floors,RPG,0,0,0,0,0,0
2022-05-14,All-Floors,Staff,0,0,0,0,0,0
2022-05-14,All-Floors,TPG,0,0,0,0,0,0
2022-05-14,All-Floors,Total,0,0,0,0,0,0
2022-05-14,All-Floors,UG,0,0,0,0,0,0
2022-05-14,G,Alumni,0,0,0,0,0,0
2022-05-14,G,Non-HKUST,0,0,0,0,0,0
2022-05-14,G,Others(HKUST),0,0,0,0,0,0
2022-05-14,G,RPG,0,0,0,0,0,0
2022-05-14,G,Staff,0,0,0,0,0,0
2022-05-14,G,TPG,0,0,0,0,0,0
2022-05-14,G,Total,0,0,0,0,0,0
2022-05-14,G,UG,0,0,0,0,0,0
2022-05-14,LG1,Alumni,0,0,0,0,0,0
2022-05-14,LG1,Non-HKUST,0,0,0,0,0,0
2022-05-14,LG1,Others(HKUST),0,0,0,0,0,0
2022-05-14,LG1,RPG,0,0,0,0,0,0
2022-05-14,LG1,Staff,0,0,0,0,0,0
2022-05-14,LG1,TPG,0,0,0,0,0,0
2022-05-14,LG1,Total,0,0,0,0,0,0
2022-05-14,LG1,UG,0,0,0,0,0,0
2022-05-14,LG3,Alumni,0,0,0,0,0,0
2022-05-14,LG3,Non-HKUST,0,0,0,0,0,0
2022-05-14,LG3,Others(HKUST),0,0,0,0,0,0
2022-05-14,LG3,RPG,0,0,0,0,0,0
2022-05-14,LG3,Staff,0,0,0,0,0,0
2022-05-14,LG3,TPG,0,0,0,0,0,0
2022-05-14,LG3,Total,0,0,0,0,0,0
2022-05-14,LG3,UG,0,0,0,0,0,0
2022-05-14,LG4,Alumni,0,0,0,0,0,0
2022-05-14,LG4,Non-HKUST,0,0,0,0,0,0
2022-05-14,LG4,Others(HKUST),0,0,0,0,0,0
2022-05-14,LG4,RPG,0,0,0,0,0,0
2022-05-14,LG4,Staff,0,0,0,0,0,0
2022-05-14,LG4,TPG,0,0,0,0,0,0
2022-05-14,LG4,Total,0,0,0,0,0,0
2022-05-14,LG4,UG,0,0,0,0,0,0
2022-05-15,1,Alumni,0,0,0,0,0,0
2022-05-15,1,Non-HKUST,0,0,0,0,0,0
2022-05-15,1,Others(HKUST),0,0,0,0,0,0
2022-05-15,1,RPG,0,0,0,0,0,0
2022-05-15,1,Staff,0,0,0,0,0,0
2022-05-15,1,TPG,0,0,0,0,0,0
2022-05-15,1,Total,0,0,0,0,0,0
2022-05-15,1,UG,0,0,0,0,0,0
2022-05-15,All-Floors,Alumni,0,0,0,0,0,0
2022-05-15,All-Floors,Non-HKUST,0,0,0,0,0,0
2022-05-15,All-Floors,Others(HKUST),0,0,0,0,0,0
2022-05-15,All-Floors,RPG,0,0,0,0,0,0
2022-05-15,All-Floors,Staff,0,0,0,0,0,0
2022-05-15,All-Floors,TPG,0,0,0,0,0,0
2022-05-15,All-Floors,Total,0,0,0,0,0,0
2022-05-15,All-Floors,UG,0,0,0,0,0,0
2022-05-15,G,Alumni,0,0,0,0,0,0
2022-05-15,G,Non-HKUST,0,0,0,0,0,0
2022-05-15,G,Others(HKUST),0,0,0,0,0,0
2022-05-15,G,RPG,0,0,0,0,0,0
2022-05-15,G,Staff,0,0,0,0,0,0
2022-05-15,G,TPG,0,0,0,0,0,0
2022-05-15,G,Total,0,0,0,0,0,0
2022-05-15,G,UG,0,0,0,0,0,0
2022-05-15,LG1,Alumni,0,0,0,0,0,0
2022-05-15,LG1,Non-HKUST,0,0,0,0,0,0
2022-05-15,LG1,Others(HKUST),0,0,0,0,0,0
2022-05-15,LG1,RPG,0,0,0,0,0,0
2022-05-15,LG1,Staff,0,0,0,0,0,0
2022-05-15,LG1,TPG,0,0,0,0,0,0
2022-05-15,LG1,Total,0,0,0,0,0,0
2022-05-15,LG1,UG,0,0,0,0,0,0
2022-05-15,LG3,Alumni,0,0,0,0,0,0
2022-05-15,LG3,Non-HKUST,0,0,0,0,0,0
2022-05-15,LG3,Others(HKUST),0,0,0,0,0,0
2022-05-15,LG3,RPG,0,0,0,0,0,0
2022-05-15,LG3,Staff,0,0,0,0,0,0
2022-05-15,LG3,TPG,0,0,0,0,0,0
2022-05-15,LG3,Total,0,0,0,0,0,0
2022-05-15,LG3,UG,0,0,0,0,0,0
2022-05-15,LG4,Alumni,0,0,0,0,0,0
2022-05-15,LG4,Non-HKUST,0,0,0,0,0,0
2022-05-15,LG4,Others(HKUST),0,0,0,0,0,0
2022-05-15,LG4,RPG,0,0,0,0,0,0
2022-05-15,LG4,Staff,0,0,0,0,0,0
2022-05-15,LG4,TPG,0,0,0,0,0,0
2022-05-15,LG4,Total,0,0,0,0,0,0
2022-05-15,LG4,UG,0,0,0,0,0,0
2022-05-16,1,Alumni,0,0,0,0,0,0
2022-05-16,1,Non-HKUST,0,0,0,0,0,0
2022-05-16,1,Others(HKUST),0,0,0,0,0,0
2022-05-16,1,RPG,0,0,0,0,0,0
2022-05-16,1,Staff,0,0,0,0,0,0
2022-05-16,1,TPG,0,0,0,0,0,0
2022-05-16,1,Total,0,0,0,0,0,0
2022-05-16,1,UG,0,0,0,0,0,0
2022-05-16,All-Floors,Alumni,0,0,0,0,0,0
2022-05-16,All-Floors,Non-HKUST,0,0,0,0,0,0
2022-05-16,All-Floors,Others(HKUST),0,0,0,0,0,0
2022-05-16,All-Floors,RPG,0,0,0,0,0,0
2022-05-16,All-Floors,Staff,0,0,0,0,0,0
2022-05-16,All-Floors,TPG,0,0,0,0,0,0
2022-05-16,All-Floors,Total,0,0,0,0,0,0
2022-05-16,All-Floors,UG,0,0,0,0,0,0
2022-05-16,G,Alumni,0,0,0,0,0,0
2022-05-16,G,Non-HKUST,0,0,0,0,0,0
2022-05-16,G,Others(HKUST),0,0,0,0,0,0
2022-05-16,G,RPG,0,0,0,0,0,0
2022-05-16,G,Staff,0,0,0,0,0,0
2022-05-16,G,TPG,0,0,0,0,0,0
2022-05-16,G,Total,0,0,0,0,0,0
2022-05-16,G,UG,0,0,0,0,0,0
2022-05-16,LG1,Alumni,0,0,0,0,0,0
2022-05-16,LG1,Non-HKUST,0,0,0,0,0,0
2022-05-16,LG1,Others(HKUST),0,0,0,0,0,0
2022-05-16,LG1,RPG,0,0,0,0,0,0
2022-05-16,LG1,Staff,0,0,0,0,0,0
2022-05-16,LG1,TPG,0,0,0,0,0,0
2022-05-16,LG1,Total,0,0,0,0,0,0
2022-05-16,LG1,UG,0,0,0,0,0,0
2022-05-16,LG3,Alumni,0,0,0,0,0,0
2022-05-16,LG3,Non-HKUST,0,0,0,0,0,0
2022-05-16,LG3,Others(HKUST),0,0,0,0,0,0
2022-05-16,LG3,RPG,0,0,0,0,0,0
2022-05-16,LG3,Staff,0,0,0,0,0,0
2022-05-16,LG3,TPG,0,0,0,0,0,0
2022-05-16,LG3,Total,0,0,0,0,0,0
2022-05-16,LG3,UG,0,0,0,0,0,0
2022-05-16,LG4,Alumni,0,0,0,0,0,0
2022-05-16,LG4,Non-HKUST,0,0,0,0,0,0
2022-05-16,LG4,Others(HKUST),0,0,0,0,0,0
2022-05-16,LG4,RPG,0,0,0,0,0,0
2022-05-16,LG4,Staff,0,0,0,0,0,0
2022-05-16,LG4,TPG,0,0,0,0,0,0
2022-05-16,LG4,Total,0,0,0,0,0,0
2022-05-16,LG4,UG,0,0,0,0,0,0
2022-05-17,1,Alumni,0,0,0,0,0,0
2022-05-17,1,Non-HKUST,0,0,0,0,0,0
2022-05-17,1,Others(HKUST),0,0,0,0,0,0
2022-05-17,1,RPG,0,0,0,0,0,0
2022-05-17,1,Staff,0,0,0,0,0,0
2022-05-17,1,TPG,0,0,0,0,0,0
2022-05-17,1,Total,0,0,0,0,0,0
2022-05-17,1,UG,0,0,0,0,0,0
2022-05-17,All-Floors,Alumni,0,0,0,0,0,0
2022-05-17,All-Floors,Non-HKUST,0,0,0,0,0,0
2022-05-17,All-Floors,Others(HKUST),0,0,0,0,0,0
2022-05-17,All-Floors,RPG,0,0,0,0,0,0
2022-05-17,All-Floors,Staff,0,0,0,0,0,0
2022-05-17,All-Floors,TPG,0,0,0,0,0,0
2022-05-17,All-Floors,Total,0,0,0,0,0,0
2022-05-17,All-Floors,UG,0,0,0,0,0,0
2022-05-17,G,Alumni,0,0,0,0,0,0
2022-05-17,G,Non-HKUST,0,0,0,0,0,0
2022-05-17,G,Others(HKUST),0,0,0,0,0,0
2022-05-17,G,RPG,0,0,0,0,0,0
2022-05-17,G,Staff,0,0,0,0,0,0
2022-05-17,G,TPG,0,0,0,0,0,0
2022-05-17,G,Total,0,0,0,0,0,0
2022-05-17,G,UG,0,0,0,0,0,0
2022-05-17,LG1,Alumni,0,0,0,0,0,0
2022-05-17,LG1,Non-HKUST,0,0,0,0,0,0
2022-05-17,LG1,Others(HKUST),0,0,0,0,0,0
2022-05-17,LG1,RPG,0,0,0,0,0,0
2022-05-17,LG1,Staff,0,0,0,0,0,0
2022-05-17,LG1,TPG,0,0,0,0,0,0
2022-05-17,LG1,Total,0,0,0,0,0,0
2022-05-17,LG1,UG,0,0,0,0,0,0
2022-05-17,LG3,Alumni,0,0,0,0,0,0
2022-05-17,LG3,Non-HKUST,0,0,0,0,0,0
2022-05-17,LG3,Others(HKUST),0,0,0,0,0,0
2022-05-17,LG3,RPG,0,0,0,0,0,0
2022-05-17,LG3,Staff,0,0,0,0,0,0
2022-05-17,LG3,TPG,0,0,0,0,0,0
2022-05-17,LG3,Total,0,0,0,0,0,0
2022-05-17,LG3,UG,0,0,0,0,0,0
2022-05-17,LG4,Alumni,0,0,0,0,0,0
2022-05-17,LG4,Non-HKUST,0,0,0,0,0,0
2022-05-17,LG4,Others(HKUST),0,0,0,0,0,0
2022-05-17,LG4,RPG,0,0,0,0,0,0
2022-05-17,LG4,Staff,0,0,0,0,0,0
2022-05-17,LG4,TPG,0,0,0,0,0,0
2022-05-17,LG4,Total,0,0,0,0,0,0
2022-05-17,LG4,UG,0,0,0,0,0,0
2022-05-18,1,Alumni,0,0,0,0,0,0
2022-05-18,1,Non-HKUST,0,0,0,0,0,0
2022-05-18,1,Others(HKUST),0,0,0,0,0,0
2022-05-18,1,RPG,0,0,0,0,0,0
2022-05-18,1,Staff,0,0,0,0,0,0
2022-05-18,1,TPG,0,0,0,0,0,0
2022-05-18,1,Total,0,0,0,0,0,0
2022-05-18,1,UG,0,0,0,0,0,0
2022-05-18,All-Floors,Alumni,0,0,0,0,0,0
2022-05-18,All-Floors,Non-HKUST,0,0,0,0,0,0
2022-05-18,All-Floors,Others(HKUST),0,0,0,0,0,0
2022-05-18,All-Floors,RPG,0,0,0,0,0,0
2022-05-18,All-Floors,Staff,0,0,0,0,0,0
2022-05-18,All-Floors,TPG,0,0,0,0,0,0
2022-05-18,All-Floors,Total,0,0,0,0,0,0
2022-05-18,All-Floors,UG,0,0,0,0,0,0
2022-05-18,G,Alumni,0,0,0,0,0,0
2022-05-18,G,Non-HKUST,0,0,0,0,0,0
2022-05-18,G,Others(HKUST),0,0,0,0,0,0
2022-05-18,G,RPG,0,0,0,0,0,0
2022-05-18,G,Staff,0,0,0,0,0,0
2022-05-18,G,TPG,0,0,0,0,0,0
2022-05-18,G,Total,0,0,0,0,0,0
2022-05-18,G,UG,0,0,0,0,0,0
2022-05-18,LG1,Alumni,0,0,0,0,0,0
2022-05-18,LG1,Non-HKUST,0,0,0,0,0,0
2022-05-18,LG1,Others(HKUST),0,0,0,0,0,0
2022-05-18,LG1,RPG,0,0,0,0,0,0
2022-05-18,LG1,Staff,0,0,0,0,0,0
2022-05-18,LG1,TPG,0,0,0,0,0,0
2022-05-18,LG1,Total,0,0,0,0,0,0
2022-05-18,LG1,UG,0,0,0,0,0,0
2022-05-18,LG3,Alumni,0,0,0,0,0,0
2022-05-18,LG3,Non-HKUST,0,0,0,0,0,0
2022-05-18,LG3,Others(HKUST),0,0,0,0,0,0
2022-05-18,LG3,RPG,0,0,0,0,0,0
2022-05-18,LG3,Staff,0,0,0,0,0,0
2022-05-18,LG3,TPG,0,0,0,0,0,0
2022-05-18,LG3,Total,0,0,0,0,0,0
2022-05-18,LG3,UG,0,0,0,0,0,0
2022-05-18,LG4,Alumni,0,0,0,0,0,0
2022-05-18,LG4,Non-HKUST,0,0,0,0,0,0
2022-05-18,LG4,Others(HKUST),0,0,0,0,0,0
2022-05-18,LG4,RPG,0,0,0,0,0,0
2022-05-18,LG4,Staff,0,0,0,0,0,0
2022-05-18,LG4,TPG,0,0,0,0,0,0
2022-05-18,LG4,Total,0,0,0,0,0,0
2022-05-18,LG4,UG,0,0,0,0,0,0
2022-05-19,1,Alumni,0,0,0,0,0,0
2022-05-19,1,Non-HKUST,0,0,0,0,0,0
2022-05-19,1,Others(HKUST),0,0,0,0,0,0
2022-05-19,1,RPG,0,0,0,0,0,0
2022-05-19,1,Staff,0,0,0,0,0,0
2022-05-19,1,TPG,0,0,0,0,0,0
2022-05-19,1,Total,0,0,0,0,0,0
2022-05-19,1,UG,0,0,0,0,0,0
2022-05-19,All-Floors,Alumni,0,0,0,0,0,0
2022-05-19,All-Floors,Non-HKUST,0,0,0,0,0,0
2022-05-19,All-Floors,Others(HKUST),0,0,0,0,0,0
2022-05-19,All-Floors,RPG,0,0,0,0,0,0
2022-05-19,All-Floors,Staff,0,0,0,0,0,0
2022-05-19,All-Floors,TPG,0,0,0,0,0,0
2022-05-19,All-Floors,Total,0,0,0,0,0,0
2022-05-19,All-Floors,UG,0,0,0,0,0,0
2022-05-19,G,Alumni,0,0,0,0,0,0
2022-05-19,G,Non-HKUST,0,0,0,0,0,0
2022-05-19,G,Others(HKUST),0,0,0,0,0,0
2022-05-19,G,RPG,0,0,0,0,0,0
2022-05-19,G,Staff,0,0,0,0,0,0
2022-05-19,G,TPG,0,0,0,0,0,0
2022-05-19,G,Total,0,0,0,0,0,0
2022-05-19,G,UG,0,0,0,0,0,0
2022-05-19,LG1,Alumni,0,0,0,0,0,0
2022-05-19,LG1,Non-HKUST,0,0,0,0,0,0
2022-05-19,LG1,Others(HKUST),0,0,0,0,0,0
2022-05-19,LG1,RPG,0,0,0,0,0,0
2022-05-19,LG1,Staff,0,0,0,0,0,0
2022-05-19,LG1,TPG,0,0,0,0,0,0
2022-05-19,LG1,Total,0,0,0,0,0,0
2022-05-19,LG1,UG,0,0,0,0,0,0
2022-05-19,LG3,Alumni,0,0,0,0,0,0
2022-05-19,LG3,Non-HKUST,0,0,0,0,0,0
2022-05-19,LG3,Others(HKUST),0,0,0,0,0,0
2022-05-19,LG3,RPG,0,0,0,0,0,0
2022-05-19,LG3,Staff,0,0,0,0,0,0
2022-05-19,LG3,TPG,0,0,0,0,0,0
2022-05-19,LG3,Total,0,0,0,0,0,0
2022-05-19,LG3,UG,0,0,0,0,0,0
2022-05-19,LG4,Alumni,0,0,0,0,0,0
2022-05-19,LG4,Non-HKUST,0,0,0,0,0,0
2022-05-19,LG4,Others(HKUST),0,0,0,0,0,0
2022-05-19,LG4,RPG,0,0,0,0,0,0
2022-05-19,LG4,Staff,0,0,0,0,0,0
2022-05-19,LG4,TPG,0,0,0,0,0,0
2022-05-19,LG4,Total,0,0,0,0,0,0
2022-05-19,LG4,UG,0,0,0,0,0,0
2022-05-20,1,Alumni,0,0,0,0,0,0
2022-05-20,1,Non-HKUST,0,0,0,0,0,0
2022-05-20,1,Others(HKUST),0,0,0,0,0,0
2022-05-20,1,RPG,0,0,0,0,0,0
2022-05-20,1,Staff,0,0,0,0,0,0
2022-05-20,1,TPG,0,0,0,0,0,0
2022-05-20,1,Total,0,0,0,0,0,0
2022-05-20,1,UG,0,0,0,0,0,0
2022-05-20,All-Floors,Alumni,0,0,0,0,0,0
2022-05-20,All-Floors,Non-HKUST,0,0,0,0,0,0
2022-05-20,All-Floors,Others(HKUST),0,0,0,0,0,0
2022-05-20,All-Floors,RPG,0,0,0,0,0,0
2022-05-20,All-Floors,Staff,0,0,0,0,0,0
2022-05-20,All-Floors,TPG,0,0,0,0,0,0
2022-05-20,All-Floors,Total,0,0,0,0,0,0
2022-05-20,All-Floors,UG,0,0,0,0,0,0
2022-05-20,G,Alumni,0,0,0,0,0,0
2022-05-20,G,Non-HKUST,0,0,0,0,0,0
2022-05-20,G,Others(HKUST),0,0,0,0,0,0
2022-05-20,G,RPG,0,0,0,0,0,0
2022-05-20,G,Staff,0,0,0,0,0,0
2022-05-20,G,TPG,0,0,0,0,0,0
2022-05-20,G,Total,0,0,0,0,0,0
2022-05-20,G,UG,0,0,0,0,0,0
2022-05-20,LG1,Alumni,0,0,0,0,0,0
2022-05-20,LG1,Non-HKUST,0,0,0,0,0,0
2022-05-20,LG1,Others(HKUST),0,0,0,0,0,0
2022-05-20,LG1,RPG,0,0,0,0,0,0
2022-05-20,LG1,Staff,0,0,0,0,0,0
2022-05-20,LG1,TPG,0,0,0,0,0,0
2022-05-20,LG1,Total,0,0,0,0,0,0
2022-05-20,LG1,UG,0,0,0,0,0,0
2022-05-20,LG3,Alumni,0,0,0,0,0,0
2022-05-20,LG3,Non-HKUST,0,0,0,0,0,0
2022-05-20,LG3,Others(HKUST),0,0,0,0,0,0
2022-05-20,LG3,RPG,0,0,0,0,0,0
2022-05-20,LG3,Staff,0,0,0,0,0,0
2022-05-20,LG3,TPG,0,0,0,0,0,0
2022-05-20,LG3,Total,0,0,0,0,0,0
2022-05-20,LG3,UG,0,0,0,0,0,0
2022-05-20,LG4,Alumni,0,0,0,0,0,0
2022-05-20,LG4,Non-HKUST,0,0,0,0,0,0
2022-05-20,LG4,Others(HKUST),0,0,0,0,0,0
2022-05-20,LG4,RPG,0,0,0,0,0,0
2022-05-20,LG4,Staff,0,0,0,0,0,0
2022-05-20,LG4,TPG,0,0,0,0,0,0
2022-05-20,LG4,Total,0,0,0,0,0,0
2022-05-20,LG4,UG,0,0,0,0,0,0
2022-05-21,1,Alumni,0,0,0,0,0,0
2022-05-21,1,Non-HKUST,0,0,0,0,0,0
2022-05-21,1,Others(HKUST),0,0,0,0,0,0
2022-05-21,1,RPG,0,0,0,0,0,0
2022-05-21,1,Staff,0,0,0,0,0,0
2022-05-21,1,TPG,0,0,0,0,0,0
2022-05-21,1,Total,0,0,0,0,0,0
2022-05-21,1,UG,0,0,0,0,0,0
2022-05-21,All-Floors,Alumni,0,0,0,0,0,0
2022-05-21,All-Floors,Non-HKUST,0,0,0,0,0,0
2022-05-21,All-Floors,Others(HKUST),0,0,0,0,0,0
2022-05-21,All-Floors,RPG,0,0,0,0,0,0
2022-05-21,All-Floors,Staff,0,0,0,0,0,0
2022-05-21,All-Floors,TPG,0,0,0,0,0,0
2022-05-21,All-Floors,Total,0,0,0,0,0,0
2022-05-21,All-Floors,UG,0,0,0,0,0,0
2022-05-21,G,Alumni,0,0,0,0,0,0
2022-05-21,G,Non-HKUST,0,0,0,0,0,0
2022-05-21,G,Others(HKUST),0,0,0,0,0,0
2022-05-21,G,RPG,0,0,0,0,0,0
2022-05-21,G,Staff,0,0,0,0,0,0
2022-05-21,G,TPG,0,0,0,0,0,0
2022-05-21,G,Total,0,0,0,0,0,0
2022-05-21,G,UG,0,0,0,0,0,0
2022-05-21,LG1,Alumni,0,0,0,0,0,0
2022-05-21,LG1,Non-HKUST,0,0,0,0,0,0
2022-05-21,LG1,Others(HKUST),0,0,0,0,0,0
2022-05-21,LG1,RPG,0,0,0,0,0,0
2022-05-21,LG1,Staff,0,0,0,0,0,0
2022-05-21,LG1,TPG,0,0,0,0,0,0
2022-05-21,LG1,Total,0,0,0,0,0,0
2022-05-21,LG1,UG,0,0,0,0,0,0
2022-05-21,LG3,Alumni,0,0,0,0,0,0
2022-05-21,LG3,Non-HKUST,0,0,0,0,0,0
2022-05-21,LG3,Others(HKUST),0,0,0,0,0,0
2022-05-21,LG3,RPG,0,0,0,0,0,0
2022-05-21,LG3,Staff,0,0,0,0,0,0
2022-05-21,LG3,TPG,0,0,0,0,0,0
2022-05-21,LG3,Total,0,0,0,0,0,0
2022-05-21,LG3,UG,0,0,0,0,0,0
2022-05-21,LG4,Alumni,0,0,0,0,0,0
2022-05-21,LG4,Non-HKUST,0,0,0,0,0,0
2022-05-21,LG4,Others(HKUST),0,0,0,0,0,0
2022-05-21,LG4,RPG,0,0,0,0,0,0
2022-05-21,LG4,Staff,0,0,0,0,0,0
2022-05-21,LG4,TPG,0,0,0,0,0,0
2022-05-21,LG4,Total,0,0,0,0,0,0
2022-05-21,LG4,UG,0,0,0,0,0,0
2022-05-22,1,Alumni,0,0,0,0,0,0
2022-05-22,1,Non-HKUST,0,0,0,0,0,0
2022-05-22,1,Others(HKUST),0,0,0,0,0,0
2022-05-22,1,RPG,0,0,0,0,0,0
2022-05-22,1,Staff,0,0,0,0,0,0
2022-05-22,1,TPG,0,0,0,0,0,0
2022-05-22,1,Total,0,0,0,0,0,0
2022-05-22,1,UG,0,0,0,0,0,0
2022-05-22,All-Floors,Alumni,0,0,0,0,0,0
2022-05-22,All-Floors,Non-HKUST,0,0,0,0,0,0
2022-05-22,All-Floors,Others(HKUST),0,0,0,0,0,0
2022-05-22,All-Floors,RPG,0,0,0,0,0,0
2022-05-22,All-Floors,Staff,0,0,0,0,0,0
2022-05-22,All-Floors,TPG,0,0,0,0,0,0
2022-05-22,All-Floors,Total,0,0,0,0,0,0
2022-05-22,All-Floors,UG,0,0,0,0,0,0
2022-05-22,G,Alumni,0,0,0,0,0,0
2022-05-22,G,Non-HKUST,0,0,0,0,0,0
2022-05-22,G,Others(HKUST),0,0,0,0,0,0
2022-05-22,G,RPG,0,0,0,0,0,0
2022-05-22,G,Staff,0,0,0,0,0,0
2022-05-22,G,TPG,0,0,0,0,0,0
2022-05-22,G,Total,0,0,0,0,0,0
2022-05-22,G,UG,0,0,0,0,0,0
2022-05-22,LG1,Alumni,0,0,0,0,0,0
2022-05-22,LG1,Non-HKUST,0,0,0,0,0,0
2022-05-22,LG1,Others(HKUST),0,0,0,0,0,0
2022-05-22,LG1,RPG,0,0,0,0,0,0
2022-05-22,LG1,Staff,0,0,0,0,0,0
2022-05-22,LG1,TPG,0,0,0,0,0,0
2022-05-22,LG1,Total,0,0,0,0,0,0
2022-05-22,LG1,UG,0,0,0,0,0,0
2022-05-22,LG3,Alumni,0,0,0,0,0,0
2022-05-22,LG3,Non-HKUST,0,0,0,0,0,0
2022-05-22,LG3,Others(HKUST),0,0,0,0,0,0
2022-05-22,LG3,RPG,0,0,0,0,0,0
2022-05-22,LG3,Staff,0,0,0,0,0,0
2022-05-22,LG3,TPG,0,0,0,0,0,0
2022-05-22,LG3,Total,0,0,0,0,0,0
2022-05-22,LG3,UG,0,0,0,0,0,0
2022-05-22,LG4,Alumni,0,0,0,0,0,0
2022-05-22,LG4,Non-HKUST,0,0,0,0,0,0
2022-05-22,LG4,Others(HKUST),0,0,0,0,0,0
2022-05-22,LG4,RPG,0,0,0,0,0,0
2022-05-22,LG4,Staff,0,0,0,0,0,0
2022-05-22,LG4,TPG,0,0,0,0,0,0
2022-05-22,LG4,Total,0,0,0,0,0,0
2022-05-22,LG4,UG,0,0,0,0,0,0
2022-05-23,1,Alumni,0,0,0,0,0,0
2022-05-23,1,Non-HKUST,0,0,0,0,0,0
2022-05-23,1,Others(HKUST),0,0,0,0,0,0
2022-05-23,1,RPG,0,0,0,0,0,0
2022-05-23,1,Staff,0,0,0,0,0,0
2022-05-23,1,TPG,0,0,0,0,0,0
2022-05-23,1,Total,0,0,0,0,0,0
2022-05-23,1,UG,0,0,0,0,0,0
2022-05-23,All-Floors,Alumni,0,0,0,0,0,0
2022-05-23,All-Floors,Non-HKUST,0,0,0,0,0,0
2022-05-23,All-Floors,Others(HKUST),0,0,0,0,0,0
2022-05-23,All-Floors,RPG,0,0,0,0,0,0
2022-05-23,All-Floors,Staff,0,0,0,0,0,0
2022-05-23,All-Floors,TPG,0,0,0,0,0,0
2022-05-23,All-Floors,Total,0,0,0,0,0,0
2022-05-23,All-Floors,UG,0,0,0,0,0,0
2022-05-23,G,Alumni,0,0,0,0,0,0
2022-05-23,G,Non-HKUST,0,0,0,0,0,0
2022-05-23,G,Others(HKUST),0,0,0,0,0,0
2022-05-23,G,RPG,0,0,0,0,0,0
2022-05-23,G,Staff,0,0,0,0,0,0
2022-05-23,G,TPG,0,0,0,0,0,0
2022-05-23,G,Total,0,0,0,0,0,0
2022-05-23,G,UG,0,0,0,0,0,0
2022-05-23,LG1,Alumni,0,0,0,0,0,0
2022-05-23,LG1,Non-HKUST,0,0,0,0,0,0
2022-05-23,LG1,Others(HKUST),0,0,0,0,0,0
2022-05-23,LG1,RPG,0,0,0,0,0,0
2022-05-23,LG1,Staff,0,0,0,0,0,0
2022-05-23,LG1,TPG,0,0,0,0,0,0
2022-05-23,LG1,Total,0,0,0,0,0,0
2022-05-23,LG1,UG,0,0,0,0,0,0
2022-05-23,LG3,Alumni,0,0,0,0,0,0
2022-05-23,LG3,Non-HKUST,0,0,0,0,0,0
2022-05-23,LG3,Others(HKUST),0,0,0,0,0,0
2022-05-23,LG3,RPG,0,0,0,0,0,0
2022-05-23,LG3,Staff,0,0,0,0,0,0
2022-05-23,LG3,TPG,0,0,0,0,0,0
2022-05-23,LG3,Total,0,0,0,0,0,0
2022-05-23,LG3,UG,0,0,0,0,0,0
2022-05-23,LG4,Alumni,0,0,0,0,0,0
2022-05-23,LG4,Non-HKUST,0,0,0,0,0,0
2022-05-23,LG4,Others(HKUST),0,0,0,0,0,0
2022-05-23,LG4,RPG,0,0,0,0,0,0
2022-05-23,LG4,Staff,0,0,0,0,0,0
2022-05-23,LG4,TPG,0,0,0,0,0,0
2022-05-23,LG4,Total,0,0,0,0,0,0
2022-05-23,LG4,UG,0,0,0,0,0,0
2022-05-24,1,Alumni,0,0,0,0,0,0
2022-05-24,1,Non-HKUST,0,0,0,0,0,0
2022-05-24,1,Others(HKUST),0,0,0,0,0,0
2022-05-24,1,RPG,0,0,0,0,0,0
2022-05-24,1,Staff,0,0,0,0,0,0
2022-05-24,1,TPG,0,0,0,0,0,0
2022-05-24,1,Total,0,0,0,0,0,0
2022-05-24,1,UG,0,0,0,0,0,0
2022-05-24,All-Floors,Alumni,0,0,0,0,0,0
2022-05-24,All-Floors,Non-HKUST,0,0,0,0,0,0
2022-05-24,All-Floors,Others(HKUST),0,0,0,0,0,0
2022-05-24,All-Floors,RPG,0,0,0,0,0,0
2022-05-24,All-Floors,Staff,0,0,0,0,0,0
2022-05-24,All-Floors,TPG,0,0,0,0,0,0
2022-05-24,All-Floors,Total,0,0,0,0,0,0
2022-05-24,All-Floors,UG,0,0,0,0,0,0
2022-05-24,G,Alumni,0,0,0,0,0,0
2022-05-24,G,Non-HKUST,0,0,0,0,0,0
2022-05-24,G,Others(HKUST),0,0,0,0,0,0
2022-05-24,G,RPG,0,0,0,0,0,0
2022-05-24,G,Staff,0,0,0,0,0,0
2022-05-24,G,TPG,0,0,0,0,0,0
2022-05-24,G,Total,0,0,0,0,0,0
2022-05-24,G,UG,0,0,0,0,0,0
2022-05-24,LG1,Alumni,0,0,0,0,0,0
2022-05-24,LG1,Non-HKUST,0,0,0,0,0,0
2022-05-24,LG1,Others(HKUST),0,0,0,0,0,0
2022-05-24,LG1,RPG,0,0,0,0,0,0
2022-05-24,LG1,Staff,0,0,0,0,0,0
2022-05-24,LG1,TPG,0,0,0,0,0,0
2022-05-24,LG1,Total,0,0,0,0,0,0
2022-05-24,LG1,UG,0,0,0,0,0,0
2022-05-24,LG3,Alumni,0,0,0,0,0,0
2022-05-24,LG3,Non-HKUST,0,0,0,0,0,0
2022-05-24,LG3,Others(HKUST),0,0,0,0,0,0
2022-05-24,LG3,RPG,0,0,0,0,0,0
2022-05-24,LG3,Staff,0,0,0,0,0,0
2022-05-24,LG3,TPG,0,0,0,0,0,0
2022-05-24,LG3,Total,0,0,0,0,0,0
2022-05-24,LG3,UG,0,0,0,0,0,0
2022-05-24,LG4,Alumni,0,0,0,0,0,0
2022-05-24,LG4,Non-HKUST,0,0,0,0,0,0
2022-05-24,LG4,Others(HKUST),0,0,0,0,0,0
2022-05-24,LG4,RPG,0,0,0,0,0,0
2022-05-24,LG4,Staff,0,0,0,0,0,0
2022-05-24,LG4,TPG,0,0,0,0,0,0
2022-05-24,LG4,Total,0,0,0,0,0,0
2022-05-24,LG4,UG,0,0,0,0,0,0
2022-05-25,1,Alumni,0,0,0,0,0,0
2022-05-25,1,Non-HKUST,0,0,0,0,0,0
2022-05-25,1,Others(HKUST),0,0,0,0,0,0
2022-05-25,1,RPG,0,0,0,0,0,0
2022-05-25,1,Staff,0,0,0,0,0,0
2022-05-25,1,TPG,0,0,0,0,0,0
2022-05-25,1,Total,0,0,0,0,0,0
2022-05-25,1,UG,0,0,0,0,0,0
2022-05-25,All-Floors,Alumni,0,0,0,0,0,0
2022-05-25,All-Floors,Non-HKUST,0,0,0,0,0,0
2022-05-25,All-Floors,Others(HKUST),0,0,0,0,0,0
2022-05-25,All-Floors,RPG,0,0,0,0,0,0
2022-05-25,All-Floors,Staff,0,0,0,0,0,0
2022-05-25,All-Floors,TPG,0,0,0,0,0,0
2022-05-25,All-Floors,Total,0,0,0,0,0,0
2022-05-25,All-Floors,UG,0,0,0,0,0,0
2022-05-25,G,Alumni,0,0,0,0,0,0
2022-05-25,G,Non-HKUST,0,0,0,0,0,0
2022-05-25,G,Others(HKUST),0,0,0,0,0,0
2022-05-25,G,RPG,0,0,0,0,0,0
2022-05-25,G,Staff,0,0,0,0,0,0
2022-05-25,G,TPG,0,0,0,0,0,0
2022-05-25,G,Total,0,0,0,0,0,0
2022-05-25,G,UG,0,0,0,0,0,0
2022-05-25,LG1,Alumni,0,0,0,0,0,0
2022-05-25,LG1,Non-HKUST,0,0,0,0,0,0
2022-05-25,LG1,Others(HKUST),0,0,0,0,0,0
2022-05-25,LG1,RPG,0,0,0,0,0,0
2022-05-25,LG1,Staff,0,0,0,0,0,0
2022-05-25,LG1,TPG,0,0,0,0,0,0
2022-05-25,LG1,Total,0,0,0,0,0,0
2022-05-25,LG1,UG,0,0,0,0,0,0
2022-05-25,LG3,Alumni,0,0,0,0,0,0
2022-05-25,LG3,Non-HKUST,0,0,0,0,0,0
2022-05-25,LG3,Others(HKUST),0,0,0,0,0,0
2022-05-25,LG3,RPG,0,0,0,0,0,0
2022-05-25,LG3,Staff,0,0,0,0,0,0
2022-05-25,LG3,TPG,0,0,0,0,0,0
2022-05-25,LG3,Total,0,0,0,0,0,0
2022-05-25,LG3,UG,0,0,0,0,0,0
2022-05-25,LG4,Alumni,0,0,0,0,0,0
2022-05-25,LG4,Non-HKUST,0,0,0,0,0,0
2022-05-25,LG4,Others(HKUST),0,0,0,0,0,0
2022-05-25,LG4,RPG,0,0,0,0,0,0
2022-05-25,LG4,Staff,0,0,0,0,0,0
2022-05-25,LG4,TPG,0,0,0,0,0,0
2022-05-25,LG4,Total,0,0,0,0,0,0
2022-05-25,LG4,UG,0,0,0,0,0,0
2022-05-26,1,Alumni,0,0,0,0,0,0
2022-05-26,1,Non-HKUST,0,0,0,0,0,0
2022-05-26,1,Others(HKUST),0,0,0,0,0,0
2022-05-26,1,RPG,0,0,0,0,0,0
2022-05-26,1,Staff,0,0,0,0,0,0
2022-05-26,1,TPG,0,0,0,0,0,0
2022-05-26,1,Total,0,0,0,0,0,0
2022-05-26,1,UG,0,0,0,0,0,0
2022-05-26,All-Floors,Alumni,0,0,0,0,0,0
2022-05-26,All-Floors,Non-HKUST,0,0,0,0,0,0
2022-05-26,All-Floors,Others(HKUST),0,0,0,0,0,0
2022-05-26,All-Floors,RPG,0,0,0,0,0,0
2022-05-26,All-Floors,Staff,0,0,0,0,0,0
2022-05-26,All-Floors,TPG,0,0,0,0,0,0
2022-05-26,All-Floors,Total,0,0,0,0,0,0
2022-05-26,All-Floors,UG,0,0,0,0,0,0
2022-05-26,G,Alumni,0,0,0,0,0,0
2022-05-26,G,Non-HKUST,0,0,0,0,0,0
2022-05-26,G,Others(HKUST),0,0,0,0,0,0
2022-05-26,G,RPG,0,0,0,0,0,0
2022-05-26,G,Staff,0,0,0,0,0,0
2022-05-26,G,TPG,0,0,0,0,0,0
2022-05-26,G,Total,0,0,0,0,0,0
2022-05-26,G,UG,0,0,0,0,0,0
2022-05-26,LG1,Alumni,0,0,0,0,0,0
2022-05-26,LG1,Non-HKUST,0,0,0,0,0,0
2022-05-26,LG1,Others(HKUST),0,0,0,0,0,0
2022-05-26,LG1,RPG,0,0,0,0,0,0
2022-05-26,LG1,Staff,0,0,0,0,0,0
2022-05-26,LG1,TPG,0,0,0,0,0,0
2022-05-26,LG1,Total,0,0,0,0,0,0
2022-05-26,LG1,UG,0,0,0,0,0,0
2022-05-26,LG3,Alumni,0,0,0,0,0,0
2022-05-26,LG3,Non-HKUST,0,0,0,0,0,0
2022-05-26,LG3,Others(HKUST),0,0,0,0,0,0
2022-05-26,LG3,RPG,0,0,0,0,0,0
2022-05-26,LG3,Staff,0,0,0,0,0,0
2022-05-26,LG3,TPG,0,0,0,0,0,0
2022-05-26,LG3,Total,0,0,0,0,0,0
2022-05-26,LG3,UG,0,0,0,0,0,0
2022-05-26,LG4,Alumni,0,0,0,0,0,0
2022-05-26,LG4,Non-HKUST,0,0,0,0,0,0
2022-05-26,LG4,Others(HKUST),0,0,0,0,0,0
2022-05-26,LG4,RPG,0,0,0,0,0,0
2022-05-26,LG4,Staff,0,0,0,0,0,0
2022-05-26,LG4,TPG,0,0,0,0,0,0
2022-05-26,LG4,Total,0,0,0,0,0,0
2022-05-26,LG4,UG,0,0,0,0,0,0
2022-05-27,1,Alumni,0,0,0,0,0,0
2022-05-27,1,Non-HKUST,0,0,0,0,0,0
2022-05-27,1,Others(HKUST),0,0,0,0,0,0
2022-05-27,1,RPG,0,0,0,0,0,0
2022-05-27,1,Staff,0,0,0,0,0,0
2022-05-27,1,TPG,0,0,0,0,0,0
2022-05-27,1,Total,0,0,0,0,0,0
2022-05-27,1,UG,0,0,0,0,0,0
2022-05-27,All-Floors,Alumni,0,0,0,0,0,0
2022-05-27,All-Floors,Non-HKUST,0,0,0,0,0,0
2022-05-27,All-Floors,Others(HKUST),0,0,0,0,0,0
2022-05-27,All-Floors,RPG,0,0,0,0,0,0
2022-05-27,All-Floors,Staff,0,0,0,0,0,0
2022-05-27,All-Floors,TPG,0,0,0,0,0,0
2022-05-27,All-Floors,Total,0,0,0,0,0,0
2022-05-27,All-Floors,UG,0,0,0,0,0,0
2022-05-27,G,Alumni,0,0,0,0,0,0
2022-05-27,G,Non-HKUST,0,0,0,0,0,0
2022-05-27,G,Others(HKUST),0,0,0,0,0,0
2022-05-27,G,RPG,0,0,0,0,0,0
2022-05-27,G,Staff,0,0,0,0,0,0
2022-05-27,G,TPG,0,0,0,0,0,0
2022-05-27,G,Total,0,0,0,0,0,0
2022-05-27,G,UG,0,0,0,0,0,0
2022-05-27,LG1,Alumni,0,0,0,0,0,0
2022-05-27,LG1,Non-HKUST,0,0,0,0,0,0
2022-05-27,LG1,Others(HKUST),0,0,0,0,0,0
2022-05-27,LG1,RPG,0,0,0,0,0,0
2022-05-27,LG1,Staff,0,0,0,0,0,0
2022-05-27,LG1,TPG,0,0,0,0,0,0
2022-05-27,LG1,Total,0,0,0,0,0,0
2022-05-27,LG1,UG,0,0,0,0,0,0
2022-05-27,LG3,Alumni,0,0,0,0,0,0
2022-05-27,LG3,Non-HKUST,0,0,0,0,0,0
2022-05-27,LG3,Others(HKUST),0,0,0,0,0,0
2022-05-27,LG3,RPG,0,0,0,0,0,0
2022-05-27,LG3,Staff,0,0,0,0,0,0
2022-05-27,LG3,TPG,0,0,0,0,0,0
2022-05-27,LG3,Total,0,0,0,0,0,0
2022-05-27,LG3,UG,0,0,0,0,0,0
2022-05-27,LG4,Alumni,0,0,0,0,0,0
2022-05-27,LG4,Non-HKUST,0,0,0,0,0,0
2022-05-27,LG4,Others(HKUST),0,0,0,0,0,0
2022-05-27,LG4,RPG,0,0,0,0,0,0
2022-05-27,LG4,Staff,0,0,0,0,0,0
2022-05-27,LG4,TPG,0,0,0,0,0,0
2022-05-27,LG4,Total,0,0,0,0,0,0
2022-05-27,LG4,UG,0,0,0,0,0,0
2022-05-28,1,Alumni,0,0,0,0,0,0
2022-05-28,1,Non-HKUST,0,0,0,0,0,0
2022-05-28,1,Others(HKUST),0,0,0,0,0,0
2022-05-28,1,RPG,0,0,0,0,0,0
2022-05-28,1,Staff,0,0,0,0,0,0
2022-05-28,1,TPG,0,0,0,0,0,0
2022-05-28,1,Total,0,0,0,0,0,0
2022-05-28,1,UG,0,0,0,0,0,0
2022-05-28,All-Floors,Alumni,0,0,0,0,0,0
2022-05-28,All-Floors,Non-HKUST,0,0,0,0,0,0
2022-05-28,All-Floors,Others(HKUST),0,0,0,0,0,0
2022-05-28,All-Floors,RPG,0,0,0,0,0,0
2022-05-28,All-Floors,Staff,0,0,0,0,0,0
2022-05-28,All-Floors,TPG,0,0,0,0,0,0
2022-05-28,All-Floors,Total,0,0,0,0,0,0
2022-05-28,All-Floors,UG,0,0,0,0,0,0
2022-05-28,G,Alumni,0,0,0,0,0,0
2022-05-28,G,Non-HKUST,0,0,0,0,0,0
2022-05-28,G,Others(HKUST),0,0,0,0,0,0
2022-05-28,G,RPG,0,0,0,0,0,0
2022-05-28,G,Staff,0,0,0,0,0,0
2022-05-28,G,TPG,0,0,0,0,0,0
2022-05-28,G,Total,0,0,0,0,0,0
2022-05-28,G,UG,0,0,0,0,0,0
2022-05-28,LG1,Alumni,0,0,0,0,0,0
2022-05-28,LG1,Non-HKUST,0,0,0,0,0,0
2022-05-28,LG1,Others(HKUST),0,0,0,0,0,0
2022-05-28,LG1,RPG,0,0,0,0,0,0
2022-05-28,LG1,Staff,0,0,0,0,0,0
2022-05-28,LG1,TPG,0,0,0,0,0,0
2022-05-28,LG1,Total,0,0,0,0,0,0
2022-05-28,LG1,UG,0,0,0,0,0,0
2022-05-28,LG3,Alumni,0,0,0,0,0,0
2022-05-28,LG3,Non-HKUST,0,0,0,0,0,0
2022-05-28,LG3,Others(HKUST),0,0,0,0,0,0
2022-05-28,LG3,RPG,0,0,0,0,0,0
2022-05-28,LG3,Staff,0,0,0,0,0,0
2022-05-28,LG3,TPG,0,0,0,0,0,0
2022-05-28,LG3,Total,0,0,0,0,0,0
2022-05-28,LG3,UG,0,0,0,0,0,0
2022-05-28,LG4,Alumni,0,0,0,0,0,0
2022-05-28,LG4,Non-HKUST,0,0,0,0,0,0
2022-05-28,LG4,Others(HKUST),0,0,0,0,0,0
2022-05-28,LG4,RPG,0,0,0,0,0,0
2022-05-28,LG4,Staff,0,0,0,0,0,0
2022-05-28,LG4,TPG,0,0,0,0,0,0
2022-05-28,LG4,Total,0,0,0,0,0,0
2022-05-28,LG4,UG,0,0,0,0,0,0
2022-05-29,1,Alumni,0,0,0,0,0,0
2022-05-29,1,Non-HKUST,0,0,0,0,0,0
2022-05-29,1,Others(HKUST),0,0,0,0,0,0
2022-05-29,1,RPG,0,0,0,0,0,0
2022-05-29,1,Staff,0,0,0,0,0,0
2022-05-29,1,TPG,0,0,0,0,0,0
2022-05-29,1,Total,0,0,0,0,0,0
2022-05-29,1,UG,0,0,0,0,0,0
2022-05-29,All-Floors,Alumni,0,0,0,0,0,0
2022-05-29,All-Floors,Non-HKUST,0,0,0,0,0,0
2022-05-29,All-Floors,Others(HKUST),0,0,0,0,0,0
2022-05-29,All-Floors,RPG,0,0,0,0,0,0
2022-05-29,All-Floors,Staff,0,0,0,0,0,0
2022-05-29,All-Floors,TPG,0,0,0,0,0,0
2022-05-29,All-Floors,Total,0,0,0,0,0,0
2022-05-29,All-Floors,UG,0,0,0,0,0,0
2022-05-29,G,Alumni,0,0,0,0,0,0
2022-05-29,G,Non-HKUST,0,0,0,0,0,0
2022-05-29,G,Others(HKUST),0,0,0,0,0,0
2022-05-29,G,RPG,0,0,0,0,0,0
2022-05-29,G,Staff,0,0,0,0,0,0
2022-05-29,G,TPG,0,0,0,0,0,0
2022-05-29,G,Total,0,0,0,0,0,0
2022-05-29,G,UG,0,0,0,0,0,0
2022-05-29,LG1,Alumni,0,0,0,0,0,0
2022-05-29,LG1,Non-HKUST,0,0,0,0,0,0
2022-05-29,LG1,Others(HKUST),0,0,0,0,0,0
2022-05-29,LG1,RPG,0,0,0,0,0,0
2022-05-29,LG1,Staff,0,0,0,0,0,0
2022-05-29,LG1,TPG,0,0,0,0,0,0
2022-05-29,LG1,Total,0,0,0,0,0,0
2022-05-29,LG1,UG,0,0,0,0,0,0
2022-05-29,LG3,Alumni,0,0,0,0,0,0
2022-05-29,LG3,Non-HKUST,0,0,0,0,0,0
2022-05-29,LG3,Others(HKUST),0,0,0,0,0,0
2022-05-29,LG3,RPG,0,0,0,0,0,0
2022-05-29,LG3,Staff,0,0,0,0,0,0
2022-05-29,LG3,TPG,0,0,0,0,0,0
2022-05-29,LG3,Total,0,0,0,0,0,0
2022-05-29,LG3,UG,0,0,0,0,0,0
2022-05-29,LG4,Alumni,0,0,0,0,0,0
2022-05-29,LG4,Non-HKUST,0,0,0,0,0,0
2022-05-29,LG4,Others(HKUST),0,0,0,0,0,0
2022-05-29,LG4,RPG,0,0,0,0,0,0
2022-05-29,LG4,Staff,0,0,0,0,0,0
2022-05-29,LG4,TPG,0,0,0,0,0,0
2022-05-29,LG4,Total,0,0,0,0,0,0
2022-05-29,LG4,UG,0,0,0,0,0,0
2022-05-30,1,Alumni,0,0,0,0,0,0
2022-05-30,1,Non-HKUST,0,0,0,0,0,0
2022-05-30,1,Others(HKUST),0,0,0,0,0,0
2022-05-30,1,RPG,0,0,0,0,0,0
2022-05-30,1,Staff,0,0,0,0,0,0
2022-05-30,1,TPG,0,0,0,0,0,0
2022-05-30,1,Total,0,0,0,0,0,0
2022-05-30,1,UG,0,0,0,0,0,0
2022-05-30,All-Floors,Alumni,0,0,0,0,0,0
2022-05-30,All-Floors,Non-HKUST,0,0,0,0,0,0
2022-05-30,All-Floors,Others(HKUST),0,0,0,0,0,0
2022-05-30,All-Floors,RPG,0,0,0,0,0,0
2022-05-30,All-Floors,Staff,0,0,0,0,0,0
2022-05-30,All-Floors,TPG,0,0,0,0,0,0
2022-05-30,All-Floors,Total,0,0,0,0,0,0
2022-05-30,All-Floors,UG,0,0,0,0,0,0
2022-05-30,G,Alumni,0,0,0,0,0,0
2022-05-30,G,Non-HKUST,0,0,0,0,0,0
2022-05-30,G,Others(HKUST),0,0,0,0,0,0
2022-05-30,G,RPG,0,0,0,0,0,0
2022-05-30,G,Staff,0,0,0,0,0,0
2022-05-30,G,TPG,0,0,0,0,0,0
2022-05-30,G,Total,0,0,0,0,0,0
2022-05-30,G,UG,0,0,0,0,0,0
2022-05-30,LG1,Alumni,0,0,0,0,0,0
2022-05-30,LG1,Non-HKUST,0,0,0,0,0,0
2022-05-30,LG1,Others(HKUST),0,0,0,0,0,0
2022-05-30,LG1,RPG,0,0,0,0,0,0
2022-05-30,LG1,Staff,0,0,0,0,0,0
2022-05-30,LG1,TPG,0,0,0,0,0,0
2022-05-30,LG1,Total,0,0,0,0,0,0
2022-05-30,LG1,UG,0,0,0,0,0,0
2022-05-30,LG3,Alumni,0,0,0,0,0,0
2022-05-30,LG3,Non-HKUST,0,0,0,0,0,0
2022-05-30,LG3,Others(HKUST),0,0,0,0,0,0
2022-05-30,LG3,RPG,0,0,0,0,0,0
2022-05-30,LG3,Staff,0,0,0,0,0,0
2022-05-30,LG3,TPG,0,0,0,0,0,0
2022-05-30,LG3,Total,0,0,0,0,0,0
2022-05-30,LG3,UG,0,0,0,0,0,0
2022-05-30,LG4,Alumni,0,0,0,0,0,0
2022-05-30,LG4,Non-HKUST,0,0,0,0,0,0
2022-05-30,LG4,Others(HKUST),0,0,0,0,0,0
2022-05-30,LG4,RPG,0,0,0,0,0,0
2022-05-30,LG4,Staff,0,0,0,0,0,0
2022-05-30,LG4,TPG,0,0,0,0,0,0
2022-05-30,LG4,Total,0,0,0,0,0,0
2022-05-30,LG4,UG,0,0,0,0,0,0
2022-05-31,1,Alumni,0,0,0,0,0,0
2022-05-31,1,Non-HKUST,0,0,0,0,0,0
2022-05-31,1,Others(HKUST),0,0,0,0,0,0
2022-05-31,1,RPG,0,0,0,0,0,0
2022-05-31,1,Staff,0,0,0,0,0,0
2022-05-31,1,TPG,0,0,0,0,0,0
2022-05-31,1,Total,0,0,0,0,0,0
2022-05-31,1,UG,0,0,0,0,0,0
2022-05-31,All-Floors,Alumni,0,0,0,0,0,0
2022-05-31,All-Floors,Non-HKUST,0,0,0,0,0,0
2022-05-31,All-Floors,Others(HKUST),0,0,0,0,0,0
2022-05-31,All-Floors,RPG,0,0,0,0,0,0
2022-05-31,All-Floors,Staff,0,0,0,0,0,0
2022-05-31,All-Floors,TPG,0,0,0,0,0,0
2022-05-31,All-Floors,Total,0,0,0,0,0,0
2022-05-31,All-Floors,UG,0,0,0,0,0,0
2022-05-31,G,Alumni,0,0,0,0,0,0
2022-05-31,G,Non-HKUST,0,0,0,0,0,0
2022-05-31,G,Others(HKUST),0,0,0,0,0,0
2022-05-31,G,RPG,0,0,0,0,0,0
2022-05-31,G,Staff,0,0,0,0,0,0
2022-05-31,G,TPG,0,0,0,0,0,0
2022-05-31,G,Total,0,0,0,0,0,0
2022-05-31,G,UG,0,0,0,0,0,0
2022-05-31,LG1,Alumni,0,0,0,0,0,0
2022-05-31,LG1,Non-HKUST,0,0,0,0,0,0
2022-05-31,LG1,Others(HKUST),0,0,0,0,0,0
2022-05-31,LG1,RPG,0,0,0,0,0,0
2022-05-31,LG1,Staff,0,0,0,0,0,0
2022-05-31,LG1,TPG,0,0,0,0,0,0
2022-05-31,LG1,Total,0,0,0,0,0,0
2022-05-31,LG1,UG,0,0,0,0,0,0
2022-05-31,LG3,Alumni,0,0,0,0,0,0
2022-05-31,LG3,Non-HKUST,0,0,0,0,0,0
2022-05-31,LG3,Others(HKUST),0,0,0,0,0,0
2022-05-31,LG3,RPG,0,0,0,0,0,0
2022-05-31,LG3,Staff,0,0,0,0,0,0
2022-05-31,LG3,TPG,0,0,0,0,0,0
2022-05-31,LG3,Total,0,0,0,0,0,0
2022-05-31,LG3,UG,0,0,0,0,0,0
2022-05-31,LG4,Alumni,0,0,0,0,0,0
2022-05-31,LG4,Non-HKUST,0,0,0,0,0,0
2022-05-31,LG4,Others(HKUST),0,0,0,0,0,0
2022-05-31,LG4,RPG,0,0,0,0,0,0
2022-05-31,LG4,Staff,0,0,0,0,0,0
2022-05-31,LG4,TPG,0,0,0,0,0,0
2022-05-31,LG4,Total,0,0,0,0,0,0
2022-05-31,LG4,UG,0,0,0,0,0,0
